0.0,6.4539789995993475,2.141860702841015,2.1224222139632682,1.4006888918626175,7.441533307559555,7.363156328679886,12.04811347758209,6.356163579521608,6.4539789995993475,70.97992191002707,71.48372916243015,70.97992191002707,17.53159921790212,11.606713364046636,11.679444195196858,11.821770758769354,17.53159921790212,11.606713364046636,7.149343625936736,84.04803220883001,80.64582199048091,84.2729625729973,80.30622133369471,84.01983756015483,84.04803220883001,83.91896330921483,83.99540219170132,84.04803220883001,84.95464267016463,79.94343636437182,28.39278780952814,29.88999831014587,29.88999831014587,29.88999831014587,30.192153280987053,50.85004626370694,50.30101142326467,51.15088602629746,29.359341934927965,29.11911381055295,30.22492051768626,21.27343428587226,21.790858106500977,20.66695417022399,19.05261815075973,20.09309055560597,21.553156415341476,7.625248711484976,36.50272607759805,7.077236602291499,5.2400579551344855,11.57912579391695,17.027527003697582,2.73191114540733,7.6227406535835165,2.104864866009918,1.9982666175373511,11.547776273405427,20.162264278642386,64.43333583096327,65.11640108711853,65.34199962228554,11.441187832044058,21.052512207139277,14.16229338091864,14.112135405958742,14.300227685641438,18.76418328307261,12.62619427784147,80.31186046816487,79.92965176338186,79.12136964889277,76.42078399969859,77.7240917496112,81.00735134362289,75.91324140640026,77.0473763305751,76.02602886634023,76.07615658651184,76.05109272948756,23.31178564955205,36.74969997666421,37.295046328651466,34.4241100135039,27.045811343281404,46.615633028804325,44.898251626611106,42.428682001435426,30.160942720474758,35.89401343620162,33.00862053944692,18.237933738137222,18.45116844853378,18.45116844853378,28.95038995483636,24.522271922485082,29.539983819120494,6.055192471472174,45.76948155048604
6.4539789995993475,0.0,5.312118297364371,5.331556786234487,6.854667891173257,1.987554308743496,1.9091773297928818,6.594134485595506,1.097815420142244,1.0,65.52594346909257,66.02975072993245,65.52594346909257,12.077620240869146,6.152734371179003,6.225465202471091,6.36779176632498,12.077620240869146,6.152734371179003,1.6953646268638949,78.59405400727475,75.19184372248796,78.8189843759367,74.8522430592293,78.56585935803707,78.59405400727475,78.46498510508621,78.54142398909623,78.59405400727475,79.50066448680303,74.48945808302396,33.846766698619476,24.436019394055894,24.436019394055894,24.436019394055894,24.738174366860353,45.39606753750704,44.84703269069877,45.696907303617536,34.81332081676204,34.57309269421207,35.67889939282737,26.72741322137704,27.244837039050577,26.12093310910911,24.506597098203553,25.54706949760667,27.007135349256814,2.1712697128411405,31.048747209644713,1.6232576031585242,2.2139210450985294,6.125146800995842,11.573548024980191,4.722067854985482,2.168761654937275,5.349114134180863,5.455712382609462,6.09379728042379,14.708285311418528,58.97935728616471,59.662422552657,59.88802109126364,5.987208838858416,15.598533243622164,8.70831439381847,8.65815641872987,8.846248698898396,13.310204310422794,7.172215287081444,74.85788219380666,74.47567348177311,73.66739135207135,70.96680565323557,72.27011342687739,75.55337308255208,70.45926305081147,71.59339799546731,70.57205051277383,70.62217823384528,70.59711437637097,28.76576457303555,31.29572111071867,31.841067467193003,28.970131129251513,21.591832409818966,41.16165425544777,39.44427283539957,36.9747031858333,35.61492159611685,41.34799226298164,38.462599391822216,23.691912689657798,23.90514739900302,23.90514739900302,34.40436883976888,29.97625083834828,34.993962699572904,1.398786528375374,40.315502768240755
2.141860702841015,5.312118297364371,0.0,1.019438488878309,2.5425495946877126,6.2996726055983086,6.221295626695076,10.90625277756256,5.214302877262259,5.312118297364371,69.83806133192581,70.34186858615122,69.83806133192581,16.38973852162264,10.4648526637936,10.537583494981606,10.679910058628828,16.38973852162264,10.4648526637936,6.007482923889261,82.90617168229798,79.50396144966126,83.13110204743128,79.16436079148222,82.8779770335019,82.90617168229798,82.7771027821297,82.85354166494365,82.90617168229798,83.81278214754242,78.8015758206781,29.534648492276737,28.74813762799884,28.74813762799884,28.74813762799884,29.050292599284635,49.708185623644916,49.15915078180882,50.009025387005806,30.501202616264564,30.26097449224495,31.36678119771778,22.415294977547013,22.93271879761452,21.80881486253907,20.194478844687307,21.234951248509567,22.69501710671455,6.4833880095801995,35.36086540626385,5.935375900223422,4.098197252631954,10.437265093649648,15.885666307009433,1.5900504425926403,6.480879951677959,1.03699583683215,1.143594085307357,10.405915573121971,19.020403584708887,63.291475230389295,63.97454048878463,64.20013902469685,10.29932713170605,19.910651514080755,13.02043268215707,12.970274707164654,13.158366986969966,17.622322587847766,11.484333578142971,79.16999992597543,78.78779121963197,77.9795091018681,75.27892344198072,76.58223119700618,79.86549080429263,74.77138084671539,75.90551577530421,74.88416830709133,74.93429602745691,74.90923217033561,24.453646338936498,35.6078393057778,36.15318565876509,33.282249338526306,25.90395065718118,45.47377237839892,43.756390972276684,41.286821341720106,31.302803400604063,37.03587410673808,34.15048121502144,19.379794432827783,19.59302914302793,19.59302914302793,30.09225063677621,25.66413261040863,30.681844500187903,4.913331769140923,44.627620898125635
2.1224222139632682,5.331556786234487,1.019438488878309,0.0,2.5231111058104334,6.319111094464249,6.240734115561379,10.925691266397713,5.23374136613274,5.331556786234487,69.8574998187145,70.36130707290913,69.8574998187145,16.409177010396824,10.48429115263251,10.55702198381991,10.699348547465927,16.409177010396824,10.48429115263251,6.026921412756526,82.9256101682152,79.52339993582002,83.15054053333216,79.18379927766453,82.89741551942117,82.9256101682152,82.79654126805627,82.8729801508647,82.9256101682152,83.83222063339355,78.82101430688546,29.51521000375452,28.76757611653852,28.76757611653852,28.76757611653852,29.069731087816898,49.72762411147846,49.178589269665835,50.028463874826414,30.481764127766855,30.241536003741075,31.347342709242717,22.39585648886934,22.91328030894665,21.789376373850196,20.175040355970186,21.215512759810384,22.67557861804214,6.50282649844527,35.38030389462272,5.954814389091002,4.117635741506025,10.45670358248879,15.905104795790326,1.6094889314707919,6.500318440543041,1.0175573479538411,1.1241555964290557,10.425354061961373,19.039842073444433,63.310913717557305,63.99397897591487,64.2195775118145,10.318765620546323,19.93009000280184,13.039871170971846,12.989713195979961,13.17780547578328,17.641761076604602,11.503772066972944,79.18943841215737,78.80722970584029,77.99894758813176,75.2983619284251,76.60166968336415,79.88492929042623,74.79081933319301,75.92495426170723,74.90360679356156,74.95373451392385,74.9286706568042,24.434207850298808,35.627277794129164,36.172624147099704,33.30168782694618,25.923389145786764,45.49321086640647,43.775829460350295,41.306259829884105,31.2833649121273,37.01643561842744,34.131042726623626,19.36035594409727,19.573590654300865,19.573590654300865,30.072812148268035,25.644694121796405,30.662406011694866,4.9327702580124795,44.64705938616605
1.4006888918626175,6.854667891173257,2.5425495946877126,2.5231111058104334,0.0,7.842222199023643,7.763845220153335,12.448802368300584,6.756852471105435,6.854667891173257,71.38061075714172,71.88441800889831,71.38061075714172,17.93228810723174,12.007402254853226,12.080133085989178,12.222459649533464,17.93228810723174,12.007402254853226,7.550032517435158,84.44872103766639,81.04651082437837,84.67365140149155,80.70691016808566,84.42052638903402,84.44872103766639,84.3196521382471,84.3960910206176,84.44872103766639,85.35533149761639,80.3441251992876,27.992098924334208,30.29068719434398,30.29068719434398,30.29068719434398,30.592842165024944,51.250735132844866,50.701700292899325,51.551574895160826,28.95865305021604,28.718424925719656,29.824231633420222,20.872745397645318,21.390169218463754,20.26626528178081,18.651929261773226,19.69240166696427,21.152467527216505,8.025937602926685,36.90341495790966,7.477925493798153,5.640746846819208,11.979814684728924,17.428215893177637,3.1326000372365614,8.023429545025538,2.5055537578575002,2.398955509387346,11.948465164223512,20.562953167112113,64.83402468605509,65.51708994141474,65.74268847631711,11.841876722882771,21.453201095289547,14.56298227116623,14.512824296218442,14.700916575855494,19.164872172014974,13.026883168439252,80.71254930254763,80.33034059831755,79.52205848498888,76.82147283958467,78.12478058768498,81.40804017699264,76.31393024698366,77.44806516959376,76.42671770676908,76.47684542687192,76.45178156988204,22.911096762100374,37.150388856815226,37.69573520844398,34.82479889512299,27.446500228906388,47.016321901630846,45.29894050084029,42.82937087758725,29.760253836175313,35.49332455518846,32.60793165670607,17.83724484889433,18.050479559356837,18.050479559356837,28.549701069918438,24.121583035529174,29.139294934500512,6.455881363085428,46.170170424010365
7.441533307559555,1.987554308743496,6.2996726055983086,6.319111094464249,7.842222199023643,0.0,1.0783769789522037,5.60658017742704,2.0853697288833724,1.987554308743496,64.53838925223974,65.0421965145349,64.53838925223974,11.090065934620812,5.165180062914397,5.237910894221729,5.380237458106127,11.090065934620812,5.165180062914397,1.2921896818841332,77.60649983188961,74.20428953556151,77.83143020133306,73.86468887117965,77.57830518255412,77.60649983188961,77.47743092925366,77.55386981352855,77.60649983188961,78.513110314582,73.50190389378021,34.834320982635866,23.448465097067647,23.448465097067647,23.448465097067647,23.75062007018421,44.40851327189203,43.85947842400993,44.7093530385967,35.80087509932553,35.56064697714054,36.66645367405467,27.714967514819996,28.232391331884127,27.108487403251242,25.494151394127265,26.534623792395365,27.994689642371796,1.1837154041024447,30.061192920422886,1.3642967055900366,3.201475353782424,5.137592492725517,10.585993718499255,5.7096221633380955,1.181207346198503,6.33666844240684,6.443266690812169,5.1062429721470055,13.720731006568524,57.99180305144534,58.67486831971125,58.90046685890831,4.999654530560001,14.610978939315487,7.720760086231156,7.670602111126455,7.858694391355938,12.3226500047911,6.184660979052048,73.87032800577565,73.48811929248413,72.67983716014385,69.97925145270729,71.28255923045862,74.56581889682712,69.47170884870367,70.60584379690516,69.58449631101604,69.63462403224324,69.60956017469105,29.753318864009067,30.30816682182494,30.85351317903342,27.982576837376936,20.604278110093563,40.174099981902245,38.456718558867685,35.987148905239664,36.60247587744404,42.33554653463798,39.450153668527506,24.679466986436697,24.89270169556093,24.89270169556093,35.39192312295214,30.963805127768136,35.98151698186029,2.3863408371065393,39.32794849320726
7.363156328679886,1.9091773297928818,6.221295626695076,6.240734115561379,7.763845220153335,1.0783769789522037,0.0,5.684957156341021,2.0069927499331035,1.9091773297928818,64.61676622400132,65.1205734861818,64.61676622400132,11.168442913391228,5.243557041835298,5.316287873141536,5.458614437023743,11.168442913391228,5.243557041835298,1.21381270293204,77.68487680038118,74.2826665049636,77.90980716976298,73.9430658406703,77.6566821510534,77.68487680038118,77.5558078977805,77.63224678203451,77.68487680038118,78.5914872828239,73.58028086336505,34.75594400570058,23.52684207512303,23.52684207512303,23.52684207512303,23.82899704821531,44.48689024749123,43.93785539969346,44.787730014149226,35.72249812250711,35.48227000029276,36.58807669734368,27.636590537125112,28.15401435423844,27.0301104254999,25.41577441623192,26.456246814591783,27.916312664703398,1.2620923830545632,30.139569897872537,1.2859197266380171,3.1230983748384933,5.215969471646827,10.664370697287318,5.631245184424493,1.2595843251506236,6.2582914635043005,6.364889711911647,5.184619951068779,13.799107985232197,58.07018002461437,58.75324529274062,58.97884383189119,5.078031509483319,14.689355917937469,7.799137065102417,7.748979089998914,7.937071370223859,12.40102698351456,6.263037957955922,73.94870497526483,73.56649626207253,72.75821412994036,70.05762842318205,71.36093620060932,74.6441958661344,69.55008581930298,70.68422076722489,69.66287328158774,69.71300100280264,69.68793714525663,29.674941886513455,30.386543799248944,30.931890156400037,28.06095381503378,20.6826550883616,40.25247695812403,38.53509553532372,36.06552588201408,36.52409890072503,42.257169558695715,39.37177669217989,24.60109000847217,24.81432471761429,24.81432471761429,35.31354614608387,30.885428150397775,35.90314000506407,2.307963858157545,39.40632546954577
12.04811347758209,6.594134485595506,10.90625277756256,10.925691266397713,12.448802368300584,5.60658017742704,5.684957156341021,0.0,6.6919499056673795,6.594134485595506,59.931809466452066,60.43561673524232,59.931809466452066,6.483485762957575,1.4414001147040831,1.3686692833679999,1.22634271942415,6.483485762957575,1.4414001147040831,5.898769859162179,72.99992023192443,69.59770988374146,73.22485060488252,69.258109214318,72.97172558214916,72.99992023192443,72.87085132727655,72.94729021274256,72.99992023192443,73.90653072884841,68.89532423155975,39.44090102501905,18.841884961403345,18.841884961403345,18.841884961403345,19.144039935799785,39.801933270367925,39.252898417796445,40.102773039668975,40.4074551343687,40.16722701402602,41.27303370236092,32.3215476053201,32.83897141924028,31.71506749736591,30.100731497492305,31.14120388986013,32.60126973117914,5.422864773409179,25.454612817135654,5.97087688282858,7.8080555296495735,1.4689876849035808,5.979413546044512,10.31620233619951,5.425372831312013,10.943248614312427,11.049846862547135,1.5003372054939643,9.114150839896212,53.38522318612883,54.06828846227037,54.29388700409014,1.6069256471198048,10.004398774659224,3.1141799102839345,3.064021935133341,3.2521142155376337,7.716069835286554,1.578080801937117,69.2637483489975,68.88153963006059,68.07325748588337,65.37267173989983,66.67597953606146,69.95923925040101,64.86512912882387,65.99926409290401,64.97791659270317,65.0280443146276,65.00298045672675,34.35989894180324,25.70158671992429,26.24693308023979,23.375996722925926,15.997697963317496,35.56751994585068,33.85013850988582,31.380568838749213,41.20905590625353,46.94212651499829,44.05673367411938,29.286047094265232,29.499281802234474,29.499281802234474,39.99850316112444,35.57038519761023,40.58809701551027,6.992921013668825,34.72136845070758
6.356163579521608,1.097815420142244,5.214302877262259,5.23374136613274,6.756852471105435,2.0853697288833724,2.0069927499331035,6.6919499056673795,0.0,1.097815420142244,65.6237588799785,66.12756614067303,65.6237588799785,12.175435660737687,6.250549791261459,6.323280622551864,6.465607186402387,12.175435660737687,6.250549791261459,1.7931800470049204,78.69186941402204,75.28965913038655,78.91679978260603,74.95005846723996,78.66367476479412,78.69186941402204,78.56280051187812,78.63923939586174,78.69186941402204,79.59847989323477,74.58727349115375,33.74895128084765,24.533834812977602,24.533834812977602,24.533834812977602,24.835989785750424,45.49388295327103,44.94484810657045,45.79472271932196,34.715505399131786,34.47527727654625,35.5810839753274,26.629597802688593,27.147021620421253,26.023117690352866,24.408781679274718,25.449254078787757,26.909319930600187,2.269085132980101,31.14656262778132,1.7210730232997755,2.1161056249592782,6.222962221078929,11.671363444872979,4.6242524348730285,2.266577075076248,5.251298714079451,5.357896962510098,6.191612700507593,14.80610073114226,59.07717269883597,59.76023796515096,59.985836503698586,6.085024258944617,15.696348663289944,8.806129813827713,8.75597183874083,8.944064118902869,13.408019730227304,7.270030707138158,74.95569760181547,74.57348888990744,73.76520676046894,71.06462106249154,72.36792883572318,75.65118849033081,70.5570784602251,71.69121340452703,70.66986592215251,70.71999364320841,70.69492978574189,28.667949154586807,31.393536528822192,31.9388828852225,29.067946547655858,21.689647829018615,41.259469672007434,39.54208825225915,37.072518603101095,35.51710617860713,41.25017684641605,38.36478397476347,23.594097270646216,23.80733198001282,23.80733198001282,34.306553422078224,29.87843542005053,34.89614728196957,1.300971108233395,40.413318184949816
6.4539789995993475,1.0,5.312118297364371,5.331556786234487,6.854667891173257,1.987554308743496,1.9091773297928818,6.594134485595506,1.097815420142244,0.0,65.52594346909257,66.02975072993245,65.52594346909257,12.077620240869146,6.152734371179003,6.225465202471091,6.36779176632498,12.077620240869146,6.152734371179003,1.6953646268638949,78.59405400727475,75.19184372248796,78.8189843759367,74.8522430592293,78.56585935803707,78.59405400727475,78.46498510508621,78.54142398909623,78.59405400727475,79.50066448680303,74.48945808302396,33.846766698619476,24.436019394055894,24.436019394055894,24.436019394055894,24.738174366860353,45.39606753750704,44.84703269069877,45.696907303617536,34.81332081676204,34.57309269421207,35.67889939282737,26.72741322137704,27.244837039050577,26.12093310910911,24.506597098203553,25.54706949760667,27.007135349256814,2.1712697128411405,31.048747209644713,1.6232576031585242,2.2139210450985294,6.125146800995842,11.573548024980191,4.722067854985482,2.168761654937275,5.349114134180863,5.455712382609462,6.09379728042379,14.708285311418528,58.97935728616471,59.662422552657,59.88802109126364,5.987208838858416,15.598533243622164,8.70831439381847,8.65815641872987,8.846248698898396,13.310204310422794,7.172215287081444,74.85788219380666,74.47567348177311,73.66739135207135,70.96680565323557,72.27011342687739,75.55337308255208,70.45926305081147,71.59339799546731,70.57205051277383,70.62217823384528,70.59711437637097,28.76576457303555,31.29572111071867,31.841067467193003,28.970131129251513,21.591832409818966,41.16165425544777,39.44427283539957,36.9747031858333,35.61492159611685,41.34799226298164,38.462599391822216,23.691912689657798,23.90514739900302,23.90514739900302,34.40436883976888,29.97625083834828,34.993962699572904,1.398786528375374,40.315502768240755
70.97992191002707,65.52594346909257,69.83806133192581,69.8574998187145,71.38061075714172,64.53838925223974,64.61676622400132,59.931809466452066,65.6237588799785,65.52594346909257,0.0,1.5038073090492778,1.0,54.448324095950085,60.37320954607854,60.30047872055803,60.158152167953865,54.448324095950085,60.37320954607854,64.83057890722759,14.068112031678565,10.66590130936409,14.293042430476255,10.326300604315698,14.039917378674,14.068112031678565,13.939043112265354,14.015482006470432,14.068112031678565,14.974722633589376,9.963515583845243,98.37270549572,42.08992548765053,42.08992548765053,42.08992548765053,41.787770522569105,21.129877244604504,21.67891211048952,20.829037467664712,99.33925942899569,99.09903135264501,100.2048378372137,91.2533532968459,91.77077702655582,90.64687328669386,89.03253754240636,90.07300977083405,91.53307537726837,64.35467386492294,35.477197779916764,64.90268592425826,66.73986439734301,60.400797114068446,54.95239628013391,69.24801095220468,64.35718192259837,69.87505716477993,69.9816554017692,60.43214663214547,51.81765917881509,7.546586741159906,6.863521422338428,6.637922866146138,60.538735065206254,50.92741129394738,57.817629716978935,57.86778768845235,57.67969542180282,53.21574010079617,59.35372870966907,10.33193973958422,9.949730980920174,9.141448754031279,6.440862744513501,7.744170665394454,11.027430714291969,5.933320086111197,7.067455156905744,6.046107560447276,6.096235287030248,6.071171426799271,93.29170429748781,35.23022388038658,34.68487752668711,37.555813840225696,44.93411238608331,25.364290650831478,27.081672106205882,29.5512417913727,100.14086005298348,105.87392955451104,102.98853728172598,88.21785326554273,88.43108794060753,88.43108794060753,98.93030753055007,94.50219034865198,99.51990127695657,65.92472995955569,26.210442156527492
71.48372916243015,66.02975072993245,70.34186858615122,70.36130707290913,71.88441800889831,65.0421965145349,65.1205734861818,60.43561673524232,66.12756614067303,66.02975072993245,1.5038073090492778,0.0,1.5038073090492778,54.95213137184144,60.87701681426737,60.804285988846274,60.66195943643626,54.95213137184144,60.87701681426737,65.33438616909447,13.564304724526641,10.162094001337927,13.789235123391574,9.822493296216978,13.536110071513733,13.564304724526641,13.435235805075372,13.511674699302946,13.564304724526641,14.47091532671564,9.459708275671955,98.87651269554097,42.593732777029636,42.593732777029636,42.593732777029636,42.29157781223425,21.63368454886592,22.18271941448968,21.332844772066338,99.84306662665114,99.60283855084067,100.70864503291193,91.75716051196723,92.27458424060379,91.15068050306563,89.53634476206595,90.57681698838131,92.03688259181021,64.85848112748639,35.981005075078556,65.40649318601919,67.24367165636359,60.90460438221954,55.45620355540112,69.75181820736016,64.86098918515816,70.37886441894676,70.48546265576708,60.935953900253665,52.32146645786974,8.050394049676596,7.36732873095688,7.141730174795836,61.04254233316841,51.43121857403675,58.32143698858824,58.371594959995974,58.18350269359251,53.71954737818933,59.85753597924025,9.828132431486681,9.445923672744112,8.63764144570029,5.937055435774454,7.240363356831283,10.523623406345985,5.429512777314286,6.563647848246352,5.5423002516627085,5.592427978251262,5.567364118017487,93.79551150834557,35.73403117574495,35.1886848224746,38.05962113367768,45.43791967266748,25.868097952898708,27.585479407265822,30.055049090865506,100.64466724882695,106.37773673697244,103.49234447101517,88.72166048683911,88.93489516147696,88.93489516147696,99.43411472912435,95.00599755693331,100.02370847420497,66.4285372198016,26.714249458106895
70.97992191002707,65.52594346909257,69.83806133192581,69.8574998187145,71.38061075714172,64.53838925223974,64.61676622400132,59.931809466452066,65.6237588799785,65.52594346909257,1.0,1.5038073090492778,0.0,54.448324095950085,60.37320954607854,60.30047872055803,60.158152167953865,54.448324095950085,60.37320954607854,64.83057890722759,14.068112031678565,10.66590130936409,14.293042430476255,10.326300604315698,14.039917378674,14.068112031678565,13.939043112265354,14.015482006470432,14.068112031678565,14.974722633589376,9.963515583845243,98.37270549572,42.08992548765053,42.08992548765053,42.08992548765053,41.787770522569105,21.129877244604504,21.67891211048952,20.829037467664712,99.33925942899569,99.09903135264501,100.2048378372137,91.2533532968459,91.77077702655582,90.64687328669386,89.03253754240636,90.07300977083405,91.53307537726837,64.35467386492294,35.477197779916764,64.90268592425826,66.73986439734301,60.400797114068446,54.95239628013391,69.24801095220468,64.35718192259837,69.87505716477993,69.9816554017692,60.43214663214547,51.81765917881509,7.546586741159906,6.863521422338428,6.637922866146138,60.538735065206254,50.92741129394738,57.817629716978935,57.86778768845235,57.67969542180282,53.21574010079617,59.35372870966907,10.33193973958422,9.949730980920174,9.141448754031279,6.440862744513501,7.744170665394454,11.027430714291969,5.933320086111197,7.067455156905744,6.046107560447276,6.096235287030248,6.071171426799271,93.29170429748781,35.23022388038658,34.68487752668711,37.555813840225696,44.93411238608331,25.364290650831478,27.081672106205882,29.5512417913727,100.14086005298348,105.87392955451104,102.98853728172598,88.21785326554273,88.43108794060753,88.43108794060753,98.93030753055007,94.50219034865198,99.51990127695657,65.92472995955569,26.210442156527492
17.53159921790212,12.077620240869146,16.38973852162264,16.409177010396824,17.93228810723174,11.090065934620812,11.168442913391228,6.483485762957575,12.175435660737687,12.077620240869146,54.448324095950085,54.95213137184144,54.448324095950085,0.0,6.924885877337256,6.85215504605795,6.709828482221411,1.0,6.924885877337256,11.382255615813003,67.5164350662671,64.11422466061504,67.74136544312744,63.77462398561519,67.48824041600359,67.5164350662671,67.3873661593858,67.46380504617402,67.5164350662671,68.42304557899743,63.41183899693194,44.92438657912826,13.358399225834479,13.358399225834479,13.358399225834479,13.66055420137637,34.31844766824869,33.769412810782114,34.61928744026394,45.89094067853132,45.650712560682216,46.75651923742114,37.805033225613535,38.32245703514389,37.1985531227208,35.584217135878355,36.624689519920864,38.0847553491076,10.906350530933501,19.971127111833205,11.454362639342161,13.291541282232005,6.9524734475148735,1.5040722172245349,15.799688082065815,10.90885858883188,16.42673435825639,16.53333260615462,6.9838229680801645,3.630665079588113,47.901737729150085,48.584803013811744,48.81040155847123,7.09041140961887,4.520913015637065,4.3693058535574085,4.419463828699875,4.231371548322837,2.2325840733563744,5.905404961372236,63.780263120387055,63.3980543952083,62.589772237952204,59.889186449462834,61.19249426590871,64.47575403324296,59.381643830603295,60.51577881216574,59.49443129620667,59.54455901889843,59.519495160613836,39.84338454442165,20.218101015963374,20.763447379294988,17.89251100693536,10.51421221808031,30.084034307929482,28.36665285872172,25.897083169833564,46.69254144199285,52.42561198589241,49.54021917865833,34.76953273898377,34.982767445311346,34.982767445311346,45.48198870952353,41.05387078924823,46.07158255778847,12.476406768098625,29.237882806169512
11.606713364046636,6.152734371179003,10.4648526637936,10.48429115263251,12.007402254853226,5.165180062914397,5.243557041835298,1.4414001147040831,6.250549791261459,6.152734371179003,60.37320954607854,60.87701681426737,60.37320954607854,6.924885877337256,0.0,1.0727308313363508,1.215057395280419,6.924885877337256,1.0,5.4573697446759555,73.44132029428857,70.03910995093291,73.66625066691925,69.69950928197842,73.41312564455426,73.44132029428857,73.31225138982809,73.38869027518317,73.44132029428857,74.34793078988656,69.33672429971858,38.99950092485232,19.283285072847217,19.283285072847217,19.283285072847217,19.585440047133567,40.2433333698296,39.694298517684636,40.54417313889437,39.96605503494546,39.72582691441627,40.83163360361917,31.880147500246963,32.39757131448991,31.273667391921226,29.659331391094174,30.699803784070593,32.15986962627983,4.981464658880796,25.89601292575198,5.529476768349137,7.366655415377885,1.0275875701996269,6.420813660479086,9.874802222320062,4.983972716783841,10.50184850055063,10.608446748806113,1.0589370907901754,9.55555095390699,53.82662327310367,54.50968854851894,54.73528709009678,1.1655255324167244,10.445798888513822,3.5555800249340836,3.505422049785802,3.693514330181161,8.157469949510613,2.019480916635318,69.70514841665016,69.3229396982383,68.5146575551617,65.81407181275948,67.11737960721122,70.40063931709065,65.3065292023401,66.4406641649459,65.41931666607393,65.46944438793368,65.44438053006516,33.91849883803229,26.14298682841801,26.688333188458458,23.81739683252557,16.43909807570789,36.008920048444786,34.29153861364753,31.82196894408596,40.7676558074609,46.50072642108629,43.61533357766979,28.84464698740554,29.05788169549432,29.05788169549432,39.55710306138437,35.12898509465155,40.146696916228024,6.551520899296655,35.16276855388437
11.679444195196858,6.225465202471091,10.537583494981606,10.55702198381991,12.080133085989178,5.237910894221729,5.316287873141536,1.3686692833679999,6.323280622551864,6.225465202471091,60.30047872055803,60.804285988846274,60.30047872055803,6.85215504605795,1.0727308313363508,0.0,1.1423265639441185,6.85215504605795,1.0727308313363508,5.530100575979111,73.36858947162034,69.96637912746722,73.59351984430512,69.62677845843524,73.34039482187927,73.36858947162034,73.23952056712892,73.3159594525023,73.36858947162034,74.27519996743739,69.26399347609308,39.07223175381635,19.210554242059143,19.210554242059143,19.210554242059143,19.51270921636382,40.170602541028586,39.621567688813016,40.47144231013247,40.03878586378757,39.79855774328896,40.90436443234951,31.952878330015114,32.47030214420519,31.346398221750228,29.7320622210793,30.77253461395607,32.23260045601951,5.054195490190609,25.823282095433814,5.602207599651219,7.43938624664685,1.100318401535973,6.34808282919043,9.947533053525916,5.056703548093622,10.574579331737477,10.681177579989603,1.1316679221265136,9.482820122690065,53.75389244636838,54.43695772190372,54.66255626352157,1.2382563637530104,10.37306805732317,3.482849193608169,3.4326912184594764,3.6207834988564214,8.084739118257696,1.9467500853005544,69.63241759310827,69.25020887460967,68.44192673135123,65.74134098835727,67.04464878309153,70.32790849370787,65.23379837782939,66.36793334067879,65.34658584158724,65.3967135634577,65.37164970558382,33.99122966758712,26.070255998120206,26.61560235820631,23.744666002044127,16.36636724476213,35.936189219125055,34.21880778413438,31.74923811431178,40.84038663619958,46.57345724902425,43.68806440602413,28.917377817466228,29.13061252553544,29.13061252553544,39.629833890278434,35.20171592407326,40.21942774504701,6.624251730581683,35.090037724468125
11.821770758769354,6.36779176632498,10.679910058628828,10.699348547465927,12.222459649533464,5.380237458106127,5.458614437023743,1.22634271942415,6.465607186402387,6.36779176632498,60.158152167953865,60.66195943643626,60.158152167953865,6.709828482221411,1.215057395280419,1.1423265639441185,0.0,6.709828482221411,1.215057395280419,5.6724271398551345,73.22626292458877,69.82405257887741,73.4511932973792,69.48445190969406,73.19806827483447,73.22626292458877,73.09719402003684,73.17363290544604,73.22626292458877,74.13287342083382,69.12166692719099,39.21455831309172,19.06822767917535,19.06822767917535,19.06822767917535,19.370382653515673,40.028275982018734,39.479241129665354,40.32911575119895,40.1811124228237,39.9408843023851,41.04669099116632,32.09520489086901,32.61262870495527,31.48872478272363,29.874388782359343,30.914861175040382,32.374927016817495,5.196522054079994,25.680955533465013,5.744534163525092,7.581712810454643,1.2426449654800131,6.2057562653359435,10.089859617208475,5.199030111982938,10.716905895382409,10.82350414362789,1.273994486070516,9.340493558973778,53.61156589139155,54.294631167161405,54.52022970885736,1.3805829276968369,10.230741493657682,3.340522629682755,3.2903646545332914,3.4784569349332104,7.942412554471949,1.804423521358887,69.4900910443696,69.1078823257015,68.29960018208777,65.5990144379377,66.90232223322396,70.18558194528005,65.09147182719788,66.22560679052323,65.20425929100269,65.254387012894,65.22932315500971,34.133556228022144,25.927929436191057,26.473275796366114,23.602339439757234,16.22404068157173,35.79386265910308,34.07648122373506,31.60691155340339,40.982713195032765,46.715783806286545,43.830390964103216,29.059704378894693,29.272939086925458,29.272939086925458,39.77216044941651,35.34404248424698,40.36175430403775,6.766578294421472,34.94771116425784
17.53159921790212,12.077620240869146,16.38973852162264,16.409177010396824,17.93228810723174,11.090065934620812,11.168442913391228,6.483485762957575,12.175435660737687,12.077620240869146,54.448324095950085,54.95213137184144,54.448324095950085,1.0,6.924885877337256,6.85215504605795,6.709828482221411,0.0,6.924885877337256,11.382255615813003,67.5164350662671,64.11422466061504,67.74136544312744,63.77462398561519,67.48824041600359,67.5164350662671,67.3873661593858,67.46380504617402,67.5164350662671,68.42304557899743,63.41183899693194,44.92438657912826,13.358399225834479,13.358399225834479,13.358399225834479,13.66055420137637,34.31844766824869,33.769412810782114,34.61928744026394,45.89094067853132,45.650712560682216,46.75651923742114,37.805033225613535,38.32245703514389,37.1985531227208,35.584217135878355,36.624689519920864,38.0847553491076,10.906350530933501,19.971127111833205,11.454362639342161,13.291541282232005,6.9524734475148735,1.5040722172245349,15.799688082065815,10.90885858883188,16.42673435825639,16.53333260615462,6.9838229680801645,3.630665079588113,47.901737729150085,48.584803013811744,48.81040155847123,7.09041140961887,4.520913015637065,4.3693058535574085,4.419463828699875,4.231371548322837,2.2325840733563744,5.905404961372236,63.780263120387055,63.3980543952083,62.589772237952204,59.889186449462834,61.19249426590871,64.47575403324296,59.381643830603295,60.51577881216574,59.49443129620667,59.54455901889843,59.519495160613836,39.84338454442165,20.218101015963374,20.763447379294988,17.89251100693536,10.51421221808031,30.084034307929482,28.36665285872172,25.897083169833564,46.69254144199285,52.42561198589241,49.54021917865833,34.76953273898377,34.982767445311346,34.982767445311346,45.48198870952353,41.05387078924823,46.07158255778847,12.476406768098625,29.237882806169512
11.606713364046636,6.152734371179003,10.4648526637936,10.48429115263251,12.007402254853226,5.165180062914397,5.243557041835298,1.4414001147040831,6.250549791261459,6.152734371179003,60.37320954607854,60.87701681426737,60.37320954607854,6.924885877337256,1.0,1.0727308313363508,1.215057395280419,6.924885877337256,0.0,5.4573697446759555,73.44132029428857,70.03910995093291,73.66625066691925,69.69950928197842,73.41312564455426,73.44132029428857,73.31225138982809,73.38869027518317,73.44132029428857,74.34793078988656,69.33672429971858,38.99950092485232,19.283285072847217,19.283285072847217,19.283285072847217,19.585440047133567,40.2433333698296,39.694298517684636,40.54417313889437,39.96605503494546,39.72582691441627,40.83163360361917,31.880147500246963,32.39757131448991,31.273667391921226,29.659331391094174,30.699803784070593,32.15986962627983,4.981464658880796,25.89601292575198,5.529476768349137,7.366655415377885,1.0275875701996269,6.420813660479086,9.874802222320062,4.983972716783841,10.50184850055063,10.608446748806113,1.0589370907901754,9.55555095390699,53.82662327310367,54.50968854851894,54.73528709009678,1.1655255324167244,10.445798888513822,3.5555800249340836,3.505422049785802,3.693514330181161,8.157469949510613,2.019480916635318,69.70514841665016,69.3229396982383,68.5146575551617,65.81407181275948,67.11737960721122,70.40063931709065,65.3065292023401,66.4406641649459,65.41931666607393,65.46944438793368,65.44438053006516,33.91849883803229,26.14298682841801,26.688333188458458,23.81739683252557,16.43909807570789,36.008920048444786,34.29153861364753,31.82196894408596,40.7676558074609,46.50072642108629,43.61533357766979,28.84464698740554,29.05788169549432,29.05788169549432,39.55710306138437,35.12898509465155,40.146696916228024,6.551520899296655,35.16276855388437
7.149343625936736,1.6953646268638949,6.007482923889261,6.026921412756526,7.550032517435158,1.2921896818841332,1.21381270293204,5.898769859162179,1.7931800470049204,1.6953646268638949,64.83057890722759,65.33438616909447,64.83057890722759,11.382255615813003,5.4573697446759555,5.530100575979111,5.6724271398551345,11.382255615813003,5.4573697446759555,0.0,77.8986894746683,74.49647918173932,78.12361984388156,74.15687851768821,77.87049482536163,77.8986894746683,77.76962057216411,77.84605945636102,77.8986894746683,78.80529995642868,73.79409354064045,34.54213130822306,23.740654775576754,23.740654775576754,23.740654775576754,24.04280974860236,44.70070294121487,44.15166809364797,45.00154270774512,35.50868542534704,35.268457303052955,36.37426400047549,27.422777837585468,27.940201654832276,26.81629772580706,25.201961716148553,26.24243411475725,27.70249996523559,1.475905085986001,30.353382596664474,1.0721070237060766,2.9092856719260283,5.42978217448864,10.87818339975795,5.417432481591226,1.4733970280820703,6.044478760700318,6.151077009113019,5.398432653911897,14.012920687359058,58.28399271168935,58.96705797943363,59.19265651845706,5.291844212330802,14.903168619949353,8.01294976780405,7.962791792703885,8.150884072916195,12.614839685806498,6.476850660748693,74.16251765227875,73.78030893935768,72.97202680779435,70.27144110289014,71.57474887943152,74.85800854265113,69.76389849935153,70.89803344650915,69.87668596156085,69.92681368274219,69.90174982521295,29.461129187514526,30.60035649797058,31.145702854964355,28.274766514393864,20.896467789399463,40.46628965355207,38.7489082313932,36.27933857895561,36.310286203835005,42.043356863916586,39.15796399629904,24.38727730820122,24.600512017391814,24.600512017391814,35.0997334487884,30.671615451738834,35.689327307964305,2.0941511552324164,39.62013816529344
84.04803220883001,78.59405400727475,82.90617168229798,82.9256101682152,84.44872103766639,77.60649983188961,77.68487680038118,72.99992023192443,78.69186941402204,78.59405400727475,14.068112031678565,13.564304724526641,14.068112031678565,67.5164350662671,73.44132029428857,73.36858947162034,73.22626292458877,67.5164350662671,73.44132029428857,77.8986894746683,0.0,4.402210732178302,1.2249303996947714,4.741811437829867,1.0281946531148687,1.0,1.1290689199142518,1.0526300254136483,1.0,1.9066106057122258,5.104596458868213,111.44081432745048,55.15803685436412,55.15803685436412,55.15803685436412,54.85588189784037,34.197989076282276,34.747023933323014,33.897149304112425,112.40736820091462,112.16714013948071,113.27294655510518,104.32146255225888,104.83888625217791,103.71498257682516,102.10064692389913,103.14111909361775,104.60118461659579,77.42278445222357,48.54530932152972,77.97079648867825,79.80797488376358,73.46890786119576,68.02050723236275,82.31612132892369,77.42529250979469,82.94316751349332,83.04976574569856,73.50025737804187,64.8857702410908,20.614698734369142,19.931633420759717,19.706034866227526,73.60684580691321,63.99552238641517,70.88574056353613,70.93589853311647,70.74780627355837,66.28385111470993,72.42183949757494,4.7361723025518945,5.118381061813305,5.926663289676779,8.627249299608525,7.323941379073916,4.04068132653224,9.134791957600392,8.000656887509937,9.02200448336887,8.971876756829918,8.996940617039073,106.3598134346325,48.2983354280286,47.752989087513505,50.62392532966013,58.002223669588794,38.43240240964789,40.14978383242677,42.619353467643684,113.20896877488332,118.94203790770644,116.05664582289086,101.2859626925607,101.49919735574744,101.49919735574744,111.99841632784224,107.57029941440895,112.58801003763651,78.99284048082954,39.278553899503635
80.64582199048091,75.19184372248796,79.50396144966126,79.52339993582002,81.04651082437837,74.20428953556151,74.2826665049636,69.59770988374146,75.28965913038655,75.19184372248796,10.66590130936409,10.162094001337927,10.66590130936409,64.11422466061504,70.03910995093291,69.96637912746722,69.82405257887741,64.11422466061504,70.03910995093291,74.49647918173932,4.402210732178302,0.0,4.627141131809301,1.3396007057508619,4.37401607907087,4.402210732178302,4.273141812297072,4.3495807067784344,4.402210732178302,5.3088213375851625,1.7023857269151912,108.03860451172147,51.75582633618429,51.75582633618429,51.75582633618429,51.453671377204536,30.795778421230963,31.34481328098867,30.494938647592207,109.00515840148674,108.76493033598803,109.87073677039638,100.91925262085284,101.43667632891835,100.31277263592264,98.69843695799266,99.73890914378119,101.19897468958867,74.02057415376498,45.14309875282454,74.56858619659016,76.40576461336887,70.0666975181428,64.61829683180031,78.91391108898232,74.02308221136515,79.54095728131637,79.64755551484757,70.09804703533302,61.483559809512165,17.212488027011315,16.529422711529385,16.30382415639471,70.20463546537553,60.59331194630425,67.4835301926474,67.53368816275844,67.34559590121215,62.88164069677734,69.01962914311518,1.3339615704710943,1.7161703298654758,2.5244525580853168,5.225038569947695,3.9217306483391776,1.3615294057319702,5.732581228429511,4.598446157299701,5.619793754085634,5.5696660274973855,5.594729887731141,102.9576035355555,44.89612485756736,44.35077851320816,47.22171477610827,54.600013175218535,35.03019177676176,36.74757320932298,39.217142859408106,109.80675898908268,115.53982822222322,112.65443608629299,97.8837527141871,98.09698738062716,98.09698738062716,108.59620652149992,104.168089534831,109.185800241271,75.59063020074575,35.87634327138011
