1000.0,8.635570599439086,2.5986049839774212,2.571391099548576,1.5609644486076644,10.018146630583376,9.908418860151839,16.467358868614923,8.498629011330252,8.635570599439086,98.9718906740379,99.6772208274022,98.9718906740379,24.144238905062966,15.84939870966529,15.951221873275601,16.150479062277093,24.144238905062966,15.84939870966529,9.60908107631143,117.267245092362,112.50415078667328,117.5821476021962,112.02870986717258,117.22777258421675,117.267245092362,117.08654863290076,117.19356306838185,117.267245092362,118.53649973823048,111.52081091012055,39.34990293333939,41.44599763420421,41.44599763420421,41.44599763420421,41.86901459338187,70.79006476918973,70.02141599257054,71.21124043681644,40.70307870889915,40.36675933477412,41.914888724760765,29.38280800022116,30.107201349101366,28.533735838313582,26.27366541106362,27.730326777848354,29.774418981478064,10.275348196078966,50.70381650863727,9.508131243208098,6.936081137188279,15.810776111483726,23.438537805176612,3.4246756035702615,10.271836915016923,2.5468108124138853,2.3975732645522916,15.766886782767596,27.827169990099343,89.80667016334857,90.76296152196593,91.07879947119974,15.617662964861681,29.073517089994983,19.427210733286095,19.35698956834224,19.620318759898012,25.869856596301656,17.27667198897806,112.0366046554308,111.50151246873457,110.36991750844986,106.589097599578,108.41372844945566,113.01029188107202,105.87853796896036,107.46632686280513,106.0364404128763,106.10661922111657,106.07152982128258,32.23649990937287,51.04957996732989,51.81306486011206,47.79375401890545,37.464135880593965,64.86188624032604,62.457552277255544,59.00015480200959,41.82531980866466,49.85161881068227,45.81206875522568,25.133107233392106,25.431635827947293,25.431635827947293,40.1305459367709,33.93118069147911,40.955977346768684,8.077269460061043,63.677274170680455
8.635570599439086,1000.0,7.03696561631012,7.064179500728281,9.19653504764256,2.382576032240894,2.2728482617100343,8.831788279833708,1.1369415881991418,1.0,91.3363208567296,92.04165102190542,91.3363208567296,16.508668337216804,8.213828119650604,8.315651283459527,8.514908472854971,16.508668337216804,8.213828119650604,1.9735104776094528,109.63167561018464,104.86858121148315,109.94657812631137,104.39314028292101,109.59220310125191,109.63167561018464,109.45097914712069,109.55799358473472,109.63167561018464,110.90093028152424,103.88524131623353,46.98547337806726,33.81042715167825,33.81042715167825,33.81042715167825,34.23344411360449,63.15449455250984,62.38584576697827,63.57567022506455,48.338649143466846,48.0023297718969,49.550459149958314,37.01837850992786,37.742771854670806,36.16930635275275,33.909235937484965,35.36589729664934,37.40998948895954,2.639777597977597,43.068246093502594,1.8725606444219338,2.6994894631379416,8.17520552139418,15.802967234972266,6.2108949969796745,2.6362663169121845,7.088759787853209,7.237997335653246,8.131316192593307,20.19159943598594,82.17110020063059,83.12739157371979,83.44322952776909,7.982092374401782,21.437946541071028,11.791640151345858,11.72141898622182,11.984748178457755,18.23428603459191,9.641101401914021,104.40103507132932,103.86594287448236,102.73434789289988,98.95352791452979,100.77815879762834,105.37472231557292,98.24296827113606,99.83075719365422,98.40087071788334,98.47104952738339,98.43596012691937,39.87207040224976,43.41400955500613,44.1774944540702,40.15818358095211,29.82856537374655,57.22631595762689,54.8219819695594,51.36458446016662,49.460890234563585,57.48718916817429,53.4476391485511,32.76867776552092,33.06720635860423,33.06720635860423,47.76611637567642,41.56675117368759,48.59154777940206,1.5583011397255238,56.04170387553706
2.5986049839774212,7.03696561631012,1000.0,1.0272138844296328,3.159569432562797,8.41954164783763,8.309813877373106,14.868753888587582,6.900024028167162,7.03696561631012,97.37328586469613,98.0786160206117,97.37328586469613,22.54563393027169,14.250793729311038,14.352616892974247,14.551874082080358,22.54563393027169,14.250793729311038,8.010476093444964,115.66864035521718,110.90554602952575,115.98354286640378,110.43010510807511,115.62916784690267,115.66864035521718,115.48794389498157,115.5949583309211,115.66864035521718,116.93789500655937,109.92220614894931,40.94850788918743,39.84739267919837,39.84739267919837,39.84739267919837,40.27040963899849,69.19145987310287,68.42281109453235,69.61263554180812,42.30168366277039,41.965364289142926,43.51349367680489,30.98141296856582,31.70580631666033,30.132340807554698,27.872270382562224,29.328931747913394,31.373023949400366,8.67674321341228,49.105211568769384,7.9095262603127905,5.337476153684736,14.212171131109505,21.839932829813208,1.826070619629696,8.673231932349143,1.05179417156501,1.2010317194302997,14.168281802370759,26.22856501859244,88.20806532254501,89.16435668429847,89.48019463457558,14.01905798438847,27.474912119713053,17.828605755019897,17.758384590030513,18.021713781757953,24.27125162298687,15.67806700940016,110.4379998963656,109.90290770748476,108.77131274261534,104.990492818773,106.81512367580865,111.41168712600967,104.27993318540155,105.86772208542588,104.43783562992785,104.50801443843966,104.47292503846985,33.835104874511096,49.450975028088926,50.21445992227112,46.195149073936825,35.86553092005365,63.263281329758485,60.858947361187354,57.40154987840814,43.423924760845686,51.4502237494333,47.41067370103002,26.731712205958896,27.0302408002391,27.0302408002391,41.72915089148669,35.52978565457208,42.554582300263064,6.478664476797292,62.078669257375886
2.571391099548576,7.064179500728281,1.0272138844296328,1000.0,3.1323555481346066,8.446755532249949,8.33702776178593,14.895967772956796,6.927237912585835,7.064179500728281,97.4004997462003,98.10582990207277,97.4004997462003,22.572847814555548,14.278007613685514,14.379830777347872,14.579087966452299,22.572847814555548,14.278007613685514,8.037689977859136,115.69585423550129,110.93275991014804,116.01075674666502,110.45731898873034,115.65638172718964,115.69585423550129,115.51515777527878,115.62217221121058,115.69585423550129,116.96510888675097,109.94942002963963,40.92129400525633,39.874606563153925,39.874606563153925,39.874606563153925,40.29762352294365,69.21867375606985,68.45002497753217,69.63984942475697,42.2744697788736,41.9381504052375,43.486279792939804,30.954199084417073,31.67859243252531,30.105126923390273,27.845056498358257,29.301717863734538,31.345810065259,8.703957097823377,49.13242545247181,7.936740144727402,5.364690038108436,14.239385015484306,21.867146714106457,1.8532845040591084,8.700445816760258,1.0245802871353777,1.1738178350006778,14.195495686745923,26.255778902822204,88.23527920458022,89.1915705662808,89.50740851654031,14.046271868764853,27.502126003922577,17.855819639360583,17.785598474371945,18.04892766609659,24.29846550724644,15.705280893762122,110.46521377702031,109.93012158817639,108.79852662338445,105.01770669979513,106.8423375567098,111.43890100659672,104.30714706647021,105.89493596639011,104.46504951098619,104.53522831949338,104.5001389195259,33.80789099041833,49.478188911780826,50.241673805939584,46.22236295772464,35.89274480410147,63.290495212969056,60.88616124449041,57.428763761837736,43.39671087697821,51.423009865798406,47.38345981727307,26.704498321736178,27.00302691602121,27.00302691602121,41.701937007575246,35.50257177051496,42.52736841637281,6.50587836121747,62.10588314063246
1.5609644486076644,9.19653504764256,3.159569432562797,3.1323555481346066,1000.0,10.5791110786331,10.469383308214669,17.028323315620813,9.059593459547608,9.19653504764256,99.53285505999843,100.23818521245762,99.53285505999843,24.70520335012444,16.410363156794517,16.51218632038485,16.71144350934685,24.70520335012444,16.410363156794517,10.17004552440922,117.82820945273293,113.06511515412973,118.14311196208817,112.58967423531993,117.78873694464762,117.82820945273293,117.64751299354592,117.75452742886463,117.82820945273293,119.09746409666293,112.08177527900263,38.788938494067885,42.00696207208157,42.00696207208157,42.00696207208157,42.42997903103492,71.35102918598281,70.58238041005905,71.77220485322516,40.14211427030246,39.80579489600751,41.35392428678831,28.821843556703442,29.546236905849256,27.972771394493133,25.71270096648251,27.169362333749977,29.213454538103107,10.836312644097362,51.264780941073525,10.069095691317413,7.49704558554689,16.371740558620495,23.999502250448685,3.9856400521311857,10.832801363035752,3.1077752610005005,2.9585377131422845,16.327851229912916,28.388134433956957,90.36763456047713,91.32392591798062,91.63976386684395,16.17862741203588,29.634481533405364,19.988175179632723,19.917954014705817,20.18128320619769,26.43082104082096,17.83763643581495,112.59756902356668,112.06247683764455,110.93088187898442,107.15006197541852,108.97469282275897,113.57125624778969,106.43950234577711,108.02729123743127,106.5974047894767,106.66758359762069,106.63249419783486,31.675535466940524,51.61054439954131,52.37402929182157,48.35471845317218,38.025100320468944,65.42285066228318,63.0185167011764,59.56111922862215,41.26435537064543,49.290654377263834,45.251104319388496,24.572142788452062,24.87067138309957,24.87067138309957,39.569581497885814,33.37021624974084,40.395012908300714,8.638233908319599,64.23823859361451
10.018146630583376,2.382576032240894,8.41954164783763,8.446755532249949,10.5791110786331,1000.0,1.1097277705330852,7.449212248397856,2.5195176204367207,2.382576032240894,89.95374495313563,90.65907512034885,89.95374495313563,15.126092308469138,6.831252088080155,6.93307525191042,7.132332441348578,15.126092308469138,6.831252088080155,1.4090655546377866,108.24909976464544,103.48600534978613,108.56400228186627,103.01056441965152,108.20962725557575,108.24909976464544,108.06840330095511,108.17541773893998,108.24909976464544,109.51835444041478,102.50266545129229,48.36804937569022,32.4278511358947,32.4278511358947,32.4278511358947,32.85086809825789,61.771918580648844,61.003269793613896,62.19309425403538,49.72122513905574,49.38490576799676,50.93303514367654,38.400954520747995,39.125347864637774,37.55188236455174,35.29181195177817,36.74847330935351,38.79256549932051,1.2572015657434226,41.68567008859204,1.510015387826051,4.082065495295394,6.792629489815723,14.420391205898955,7.593471028673333,1.2536902846779043,8.471335819369575,8.620573367137037,6.7487401610058075,18.80902340919593,80.78852427202347,81.74481564759574,82.06065360247163,6.599516342784001,20.05537051504168,10.409064120723619,10.338842955577038,10.602172147898312,16.851710006707542,8.258525370672867,103.0184592080859,102.48336700947777,101.35177202420138,97.5709520337902,99.39558292264205,103.99214645555797,96.86039238818513,98.44818131566721,97.01829483542245,97.08847364514052,97.05338424456745,41.25464640961269,42.03143355055491,42.79491845064678,38.77560757232771,28.445989354130983,55.84373997466314,53.439405982414755,49.982008467335525,50.84346622842165,58.86976514849317,54.83021513593851,34.15125378101138,34.449782373785304,34.449782373785304,49.148692372133,42.94932717887539,49.974123774604394,2.940877171949155,54.65912789049016
9.908418860151839,2.2728482617100343,8.309813877373106,8.33702776178593,10.469383308214669,1.1097277705330852,1000.0,7.558940018877429,2.4097898499063444,2.2728482617100343,90.06347271360184,90.7688028806545,90.06347271360184,15.23582007874772,6.940979858569417,7.04280302239815,7.242060211833241,15.23582007874772,6.940979858569417,1.2993377841048561,108.35882752053364,103.59573310694903,108.67373003766818,103.1202921769384,108.31935501147477,108.35882752053364,108.1781310568927,108.28514549484831,108.35882752053364,109.62808219595345,102.61239320871105,48.258321607980804,32.53757890517224,32.53757890517224,32.53757890517224,32.96059586750143,61.88164634648771,61.11299755957084,62.30282201980892,49.61149737150995,49.27517800040986,50.82330737628116,38.29122675197515,39.01562009593382,37.442154595699854,35.18208418272469,36.638745540428495,38.68283773058475,1.3669293362763886,41.795397857021555,1.4002876172932237,3.972337724773891,6.902357260305557,14.530118976202242,7.48374325819429,1.363418055210873,8.361608048906021,8.510845596676305,6.85846793149629,18.918751179325074,80.89825203446011,81.85454340983686,82.17038136464767,6.709244113276645,20.165098285112457,10.518791891143383,10.44857072599848,10.711899918313403,16.961437776920384,8.368253141138291,103.12818696537074,102.59309476690154,101.46149978191649,97.68067979245488,99.50531068085303,104.10187421258816,96.97012014702415,98.55790907411483,97.12802259422283,97.1982014039237,97.16311200335926,41.144918641118835,42.14116131894852,42.90464621896005,38.88533534104729,28.55571712370624,55.953467741373636,53.549133749453205,50.091736234819706,50.73373846101504,58.760037382174,54.720487369051845,34.04152601186104,34.340054604660004,34.340054604660004,49.03896460451742,42.839599410556886,49.86439600708969,2.8311494014205634,54.76885565736407
16.467358868614923,8.831788279833708,14.868753888587582,14.895967772956796,17.028323315620813,7.449212248397856,7.558940018877429,1000.0,8.96872986793433,8.831788279833708,83.50453325303289,84.20986342933924,83.50453325303289,8.676880068140605,1.6179601605857163,1.5161369967151999,1.3168798071938101,8.676880068140605,1.6179601605857163,7.85827780282705,101.79988832469421,97.03679383723804,102.11479084683553,96.56135290004521,101.76041581500881,101.79988832469421,101.61919185818716,101.72620629783957,101.79988832469421,103.06914302038777,96.05345392418367,54.817261435026666,25.97863894596468,25.97863894596468,25.97863894596468,26.401655910119697,55.32270657851509,54.554057784915024,55.743882255536555,56.17043718811618,55.83411781963642,57.38224718330528,44.850166647448134,45.57455998693639,44.00109449631227,41.74102409648923,43.19768544580418,45.24177762365079,7.19201068277285,35.23645794398991,7.959227635960011,10.5312777415094,1.6565827588650128,7.971178964462316,14.042683270679312,7.195521963836818,14.920548060037397,15.069785607565988,1.70047208769155,12.359811175854695,74.33931246058036,75.29560384717851,75.61144180572619,1.8496959059677267,13.606158284522914,3.959851874397508,3.8896307091866773,4.152959901752687,10.402497769401174,1.809313122711964,96.56924768859649,96.03415548208483,94.90256048023672,91.12174043585975,92.94637135048605,97.54293495056142,90.41118078035342,91.99896973006562,90.56908322978441,90.63926204047866,90.60417263941743,47.70385851852453,35.582221407894004,36.3457063123357,32.32639541209629,21.99677714864449,49.394527924190946,46.99019391384014,43.5327963742489,57.29267826875494,65.3189771209976,61.27942714376712,40.60046593197132,40.89899452312826,40.89899452312826,55.597904425574214,49.39853927665432,56.423335821714375,9.390089419136356,48.2099158309906
8.498629011330252,1.1369415881991418,6.900024028167162,6.927237912585835,9.059593459547608,2.5195176204367207,2.4097898499063444,8.96872986793433,1000.0,1.1369415881991418,91.47326243196989,92.17859259694224,91.47326243196989,16.645609925032762,8.350769707766041,8.452592871572609,8.65185006096334,16.645609925032762,8.350769707766041,2.1104520658068884,109.76861717963085,105.00552278254118,110.08351969564845,104.53008185413593,109.72914467071176,109.76861717963085,109.58792071662936,109.69493515420642,109.76861717963085,111.03787185052866,104.02218288761526,46.8485317931867,33.94736873816864,33.94736873816864,33.94736873816864,34.37038570005059,63.29143613457944,62.522787349198616,63.71261180705074,48.2017075587845,47.865388187164754,49.41351756545837,36.88143692376403,37.60583026858975,36.03236476649401,33.7722943509846,35.228955710302856,37.27304790284026,2.7767191861721416,43.20518767889385,2.0095022326196856,2.5625478749429895,8.312147109510502,15.939908822822169,6.07395340882224,2.773207905106748,6.951818199711231,7.1010557475141365,8.26825778071063,20.32854102359916,82.30804177837037,83.26433315121135,83.58017110517801,8.119033962522463,21.57488812860592,11.928581739358798,11.858360574237162,12.121689766464014,18.371227622318223,9.77804298999342,104.53797664254165,104.00288444587041,102.87128946465651,99.09046948748814,100.91510037001244,105.51166388646314,98.37990984431514,99.96769876633783,98.53781229101351,98.60799110049179,98.57290170003866,39.73512881642153,43.55095114035106,44.314436039311495,40.295125166718194,29.96550696062606,57.3632575408104,54.958923553162805,51.501526044341524,49.32394865004998,57.35024758498248,53.31069756466886,32.6317361789047,32.93026477201795,32.93026477201795,47.62917479090951,41.42980958807073,48.454606194757396,1.421359551526753,56.17864545892973
8.635570599439086,1.0,7.03696561631012,7.064179500728281,9.19653504764256,2.382576032240894,2.2728482617100343,8.831788279833708,1.1369415881991418,1000.0,91.3363208567296,92.04165102190542,91.3363208567296,16.508668337216804,8.213828119650604,8.315651283459527,8.514908472854971,16.508668337216804,8.213828119650604,1.9735104776094528,109.63167561018464,104.86858121148315,109.94657812631137,104.39314028292101,109.59220310125191,109.63167561018464,109.45097914712069,109.55799358473472,109.63167561018464,110.90093028152424,103.88524131623353,46.98547337806726,33.81042715167825,33.81042715167825,33.81042715167825,34.23344411360449,63.15449455250984,62.38584576697827,63.57567022506455,48.338649143466846,48.0023297718969,49.550459149958314,37.01837850992786,37.742771854670806,36.16930635275275,33.909235937484965,35.36589729664934,37.40998948895954,2.639777597977597,43.068246093502594,1.8725606444219338,2.6994894631379416,8.17520552139418,15.802967234972266,6.2108949969796745,2.6362663169121845,7.088759787853209,7.237997335653246,8.131316192593307,20.19159943598594,82.17110020063059,83.12739157371979,83.44322952776909,7.982092374401782,21.437946541071028,11.791640151345858,11.72141898622182,11.984748178457755,18.23428603459191,9.641101401914021,104.40103507132932,103.86594287448236,102.73434789289988,98.95352791452979,100.77815879762834,105.37472231557292,98.24296827113606,99.83075719365422,98.40087071788334,98.47104952738339,98.43596012691937,39.87207040224976,43.41400955500613,44.1774944540702,40.15818358095211,29.82856537374655,57.22631595762689,54.8219819695594,51.36458446016662,49.460890234563585,57.48718916817429,53.4476391485511,32.76867776552092,33.06720635860423,33.06720635860423,47.76611637567642,41.56675117368759,48.59154777940206,1.5583011397255238,56.04170387553706
98.9718906740379,91.3363208567296,97.37328586469613,97.4004997462003,99.53285505999843,89.95374495313563,90.06347271360184,83.50453325303289,91.47326243196989,91.3363208567296,1000.0,1.705330232668989,1.0,75.82765373433011,84.12249336450995,84.02067020878123,83.82141303513541,75.82765373433011,84.12249336450995,90.3628104701186,19.29535684434999,14.532261833109724,19.610259402666756,14.056820846041978,19.255884330143598,19.29535684434999,19.114660357171495,19.2216748090586,19.29535684434999,20.564611687025128,13.548921817383341,137.321787694008,58.52589568271074,58.52589568271074,58.52589568271074,58.102878731596746,29.181828142446303,29.950476954685325,28.760652454730593,138.67496320059396,138.33864389370302,139.88677297209918,127.35469461558426,128.07908783717812,126.5056226013714,124.24555255936887,125.70221367916767,127.74630552817572,89.6965434108921,49.26807689188347,90.46376029396157,93.0358101562802,84.16111595969582,76.53335479218747,96.54721533308653,89.70005469163772,97.4250800306919,97.57431756247688,84.20500528500365,72.14472285034113,10.165221437623869,9.208929991273799,8.893092012604592,84.35422909128876,70.89837581152634,80.5446816037705,80.61490276383329,80.35157359052394,74.10203614111462,82.69522019353668,14.064715635417908,13.529623373288244,12.398028255643787,8.6172078423189,10.441838931552235,15.038403000008755,7.906648120555676,9.494437219668042,8.064550584626186,8.134729401842346,8.099639997518981,130.20838601648293,48.9223134325412,48.15882853736195,52.178139376315976,62.507757340516626,35.110006911164064,37.51434094868823,40.97173850792178,139.79720407417688,147.82350137631545,143.78395219441637,123.10499457175982,123.40352311685052,123.40352311685052,138.1024305427701,131.90306648811276,138.92786178773918,91.89462194337797,36.29461901913849
99.6772208274022,92.04165102190542,98.0786160206117,98.10582990207277,100.23818521245762,90.65907512034885,90.7688028806545,84.20986342933924,92.17859259694224,92.04165102190542,1.705330232668989,1000.0,1.705330232668989,76.53298392057802,84.82782353997432,84.72600038438479,84.52674321101077,76.53298392057802,84.82782353997432,91.06814063673227,18.590026614337297,13.826931601873097,18.904929172748204,13.351490614703767,18.550554100119225,18.590026614337297,18.40933012710552,18.516344579024125,18.590026614337297,19.859281457401895,12.843591585940738,138.02711777375734,59.23122588784148,59.23122588784148,59.23122588784148,58.80820893712796,29.887158368412283,30.65580718028555,29.46598268089287,139.38029327731158,139.04397397117694,140.5921030460767,128.06002471675413,128.78441793684527,127.21095270429188,124.95088266689233,126.40754378373381,128.4516356285343,90.40187357848092,49.97340710510997,91.16909046042684,93.74114031890902,84.86644613510734,77.23868497756156,97.25254549030421,90.40538485922141,98.13041018652547,98.2796477180739,84.91033546035513,72.85005304101763,10.870551669547234,9.914260223339632,9.598422244714172,85.05955926643577,71.60370600365144,81.25001178402353,81.32023294399436,81.05690377102951,74.80736632946507,83.40055037093634,13.359385404081351,12.824293141841753,11.692698023980405,7.911877610084235,9.736508699563796,14.333072768884378,7.201317888239999,8.789106987544892,7.359220352327791,7.4293991695517665,7.394309765224481,130.91371611168378,49.627643646042934,48.86415875146443,52.88346958714876,63.213087541734474,35.81533713405818,38.21967117017215,41.677068727211704,140.50253414835774,148.5288314317614,144.4892822594212,123.81032468157477,124.10885322606774,124.10885322606774,138.80776062077405,132.60839657970664,139.63319186388694,92.59995210772223,36.999949241349654
98.9718906740379,91.3363208567296,97.37328586469613,97.4004997462003,99.53285505999843,89.95374495313563,90.06347271360184,83.50453325303289,91.47326243196989,91.3363208567296,1.0,1.705330232668989,1000.0,75.82765373433011,84.12249336450995,84.02067020878123,83.82141303513541,75.82765373433011,84.12249336450995,90.3628104701186,19.29535684434999,14.532261833109724,19.610259402666756,14.056820846041978,19.255884330143598,19.29535684434999,19.114660357171495,19.2216748090586,19.29535684434999,20.564611687025128,13.548921817383341,137.321787694008,58.52589568271074,58.52589568271074,58.52589568271074,58.102878731596746,29.181828142446303,29.950476954685325,28.760652454730593,138.67496320059396,138.33864389370302,139.88677297209918,127.35469461558426,128.07908783717812,126.5056226013714,124.24555255936887,125.70221367916767,127.74630552817572,89.6965434108921,49.26807689188347,90.46376029396157,93.0358101562802,84.16111595969582,76.53335479218747,96.54721533308653,89.70005469163772,97.4250800306919,97.57431756247688,84.20500528500365,72.14472285034113,10.165221437623869,9.208929991273799,8.893092012604592,84.35422909128876,70.89837581152634,80.5446816037705,80.61490276383329,80.35157359052394,74.10203614111462,82.69522019353668,14.064715635417908,13.529623373288244,12.398028255643787,8.6172078423189,10.441838931552235,15.038403000008755,7.906648120555676,9.494437219668042,8.064550584626186,8.134729401842346,8.099639997518981,130.20838601648293,48.9223134325412,48.15882853736195,52.178139376315976,62.507757340516626,35.110006911164064,37.51434094868823,40.97173850792178,139.79720407417688,147.82350137631545,143.78395219441637,123.10499457175982,123.40352311685052,123.40352311685052,138.1024305427701,131.90306648811276,138.92786178773918,91.89462194337797,36.29461901913849
24.144238905062966,16.508668337216804,22.54563393027169,22.572847814555548,24.70520335012444,15.126092308469138,15.23582007874772,8.676880068140605,16.645609925032762,16.508668337216804,75.82765373433011,76.53298392057802,75.82765373433011,1000.0,9.294840228272157,9.193017064481129,8.993759875109976,1.0,9.294840228272157,15.535157862138202,94.12300909277394,89.35991452486105,94.4379116203784,88.88447357986126,94.08353658240502,94.12300909277394,93.94231262314011,94.0493270646436,94.12300909277394,95.39226381059639,88.37657459570471,62.49414121077956,18.301758916168268,18.301758916168268,18.301758916168268,18.724775881926917,47.64582673554816,46.87717793509496,48.06700241636951,63.84731694994385,63.51099758495509,65.05912693238957,52.52704651585895,53.25143984920144,51.677974371809114,49.41790399022969,50.874565327889215,52.91865748875063,14.8688907433069,27.559577956566486,15.636107695079026,18.20815779512481,9.333462826520822,1.7057011041143486,21.719563314892138,14.87240202436463,22.59742810155894,22.746665648616467,9.37735215531223,4.682931111423358,66.66243282081011,67.61872421933644,67.93456218185972,9.526575973466418,5.92927822189189,5.7170281949803705,5.787249360179826,5.523920167651971,2.7256177026989246,7.86756694592113,88.89236836854187,88.35727615329162,87.22568113313308,83.44486102924797,85.26949197227219,89.86605564654015,82.7343013628446,84.32209033703204,82.89220381468932,82.9623826264578,82.92729322485937,55.380738362190314,27.905341422348723,28.668826331012983,24.649515409709508,14.319897105312434,41.71764803110127,39.31331400221041,35.855916437766986,64.96955801879,72.99585678024937,68.95630685012166,48.277345834577275,48.57587442343588,48.57587442343588,63.274784193332934,57.07541910494752,64.10021558090385,17.066969475338073,40.53303592863732
15.84939870966529,8.213828119650604,14.250793729311038,14.278007613685514,16.410363156794517,6.831252088080155,6.940979858569417,1.6179601605857163,8.350769707766041,8.213828119650604,84.12249336450995,84.82782353997432,84.12249336450995,9.294840228272157,1000.0,1.101823163870891,1.3010803533925863,9.294840228272157,1.0,7.240317642546337,102.41784841200399,97.65475393130608,102.73275093368694,97.17931299476977,102.37837590237595,102.41784841200399,102.23715194575932,102.34416638525641,102.41784841200399,103.6871031058412,96.67141401960602,54.19930129479325,26.596599101986097,26.596599101986097,26.596599101986097,27.019616065986995,55.940666717761445,55.172017924758485,56.361842394452125,55.55247704892365,55.21615768018277,56.76428704506684,44.23220650034575,44.95659984028586,43.383134348689715,41.12306394753184,42.57972529769882,44.62381747679176,6.574050522433114,35.85441809605277,7.341267475688792,9.913317581529038,1.0386225982794774,8.589139124670721,13.424723111248086,6.577561803497376,14.30258790077088,14.451825448328556,1.0825119271062458,12.977771335469786,74.95727258234513,75.9135639679265,76.2294019261355,1.2317357453834141,14.224118443919348,4.577812034907717,4.507590869700122,4.770920062253625,11.020457929314857,2.427273283289445,97.18720778331023,96.65211557753362,95.52052057722639,91.73970053786326,93.5643314500957,98.1608950439269,91.02914088327613,92.61692983092425,91.18704333250349,91.25722214310714,91.22213274209122,47.08589837324521,36.200181559785214,36.96366646384184,32.944355565535794,22.61473730599105,50.012488067822694,47.60815405910654,44.15075652172034,56.674718130445264,64.70101698952081,60.6614670087377,39.98250578236775,40.281034373692044,40.281034373692044,54.97994428593811,48.780579132512166,55.80537568271922,8.772129259015315,48.82787597543812
15.951221873275601,8.315651283459527,14.352616892974247,14.379830777347872,16.51218632038485,6.93307525191042,7.04280302239815,1.5161369967151999,8.452592871572609,8.315651283459527,84.02067020878123,84.72600038438479,84.02067020878123,9.193017064481129,1.101823163870891,1000.0,1.1992571895217656,9.193017064481129,1.101823163870891,7.342140806370756,102.31602526026847,97.5529307784541,102.63092778202716,97.07748984180935,102.27655275063098,102.31602526026847,102.13532879398048,102.24234323350322,102.31602526026847,103.58527995441233,96.56959086653029,54.30112445534289,26.4947759388828,26.4947759388828,26.4947759388828,26.917792902909344,55.838843557440015,55.07019476433822,56.26001923418546,55.65430020930259,55.317980840604534,56.86611020528932,44.33402966202116,45.058423001887256,43.484957510450315,41.224887109511016,42.68154845953849,44.725640638427315,6.675873686266852,35.75259493360734,7.4430906395117065,10.015140745305589,1.140445762150362,8.487315960866601,13.526546274936281,6.679384967331069,14.404411064432468,14.553648611985443,1.1843350909771189,12.875948171766089,74.85544942491573,75.8117408106652,76.12757876893019,1.3335589092542146,14.122295280252438,4.475988871051436,4.4057677058432665,4.669096898398989,10.918634765560775,2.3254501194207764,97.08538463035158,96.55029242445353,95.41869742389171,91.63787738370016,93.46250829632812,98.05907189119101,90.92731772896113,92.51510667695031,91.08522017822213,91.15539898884076,91.12030958781733,47.18772153462196,36.09835839736829,36.86184330148883,32.84253240286178,22.512914142666983,49.910664906775075,47.50633089778812,44.04893336003649,56.77654129067942,64.80284014863395,60.76329016843378,40.084328944452714,40.382857535749615,40.382857535749615,55.081767446389804,48.88240229370257,55.90719884306581,8.873952422814355,48.726052814255375
16.150479062277093,8.514908472854971,14.551874082080358,14.579087966452299,16.71144350934685,7.132332441348578,7.242060211833241,1.3168798071938101,8.65185006096334,8.514908472854971,83.82141303513541,84.52674321101077,83.82141303513541,8.993759875109976,1.3010803533925863,1.1992571895217656,1000.0,8.993759875109976,1.3010803533925863,7.541397995797189,102.11676809442427,97.35367361042837,102.43167061633089,96.87823267357167,102.07729558476825,102.11676809442427,101.93607162805156,102.04308606762444,102.11676809442427,103.38602278916733,96.37033369806738,54.500381638328406,26.29551875084549,26.29551875084549,26.29551875084549,26.71853571492194,55.63958637482622,54.870937581531486,56.06076205167852,55.85355739195318,55.51723802333914,57.06536738763284,44.53328684721662,45.25768018693738,43.68421469581308,41.42414429530308,42.88080564505653,44.92489782354449,6.875130875711991,35.553337746851014,7.6423478289351285,10.2143979346365,1.3397029516720182,8.28805877147032,13.725803464091864,6.878642156776113,14.603668253535373,14.752905801079043,1.3835922804987222,12.676690982563287,74.65619224794816,75.61248363402596,75.9283215924003,1.5328160987755717,13.923038091120754,4.276731681555857,4.206510516346608,4.469839708906495,10.71937757626073,2.126192929902442,96.88612746211744,96.3510352559821,95.21944025492289,91.43862021311277,93.26325112651354,97.85981472339206,90.72806055807702,92.31584950673252,90.88596300740375,90.9561418180516,90.92105241701358,47.386978719231,35.899101210667475,36.66258611491256,32.643275215660125,22.313656954200418,49.711407722744305,47.30707371322908,43.849676174764745,56.97579847304587,65.00209732880116,60.9625473497445,40.28358613045257,40.58211472169564,40.58211472169564,55.281024629183115,49.081659477945756,56.106456025652854,9.07320961219006,48.52679562996097
24.144238905062966,16.508668337216804,22.54563393027169,22.572847814555548,24.70520335012444,15.126092308469138,15.23582007874772,8.676880068140605,16.645609925032762,16.508668337216804,75.82765373433011,76.53298392057802,75.82765373433011,1.0,9.294840228272157,9.193017064481129,8.993759875109976,1000.0,9.294840228272157,15.535157862138202,94.12300909277394,89.35991452486105,94.4379116203784,88.88447357986126,94.08353658240502,94.12300909277394,93.94231262314011,94.0493270646436,94.12300909277394,95.39226381059639,88.37657459570471,62.49414121077956,18.301758916168268,18.301758916168268,18.301758916168268,18.724775881926917,47.64582673554816,46.87717793509496,48.06700241636951,63.84731694994385,63.51099758495509,65.05912693238957,52.52704651585895,53.25143984920144,51.677974371809114,49.41790399022969,50.874565327889215,52.91865748875063,14.8688907433069,27.559577956566486,15.636107695079026,18.20815779512481,9.333462826520822,1.7057011041143486,21.719563314892138,14.87240202436463,22.59742810155894,22.746665648616467,9.37735215531223,4.682931111423358,66.66243282081011,67.61872421933644,67.93456218185972,9.526575973466418,5.92927822189189,5.7170281949803705,5.787249360179826,5.523920167651971,2.7256177026989246,7.86756694592113,88.89236836854187,88.35727615329162,87.22568113313308,83.44486102924797,85.26949197227219,89.86605564654015,82.7343013628446,84.32209033703204,82.89220381468932,82.9623826264578,82.92729322485937,55.380738362190314,27.905341422348723,28.668826331012983,24.649515409709508,14.319897105312434,41.71764803110127,39.31331400221041,35.855916437766986,64.96955801879,72.99585678024937,68.95630685012166,48.277345834577275,48.57587442343588,48.57587442343588,63.274784193332934,57.07541910494752,64.10021558090385,17.066969475338073,40.53303592863732
15.84939870966529,8.213828119650604,14.250793729311038,14.278007613685514,16.410363156794517,6.831252088080155,6.940979858569417,1.6179601605857163,8.350769707766041,8.213828119650604,84.12249336450995,84.82782353997432,84.12249336450995,9.294840228272157,1.0,1.101823163870891,1.3010803533925863,9.294840228272157,1000.0,7.240317642546337,102.41784841200399,97.65475393130608,102.73275093368694,97.17931299476977,102.37837590237595,102.41784841200399,102.23715194575932,102.34416638525641,102.41784841200399,103.6871031058412,96.67141401960602,54.19930129479325,26.596599101986097,26.596599101986097,26.596599101986097,27.019616065986995,55.940666717761445,55.172017924758485,56.361842394452125,55.55247704892365,55.21615768018277,56.76428704506684,44.23220650034575,44.95659984028586,43.383134348689715,41.12306394753184,42.57972529769882,44.62381747679176,6.574050522433114,35.85441809605277,7.341267475688792,9.913317581529038,1.0386225982794774,8.589139124670721,13.424723111248086,6.577561803497376,14.30258790077088,14.451825448328556,1.0825119271062458,12.977771335469786,74.95727258234513,75.9135639679265,76.2294019261355,1.2317357453834141,14.224118443919348,4.577812034907717,4.507590869700122,4.770920062253625,11.020457929314857,2.427273283289445,97.18720778331023,96.65211557753362,95.52052057722639,91.73970053786326,93.5643314500957,98.1608950439269,91.02914088327613,92.61692983092425,91.18704333250349,91.25722214310714,91.22213274209122,47.08589837324521,36.200181559785214,36.96366646384184,32.944355565535794,22.61473730599105,50.012488067822694,47.60815405910654,44.15075652172034,56.674718130445264,64.70101698952081,60.6614670087377,39.98250578236775,40.281034373692044,40.281034373692044,54.97994428593811,48.780579132512166,55.80537568271922,8.772129259015315,48.82787597543812
9.60908107631143,1.9735104776094528,8.010476093444964,8.037689977859136,10.17004552440922,1.4090655546377866,1.2993377841048561,7.85827780282705,2.1104520658068884,1.9735104776094528,90.3628104701186,91.06814063673227,90.3628104701186,15.535157862138202,7.240317642546337,7.342140806370756,7.541397995797189,15.535157862138202,7.240317642546337,1000.0,108.65816526453563,103.89507085443505,108.97306778143418,103.4196299247635,108.61869275550627,108.65816526453563,108.47746880102977,108.58448323890542,108.65816526453563,109.92741993900013,102.9117309568966,47.958983831512285,32.83691668580745,32.83691668580745,32.83691668580745,33.2599336480433,62.18098411770081,61.41233533110715,62.60215979084316,49.31215959548585,48.97584022427414,50.52396960066569,37.991888972619655,38.71628231676518,37.14281681612989,34.88274640260797,36.339407760660144,38.383499951329824,1.6662671203804011,42.09473563533026,1.100949833188507,3.672999940696439,7.201695044284095,14.829456759661129,7.184405474227716,1.6627558393148982,8.062270264980445,8.211507812758226,7.1578057154766555,19.21808896230268,81.1975897963651,82.15388117120708,82.46971912583989,7.008581897263123,20.464436067929093,10.81812967492567,10.747908509785438,11.011237702082672,17.260775560129098,8.66759092504817,103.42752471319025,102.89243251510075,101.76083753091208,97.98001754404619,99.80464843120413,104.4012119597116,97.26945789909212,98.85724682511281,97.42736034618518,97.49753915583906,97.46244975529811,40.845580862520336,42.440499097158806,43.2039839969501,39.18467312015141,28.855054905159246,56.25280551497289,53.84847152395049,50.39107401053785,50.434400685369,58.460699609483214,54.421149594818644,33.742188231481705,34.04071682434854,34.04071682434854,48.739626828303756,42.540261632434365,49.565058231150026,2.5318116173253826,55.06819343141082
117.267245092362,109.63167561018464,115.66864035521718,115.69585423550129,117.82820945273293,108.24909976464544,108.35882752053364,101.79988832469421,109.76861717963085,109.63167561018464,19.29535684434999,18.590026614337297,19.29535684434999,94.12300909277394,102.41784841200399,102.31602526026847,102.11676809442427,94.12300909277394,102.41784841200399,108.65816526453563,1000.0,5.763095025049624,1.3149025595726798,6.238536012961813,1.0394725143608161,1.0,1.1806964878799526,1.0736820355791075,1.0,2.269254847997116,6.746435042415498,155.61714005843066,76.82125159610976,76.82125159610976,76.82125159610976,76.39823465697651,47.477184706795185,48.24583350665222,47.05600902575738,156.97031548128047,156.63399619527297,158.1821251771472,145.6500475731624,146.37444075304904,144.80097560755522,142.54090569345877,143.99756673106484,146.04165846323409,107.99189823311299,67.5634330501416,108.75911508414954,111.33116483726899,102.45647100567405,94.82871012530785,114.84256986049317,107.99540951371254,115.72043451889063,115.86967204397799,102.5003603292586,90.4400783375271,28.4605782281168,27.5042867890636,27.188448812718534,102.6495841296785,89.19373134098123,98.84003678895057,98.91025794636306,98.64692878298172,92.3973915605939,100.99057529660492,6.230641223572653,6.765733486538627,7.897328605547491,11.678149019451935,9.853517930703482,5.2569538571451355,12.38870874064055,10.80091964251391,12.230806276716416,12.160627459561884,12.195716863854702,148.5037388084855,67.21766959924004,66.4541847225189,70.47349546152418,80.8031131374243,53.40536337350704,55.809697365397476,59.267094854701156,158.09255628483663,166.11885307078902,162.0793041520472,141.40034776958498,141.6988762980464,141.6988762980464,156.39778285897913,150.19841918017252,157.2232140526911,110.18997667316134,54.58997545930509
112.50415078667328,104.86858121148315,110.90554602952575,110.93275991014804,113.06511515412973,103.48600534978613,103.59573310694903,97.03679383723804,105.00552278254118,104.86858121148315,14.532261833109724,13.826931601873097,14.532261833109724,89.35991452486105,97.65475393130608,97.5529307784541,97.35367361042837,89.35991452486105,97.65475393130608,103.89507085443505,5.763095025049624,1000.0,6.077997584533022,1.4754409880512065,5.723622510699218,5.763095025049624,5.582398537215901,5.689412989489808,5.763095025049624,7.032349872619227,1.9833400176812677,150.85404631641006,72.05815687065801,72.05815687065801,72.05815687065801,71.63513992808635,42.714089789723346,43.48273859338414,42.292914106629084,152.20722176208142,151.87090247038321,153.41903147855493,140.88695366919399,141.6113468604857,140.0378816902917,137.7778117411897,139.23447280129366,141.27856456542412,103.22880381527096,62.80033825395436,103.9960206752262,106.5680704587164,97.69337652539991,90.06561556452043,110.07947552457524,103.23231509591122,110.9573401938429,111.10657772078659,97.73726584946624,85.67698373331703,23.69748323781584,22.741191796141134,22.425353818952594,97.88648965152574,84.43063672482594,94.07694226970634,94.1471634278618,93.88383426169702,87.63429697548827,96.22748080036125,1.467546198659532,2.0026384618116664,3.1342335813194433,6.915053997926773,5.090422907674848,1.506141168024758,7.625613719801314,6.037824620219582,7.467711255719888,7.397532438496339,7.432621842823597,143.74064494977767,62.454574800594294,61.69108991849143,65.71040068655158,76.04001844530595,48.64226848746646,51.04660249305217,54.50400000317135,153.32946258471574,161.3557595111125,157.3162105208102,136.63725379986192,136.93578233287803,136.93578233287803,151.63468913009987,145.43532534876337,152.46012033777936,105.42688228104403,49.82688057993215
