0.0,1.040099065512191,1.0338335880729832,1.0,1.0338335880729832,1.0091893712561792,1.0,1.0350866836090988,1.0329982069545458,5.954921640732603,5.954921640732603,5.124063762018923,9.032400175690901,9.032400175690901,8.577056633179012,29.549397121643153,29.549397121643153,25.004343134793494,27.198483850517988,8.60922300414865,9.624769062412987,9.627275570713088,9.626022316554527,8.594184179472762,9.624769062412987,5.124063762018923,14.632120262802188,14.632120262802188,5.954921640732603,5.954921640732603,5.954921640732603,24.962976465018492,25.114654376450478,23.613768186015406,27.271191298179616,27.271191298179616,9.626022316554527,9.626022316554527,8.990207665020392,29.371383443599978,29.706099686220472,4.443177195183477,4.527974355303323,4.2155203146597495,27.666069302579118,29.20465274256401,29.20465274256401,9.479391738086415,9.323988732942642,9.341116466201964,2.382179030025312,7.211044186231251,11.062684405990579,4.320367701317423,10.770252922693146,11.334229045237258,8.088296752991052,9.491924253878457,6.329625553655613,1.5425927906425674,1.70967380821621,3.4807576788159302,14.233557446035366,12.549926718482793,15.340682113477403,24.566024844436587,24.566024844436587,29.95222790536597,30.466216684274524,17.095406958442016,12.938453209632469,11.931631044757534,4.813277887309905,4.0822682901508545,6.488363616032077,8.088296752991052,12.587525959922427,4.458215107536642,4.713024680463345,10.47364512342734,18.093949041526724,25.944919313797794,25.20950547263363,22.485200335568766,29.647179479845782,29.8352228690764,6.488363616032077,7.41155806706113,8.322232670293749,31.109752792794243,19.593878548088416,2.2326178240766437,1.1959009808303886,1.3011601154011994,28.489679329552175,37.06065908646711,39.8398761444528,1.9937124744611294,5.774045235380625,5.845059009569096
1.040099065512191,0.0,1.006265477439208,1.040099065512191,1.006265477439208,1.030909694256012,1.040099065512191,1.0050123819030925,1.0730972724667316,5.995020706193506,5.995020706193506,5.164162827495525,9.072499241068773,9.072499241068773,8.61715569857164,29.589496185468427,29.589496185468427,25.044442199112208,27.238582914609083,8.64932206954026,9.664868127770378,9.667374636070393,9.666121381911877,8.63428324486485,9.664868127770378,5.164162827495525,14.67221932792853,14.67221932792853,5.995020706193506,5.995020706193506,5.995020706193506,25.0030755293413,25.154753440758206,23.653867250468114,27.311290362262834,27.311290362262834,9.666121381911877,9.666121381911877,9.030306730399667,29.41148250744617,29.746198750027215,4.483276260670811,4.568073420789424,4.255619380150243,27.70616836661915,29.244751806429687,29.244751806429687,9.519490803448967,9.364087798310615,9.381215531569344,2.4222780955334278,7.251143251662997,11.102783471292225,4.360466766806487,10.810351988006826,11.37432811052742,8.128395818398564,9.532023319240567,6.369724619108504,1.5826918561541028,1.7497728737272977,3.520856744315158,14.27365651118389,12.590025783717795,15.380781178562687,24.606123908798395,24.606123908798395,29.99232696914341,30.50631574798997,17.135506023416706,12.978552274848553,11.971730110021353,4.853376952791642,4.122367355643099,6.528462681481396,8.128395818398564,12.627625025155623,4.498314173023759,4.753123745946654,10.513744188752861,18.13404810643281,25.98501837802136,25.249604536931894,22.52529940012438,29.68727854365949,29.875321932867802,6.528462681481396,7.451657132487616,8.36233173569426,31.149851856430548,19.633977612883722,2.192518758567501,1.2360000463424836,1.2610610498891714,28.52977839350008,37.10075814929101,39.879975206847575,2.0338115399711905,5.814144300845189,5.88515807503224
1.0338335880729832,1.006265477439208,0.0,1.0338335880729832,1.0,1.0246442168168044,1.0338335880729832,1.0012530955361156,1.0668317950275252,5.988755228762366,5.988755228762366,5.157897350061923,9.066233763650642,9.066233763650642,8.610890221151198,29.58323070829311,29.58323070829311,25.038176721859745,27.23231743739221,8.643056592119976,9.658602650355455,9.661109158655483,9.65985590449696,8.62801776744449,9.658602650355455,5.157897350061923,14.665953850549762,14.665953850549762,5.988755228762366,5.988755228762366,5.988755228762366,24.996810052088193,25.148487963507467,23.647601773194694,27.30502488504719,27.30502488504719,9.65985590449696,9.65985590449696,9.024041252981316,29.405217030267583,29.739933272854795,4.477010783235524,4.5618079433543315,4.249353902714462,27.699902889410264,29.238486329248044,29.238486329248044,9.513225326033233,9.357822320894034,9.374950054152853,2.4160126180948716,7.244877774236428,11.096517993886025,4.3542012893709305,10.804086510598742,11.368062633123017,8.12213034097579,9.525757841824902,6.36345914167862,1.5764263787150035,1.74350739628827,3.514591266878004,14.26739103380165,12.583760306322024,15.37451570119034,24.599858431539193,24.599858431539193,29.986061491975573,30.50005027083182,17.129240546061666,12.972286797455741,11.965464632621073,4.847111475357235,4.116101878207042,6.522197204052072,8.12213034097579,12.621359547760134,4.492048695588506,4.7468582685120015,10.507478711342923,18.12778262908849,25.97875290078377,25.243339059682626,22.519033922834875,29.681013066485992,29.869056455697784,6.522197204052072,7.445391655061871,8.356066258272582,31.143586379284777,19.627712135556727,2.1987842360062455,1.2297345689032932,1.2673265273283567,28.523512916305602,37.094492672272246,39.873709729895886,2.027546062532327,5.807878823413476,5.878892597600748
1.0,1.040099065512191,1.0338335880729832,0.0,1.0338335880729832,1.0091893712561792,1.0,1.0350866836090988,1.0329982069545458,5.954921640732603,5.954921640732603,5.124063762018923,9.032400175690901,9.032400175690901,8.577056633179012,29.549397121643153,29.549397121643153,25.004343134793494,27.198483850517988,8.60922300414865,9.624769062412987,9.627275570713088,9.626022316554527,8.594184179472762,9.624769062412987,5.124063762018923,14.632120262802188,14.632120262802188,5.954921640732603,5.954921640732603,5.954921640732603,24.962976465018492,25.114654376450478,23.613768186015406,27.271191298179616,27.271191298179616,9.626022316554527,9.626022316554527,8.990207665020392,29.371383443599978,29.706099686220472,4.443177195183477,4.527974355303323,4.2155203146597495,27.666069302579118,29.20465274256401,29.20465274256401,9.479391738086415,9.323988732942642,9.341116466201964,2.382179030025312,7.211044186231251,11.062684405990579,4.320367701317423,10.770252922693146,11.334229045237258,8.088296752991052,9.491924253878457,6.329625553655613,1.5425927906425674,1.70967380821621,3.4807576788159302,14.233557446035366,12.549926718482793,15.340682113477403,24.566024844436587,24.566024844436587,29.95222790536597,30.466216684274524,17.095406958442016,12.938453209632469,11.931631044757534,4.813277887309905,4.0822682901508545,6.488363616032077,8.088296752991052,12.587525959922427,4.458215107536642,4.713024680463345,10.47364512342734,18.093949041526724,25.944919313797794,25.20950547263363,22.485200335568766,29.647179479845782,29.8352228690764,6.488363616032077,7.41155806706113,8.322232670293749,31.109752792794243,19.593878548088416,2.2326178240766437,1.1959009808303886,1.3011601154011994,28.489679329552175,37.06065908646711,39.8398761444528,1.9937124744611294,5.774045235380625,5.845059009569096
1.0338335880729832,1.006265477439208,1.0,1.0338335880729832,0.0,1.0246442168168044,1.0338335880729832,1.0012530955361156,1.0668317950275252,5.988755228762366,5.988755228762366,5.157897350061923,9.066233763650642,9.066233763650642,8.610890221151198,29.58323070829311,29.58323070829311,25.038176721859745,27.23231743739221,8.643056592119976,9.658602650355455,9.661109158655483,9.65985590449696,8.62801776744449,9.658602650355455,5.157897350061923,14.665953850549762,14.665953850549762,5.988755228762366,5.988755228762366,5.988755228762366,24.996810052088193,25.148487963507467,23.647601773194694,27.30502488504719,27.30502488504719,9.65985590449696,9.65985590449696,9.024041252981316,29.405217030267583,29.739933272854795,4.477010783235524,4.5618079433543315,4.249353902714462,27.699902889410264,29.238486329248044,29.238486329248044,9.513225326033233,9.357822320894034,9.374950054152853,2.4160126180948716,7.244877774236428,11.096517993886025,4.3542012893709305,10.804086510598742,11.368062633123017,8.12213034097579,9.525757841824902,6.36345914167862,1.5764263787150035,1.74350739628827,3.514591266878004,14.26739103380165,12.583760306322024,15.37451570119034,24.599858431539193,24.599858431539193,29.986061491975573,30.50005027083182,17.129240546061666,12.972286797455741,11.965464632621073,4.847111475357235,4.116101878207042,6.522197204052072,8.12213034097579,12.621359547760134,4.492048695588506,4.7468582685120015,10.507478711342923,18.12778262908849,25.97875290078377,25.243339059682626,22.519033922834875,29.681013066485992,29.869056455697784,6.522197204052072,7.445391655061871,8.356066258272582,31.143586379284777,19.627712135556727,2.1987842360062455,1.2297345689032932,1.2673265273283567,28.523512916305602,37.094492672272246,39.873709729895886,2.027546062532327,5.807878823413476,5.878892597600748
1.0091893712561792,1.030909694256012,1.0246442168168044,1.0091893712561792,1.0246442168168044,0.0,1.0091893712561792,1.0258973123529198,1.0421875782107244,5.9641110119771,5.9641110119771,5.133253133267007,9.041589546916418,9.041589546916418,8.586246004407904,29.558586492513168,29.558586492513168,25.013532505776524,27.207673221448882,8.618412375377307,9.633958433633818,9.6364649419339,9.635211687775348,8.60337355070153,9.633958433633818,5.133253133267007,14.641309633970144,14.641309633970144,5.9641110119771,5.9641110119771,5.9641110119771,24.97216583600246,25.12384374743099,23.622957557029117,27.280380669108705,27.280380669108705,9.635211687775348,9.635211687775348,8.99939703624623,29.380572814474775,29.715289057086242,4.452366566434011,4.537163726553575,4.224709685911004,27.67525867349832,29.213842113443274,29.213842113443274,9.488581109308427,9.333178104165896,9.35030583742508,2.3913684012805776,7.220233557469087,11.071873777198654,4.329557072568351,10.77944229390398,11.343418416442706,8.097486124223348,9.501113625100366,6.338814924898282,1.5517821618986045,1.7188631794721467,3.489947050069176,14.242746817208397,12.55911608967562,15.34987148463596,24.575214215429483,24.575214215429483,29.961417276225028,30.475406055119382,17.10459632957526,12.947642580820967,11.940820415956953,4.822467258559161,4.091457661402508,6.49755298727393,8.097486124223348,12.596715331114838,4.467404478787126,4.72221405171296,10.482834494640882,18.103138412644256,25.954108684759035,25.218694843611974,22.494389706606047,29.656368850713147,29.844412239938652,6.49755298727393,7.420747438297763,8.331422041524442,31.11894216362097,19.603067919180578,2.2234284528211807,1.2050903520865488,1.2919707441450616,28.498868700450274,37.06984845710775,39.84906551499515,2.0029018457168357,5.78323460662596,5.854248380814105
1.0,1.040099065512191,1.0338335880729832,1.0,1.0338335880729832,1.0091893712561792,0.0,1.0350866836090988,1.0329982069545458,5.954921640732603,5.954921640732603,5.124063762018923,9.032400175690901,9.032400175690901,8.577056633179012,29.549397121643153,29.549397121643153,25.004343134793494,27.198483850517988,8.60922300414865,9.624769062412987,9.627275570713088,9.626022316554527,8.594184179472762,9.624769062412987,5.124063762018923,14.632120262802188,14.632120262802188,5.954921640732603,5.954921640732603,5.954921640732603,24.962976465018492,25.114654376450478,23.613768186015406,27.271191298179616,27.271191298179616,9.626022316554527,9.626022316554527,8.990207665020392,29.371383443599978,29.706099686220472,4.443177195183477,4.527974355303323,4.2155203146597495,27.666069302579118,29.20465274256401,29.20465274256401,9.479391738086415,9.323988732942642,9.341116466201964,2.382179030025312,7.211044186231251,11.062684405990579,4.320367701317423,10.770252922693146,11.334229045237258,8.088296752991052,9.491924253878457,6.329625553655613,1.5425927906425674,1.70967380821621,3.4807576788159302,14.233557446035366,12.549926718482793,15.340682113477403,24.566024844436587,24.566024844436587,29.95222790536597,30.466216684274524,17.095406958442016,12.938453209632469,11.931631044757534,4.813277887309905,4.0822682901508545,6.488363616032077,8.088296752991052,12.587525959922427,4.458215107536642,4.713024680463345,10.47364512342734,18.093949041526724,25.944919313797794,25.20950547263363,22.485200335568766,29.647179479845782,29.8352228690764,6.488363616032077,7.41155806706113,8.322232670293749,31.109752792794243,19.593878548088416,2.2326178240766437,1.1959009808303886,1.3011601154011994,28.489679329552175,37.06065908646711,39.8398761444528,1.9937124744611294,5.774045235380625,5.845059009569096
1.0350866836090988,1.0050123819030925,1.0012530955361156,1.0350866836090988,1.0012530955361156,1.0258973123529198,1.0350866836090988,0.0,1.0680848905636406,5.99000832429687,5.99000832429687,5.159150445596919,9.067486859182544,9.067486859182544,8.612143316683563,29.58448380377646,29.58448380377646,25.039429817358517,27.23357053288387,8.64430968765231,9.659855745886714,9.662362254186739,9.66110900002822,8.629270862976838,9.659855745886714,5.159150445596919,14.667206946073795,14.667206946073795,5.99000832429687,5.99000832429687,5.99000832429687,24.9980631475871,25.14974105900589,23.64885486869766,27.306277980538603,27.306277980538603,9.66110900002822,9.66110900002822,9.025294348513262,29.406470125751586,29.741186368337566,4.478263878770857,4.563061038889625,4.250606998249893,27.701155984900318,29.239739424732658,29.239739424732658,9.51447842156466,9.359075416425627,9.376203149684427,2.4172657136308575,7.246130869770019,11.097771089415543,4.3554543849063165,10.805339606128637,11.369315728652175,8.123383436508622,9.52701093735631,6.364712237212873,1.5776794742510978,1.74476049182435,3.515844362413709,14.268644129326374,12.585013401849453,15.375768796713091,24.601111527039315,24.601111527039315,29.987314587457423,30.501303366311742,17.130493641580948,12.973539892982584,11.966717728149405,4.848364570892391,4.117354973742528,6.523450299586213,8.123383436508622,12.62261264328751,4.493301791123832,4.748111364047206,10.508731806873186,18.12903572460564,25.980005996279566,25.244592155180758,22.520287018341055,29.682266161968975,29.87030955118008,6.523450299586213,7.446644750595296,8.357319353805195,31.14483947476221,19.628965231070406,2.1975311404702227,1.2309876644394053,1.266073431792246,28.52476601179278,37.09574576772429,39.8749628253345,2.0287991580683737,5.809131918948093,5.880145693135322
1.0329982069545458,1.0730972724667316,1.0668317950275252,1.0329982069545458,1.0668317950275252,1.0421875782107244,1.0329982069545458,1.0680848905636406,0.0,5.921923433819644,5.921923433819644,5.0910655550931505,8.99940196884589,8.99940196884589,8.54405842632191,29.51639891607325,29.51639891607325,24.971344928818095,27.165485644729614,8.576224797292378,9.591770855584752,9.594277363884927,9.593024109726331,8.561185972616105,9.591770855584752,5.0910655550931505,14.599122056163461,14.599122056163461,5.921923433819644,5.921923433819644,5.921923433819644,24.929978259039718,25.08165617048408,23.58076997992991,27.238193092397715,27.238193092397715,9.593024109726331,9.593024109726331,8.95720945817423,29.338385238012865,29.67310148066578,4.4101789882489575,4.494976148369806,4.182522107722658,27.633071096832705,29.171654536960897,29.171654536960897,9.446393531253952,9.29099052610574,9.308118259365546,2.3491808230739473,7.178045979342131,11.029686199208037,4.287369494381492,10.737254715900747,11.301230838464136,8.055298546121765,9.458926047046353,6.296627346749203,1.5095945836884934,1.6766756012624833,3.447759471871742,14.200559239378432,12.51692851175491,15.307683906872374,24.533026638425774,24.533026638425774,29.919229699835366,30.433218478794874,17.062408751927787,12.905455002920107,11.898632838006018,4.7802796803799446,4.049270083212338,6.455365409128585,8.055298546121765,12.554527753196025,4.425216900602297,4.680026473532103,10.440646916625234,18.060950835068823,25.911921107900568,25.176507266675024,22.45220212939873,29.614181274285354,29.802224663534318,6.455365409128585,7.3785598601763125,8.289234463430194,31.076754587379643,19.560880341721486,2.265616031028528,1.1629027738758972,1.3341583223555733,28.456681123881474,37.027660881720315,39.8068779400588,1.9607142675082123,5.741047028464677,5.812060802654308
5.954921640732603,5.995020706193506,5.988755228762366,5.954921640732603,5.988755228762366,5.9641110119771,5.954921640732603,5.99000832429687,5.921923433819644,0.0,1.0,1.8308578795906545,4.077478541282221,4.077478541282221,3.6221349975294523,24.594475652843215,24.594475652843215,20.049421610834116,22.243562351877074,3.6543013685832673,4.669847429777174,4.672353938085159,4.671100683922657,3.639262543867959,4.669847429777174,1.8308578795906545,9.677198652312079,9.677198652312079,1.0,1.0,1.0,20.00805494060527,20.159732853705584,18.65884664727674,22.31626980041955,22.31626980041955,4.671100683922657,4.671100683922657,4.035286030492276,24.416461972442256,24.75117821950935,2.511744446881438,2.4269472867178186,2.7394013275044817,22.711147809649866,24.249731269212553,24.249731269212553,4.524470104998908,4.3690670993842335,4.38619483269485,4.572742611971544,2.256122547494973,6.107762778403933,2.6345539408043637,5.815331293994097,6.3793074187226715,3.1333751161274694,4.537002620829464,1.3747039134340595,5.412328850703021,5.245247833287762,3.474163963487859,9.278635833313809,7.595005097229337,10.385760507154394,19.611103315712583,19.611103315712583,24.997306441960855,25.51129522787245,12.140485363540625,7.983531590219509,6.976709420734016,2.14164375453694,2.872653352059201,1.5334419760486773,3.1333751161274694,7.6326043388437155,2.4967065345207793,2.241896961449493,5.518723493644613,13.139027453825523,20.989997800392292,20.254583950937963,17.530278785558338,24.692258012347796,24.880301404095828,1.5334419760486773,2.456636428718206,3.3673110339960006,26.154831345349244,14.638956972157334,7.18753946285607,5.759020660140929,6.256081755728471,23.534757846953518,32.105737731796864,34.88495483925406,4.961209167279277,1.1808764055729675,1.109862631299729
5.954921640732603,5.995020706193506,5.988755228762366,5.954921640732603,5.988755228762366,5.9641110119771,5.954921640732603,5.99000832429687,5.921923433819644,1.0,0.0,1.8308578795906545,4.077478541282221,4.077478541282221,3.6221349975294523,24.594475652843215,24.594475652843215,20.049421610834116,22.243562351877074,3.6543013685832673,4.669847429777174,4.672353938085159,4.671100683922657,3.639262543867959,4.669847429777174,1.8308578795906545,9.677198652312079,9.677198652312079,1.0,1.0,1.0,20.00805494060527,20.159732853705584,18.65884664727674,22.31626980041955,22.31626980041955,4.671100683922657,4.671100683922657,4.035286030492276,24.416461972442256,24.75117821950935,2.511744446881438,2.4269472867178186,2.7394013275044817,22.711147809649866,24.249731269212553,24.249731269212553,4.524470104998908,4.3690670993842335,4.38619483269485,4.572742611971544,2.256122547494973,6.107762778403933,2.6345539408043637,5.815331293994097,6.3793074187226715,3.1333751161274694,4.537002620829464,1.3747039134340595,5.412328850703021,5.245247833287762,3.474163963487859,9.278635833313809,7.595005097229337,10.385760507154394,19.611103315712583,19.611103315712583,24.997306441960855,25.51129522787245,12.140485363540625,7.983531590219509,6.976709420734016,2.14164375453694,2.872653352059201,1.5334419760486773,3.1333751161274694,7.6326043388437155,2.4967065345207793,2.241896961449493,5.518723493644613,13.139027453825523,20.989997800392292,20.254583950937963,17.530278785558338,24.692258012347796,24.880301404095828,1.5334419760486773,2.456636428718206,3.3673110339960006,26.154831345349244,14.638956972157334,7.18753946285607,5.759020660140929,6.256081755728471,23.534757846953518,32.105737731796864,34.88495483925406,4.961209167279277,1.1808764055729675,1.109862631299729
5.124063762018923,5.164162827495525,5.157897350061923,5.124063762018923,5.157897350061923,5.133253133267007,5.124063762018923,5.159150445596919,5.0910655550931505,1.8308578795906545,1.8308578795906545,0.0,4.908336420357145,4.908336420357145,4.452992876731859,25.42533350777963,25.42533350777963,20.880279474215417,23.07442021140124,4.485159247777252,5.500705308659661,5.5032118169667665,5.501958562804705,4.470120423065892,5.500705308659661,1.0,10.508056528367353,10.508056528367353,1.8308578795906545,1.8308578795906545,1.8308578795906545,20.838912804055347,20.990590716902755,19.489704512890164,23.147127659808874,23.147127659808874,5.501958562804705,5.501958562804705,4.866143909579758,25.247319827742526,25.582036074123234,1.6808865673349414,1.5960894071636542,1.9085434479816248,23.54200566829903,25.080589124851162,25.080589124851162,5.3553279839314065,5.19992497836819,5.217052711673236,3.741884732801239,3.086980426973199,6.938620656694256,1.8036960612700674,6.646189172419195,7.21016529688129,3.9642329954469417,5.367860499757721,2.205561793005339,4.58147097179052,4.414389954319132,2.643306084071647,10.109493709672718,8.425862974720921,11.216618382636323,20.441961179815255,20.441961179815255,25.828164296063942,26.34215308089221,12.971343237417909,8.814389467471234,7.807567298580659,1.3107858749615058,2.0417954725522445,2.3642998556081176,3.9642329954469417,8.46346221631265,1.6658486549728784,1.4110390818807366,6.349581372198929,13.969885326672191,21.820855662170356,21.08544181397599,18.3611366528621,25.5231158670832,25.711159258442386,2.3642998556081176,3.2874943081659618,4.1981689132619975,26.985689196980957,15.469814843295824,6.356681584688068,4.928162781352548,5.425223877136062,24.36561570401619,32.93659556892506,35.715812668578586,4.1303512882207265,1.64998147402273,1.7209952482943232
9.032400175690901,9.072499241068773,9.066233763650642,9.032400175690901,9.066233763650642,9.041589546916418,9.032400175690901,9.067486859182544,8.99940196884589,4.077478541282221,4.077478541282221,4.908336420357145,0.0,1.0,1.455343543942322,21.516997188234168,21.516997188234168,16.9719431177666,19.166083871734394,1.4231771728772766,1.592368888840038,1.5948753971497203,1.5936221429863697,1.4382159975978765,1.592368888840038,4.908336420357145,6.5997201187386985,6.5997201187386985,4.077478541282221,4.077478541282221,4.077478541282221,16.930576447308667,17.0822543612516,15.581368146804659,19.23879132073116,19.23879132073116,1.5936221429863697,1.5936221429863697,1.042192510810275,21.338983506596012,21.673699755997664,5.589222987061726,5.504425826979145,5.816879867455898,19.63366933245789,21.172252802216573,21.172252802216573,1.4469915639667716,1.2915885582579616,1.308716291578577,7.650221149479128,2.8213559941505184,3.030284238767614,5.712032480863234,2.7378527540400954,3.301828879405632,1.9441034254745282,1.459524079805252,3.7027746280089833,8.489807386734551,8.322726369630907,6.551642502588185,6.201157298863171,4.51752655962838,7.308281975264853,16.5336248202452,16.5336248202452,21.919827980188373,22.43381676979353,9.063006836505451,4.906053053265801,3.8992308822017097,5.2191222950541425,5.950131891869011,3.544036565449044,1.9441034254745282,4.555125801303303,5.574185074715606,5.319375501879731,2.441244953396102,10.06154892998793,17.9125193126793,17.177105459014587,14.452800279525787,21.614779548422597,21.802822941494185,3.544036565449044,2.6208421129388895,1.7101675075531304,23.077352892012186,11.561478453715763,10.265017995028082,8.83649919549752,9.333560290050654,20.45727937512666,29.028259328486705,31.807476463123336,8.038687704131783,4.258354946761592,4.18734117252634
9.032400175690901,9.072499241068773,9.066233763650642,9.032400175690901,9.066233763650642,9.041589546916418,9.032400175690901,9.067486859182544,8.99940196884589,4.077478541282221,4.077478541282221,4.908336420357145,1.0,0.0,1.455343543942322,21.516997188234168,21.516997188234168,16.9719431177666,19.166083871734394,1.4231771728772766,1.592368888840038,1.5948753971497203,1.5936221429863697,1.4382159975978765,1.592368888840038,4.908336420357145,6.5997201187386985,6.5997201187386985,4.077478541282221,4.077478541282221,4.077478541282221,16.930576447308667,17.0822543612516,15.581368146804659,19.23879132073116,19.23879132073116,1.5936221429863697,1.5936221429863697,1.042192510810275,21.338983506596012,21.673699755997664,5.589222987061726,5.504425826979145,5.816879867455898,19.63366933245789,21.172252802216573,21.172252802216573,1.4469915639667716,1.2915885582579616,1.308716291578577,7.650221149479128,2.8213559941505184,3.030284238767614,5.712032480863234,2.7378527540400954,3.301828879405632,1.9441034254745282,1.459524079805252,3.7027746280089833,8.489807386734551,8.322726369630907,6.551642502588185,6.201157298863171,4.51752655962838,7.308281975264853,16.5336248202452,16.5336248202452,21.919827980188373,22.43381676979353,9.063006836505451,4.906053053265801,3.8992308822017097,5.2191222950541425,5.950131891869011,3.544036565449044,1.9441034254745282,4.555125801303303,5.574185074715606,5.319375501879731,2.441244953396102,10.06154892998793,17.9125193126793,17.177105459014587,14.452800279525787,21.614779548422597,21.802822941494185,3.544036565449044,2.6208421129388895,1.7101675075531304,23.077352892012186,11.561478453715763,10.265017995028082,8.83649919549752,9.333560290050654,20.45727937512666,29.028259328486705,31.807476463123336,8.038687704131783,4.258354946761592,4.18734117252634
8.577056633179012,8.61715569857164,8.610890221151198,8.577056633179012,8.610890221151198,8.586246004407904,8.577056633179012,8.612143316683563,8.54405842632191,3.6221349975294523,3.6221349975294523,4.452992876731859,1.455343543942322,1.455343543942322,0.0,21.972340722095648,21.972340722095648,17.427286655558845,19.621427407749426,1.032166371065365,2.047712432767787,2.0502189410773726,2.048965686914071,1.0171275463446217,2.047712432767787,4.452992876731859,7.0550636618853275,7.0550636618853275,3.6221349975294523,3.6221349975294523,3.6221349975294523,17.385919985132265,17.537597898959856,16.036711685606836,19.694134856683455,19.694134856683455,2.048965686914071,2.048965686914071,1.4131510331324562,21.794327040629582,22.129043289706424,5.133879443565113,5.04908228346532,5.361536324007171,20.08901286806514,21.62759633640999,21.62759633640999,1.9023351078996233,1.7469321021951694,1.7640598355153605,7.194877606504915,2.3660124502666307,3.485627782591461,5.25668893739215,3.1931962978929347,3.7571724231989636,1.4887598815430427,1.914867623737703,3.2474310842093392,8.034463844030444,7.8673828268704025,6.096298959310641,6.656500842115051,4.9728701032426805,7.763625518205983,16.988968358365536,16.988968358365536,22.375171513654973,22.88916030274528,9.518350378836413,5.361396596808264,4.354574425915729,4.763778751484883,5.494788348449443,3.088693021631533,1.4887598815430427,5.01046934491096,5.1188415312159155,4.864031958329513,2.896588497274248,10.516892471907278,18.36786284973723,17.632448996650187,14.908143819081179,22.070123082188918,22.258166475076255,3.088693021631533,2.1654985690409347,1.254823963615058,23.53269642430197,12.016821994929101,9.809674453004373,8.381155652914632,8.878216747651432,20.912622909990816,29.48360285374105,32.2628199845274,7.583344161278419,3.8030114030338136,3.731997628788567
29.549397121643153,29.589496185468427,29.58323070829311,29.549397121643153,29.58323070829311,29.558586492513168,29.549397121643153,29.58448380377646,29.51639891607325,24.594475652843215,24.594475652843215,25.42533350777963,21.516997188234168,21.516997188234168,21.972340722095648,0.0,1.0,5.545054146958336,3.350913361488476,21.94017435175714,20.924628311851958,20.922121803593413,20.923375057731196,21.955213176138333,20.924628311851958,25.42533350777963,15.917277157615036,15.917277157615036,24.594475652843215,24.594475652843215,24.594475652843215,5.58642081791289,5.434742902131403,6.935629132640014,3.2782059112744637,3.2782059112744637,20.923375057731196,20.923375057731196,21.559189698128787,1.178013685451296,1.1567025711752459,26.106220053612304,26.021422896182653,26.333876926808728,2.8833278927426713,1.3447443933417826,1.3447443933417826,21.070005633736603,21.225408636201244,21.20828090324069,28.16721814686299,23.33835313942877,19.486712989076704,26.229029543544637,19.77914446863644,19.215168353075452,22.46110059231893,21.057473118157525,24.219771749977625,29.006804353360135,28.839723342496672,27.068639537960852,16.315839973409183,17.999470691700136,15.208715307516359,5.98337244955882,5.98337244955882,1.4028308008288772,1.9168196022526698,13.453990457630265,17.610944203427476,18.617766359931537,25.736119373071663,26.467128946957896,24.06103369173707,22.46110059231893,17.961871450558327,26.091182141737768,25.836372576819738,20.0757522638541,12.455448367708078,4.604477939781796,5.339891803194066,8.064197008872044,1.0977823623113048,1.2858257595218388,24.06103369173707,23.137839263290154,22.227164679873432,2.5603557400512136,10.955518845375607,30.78201489169488,29.353496148985837,29.85055722425884,2.0597178348252685,8.511262361783622,11.290479608378599,28.55568468747001,24.7753520531922,24.704338280979446
29.549397121643153,29.589496185468427,29.58323070829311,29.549397121643153,29.58323070829311,29.558586492513168,29.549397121643153,29.58448380377646,29.51639891607325,24.594475652843215,24.594475652843215,25.42533350777963,21.516997188234168,21.516997188234168,21.972340722095648,1.0,0.0,5.545054146958336,3.350913361488476,21.94017435175714,20.924628311851958,20.922121803593413,20.923375057731196,21.955213176138333,20.924628311851958,25.42533350777963,15.917277157615036,15.917277157615036,24.594475652843215,24.594475652843215,24.594475652843215,5.58642081791289,5.434742902131403,6.935629132640014,3.2782059112744637,3.2782059112744637,20.923375057731196,20.923375057731196,21.559189698128787,1.178013685451296,1.1567025711752459,26.106220053612304,26.021422896182653,26.333876926808728,2.8833278927426713,1.3447443933417826,1.3447443933417826,21.070005633736603,21.225408636201244,21.20828090324069,28.16721814686299,23.33835313942877,19.486712989076704,26.229029543544637,19.77914446863644,19.215168353075452,22.46110059231893,21.057473118157525,24.219771749977625,29.006804353360135,28.839723342496672,27.068639537960852,16.315839973409183,17.999470691700136,15.208715307516359,5.98337244955882,5.98337244955882,1.4028308008288772,1.9168196022526698,13.453990457630265,17.610944203427476,18.617766359931537,25.736119373071663,26.467128946957896,24.06103369173707,22.46110059231893,17.961871450558327,26.091182141737768,25.836372576819738,20.0757522638541,12.455448367708078,4.604477939781796,5.339891803194066,8.064197008872044,1.0977823623113048,1.2858257595218388,24.06103369173707,23.137839263290154,22.227164679873432,2.5603557400512136,10.955518845375607,30.78201489169488,29.353496148985837,29.85055722425884,2.0597178348252685,8.511262361783622,11.290479608378599,28.55568468747001,24.7753520531922,24.704338280979446
25.004343134793494,25.044442199112208,25.038176721859745,25.004343134793494,25.038176721859745,25.013532505776524,25.004343134793494,25.039429817358517,24.971344928818095,20.049421610834116,20.049421610834116,20.880279474215417,16.9719431177666,16.9719431177666,17.427286655558845,5.545054146958336,5.545054146958336,0.0,3.194140786671445,17.395120284939463,16.379574236416204,16.377067728136986,16.378320982285103,17.410159109451918,16.379574236416204,20.880279474215417,11.372223046749989,11.372223046749989,20.049421610834116,20.049421610834116,20.049421610834116,1.04136667099876,1.110311244940916,2.390574987605164,3.2668482368868705,3.2668482368868705,16.378320982285103,16.378320982285103,17.014135628021368,5.367040461688085,5.701756717962002,21.561166027210227,21.476368868876744,21.78882290284988,3.661726255383334,5.200309753953789,5.200309753953789,16.5249515595049,16.680354563267578,16.66322683016341,23.622164143466893,18.793299085267375,14.941658902265214,21.683975518457533,15.234090384059979,14.67011426422443,17.91604653010953,16.512419043821634,19.674717704266,24.461750359907917,24.29466934703919,22.523585522053562,11.770785864934174,13.454416594141591,10.66366119258582,1.4383183031094557,1.4383183031094557,5.947884947323061,6.461873748044949,8.908936333642496,13.065890103232007,14.072712266715097,21.191065342749553,21.92207492444041,19.515979644476786,17.91604653010953,13.416817352741509,21.546128115175158,21.291318547553143,15.53069818158552,7.910394239208883,1.9405762079664013,1.2051623439717267,3.519142866061322,5.6428365091639145,5.830879906158622,19.515979644476786,18.59278520725741,17.68211061557882,7.105409884791347,6.410464710975316,26.236960920358644,24.808442159736398,25.30550324113358,4.485336312993319,13.056316487670221,15.835533719824852,24.010630688633654,20.230298012993952,20.159284240068413
27.198483850517988,27.238582914609083,27.23231743739221,27.198483850517988,27.23231743739221,27.207673221448882,27.198483850517988,27.23357053288387,27.165485644729614,22.243562351877074,22.243562351877074,23.07442021140124,19.166083871734394,19.166083871734394,19.621427407749426,3.350913361488476,3.350913361488476,3.194140786671445,0.0,19.58926103725713,18.5737149926258,18.571208484355896,18.57246173849936,19.604299861710192,18.5737149926258,23.07442021140124,13.566363818739395,13.566363818739395,22.243562351877074,22.243562351877074,22.243562351877074,3.2355074576598,3.0838295417563915,4.5847157737156685,1.0727074502339646,1.0727074502339646,18.57246173849936,18.57246173849936,19.208276381826447,3.1728996760837633,3.5076159326164,23.755306761118508,23.670509603198937,23.98296363563887,1.4675854688518783,3.006168968229987,3.006168968229987,18.719092315171668,18.874495318348803,18.857367585309433,25.816304866813827,20.98743983184482,17.135799663586337,23.878116251763473,17.428231144379446,16.86425502645836,20.110187280340256,18.706559799535388,21.868858446997304,26.65589107867637,26.488810066731524,24.717726251149884,13.96492663587515,15.64855736025771,12.857801966350532,3.6324590896510713,3.6324590896510713,3.753744162183768,4.267732963380388,11.103077111315718,15.260030870518394,16.266853030898513,23.3852060784524,24.1162156565688,21.71012038791375,20.110187280340256,15.61095811897237,23.740268849156962,23.48545928277294,17.724838940869265,10.10453501879603,2.2535645788376897,2.988978442745629,5.713283651396483,3.4486957237709457,3.636739120919557,21.71012038791375,20.786925954685245,19.876251366754342,4.911269100804846,8.604605493014695,28.431101628919848,27.0025828765676,27.499643955139717,2.2911955268280098,10.862175714358582,13.641392954219087,26.204771409882053,22.42443875321054,22.353424980610324
8.60922300414865,8.64932206954026,8.643056592119976,8.60922300414865,8.643056592119976,8.618412375377307,8.60922300414865,8.64430968765231,8.576224797292378,3.6543013685832673,3.6543013685832673,4.485159247777252,1.4231771728772766,1.4231771728772766,1.032166371065365,21.94017435175714,21.94017435175714,17.395120284939463,19.58926103725713,0.0,2.015546061704187,2.018052570013781,2.0167993158504753,1.0150388247207438,2.015546061704187,4.485159247777252,7.022897290880423,7.022897290880423,3.6543013685832673,3.6543013685832673,3.6543013685832673,17.353753614510648,17.505431528346488,16.004545314915134,19.661968486195644,19.661968486195644,2.0167993158504753,2.0167993158504753,1.3809846620673523,21.76216067027879,22.096876919378815,5.166045814601895,5.0812486545032565,5.39370269504073,20.056846497601978,21.59542996604779,21.59542996604779,1.8701687368355602,1.71476573113069,1.731893464450923,7.227043977506239,2.398178821328827,3.45346141153621,5.288855308427213,3.1610299268354303,3.7250060521460586,1.5209262526079854,1.8827012526736773,3.2795974552662033,8.066630215013276,7.899549197857104,6.128465330332623,6.624334471102432,4.940703732203277,7.7314591472160945,16.95680198772267,16.95680198772267,22.343005143344637,22.85699393247168,9.486184007890857,5.329230225774208,4.322408054868847,4.795945122526536,5.526954719481036,3.120859392689548,1.5209262526079854,4.978302973872053,5.151007902252903,4.896198329369893,2.864422126214748,10.4847261009915,18.335696479170377,17.600282626042016,14.87597744833548,22.03795671185719,22.226000104757688,3.120859392689548,2.1976649401039836,1.2869903346803018,23.50053005407558,11.984655624064253,9.841840823940387,8.413322023889148,8.910383118613321,20.88045653958073,29.451436484015836,32.23065361507612,7.615510532271481,3.8351777740859903,3.7641639998413994
9.624769062412987,9.664868127770378,9.658602650355455,9.624769062412987,9.658602650355455,9.633958433633818,9.624769062412987,9.659855745886714,9.591770855584752,4.669847429777174,4.669847429777174,5.500705308659661,1.592368888840038,1.592368888840038,2.047712432767787,20.924628311851958,20.924628311851958,16.379574236416204,18.5737149926258,2.015546061704187,0.0,1.0025065083097278,1.0012532541463546,2.030584886424119,1.0,5.500705308659661,6.007351230754588,6.007351230754588,4.669847429777174,4.669847429777174,4.669847429777174,16.33820756591882,16.489885480006926,14.988999264184923,18.64642244170186,18.64642244170186,1.0012532541463546,1.0012532541463546,1.634561399649495,20.746614629995616,21.0813308798091,6.181591875175058,6.096794715117585,6.4092487554996485,19.041300453864835,20.579883925413572,20.579883925413572,1.145377324875251,1.3007803305847552,1.2836525972641355,8.2425900368469,3.4137248828562465,2.437915350016727,6.304401368939423,2.14548386526085,2.7094599906857524,2.536472314270254,1.1328448090366505,4.295143516576909,9.082176273724057,8.915095256699132,7.14401139038572,5.608788410754893,3.925157671102502,6.7159130875254025,15.941255938482017,15.941255938482017,21.32745910430699,21.84144789456547,8.470637949503637,4.313684164820942,3.306861993565892,5.811491183273825,6.5425007798705614,4.136405454045294,2.536472314270254,3.962756912784862,6.166553962833422,5.911744390071433,1.8488760645934272,9.46918004348963,17.320150432254103,16.584736577861413,13.860431395962296,21.022410672161048,21.210454065466312,4.136405454045294,3.213211001669336,2.3025363963649115,22.484984017624697,10.969109568087925,10.857386881075632,9.428868082318235,9.925929176616526,19.864910497473957,28.435890463061362,31.21510760261799,8.631056591329902,4.850723835218249,4.779710060998269
9.627275570713088,9.667374636070393,9.661109158655483,9.627275570713088,9.661109158655483,9.6364649419339,9.627275570713088,9.662362254186739,9.594277363884927,4.672353938085159,4.672353938085159,5.5032118169667665,1.5948753971497203,1.5948753971497203,2.0502189410773726,20.922121803593413,20.922121803593413,16.377067728136986,18.571208484355896,2.018052570013781,1.0025065083097278,0.0,1.0012532541633732,2.0330913947337095,1.0025065083097278,5.5032118169667665,6.004844722448098,6.004844722448098,4.672353938085159,4.672353938085159,4.672353938085159,16.33570105763944,16.48737897172815,14.986492755900441,18.643915933432286,18.643915933432286,1.0012532541633732,1.0012532541633732,1.6370679079591706,20.74410812173616,21.078824371551363,6.184098383481312,6.099301223423952,6.41175526380559,19.038793945597074,20.57737741715327,20.57737741715327,1.147883833184976,1.3032868388944712,1.2861591055738528,8.245096545149842,3.416231391165221,2.435408841707266,6.306907877245511,2.142977356951291,2.7069534823764014,2.5389788225796757,1.1353513173463758,4.297650024885231,9.084682782025334,8.91760176500075,7.146517898690565,5.606281902447907,3.9226511627938785,6.7134065792198925,15.93874943020109,15.93874943020109,21.32495259605053,21.83894138631173,8.46813144120111,4.311177656512632,3.304355485256851,5.813997691580557,6.545007288176314,4.138911962353749,2.5389788225796757,3.9602504044762674,6.169060471139696,5.914250898378039,1.8463695562837925,9.466673535189159,17.31764392397873,16.582230069583012,13.857924887673908,21.019904163903004,21.20794755720925,4.138911962353749,3.21571750997843,2.305042904674419,22.48247750937447,10.966603059791023,10.859893389372786,9.431374590618772,9.928435684915945,19.862403989210115,28.433383954848594,31.21260109442583,8.633563099632095,4.853230343526057,4.782216569306151
