0.0,1.0,1.0,1.0,1.0,1.0,1.0,8.48082831640405,8.233796006455261,8.167335435787326,8.836328084411406,6.5032991943830005,6.2305551872752885,8.233796006455261,2.9067820521982437,5.417334845413825,11.037640497723944,5.417334845413825,3.4378656489825463,5.417334845413825,2.251545256425664,3.2742144439685505,3.6121758409106297,3.5676577984566085,5.0116627671696055,4.264268897668174,4.377757746776378,4.515699825351151,4.345780238455029,4.523850942372105,4.208464942412928,7.0023875008810395,7.0023875008810395,30.559965891744245,30.559965891744245,22.888833536335632,38.25613459783793,38.25613459783793,31.560372474064078,9.110319128854112,11.143598235174261,11.143598235174261,31.407958804111036,24.893897171035075,31.26997131455541,26.328259809491005,30.371802733585465,3.8529491443201214,3.9018561525592865,3.9018561525592865,4.286841275440829,6.199205254956586,4.286841275440829,7.961056597999583,4.487484415270295,4.543915227675367,7.265097581718356,7.315256947904748,7.2212081161895405,8.224391211338249,6.870091716338485,6.669453234254774,6.042455449724872,6.142775352653498,2.3405999737065057,2.8823283139106293,5.651417678244244,2.8823283139106293,2.955099733801502,2.8823283139106293,10.224458244166275,10.312234587905674,13.553636994442906,11.258960381151502,9.421928192010082,8.97677209787907,6.857551822695308,9.710338151875412,6.368494775710944,7.961056597999583,6.330874906338176,6.769772524320262,6.769772524320262,21.53604919994942,21.7994550443713,25.537382259762598,31.3891423173435,30.335424562797822,22.363898415626377,12.51288838558547,1.2395253732387883,8.4481385676564,28.403636770817553,26.55969142649203,28.855220271611483,29.187637173523303,18.971013340019162,1.1429630546011853,1.101578891460178,2.9074090710504854
1.0,0.0,1.0,1.0,1.0,1.0,1.0,8.48082831640405,8.233796006455261,8.167335435787326,8.836328084411406,6.5032991943830005,6.2305551872752885,8.233796006455261,2.9067820521982437,5.417334845413825,11.037640497723944,5.417334845413825,3.4378656489825463,5.417334845413825,2.251545256425664,3.2742144439685505,3.6121758409106297,3.5676577984566085,5.0116627671696055,4.264268897668174,4.377757746776378,4.515699825351151,4.345780238455029,4.523850942372105,4.208464942412928,7.0023875008810395,7.0023875008810395,30.559965891744245,30.559965891744245,22.888833536335632,38.25613459783793,38.25613459783793,31.560372474064078,9.110319128854112,11.143598235174261,11.143598235174261,31.407958804111036,24.893897171035075,31.26997131455541,26.328259809491005,30.371802733585465,3.8529491443201214,3.9018561525592865,3.9018561525592865,4.286841275440829,6.199205254956586,4.286841275440829,7.961056597999583,4.487484415270295,4.543915227675367,7.265097581718356,7.315256947904748,7.2212081161895405,8.224391211338249,6.870091716338485,6.669453234254774,6.042455449724872,6.142775352653498,2.3405999737065057,2.8823283139106293,5.651417678244244,2.8823283139106293,2.955099733801502,2.8823283139106293,10.224458244166275,10.312234587905674,13.553636994442906,11.258960381151502,9.421928192010082,8.97677209787907,6.857551822695308,9.710338151875412,6.368494775710944,7.961056597999583,6.330874906338176,6.769772524320262,6.769772524320262,21.53604919994942,21.7994550443713,25.537382259762598,31.3891423173435,30.335424562797822,22.363898415626377,12.51288838558547,1.2395253732387883,8.4481385676564,28.403636770817553,26.55969142649203,28.855220271611483,29.187637173523303,18.971013340019162,1.1429630546011853,1.101578891460178,2.9074090710504854
1.0,1.0,0.0,1.0,1.0,1.0,1.0,8.48082831640405,8.233796006455261,8.167335435787326,8.836328084411406,6.5032991943830005,6.2305551872752885,8.233796006455261,2.9067820521982437,5.417334845413825,11.037640497723944,5.417334845413825,3.4378656489825463,5.417334845413825,2.251545256425664,3.2742144439685505,3.6121758409106297,3.5676577984566085,5.0116627671696055,4.264268897668174,4.377757746776378,4.515699825351151,4.345780238455029,4.523850942372105,4.208464942412928,7.0023875008810395,7.0023875008810395,30.559965891744245,30.559965891744245,22.888833536335632,38.25613459783793,38.25613459783793,31.560372474064078,9.110319128854112,11.143598235174261,11.143598235174261,31.407958804111036,24.893897171035075,31.26997131455541,26.328259809491005,30.371802733585465,3.8529491443201214,3.9018561525592865,3.9018561525592865,4.286841275440829,6.199205254956586,4.286841275440829,7.961056597999583,4.487484415270295,4.543915227675367,7.265097581718356,7.315256947904748,7.2212081161895405,8.224391211338249,6.870091716338485,6.669453234254774,6.042455449724872,6.142775352653498,2.3405999737065057,2.8823283139106293,5.651417678244244,2.8823283139106293,2.955099733801502,2.8823283139106293,10.224458244166275,10.312234587905674,13.553636994442906,11.258960381151502,9.421928192010082,8.97677209787907,6.857551822695308,9.710338151875412,6.368494775710944,7.961056597999583,6.330874906338176,6.769772524320262,6.769772524320262,21.53604919994942,21.7994550443713,25.537382259762598,31.3891423173435,30.335424562797822,22.363898415626377,12.51288838558547,1.2395253732387883,8.4481385676564,28.403636770817553,26.55969142649203,28.855220271611483,29.187637173523303,18.971013340019162,1.1429630546011853,1.101578891460178,2.9074090710504854
1.0,1.0,1.0,0.0,1.0,1.0,1.0,8.48082831640405,8.233796006455261,8.167335435787326,8.836328084411406,6.5032991943830005,6.2305551872752885,8.233796006455261,2.9067820521982437,5.417334845413825,11.037640497723944,5.417334845413825,3.4378656489825463,5.417334845413825,2.251545256425664,3.2742144439685505,3.6121758409106297,3.5676577984566085,5.0116627671696055,4.264268897668174,4.377757746776378,4.515699825351151,4.345780238455029,4.523850942372105,4.208464942412928,7.0023875008810395,7.0023875008810395,30.559965891744245,30.559965891744245,22.888833536335632,38.25613459783793,38.25613459783793,31.560372474064078,9.110319128854112,11.143598235174261,11.143598235174261,31.407958804111036,24.893897171035075,31.26997131455541,26.328259809491005,30.371802733585465,3.8529491443201214,3.9018561525592865,3.9018561525592865,4.286841275440829,6.199205254956586,4.286841275440829,7.961056597999583,4.487484415270295,4.543915227675367,7.265097581718356,7.315256947904748,7.2212081161895405,8.224391211338249,6.870091716338485,6.669453234254774,6.042455449724872,6.142775352653498,2.3405999737065057,2.8823283139106293,5.651417678244244,2.8823283139106293,2.955099733801502,2.8823283139106293,10.224458244166275,10.312234587905674,13.553636994442906,11.258960381151502,9.421928192010082,8.97677209787907,6.857551822695308,9.710338151875412,6.368494775710944,7.961056597999583,6.330874906338176,6.769772524320262,6.769772524320262,21.53604919994942,21.7994550443713,25.537382259762598,31.3891423173435,30.335424562797822,22.363898415626377,12.51288838558547,1.2395253732387883,8.4481385676564,28.403636770817553,26.55969142649203,28.855220271611483,29.187637173523303,18.971013340019162,1.1429630546011853,1.101578891460178,2.9074090710504854
1.0,1.0,1.0,1.0,0.0,1.0,1.0,8.48082831640405,8.233796006455261,8.167335435787326,8.836328084411406,6.5032991943830005,6.2305551872752885,8.233796006455261,2.9067820521982437,5.417334845413825,11.037640497723944,5.417334845413825,3.4378656489825463,5.417334845413825,2.251545256425664,3.2742144439685505,3.6121758409106297,3.5676577984566085,5.0116627671696055,4.264268897668174,4.377757746776378,4.515699825351151,4.345780238455029,4.523850942372105,4.208464942412928,7.0023875008810395,7.0023875008810395,30.559965891744245,30.559965891744245,22.888833536335632,38.25613459783793,38.25613459783793,31.560372474064078,9.110319128854112,11.143598235174261,11.143598235174261,31.407958804111036,24.893897171035075,31.26997131455541,26.328259809491005,30.371802733585465,3.8529491443201214,3.9018561525592865,3.9018561525592865,4.286841275440829,6.199205254956586,4.286841275440829,7.961056597999583,4.487484415270295,4.543915227675367,7.265097581718356,7.315256947904748,7.2212081161895405,8.224391211338249,6.870091716338485,6.669453234254774,6.042455449724872,6.142775352653498,2.3405999737065057,2.8823283139106293,5.651417678244244,2.8823283139106293,2.955099733801502,2.8823283139106293,10.224458244166275,10.312234587905674,13.553636994442906,11.258960381151502,9.421928192010082,8.97677209787907,6.857551822695308,9.710338151875412,6.368494775710944,7.961056597999583,6.330874906338176,6.769772524320262,6.769772524320262,21.53604919994942,21.7994550443713,25.537382259762598,31.3891423173435,30.335424562797822,22.363898415626377,12.51288838558547,1.2395253732387883,8.4481385676564,28.403636770817553,26.55969142649203,28.855220271611483,29.187637173523303,18.971013340019162,1.1429630546011853,1.101578891460178,2.9074090710504854
1.0,1.0,1.0,1.0,1.0,0.0,1.0,8.48082831640405,8.233796006455261,8.167335435787326,8.836328084411406,6.5032991943830005,6.2305551872752885,8.233796006455261,2.9067820521982437,5.417334845413825,11.037640497723944,5.417334845413825,3.4378656489825463,5.417334845413825,2.251545256425664,3.2742144439685505,3.6121758409106297,3.5676577984566085,5.0116627671696055,4.264268897668174,4.377757746776378,4.515699825351151,4.345780238455029,4.523850942372105,4.208464942412928,7.0023875008810395,7.0023875008810395,30.559965891744245,30.559965891744245,22.888833536335632,38.25613459783793,38.25613459783793,31.560372474064078,9.110319128854112,11.143598235174261,11.143598235174261,31.407958804111036,24.893897171035075,31.26997131455541,26.328259809491005,30.371802733585465,3.8529491443201214,3.9018561525592865,3.9018561525592865,4.286841275440829,6.199205254956586,4.286841275440829,7.961056597999583,4.487484415270295,4.543915227675367,7.265097581718356,7.315256947904748,7.2212081161895405,8.224391211338249,6.870091716338485,6.669453234254774,6.042455449724872,6.142775352653498,2.3405999737065057,2.8823283139106293,5.651417678244244,2.8823283139106293,2.955099733801502,2.8823283139106293,10.224458244166275,10.312234587905674,13.553636994442906,11.258960381151502,9.421928192010082,8.97677209787907,6.857551822695308,9.710338151875412,6.368494775710944,7.961056597999583,6.330874906338176,6.769772524320262,6.769772524320262,21.53604919994942,21.7994550443713,25.537382259762598,31.3891423173435,30.335424562797822,22.363898415626377,12.51288838558547,1.2395253732387883,8.4481385676564,28.403636770817553,26.55969142649203,28.855220271611483,29.187637173523303,18.971013340019162,1.1429630546011853,1.101578891460178,2.9074090710504854
1.0,1.0,1.0,1.0,1.0,1.0,0.0,8.48082831640405,8.233796006455261,8.167335435787326,8.836328084411406,6.5032991943830005,6.2305551872752885,8.233796006455261,2.9067820521982437,5.417334845413825,11.037640497723944,5.417334845413825,3.4378656489825463,5.417334845413825,2.251545256425664,3.2742144439685505,3.6121758409106297,3.5676577984566085,5.0116627671696055,4.264268897668174,4.377757746776378,4.515699825351151,4.345780238455029,4.523850942372105,4.208464942412928,7.0023875008810395,7.0023875008810395,30.559965891744245,30.559965891744245,22.888833536335632,38.25613459783793,38.25613459783793,31.560372474064078,9.110319128854112,11.143598235174261,11.143598235174261,31.407958804111036,24.893897171035075,31.26997131455541,26.328259809491005,30.371802733585465,3.8529491443201214,3.9018561525592865,3.9018561525592865,4.286841275440829,6.199205254956586,4.286841275440829,7.961056597999583,4.487484415270295,4.543915227675367,7.265097581718356,7.315256947904748,7.2212081161895405,8.224391211338249,6.870091716338485,6.669453234254774,6.042455449724872,6.142775352653498,2.3405999737065057,2.8823283139106293,5.651417678244244,2.8823283139106293,2.955099733801502,2.8823283139106293,10.224458244166275,10.312234587905674,13.553636994442906,11.258960381151502,9.421928192010082,8.97677209787907,6.857551822695308,9.710338151875412,6.368494775710944,7.961056597999583,6.330874906338176,6.769772524320262,6.769772524320262,21.53604919994942,21.7994550443713,25.537382259762598,31.3891423173435,30.335424562797822,22.363898415626377,12.51288838558547,1.2395253732387883,8.4481385676564,28.403636770817553,26.55969142649203,28.855220271611483,29.187637173523303,18.971013340019162,1.1429630546011853,1.101578891460178,2.9074090710504854
8.48082831640405,8.48082831640405,8.48082831640405,8.48082831640405,8.48082831640405,8.48082831640405,8.48082831640405,0.0,1.247032310250931,1.31349288099663,1.3554997684784016,2.977529123860892,3.2502731311185586,1.247032310250931,6.5740462660021475,4.063493473277806,3.5568121856601267,4.063493473277806,6.04296266949943,4.063493473277806,7.229283061295974,6.206613874436816,5.868652477642989,5.91317052007969,4.469165551586975,5.21655942106239,5.103070571970296,4.965128493409244,5.135048080287548,4.956977376388899,5.272363376308117,2.478440817023312,2.478440817023312,38.04079402353059,38.04079402353059,30.369661744281707,45.7369626333743,45.7369626333743,39.041200594462154,1.6294908133133321,3.6627699233380606,3.6627699233380606,38.88878692626581,32.37472536098258,38.750799438293896,33.80908798573412,37.852630867476265,5.627879174315569,5.57897216609068,5.57897216609068,5.193987043293286,3.281623063452884,5.193987043293286,1.519771719016211,4.993343903487817,4.9369130910870425,2.215730735973424,2.1655713697437893,2.259620201539377,1.2564371053790386,2.610736601664078,2.811375083885436,3.438372868757735,3.338052965783259,9.82142828811231,6.5985000042745,13.132245985115294,6.5985000042745,10.435928047088495,6.5985000042745,2.7436299304821157,2.8314062743856403,6.072808688810522,3.778132069567438,1.941099876946256,1.4959437821439407,2.623276495316256,2.229509837282313,3.1123335426102092,1.519771719016211,3.14995341200344,2.711055793752824,2.711055793752824,29.016877419275488,29.28028326152976,33.018210443647504,38.8699704397146,37.81625269709411,29.844726628061398,5.03206007703273,8.241302943458374,15.928966865280724,35.88446492600866,34.04051960045922,36.3360484220303,36.66846532038543,26.451841579233452,8.623791370821053,8.379249425070542,6.573419247150294
8.233796006455261,8.233796006455261,8.233796006455261,8.233796006455261,8.233796006455261,8.233796006455261,8.233796006455261,1.247032310250931,0.0,1.0664605707458155,1.602532078728136,2.7304968136290757,3.0032408208928065,1.0,6.327013955917026,3.8164611630750653,3.803844495871001,3.8164611630750653,5.7959303593835605,3.8164611630750653,6.982250751253129,5.959581564330087,5.621620167517714,5.6661382099567845,4.222133241398474,4.969527110904934,4.856038261807724,4.7180961832406485,4.888015770126403,4.709945066219955,5.025331066153229,2.23140850678255,2.23140850678255,37.79376172087214,37.79376172087214,30.12262943879849,45.489930334205056,45.489930334205056,38.794168292220185,1.8765231235611806,3.909802233545698,3.909802233545698,38.641754623959685,32.12769305617469,38.50376713592989,33.56205568143671,37.605598564740724,5.380846864177858,5.331939855950524,5.331939855950524,4.9469547331348025,3.034590753227882,4.9469547331348025,1.2727394087660717,4.746311593320437,4.689880780917241,1.9686984257290716,1.9185390594988392,2.0125878912955706,1.009404795128121,2.3637042914254165,2.564342773650333,3.1913405585366483,3.0910206555596345,9.57439597828365,6.3514676941908705,12.88521367566917,6.3514676941908705,10.188895737321602,6.3514676941908705,2.990662240713654,3.078438584615304,6.319840998910637,4.025164379771407,2.1881321871909396,1.742976092392813,2.376244185077804,2.476542147523101,2.8653012323812863,1.2727394087660717,2.9029211017753616,2.464023483515886,2.464023483515886,28.76984511336185,29.033250955698332,32.77117813906581,38.62293813740057,37.569220394343716,29.59769432240874,5.279092387187244,7.99427063349023,15.681934556252902,35.63743262249025,33.79348729624632,36.08901611868772,36.421433017173726,26.204809272559455,8.37675906088412,8.132217115113466,6.326386937065134
8.167335435787326,8.167335435787326,8.167335435787326,8.167335435787326,8.167335435787326,8.167335435787326,8.167335435787326,1.31349288099663,1.0664605707458155,0.0,1.6689926494733456,2.664036242887588,2.936780250152821,1.0664605707458155,6.260553385213311,3.750000592340888,3.870305066604719,3.750000592340888,5.729469788671822,3.750000592340888,6.915790180560477,5.89312099362073,5.555159596803529,5.599677639243215,4.155672670667937,4.9030665401823965,4.789577691083865,4.651635612515233,4.821555199402912,4.643484495494448,4.958870495431357,2.1649479360388906,2.1649479360388906,37.72730115215165,37.72730115215165,30.05616886932164,45.42346976641966,45.42346976641966,38.72770772361126,1.9429836943057535,3.976262804278495,3.976262804278495,38.57529405533356,32.06123248687858,38.43730656728827,33.495595112277265,37.53913799599957,5.314386293460441,5.26547928523247,5.26547928523247,4.880494162411998,2.9681301824880846,4.880494162411998,1.2062788380203409,4.679851022595335,4.623420210191513,1.9022378549845693,1.8520784887541994,1.946127320551195,1.057055775617695,2.2972437206822596,2.4978822029080385,3.1248799877978306,3.024560084820181,9.507935407647402,6.285007123487545,12.818753105134276,6.285007123487545,10.122435166701681,6.285007123487545,3.0571228114533135,3.144899155354418,6.3863015696133685,4.091624950503164,2.254592757934515,1.8094366631377246,2.3097836143346973,2.543002718265492,2.798840661640513,1.2062788380203409,2.8364605310347972,2.397562912773145,2.397562912773145,28.70338454376983,28.966790386128313,32.70471756983025,38.55647756877234,37.50275982559859,29.531233752886557,5.345552957905104,7.9278100628172,15.615473985829233,35.570972053539414,33.72702672710949,36.022555549783974,36.35497244830503,26.13834870276409,8.310298490219306,8.065756544443351,6.259926366361409
8.836328084411406,8.836328084411406,8.836328084411406,8.836328084411406,8.836328084411406,8.836328084411406,8.836328084411406,1.3554997684784016,1.602532078728136,1.6689926494733456,0.0,3.333028892302207,3.605772899549825,1.602532078728136,6.9295460342149315,4.418993241672018,3.201312417226985,4.418993241672018,6.3984624377590364,4.418993241672018,7.584782829444752,6.56211364268248,6.224152245916978,6.268670288350051,4.824665319958728,5.572059189385845,5.458570340301664,5.32062826174995,5.490547848616708,5.312477144730147,5.627863144627607,2.833940585479917,2.833940585479917,38.396293780903335,38.396293780903335,30.725161505756713,46.092462385688506,46.092462385688506,39.39670035123073,1.2739910448363172,3.3072701549090633,3.3072701549090633,39.24428668312748,32.73022512147601,39.1062991952395,34.16458774548599,38.208130624960866,5.983378942608617,5.934471934387486,5.934471934387486,5.549486811618333,3.637122831882919,5.549486811618333,1.875271487490955,5.3488436718266374,5.2924128594296205,2.5712305044364694,2.5210711382079385,2.615119970001424,1.6119368738561786,2.96623637011702,3.1668748523322856,3.7938726371813756,3.693552734211037,10.176928055940289,6.95399977248502,13.48774575237674,6.95399977248502,10.791427814824617,6.95399977248502,2.3881301620231756,2.475906505928973,5.717308920524586,3.4226323011431585,1.5856001084722853,1.1404440136660992,2.978776263768837,1.8740100688125518,3.467833311046707,1.875271487490955,3.5054531804385416,3.0665555622028005,3.0665555622028005,29.372377181376468,29.635783023511145,33.373710203812315,39.22547019658773,38.17175245460028,30.200226389782785,4.676560308673547,8.59680271149474,16.284466631926655,36.23996468462942,34.39601936008836,36.69154818039584,37.02396507856102,26.80734134244106,8.979291138810655,8.734749193090314,6.928919015363138
6.5032991943830005,6.5032991943830005,6.5032991943830005,6.5032991943830005,6.5032991943830005,6.5032991943830005,6.5032991943830005,2.977529123860892,2.7304968136290757,2.664036242887588,3.333028892302207,0.0,1.2727440072851053,2.7304968136290757,4.596517143037286,2.0859643495656393,5.534341309002519,2.0859643495656393,4.065433546329517,2.0859643495656393,5.251753938618819,4.229084751327404,3.8911233544112678,3.935641396863495,2.4916364279574097,3.239030297623517,3.1255414484992525,2.987599369900649,3.1575189568254527,2.9794482528781376,3.2948342528854844,1.4990883068705707,1.4990883068705707,36.06326495758255,36.06326495758255,28.392132656314473,43.75943359476238,43.75943359476238,37.0636715317706,3.60701993710084,5.6402990466463425,5.6402990466463425,36.9112578630724,30.39719627826633,36.77327037464789,31.831558906993347,35.875101800925634,3.6503500510029356,3.601443042762245,3.601443042762245,3.2164579198479233,1.3040939396230113,3.2164579198479233,2.457757404878561,3.0158147799867647,2.9593839675709748,1.7617983879288768,1.8119577541594167,1.7179089223619464,2.721092018501588,1.3667925222232287,1.1661540399889119,1.4608437449470801,1.3605238419600512,7.843899166949196,4.620970881319687,11.15471686675823,4.620970881319687,8.458398926372265,4.620970881319687,4.721159054052846,4.8089353979345715,8.050337811071577,5.75566119283744,3.91862900068432,3.473472905949979,1.3542526285703462,4.207038960966874,1.1348044187620476,2.457757404878561,1.1724242881591214,1.2664733301284532,1.2664733301284532,27.0393483279673,27.302754170859345,31.040681362692148,36.892441376459374,35.83872363042735,27.86719753877843,7.009589199809806,6.26377382130093,13.95143775005583,33.90693585334333,32.062990522377,34.358519350737566,34.69093625011465,24.474312482037035,6.646262248883853,6.401720302991026,4.595890124185175
6.2305551872752885,6.2305551872752885,6.2305551872752885,6.2305551872752885,6.2305551872752885,6.2305551872752885,6.2305551872752885,3.2502731311185586,3.0032408208928065,2.936780250152821,3.605772899549825,1.2727440072851053,0.0,3.0032408208928065,4.32377313582586,1.813220342285978,5.807085316153196,1.813220342285978,3.7926895390971778,1.813220342285978,4.979009931437982,3.956340744101139,3.6183793471728234,3.662897389626575,2.218892420683513,2.9662862903655496,2.8527974412384234,2.7148553626365537,2.8847749495654136,2.7067042456138566,3.022090245628983,1.771832314153301,1.771832314153301,35.79052095779835,35.79052095779835,28.11938865359981,43.48668959864164,43.48668959864164,36.79092753242166,3.87976394433965,5.913043053790846,5.913043053790846,36.638513863656364,30.124452276248068,36.500526375171354,31.558814905503482,35.602357801060954,3.377606043756672,3.328699035514481,3.328699035514481,2.9437139125893745,1.0313499323379647,2.9437139125893745,2.7305014121481115,2.7430707727233186,2.686639960306241,2.034542395209123,2.084701761439092,1.9906529296426667,2.993836025765534,1.6395365295068878,1.4388980472735675,1.188099737662509,1.087779834675141,7.571155159941211,4.348226874109307,10.881972860091322,4.348226874109307,8.18565491941739,4.348226874109307,4.993903061246298,5.0816794051238,8.323081818038203,6.028405199975062,4.191373007911988,3.7462169131931984,1.626996635854082,4.479782968183161,1.1379395885231722,2.7305014121481115,1.1003197191260905,1.5392173374126725,1.5392173374126725,26.76660432481061,27.030010167786962,30.767937360907812,36.619697377035074,35.56597963054716,27.594453535889574,7.282333206862045,5.991029814177731,13.678693743782107,33.634191852662596,31.790246520974748,34.085775350239885,34.418192249753304,24.201568478103827,6.37351824178572,6.128976295876658,4.323146116973723
8.233796006455261,8.233796006455261,8.233796006455261,8.233796006455261,8.233796006455261,8.233796006455261,8.233796006455261,1.247032310250931,1.0,1.0664605707458155,1.602532078728136,2.7304968136290757,3.0032408208928065,0.0,6.327013955917026,3.8164611630750653,3.803844495871001,3.8164611630750653,5.7959303593835605,3.8164611630750653,6.982250751253129,5.959581564330087,5.621620167517714,5.6661382099567845,4.222133241398474,4.969527110904934,4.856038261807724,4.7180961832406485,4.888015770126403,4.709945066219955,5.025331066153229,2.23140850678255,2.23140850678255,37.79376172087214,37.79376172087214,30.12262943879849,45.489930334205056,45.489930334205056,38.794168292220185,1.8765231235611806,3.909802233545698,3.909802233545698,38.641754623959685,32.12769305617469,38.50376713592989,33.56205568143671,37.605598564740724,5.380846864177858,5.331939855950524,5.331939855950524,4.9469547331348025,3.034590753227882,4.9469547331348025,1.2727394087660717,4.746311593320437,4.689880780917241,1.9686984257290716,1.9185390594988392,2.0125878912955706,1.009404795128121,2.3637042914254165,2.564342773650333,3.1913405585366483,3.0910206555596345,9.57439597828365,6.3514676941908705,12.88521367566917,6.3514676941908705,10.188895737321602,6.3514676941908705,2.990662240713654,3.078438584615304,6.319840998910637,4.025164379771407,2.1881321871909396,1.742976092392813,2.376244185077804,2.476542147523101,2.8653012323812863,1.2727394087660717,2.9029211017753616,2.464023483515886,2.464023483515886,28.76984511336185,29.033250955698332,32.77117813906581,38.62293813740057,37.569220394343716,29.59769432240874,5.279092387187244,7.99427063349023,15.681934556252902,35.63743262249025,33.79348729624632,36.08901611868772,36.421433017173726,26.204809272559455,8.37675906088412,8.132217115113466,6.326386937065134
2.9067820521982437,2.9067820521982437,2.9067820521982437,2.9067820521982437,2.9067820521982437,2.9067820521982437,2.9067820521982437,6.5740462660021475,6.327013955917026,6.260553385213311,6.9295460342149315,4.596517143037286,4.32377313582586,6.327013955917026,0.0,3.5105527936932184,9.130858449042275,3.5105527936932184,1.531083596840057,3.5105527936932184,1.6552367958078902,1.3674323918062907,1.7053937887917354,1.6608757463314392,3.1048807153350317,2.3574868456607634,2.470975694792113,2.6089177733965108,2.4389981864641284,2.617068890419268,2.3016828903945443,5.095605449741715,5.095605449741715,32.466747903983546,32.466747903983546,24.795615566145184,40.1629165873922,40.1629165873922,33.46715448364086,7.203537078823404,9.236816186576055,9.236816186576055,33.31474081409898,26.800679196738457,33.176753324913896,28.235041832045724,32.278584746315985,1.9461670922381242,1.9950741004853938,1.9950741004853938,2.380059223437933,4.292423203495646,2.380059223437933,6.054274547316944,2.5807023633094612,2.6371331757269885,5.358315530696297,5.408474896905756,5.314426065147476,6.317609160794928,4.96330966514236,4.762671182975384,4.135673398207651,4.235993301172052,4.2473820257173305,1.0244537382895962,7.558199729129554,1.0244537382895962,4.861881785674713,1.0244537382895962,8.317676194876334,8.405452538678645,11.6468549480047,9.35217833264526,7.515146142175771,7.0699900477667565,4.950769771493877,7.80355610223034,4.461712724313166,6.054274547316944,4.424092854926149,4.862990473082072,4.862990473082072,23.442831232334775,23.706237076267406,27.44416428407521,33.29592432738207,32.24220657562296,24.270680446454065,10.606106338152985,2.667256678976649,10.354920616856386,30.31041878850469,28.4664734485222,30.76200228819065,31.094419189275733,20.87779537685788,3.0497451067868124,2.80520316074596,1.0006270188522932
5.417334845413825,5.417334845413825,5.417334845413825,5.417334845413825,5.417334845413825,5.417334845413825,5.417334845413825,4.063493473277806,3.8164611630750653,3.750000592340888,4.418993241672018,2.0859643495656393,1.813220342285978,3.8164611630750653,3.5105527936932184,0.0,6.620305657942407,1.0,2.9794691969127864,1.0,4.165789589383467,3.1431204019315895,2.805159004973705,2.8496770474311113,1.4056720784066226,2.153065948121239,2.0395770989878432,1.9016350203789918,2.0715546073165525,1.893483903355904,2.208869903387928,2.5850526564167913,2.5850526564167913,34.97730063718285,34.97730063718285,27.306168324399824,42.67346928879555,42.67346928879555,35.977707213083974,4.692984286430111,6.726263395559529,6.726263395559529,35.825293544121635,29.311231949084473,35.68730605545897,30.74559457988676,34.78913748020918,2.564385701539048,2.515478693293358,2.515478693293358,2.130493570343779,1.7818704099484637,2.130493570343779,3.54372175435317,1.9298504304671278,1.873419618047337,2.8477627374599623,2.8979221036872276,2.803873271895796,3.807056367948625,2.452756871775788,2.2521183895494437,1.62512060462563,1.7254405076120072,6.7579348183503365,3.5350065319792985,10.068752519451321,3.5350065319792985,7.372434577972601,3.5350065319792985,5.807123403179281,5.894899747042436,9.136302159228423,6.841625541720929,5.004593349963005,4.559437255299471,2.4402169781234617,5.2930033101944876,1.9511599308067389,3.54372175435317,1.9135400614103837,2.352437679685246,2.352437679685246,25.953383994319694,26.21678983754217,29.954717034428885,35.80647705747608,34.75275930964986,26.781233206180715,8.0955535483283,5.17780947227487,12.865473404258616,32.82097152941699,30.97702619561464,33.27255502753103,33.60497192744431,23.38834814534881,5.56029789994997,5.315755953997382,3.5099257748410144
11.037640497723944,11.037640497723944,11.037640497723944,11.037640497723944,11.037640497723944,11.037640497723944,11.037640497723944,3.5568121856601267,3.803844495871001,3.870305066604719,3.201312417226985,5.534341309002519,5.807085316153196,3.803844495871001,9.130858449042275,6.620305657942407,0.0,6.620305657942407,8.599774852943924,6.620305657942407,9.786095243792321,8.76342605776018,8.425464661213102,8.469982703618054,7.025977736038411,7.7733716050713095,7.659882756050568,7.521940677574236,7.691860264347864,7.513789560558827,7.829175560281406,5.035253002338452,5.035253002338452,40.597606124601356,40.597606124601356,32.92647387583315,48.29377469708341,48.29377469708341,41.59801269106022,2.927321372416963,1.1059577376942542,1.1059577376942542,41.44559902355272,34.93153748521913,41.307611536202124,36.365900104454575,40.409442969375476,8.184691358053422,8.135784349861787,8.135784349861787,7.7507992273165165,5.838435248474672,7.7507992273165165,4.076583904583859,7.550156087635659,7.4937252752690915,4.77254292136833,4.722383555153018,4.816432386921512,3.8132492909974447,5.167548786936029,5.368187269088026,5.995185053713577,5.894865150781634,12.378240467971445,9.155312187295225,15.689058160478318,9.155312187295225,12.992740226208726,9.155312187295225,1.8131822552600227,1.7254059113513291,3.5159965038888092,1.2213198839428767,2.6157123088018155,3.060868403575298,5.180088680584009,2.3273023484722026,5.66914572770003,4.076583904583859,5.706765597078431,5.267867978990676,5.267867978990676,31.57368955550126,31.837095396861866,35.57502256543864,41.42678253708636,40.37306479915302,32.40153876145164,2.4752478917167147,10.798115125017414,18.48577903586078,38.44127703632982,36.597331718267526,38.89286053045837,39.22527742740503,29.008653723744843,11.180603551995054,10.936061606492665,9.13023143019092
5.417334845413825,5.417334845413825,5.417334845413825,5.417334845413825,5.417334845413825,5.417334845413825,5.417334845413825,4.063493473277806,3.8164611630750653,3.750000592340888,4.418993241672018,2.0859643495656393,1.813220342285978,3.8164611630750653,3.5105527936932184,1.0,6.620305657942407,0.0,2.9794691969127864,1.0,4.165789589383467,3.1431204019315895,2.805159004973705,2.8496770474311113,1.4056720784066226,2.153065948121239,2.0395770989878432,1.9016350203789918,2.0715546073165525,1.893483903355904,2.208869903387928,2.5850526564167913,2.5850526564167913,34.97730063718285,34.97730063718285,27.306168324399824,42.67346928879555,42.67346928879555,35.977707213083974,4.692984286430111,6.726263395559529,6.726263395559529,35.825293544121635,29.311231949084473,35.68730605545897,30.74559457988676,34.78913748020918,2.564385701539048,2.515478693293358,2.515478693293358,2.130493570343779,1.7818704099484637,2.130493570343779,3.54372175435317,1.9298504304671278,1.873419618047337,2.8477627374599623,2.8979221036872276,2.803873271895796,3.807056367948625,2.452756871775788,2.2521183895494437,1.62512060462563,1.7254405076120072,6.7579348183503365,3.5350065319792985,10.068752519451321,3.5350065319792985,7.372434577972601,3.5350065319792985,5.807123403179281,5.894899747042436,9.136302159228423,6.841625541720929,5.004593349963005,4.559437255299471,2.4402169781234617,5.2930033101944876,1.9511599308067389,3.54372175435317,1.9135400614103837,2.352437679685246,2.352437679685246,25.953383994319694,26.21678983754217,29.954717034428885,35.80647705747608,34.75275930964986,26.781233206180715,8.0955535483283,5.17780947227487,12.865473404258616,32.82097152941699,30.97702619561464,33.27255502753103,33.60497192744431,23.38834814534881,5.56029789994997,5.315755953997382,3.5099257748410144
3.4378656489825463,3.4378656489825463,3.4378656489825463,3.4378656489825463,3.4378656489825463,3.4378656489825463,3.4378656489825463,6.04296266949943,5.7959303593835605,5.729469788671822,6.3984624377590364,4.065433546329517,3.7926895390971778,5.7959303593835605,1.531083596840057,2.9794691969127864,8.599774852943924,2.9794691969127864,0.0,2.9794691969127864,2.186320392638623,1.1636512050344874,1.1743101919531533,1.1297921494924115,2.5737971185347197,1.8264032488341648,1.939892097968643,2.0778341765772588,1.9079145896397454,2.085985293600279,1.7705992935665211,4.564521853076837,4.564521853076837,32.997831488774025,32.997831488774025,25.32669915605369,40.69400016563934,40.69400016563934,33.99823806766051,6.6724534824056665,8.705732590497849,8.705732590497849,33.8458243982376,27.331762785444656,33.70783690915975,28.76612541983301,32.80966833124877,1.4150834954027791,1.4639905036508756,1.4639905036508756,1.848975626611932,3.7613396067646767,1.848975626611932,5.523190950751231,2.049618766489309,2.1060495789086557,4.827231934056398,4.877391300270816,4.783342468503289,5.7865255642603195,4.4322260684655275,4.23158758628123,3.6045898014655875,3.7049097044370223,4.778465622410234,1.55553733512949,8.089283325412168,1.55553733512949,5.392965382311319,1.55553733512949,7.78659259863234,7.874368942449606,11.115771352457635,8.821094736589295,6.984062545803622,6.538906451330194,4.419686174815935,7.2724725059024635,3.9306291275948375,5.523190950751231,3.893009258204952,4.331906876396459,4.331906876396459,23.973914823000253,24.23732066678891,27.97524787237524,33.82700791153533,32.77329016058317,24.80176403666149,10.07502274235942,3.198340275772745,10.886004212587824,30.841502374875553,28.997557036156635,31.293085874239715,31.625502775084815,21.408878968838724,3.5808287035634208,3.3362867575354325,1.5304565779877677
5.417334845413825,5.417334845413825,5.417334845413825,5.417334845413825,5.417334845413825,5.417334845413825,5.417334845413825,4.063493473277806,3.8164611630750653,3.750000592340888,4.418993241672018,2.0859643495656393,1.813220342285978,3.8164611630750653,3.5105527936932184,1.0,6.620305657942407,1.0,2.9794691969127864,0.0,4.165789589383467,3.1431204019315895,2.805159004973705,2.8496770474311113,1.4056720784066226,2.153065948121239,2.0395770989878432,1.9016350203789918,2.0715546073165525,1.893483903355904,2.208869903387928,2.5850526564167913,2.5850526564167913,34.97730063718285,34.97730063718285,27.306168324399824,42.67346928879555,42.67346928879555,35.977707213083974,4.692984286430111,6.726263395559529,6.726263395559529,35.825293544121635,29.311231949084473,35.68730605545897,30.74559457988676,34.78913748020918,2.564385701539048,2.515478693293358,2.515478693293358,2.130493570343779,1.7818704099484637,2.130493570343779,3.54372175435317,1.9298504304671278,1.873419618047337,2.8477627374599623,2.8979221036872276,2.803873271895796,3.807056367948625,2.452756871775788,2.2521183895494437,1.62512060462563,1.7254405076120072,6.7579348183503365,3.5350065319792985,10.068752519451321,3.5350065319792985,7.372434577972601,3.5350065319792985,5.807123403179281,5.894899747042436,9.136302159228423,6.841625541720929,5.004593349963005,4.559437255299471,2.4402169781234617,5.2930033101944876,1.9511599308067389,3.54372175435317,1.9135400614103837,2.352437679685246,2.352437679685246,25.953383994319694,26.21678983754217,29.954717034428885,35.80647705747608,34.75275930964986,26.781233206180715,8.0955535483283,5.17780947227487,12.865473404258616,32.82097152941699,30.97702619561464,33.27255502753103,33.60497192744431,23.38834814534881,5.56029789994997,5.315755953997382,3.5099257748410144
2.251545256425664,2.251545256425664,2.251545256425664,2.251545256425664,2.251545256425664,2.251545256425664,2.251545256425664,7.229283061295974,6.982250751253129,6.915790180560477,7.584782829444752,5.251753938618819,4.979009931437982,6.982250751253129,1.6552367958078902,4.165789589383467,9.786095243792321,4.165789589383467,2.186320392638623,4.165789589383467,0.0,2.02266918760862,2.3606305845854214,2.316112542126457,3.7601175110569325,3.0127236414282152,3.1262124905537134,3.2641545691504845,3.094234982227416,3.272305686172774,2.956919686164734,5.75084224526157,5.75084224526157,31.811511122489666,31.811511122489666,24.140378778471494,39.50767981383621,39.50767981383621,32.81191770308044,7.858773874001335,9.89205298129938,9.89205298129938,32.659504033394455,26.14544241051292,32.52151654407947,27.579805046928737,31.623347964649817,2.60140388802359,2.6503108962689796,2.6503108962689796,3.0352960192042513,4.947659999111146,3.0352960192042513,6.709511342697617,3.2359391590650413,3.2923699714793333,6.013552326180718,6.063711692383181,5.96966286063796,6.972845956132603,5.618546460679281,5.417907978537204,4.790910193839586,4.891230096793553,3.5921452300339816,1.630783057518522,6.902962933894284,1.630783057518522,4.206644990050032,1.630783057518522,8.972912989820344,9.06068933360266,12.302091742030406,10.007415127339119,8.170382937291983,7.725226842970256,5.60600656703239,8.458792897286862,5.116949519910094,6.709511342697617,5.079329650527276,5.518227268631592,5.518227268631592,22.787594443750894,23.051000287856528,26.788927498339504,32.640687546659784,31.586969793923615,23.615443658420787,11.261343132501086,2.0120198831937266,9.699683822252043,29.655182005098805,27.811236663589753,30.10676550517387,30.439182406549197,20.222558586696174,2.394508311021216,2.1499663649687877,1.6558638146601772
3.2742144439685505,3.2742144439685505,3.2742144439685505,3.2742144439685505,3.2742144439685505,3.2742144439685505,3.2742144439685505,6.206613874436816,5.959581564330087,5.89312099362073,6.56211364268248,4.229084751327404,3.956340744101139,5.959581564330087,1.3674323918062907,3.1431204019315895,8.76342605776018,3.1431204019315895,1.1636512050344874,3.1431204019315895,2.02266918760862,0.0,1.3379613969874231,1.293443354526758,2.7374483235590974,1.9900544538656275,2.103543302999295,2.2414853816067994,2.071565794670636,2.2496364986297492,1.9342504985983469,4.728173058062186,4.728173058062186,32.834180287496025,32.834180287496025,25.163047953188176,40.53034896638809,40.53034896638809,33.83458686662139,6.8361046873177225,8.869383795308043,8.869383795308043,33.682173197161625,27.168111582952353,33.544185708050534,28.602474217625804,32.646017129926676,1.5787347004363785,1.6276417086842865,1.6276417086842865,2.0126268316432414,3.924990811769299,2.0126268316432414,5.686842155707324,2.2132699715190887,2.2697007839379513,4.9908831390344055,5.041042505247364,4.946993673482559,5.950176769207186,4.59587727345438,4.395238791275148,3.7682410064734158,3.868560909442819,4.614814417426224,1.3918861300958074,7.925632120559085,1.3918861300958074,5.22931417734549,1.3918861300958074,7.950243803492371,8.038020147305149,11.279422557107432,8.984745941392791,7.147713750702054,6.702557656247871,4.583337379805114,7.436123710787644,4.094280332595796,5.686842155707324,4.056660463206742,4.495558081387881,4.495558081387881,23.810263619899644,24.073669463733022,27.811596670008964,33.66335671045481,32.60963895925257,24.638112833703154,10.238673947083761,3.03468907075479,10.722353007908378,30.677851173107637,28.83390583399685,31.12943467257157,31.46185157349107,21.245227765329304,3.41717749855199,3.172635552519706,1.3668053729539995
