0.0,4.860322198836707,4.60296060968537,5.282297029037114,4.860322198836707,6.441278912241177,4.860322198836707,6.785133477755268,6.945571679124056,15.003061431296464,13.603253101166176,5.913592945725776,4.6426510513740045,4.6426510513740045,6.6635516538333315,7.380511507886677,7.348757882170756,7.293606883046846,3.8838193589628593,5.261977226707739,3.8495634900358113,16.958662506413162,15.359494812853585,15.567589251533288,15.400862934005511,10.848266153410536,10.848266153410536,10.848266153410536,11.064640561262658,10.448097009163984,4.001208243135931,5.513459844467464,5.249444846156918,5.261977226707739,5.513459844467464,8.69450983856363,8.69450983856363,10.392994853564256,12.54986398342441,15.349048321571448,15.400862934005511,15.272580053926504,15.395430755050375,15.359494812853585,15.395430755050375,12.9025239847192,12.9025239847192,12.9025239847192,6.780955404619047,2.5867164635208173,8.848714978648204,11.184368230631605,2.9451740931783608,5.334939616169781,1.6417008049922102,1.8965445911788268,1.9801001375378222,4.110801045513035,4.5996182577546545,5.853011681878876,10.666255798230742,2.030233514326899,1.6960116962311278,4.607974137890536,1.2573480375203043,11.581311861151669,12.667695677406837,11.585490227399282,6.449201001243948,6.745794857542751,6.26539571261895,17.414559593351136,15.400445074066008,17.025939520688816,16.470174864643756,22.296372981103957,22.409136222639887,16.607852720638324,4.5902383933825455,5.576121482450614,6.833519554569614,6.808455366893935,8.529508255782584,7.297205370348903,6.236153916630834,2.2516563678793595,2.606769987614726,11.572955129409994,13.574421529068589,10.854280017770588,10.833388412313266,12.872439174366248,12.87661761945368,14.928264978468585,12.87661761945368,13.975557536471579,14.405945659362583,12.412811771914454,3.090499164494186,4.298807252339813
4.860322198836707,0.0,1.2573615893355226,1.4219748305593165,1.0,2.5809567151128547,1.0,2.924811281129869,3.085249482749369,11.142739260638828,9.742930924194804,2.053270747916919,1.217671147620198,1.217671147620198,2.803229457024744,3.520189312243031,3.488435686471202,3.4332846872511347,7.74414155393355,9.122299418662271,7.7098856850718445,13.098340345874409,11.499172643927492,11.707267083641351,11.54054076528364,14.708588325390128,14.708588325390128,14.708588325390128,14.924962732218283,14.308419182988125,7.861530437879166,9.373782035790034,9.109767038142282,9.122299418662271,9.373782035790034,12.554832019717708,12.554832019717708,6.532672665043552,8.689541802213347,11.488726152593891,11.54054076528364,11.412257884573545,11.535108586301646,11.499172643927492,11.535108586301646,9.042201804878598,9.042201804878598,9.042201804878598,2.9206332079872563,3.273605736032636,4.988392786026537,7.324046044578791,2.915148106398454,1.4746174177417188,4.218621394254889,3.9637776081858407,3.880222061859774,1.7495211537868345,1.2607039412684564,1.9926894839989617,6.8059336105341455,3.8300886850891227,4.1643105030431915,1.25234806112702,4.602974161500647,7.720989676430176,8.807373496648193,7.725168042692132,10.309523189993852,10.606117045404428,10.125717901901716,13.554237435388766,11.540122905342068,13.165617360525099,12.60985270143567,26.156695073226654,26.26945831371531,20.46817485898905,8.45056058690166,9.4364436736118,10.693841742161862,10.668777554563478,12.389830437563253,11.157527556466102,10.096476105997136,3.608665831606088,3.253552211941383,7.712632944659831,9.71409935197533,6.993957830658228,6.973066225135299,9.01211699440681,9.01629543951073,11.067942807453969,9.01629543951073,10.115235361103743,10.54562348591684,8.552489590184084,6.950821360858274,1.5615149468648424
4.60296060968537,1.2573615893355226,0.0,1.6793364198910445,1.2573615893355226,2.8383183044099134,1.2573615893355226,3.182172870409805,3.3426110720202455,11.400100848579633,10.000292512489745,2.3106323372341713,1.039690441715439,1.039690441715439,3.060591046311093,3.7775509014859225,3.745797275716305,3.6906462765000168,7.48677996517755,8.864937830173108,7.452524096309852,13.355701933233913,11.756534231769866,11.964628671424707,11.79790235311437,14.451226738499201,14.451226738499201,14.451226738499201,14.667601145405946,14.051057595955129,7.604168849143932,9.116420447355,8.852405449650467,8.864937830173108,9.116420447355,12.297470432112368,12.297470432112368,6.790034253955302,8.946903390740687,11.746087740439197,11.79790235311437,11.669619472440232,11.79247017413391,11.756534231769866,11.79247017413391,9.299563393331395,9.299563393331395,9.299563393331395,3.177994797267419,3.0162441467578094,5.2457543751380085,7.581407633363768,2.6577865171049657,1.7319790070726429,3.9612598050455756,3.7064160189565296,3.622860472624281,1.4921595644561951,1.0033423519329454,2.25005107331806,7.06329519940399,3.572727095850009,3.9069489138294715,1.0050135282085195,4.345612572324749,7.978351265145335,9.064735085150993,7.982529631406535,10.05216160177498,10.348755457258925,9.868356313638554,13.811599022598257,11.797484493172917,13.422978947862811,12.867214288949826,25.899333492205873,26.012096732769734,20.210813274614914,8.193198998276136,9.179082085190517,10.43648015403851,10.411415966433772,12.13246884990827,10.900165968463211,9.839114517727007,3.351304242351781,2.996190622665422,7.969994533376503,9.971460940277023,7.251319419498096,7.230427813978542,9.269478582866094,9.273657027969115,11.325304395415005,9.273657027969115,10.372596949309546,10.802985074015034,8.809851178739503,6.693459771971525,1.3041533575315807
5.282297029037114,1.4219748305593165,1.6793364198910445,0.0,1.4219748305593165,2.1589818845932953,1.4219748305593165,2.502836450633316,2.663274652265305,10.72076443221678,9.320956095212741,1.631295917372031,1.639645978176493,1.639645978176493,2.3812546265194703,3.09821448179844,3.0664608560234505,3.011309856798,8.166116383443242,9.54427424771413,8.131860514591864,12.676365518376645,11.077197815661581,11.285292255469136,11.118565937036202,15.130563151739137,15.130563151739137,15.130563151739137,15.346937558435242,14.73039400957596,8.28350526735308,9.79575686474943,9.531741867198678,9.54427424771413,9.79575686474943,12.976806847269822,12.976806847269822,6.110697835097492,8.267566972865776,11.066751324323327,11.118565937036202,10.990283056269053,11.113133758051783,11.077197815661581,11.113133758051783,8.620226975648045,8.620226975648045,8.620226975648045,2.4986583774903925,3.695580566458916,4.566417955775776,6.902071214828922,3.3371229368606135,1.0526425871829446,4.640596224559818,4.385752438527316,4.302196892212616,2.171495984327094,1.6826787718239102,1.570714653451939,6.383958780652763,4.25206351544864,4.586285333356146,1.6743228916826434,5.024948991745123,7.299014846788928,8.385398667339125,7.303193213052064,10.731498018585029,11.028091873870936,10.547692730568233,13.13226260813024,11.118148077094448,12.743642533062072,12.187877873691534,26.578669889782063,26.69143313014576,20.89014968112657,8.872535416186995,9.85841850254773,11.115816570590766,11.090752383003158,12.811805265199204,11.579502384690654,10.518450934675501,4.030640661993781,3.6755270423698168,7.290658115016227,9.292124522982622,6.57198300082323,6.55109139529507,8.590142165166068,8.5943206102714,10.645967978999854,8.5943206102714,9.693260532262348,10.123648657245537,8.130514760792492,7.372796190594037,1.9834897774121734
4.860322198836707,1.0,1.2573615893355226,1.4219748305593165,0.0,2.5809567151128547,1.0,2.924811281129869,3.085249482749369,11.142739260638828,9.742930924194804,2.053270747916919,1.217671147620198,1.217671147620198,2.803229457024744,3.520189312243031,3.488435686471202,3.4332846872511347,7.74414155393355,9.122299418662271,7.7098856850718445,13.098340345874409,11.499172643927492,11.707267083641351,11.54054076528364,14.708588325390128,14.708588325390128,14.708588325390128,14.924962732218283,14.308419182988125,7.861530437879166,9.373782035790034,9.109767038142282,9.122299418662271,9.373782035790034,12.554832019717708,12.554832019717708,6.532672665043552,8.689541802213347,11.488726152593891,11.54054076528364,11.412257884573545,11.535108586301646,11.499172643927492,11.535108586301646,9.042201804878598,9.042201804878598,9.042201804878598,2.9206332079872563,3.273605736032636,4.988392786026537,7.324046044578791,2.915148106398454,1.4746174177417188,4.218621394254889,3.9637776081858407,3.880222061859774,1.7495211537868345,1.2607039412684564,1.9926894839989617,6.8059336105341455,3.8300886850891227,4.1643105030431915,1.25234806112702,4.602974161500647,7.720989676430176,8.807373496648193,7.725168042692132,10.309523189993852,10.606117045404428,10.125717901901716,13.554237435388766,11.540122905342068,13.165617360525099,12.60985270143567,26.156695073226654,26.26945831371531,20.46817485898905,8.45056058690166,9.4364436736118,10.693841742161862,10.668777554563478,12.389830437563253,11.157527556466102,10.096476105997136,3.608665831606088,3.253552211941383,7.712632944659831,9.71409935197533,6.993957830658228,6.973066225135299,9.01211699440681,9.01629543951073,11.067942807453969,9.01629543951073,10.115235361103743,10.54562348591684,8.552489590184084,6.950821360858274,1.5615149468648424
6.441278912241177,2.5809567151128547,2.8383183044099134,2.1589818845932953,2.5809567151128547,0.0,2.5809567151128547,1.3438545660708099,1.5042927677219844,9.561782552577768,8.1619742141675,1.5276859672411143,2.798627862701223,2.798627862701223,1.2222727419444674,1.939232597322556,1.907478971541881,1.8523279723068398,9.3250982644785,10.703256127362078,9.290842395658714,11.517383641091993,9.918215936417829,10.126310376463126,9.959584057839304,16.28954502343719,16.28954502343719,16.28954502343719,16.505919429750232,15.889375881967696,9.442487148279016,10.954738744119732,10.690723746860264,10.703256127362078,10.954738744119732,14.13578872247523,14.13578872247523,4.951715951707033,7.1085850909158985,9.907769445067776,9.959584057839304,9.83130117692753,9.95415187884872,9.918215936417829,9.95415187884872,7.461245093986335,7.461245093986335,7.461245093986335,1.3396764929274283,4.854562450432844,3.4074360716939296,5.743089331902749,4.496104820966865,2.1063392974138218,5.799578108111418,5.544734322203299,5.461178775927695,3.3304778687576726,2.8416606563422775,1.5882672311613621,5.2249768974142,5.411045399186775,5.745267216934903,2.833304776202263,6.183930875094465,6.140032964123696,7.226416785483885,6.144211330389678,11.89047989685583,12.187073751771386,11.706674609063269,11.973280731459722,9.959166197897074,11.584660655866497,11.028895995776232,27.737651733502766,27.850414973512617,22.049131540714846,10.0315172965395,11.017400381847677,12.274798448379656,12.249734260824017,13.970787140650414,12.738484261874598,11.677432813205838,5.189622545830164,4.834508926351553,6.131676232345308,8.133142641910869,5.413001117694341,5.392109512153788,7.431160283479196,7.435338728588016,9.486986099279815,7.435338728588016,8.534278651568393,8.964666776978191,6.97153287873461,8.53177807232496,3.1424716618798887
4.860322198836707,1.0,1.2573615893355226,1.4219748305593165,1.0,2.5809567151128547,0.0,2.924811281129869,3.085249482749369,11.142739260638828,9.742930924194804,2.053270747916919,1.217671147620198,1.217671147620198,2.803229457024744,3.520189312243031,3.488435686471202,3.4332846872511347,7.74414155393355,9.122299418662271,7.7098856850718445,13.098340345874409,11.499172643927492,11.707267083641351,11.54054076528364,14.708588325390128,14.708588325390128,14.708588325390128,14.924962732218283,14.308419182988125,7.861530437879166,9.373782035790034,9.109767038142282,9.122299418662271,9.373782035790034,12.554832019717708,12.554832019717708,6.532672665043552,8.689541802213347,11.488726152593891,11.54054076528364,11.412257884573545,11.535108586301646,11.499172643927492,11.535108586301646,9.042201804878598,9.042201804878598,9.042201804878598,2.9206332079872563,3.273605736032636,4.988392786026537,7.324046044578791,2.915148106398454,1.4746174177417188,4.218621394254889,3.9637776081858407,3.880222061859774,1.7495211537868345,1.2607039412684564,1.9926894839989617,6.8059336105341455,3.8300886850891227,4.1643105030431915,1.25234806112702,4.602974161500647,7.720989676430176,8.807373496648193,7.725168042692132,10.309523189993852,10.606117045404428,10.125717901901716,13.554237435388766,11.540122905342068,13.165617360525099,12.60985270143567,26.156695073226654,26.26945831371531,20.46817485898905,8.45056058690166,9.4364436736118,10.693841742161862,10.668777554563478,12.389830437563253,11.157527556466102,10.096476105997136,3.608665831606088,3.253552211941383,7.712632944659831,9.71409935197533,6.993957830658228,6.973066225135299,9.01211699440681,9.01629543951073,11.067942807453969,9.01629543951073,10.115235361103743,10.54562348591684,8.552489590184084,6.950821360858274,1.5615149468648424
6.785133477755268,2.924811281129869,3.182172870409805,2.502836450633316,2.924811281129869,1.3438545660708099,2.924811281129869,0.0,1.1604382016526045,9.217927987749379,7.818119648959088,1.8715405333037953,3.142482428703909,3.142482428703909,1.12158182412682,1.5953780312616286,1.5636244054801103,1.5084734062436893,9.668952829272525,11.047110691707891,9.634696960463021,11.173529076910155,9.574361371697234,9.78245581180754,9.615729493131512,16.633399585275974,16.633399585275974,16.633399585275974,16.84977399146961,16.233230444022915,9.786341713037485,11.298593308376494,11.034578311210458,11.047110691707891,11.298593308376494,14.479643285411813,14.479643285411813,4.607861385888109,6.764730525467073,9.56391488034396,9.615729493131512,9.48744661218024,9.610297314139245,9.574361371697234,9.610297314139245,7.117390528613639,7.117390528613639,7.117390528613639,1.0041780731434067,5.198417016217496,3.0635815057109044,5.399234766200547,4.839959386800297,2.4501938634562697,6.143432673745664,5.8885888878812205,5.805033341619434,3.674332434718295,3.185515222341931,1.9321217972224796,4.88112233163308,5.754899964886686,6.0891217825786494,3.177159342202511,6.527785440658493,5.796178398488367,6.882562220060008,5.800356764755083,12.234334460761524,12.530928315559319,12.050529173040376,11.62942616744798,9.615311633189153,11.240806091709295,10.685041431420267,28.081506286736907,28.19426952663878,22.39298609880781,10.375371861112196,11.3612549460819,12.618653012132162,12.593588824586675,14.314641703664305,13.082338825435308,12.021287377194193,5.533477111565108,5.178363492139054,5.787821666708513,7.789288076695351,5.069146551940767,5.0482549463970905,7.0873057180998345,7.0914841632095795,9.14313153442937,7.0914841632095795,8.190424086454307,8.620812211979247,6.627678313257385,8.87563263734645,3.4863262278565235
6.945571679124056,3.085249482749369,3.3426110720202455,2.663274652265305,3.085249482749369,1.5042927677219844,3.085249482749369,1.1604382016526045,0.0,9.057489786642295,7.657681447680513,2.031978734948982,3.302920630315817,3.302920630315817,1.2820200257791416,1.4349398296111595,1.4031862038293799,1.348035204592544,9.829391030293348,11.207548892513852,9.795135161488783,11.013090876096614,9.41392317063897,9.62201761077874,9.455291292079048,16.793837784888957,16.793837784888957,16.793837784888957,17.010212191025982,16.393668643738547,9.94677991404123,11.45903150913986,11.195016512018515,11.207548892513852,11.45903150913986,14.640081485545966,14.640081485545966,4.447423184338026,6.604292324080706,9.403476679284234,9.455291292079048,9.327008411109876,9.449859113086017,9.41392317063897,9.449859113086017,6.956952327261327,6.956952327261327,6.956952327261327,1.1646162747960056,5.358855217719124,2.903143304090677,5.238796564701636,5.000397588326176,2.610632065089611,6.3038708751731845,6.049027089330177,5.9654715430751875,3.834770636308366,3.3459534239522464,2.0925599988666854,4.720684130099501,5.91533816634646,6.249559984010827,3.337597543813138,6.6882236420516525,5.635740197019007,6.7221240186847915,5.639918563286048,12.394772661357191,12.691366516098812,12.210967373670126,11.468987966711905,9.454873432136628,11.080367890906974,10.524603230527509,28.24194448228746,28.35470772213849,22.553424296649084,10.535810062026808,11.521693146834483,12.779091212654755,12.754027025114109,14.475079903835221,13.242777025866484,12.181725577829319,5.693915313042147,5.338801693642094,5.627383465238504,7.628849875413583,4.908708350419257,4.887816744874211,6.9268675167445375,6.931045961854694,8.982693333312309,6.931045961854694,8.0299858852182,8.460374010795068,6.467240111858336,9.036070838476705,3.6467644294548474
15.003061431296464,11.142739260638828,11.400100848579633,10.72076443221678,11.142739260638828,9.561782552577768,11.142739260638828,9.217927987749379,9.057489786642295,0.0,2.399808342814806,10.089468517709832,11.36041040708391,11.36041040708391,9.339509811448313,8.622549958402782,8.654303584089725,8.709454583159857,17.88688075518469,19.265038601928556,17.85262488674472,2.9556010975470524,1.3564333852363317,1.5645278261483553,1.3978015068270817,24.851327415395566,24.851327415395566,24.851327415395566,25.067701817953846,24.451158280761092,18.004269637675787,19.516521215560147,19.25250622158106,19.265038601928556,19.516521215560147,22.697571149550175,22.697571149550175,5.610066608877338,3.453197468246383,1.34598689384377,1.3978015068270817,1.2695186253952786,1.3923693278141833,1.3564333852363317,1.3923693278141833,3.1005374645546397,3.1005374645546397,3.1005374645546397,9.222106060878287,13.416344981958105,7.154346487396632,4.81869322863465,13.057887355001924,10.668121845287976,14.361360632477131,14.106516848577263,14.022961302947639,11.892260410171339,11.403443200494,10.150049781372262,5.3368056632161744,13.972827926591355,14.307049741733403,11.39508732039896,14.745713396323056,4.421749596182866,3.335365773482956,4.417571229913715,20.452262356173854,20.748856207085645,20.2684570708235,3.4114981905027797,1.3973836468831338,3.022878112692002,2.4671134496606033,36.29943386984615,36.41219710676003,30.610913818593865,18.593299779182242,19.579182852500473,20.836580902494813,20.811516715282465,22.532569570246515,21.3002667095387,20.23921527535186,13.751405074907046,13.396291458020213,4.43010632796754,2.428639915144079,5.148781442929566,5.169673048472371,3.1306222751190433,3.1264438300023176,1.074796453576804,3.1264438300023176,2.0275039044103735,1.5971157776888059,3.590249680639646,17.093560571561444,11.704254204371559
13.603253101166176,9.742930924194804,10.000292512489745,9.320956095212741,9.742930924194804,8.1619742141675,9.742930924194804,7.818119648959088,7.657681447680513,2.399808342814806,0.0,8.689660179915847,9.960602070938789,9.960602070938789,7.93970147279045,7.222741618994723,7.254495244713325,7.30964624383879,16.48707243117289,17.8652302812645,16.452816562653204,4.35540943989108,2.7562417280062195,2.96433616888359,2.7976098495905752,23.451519111111335,23.451519111111335,23.451519111111335,23.667893514394812,23.051349975153506,16.604461313938458,18.11671289553656,17.85269790088533,17.8652302812645,18.11671289553656,21.297762838416585,21.297762838416585,4.210258267125104,2.053389125617069,2.7457952366152334,2.7976098495905752,2.6693269681778,2.79217767057853,2.7562417280062195,2.79217767057853,1.700729121845483,1.700729121845483,1.700729121845483,7.8222977220925145,12.016536648972766,5.754538146683069,3.41888488648298,11.658079021421837,9.268313508215872,12.961552301148496,12.706708516789188,12.623152971010962,10.49245207478524,10.003634864408776,8.750241443651593,3.9369973213158413,12.573019594566002,12.907241410306073,9.995278984302084,13.345905065705052,3.0219412538647314,1.9355574308249786,3.0177628875939506,19.0524540386136,19.349047890332564,18.86864875276941,4.8113065326582145,2.797191989646693,4.422686455010073,3.8669217921736267,34.89962561324306,35.01238885072112,29.211105535924005,17.193491456852193,18.179374532637894,19.436772585982908,19.411708398701546,21.13276125861584,19.900458394320054,18.839406957219644,12.351596742494372,11.996483125001111,3.0302979856526773,1.0288315723322288,3.7489731009335627,3.7698647064867488,1.7308139324160017,1.7266354872984186,2.325011889245115,1.7266354872984186,1.3723044384318874,1.8026925651603976,2.1904413380461807,15.69375224574687,10.304445868712493
5.913592945725776,2.053270747916919,2.3106323372341713,1.631295917372031,2.053270747916919,1.5276859672411143,2.053270747916919,1.8715405333037953,2.031978734948982,10.089468517709832,8.689660179915847,0.0,2.2709418955221325,2.2709418955221325,1.74995870918106,2.466918564526299,2.4351649387476693,2.38001393951605,8.797412298999951,10.175570162538776,8.763156430165196,12.045069605185606,10.445901901376036,10.653996341316653,10.487270022776887,15.761859062329165,15.761859062329165,15.761859062329165,15.978233468820317,15.361689920536985,8.914801182852251,10.427052779427152,10.163037782030539,10.175570162538776,10.427052779427152,13.608102759733415,13.608102759733415,5.479401918468178,7.636271057058086,10.435455410031174,10.487270022776887,10.358987141928761,10.481837843789014,10.445901901376036,10.481837843789014,7.9889310600033605,7.9889310600033605,7.9889310600033605,1.8673624601605507,4.326876483539746,3.9351220387434136,6.270775298466057,3.9684188540073806,1.5786533301900754,5.271892141426792,5.0170483554576775,4.933492809162841,2.802791901630558,2.313974689166821,1.0605812639212144,5.7526628641108655,4.883359432410565,5.217581250236982,2.305618809026093,5.65624490850851,6.6677189305749955,7.754102751585002,6.671897296839754,11.362793932679882,11.659387787769138,11.178988644782079,12.500966695281528,10.486852162834865,12.112346619920705,11.556581960148618,27.20996578532894,27.32272902550183,21.52144558521907,9.503831331383909,10.489714417188202,11.747112484429703,11.722048296859079,13.443101177793856,12.21079829820802,11.149746848908071,4.66193657900543,4.306822959454557,6.659362198799054,8.66082860767079,5.940687084344292,5.919795478809024,7.958846249507161,7.9630246946144645,10.01467206444749,7.9630246946144645,9.061964617163175,9.49235274238611,7.499218844923624,8.004092106516085,2.614785694732646
4.6426510513740045,1.217671147620198,1.039690441715439,1.639645978176493,1.217671147620198,2.798627862701223,1.217671147620198,3.142482428703909,3.302920630315817,11.36041040708391,9.960602070938789,2.2709418955221325,0.0,1.0,3.020900604604152,3.7378604597860035,3.7061068340160315,3.6509558347991358,7.526470406806497,8.904628271761515,7.49221453793971,13.316011491828707,11.716843790289477,11.924938229953515,11.758211911635797,14.490917179843612,14.490917179843612,14.490917179843612,14.707291586738332,14.09074803732127,7.643859290769728,9.156110888935173,8.892095891239276,8.904628271761515,9.156110888935173,12.337160873565997,12.337160873565997,6.75034381230779,8.907212949153417,11.706397298958354,11.758211911635797,11.629929030956058,11.752779732655101,11.716843790289477,11.752779732655101,9.259872951755778,9.259872951755778,9.259872951755778,3.138304355561486,3.0559345884647833,5.20606393345901,7.541717191736159,2.6974769588146588,1.6922885653582385,4.000950246742866,3.7461064606567915,3.6625509143254584,1.5318500061710996,1.043032793648384,2.2103606316057105,7.023604757763062,3.6124175375517225,3.9466393555274184,1.0346769135069198,4.385303014017057,7.9386608235286715,9.02504464356756,7.942839189789988,10.091852043322232,10.388445898794993,9.908046755192553,13.771908581216389,11.75779405169433,13.38328850646099,12.827523847520553,25.939023932650077,26.05178717320238,20.25050371557374,8.232889439885275,9.218772526768594,10.4761705955712,10.451106407967432,12.172159291369478,10.939856409977528,9.878804959282068,3.3909946840557392,3.035881064372562,7.930304091759602,9.931770498725008,7.211628977861875,7.190737372341791,9.229788141289465,9.233966586392624,11.285613953916128,9.233966586392624,10.332906507772497,10.763294632494775,8.770160737147842,6.733150213620286,1.3438437992468062
4.6426510513740045,1.217671147620198,1.039690441715439,1.639645978176493,1.217671147620198,2.798627862701223,1.217671147620198,3.142482428703909,3.302920630315817,11.36041040708391,9.960602070938789,2.2709418955221325,1.0,0.0,3.020900604604152,3.7378604597860035,3.7061068340160315,3.6509558347991358,7.526470406806497,8.904628271761515,7.49221453793971,13.316011491828707,11.716843790289477,11.924938229953515,11.758211911635797,14.490917179843612,14.490917179843612,14.490917179843612,14.707291586738332,14.09074803732127,7.643859290769728,9.156110888935173,8.892095891239276,8.904628271761515,9.156110888935173,12.337160873565997,12.337160873565997,6.75034381230779,8.907212949153417,11.706397298958354,11.758211911635797,11.629929030956058,11.752779732655101,11.716843790289477,11.752779732655101,9.259872951755778,9.259872951755778,9.259872951755778,3.138304355561486,3.0559345884647833,5.20606393345901,7.541717191736159,2.6974769588146588,1.6922885653582385,4.000950246742866,3.7461064606567915,3.6625509143254584,1.5318500061710996,1.043032793648384,2.2103606316057105,7.023604757763062,3.6124175375517225,3.9466393555274184,1.0346769135069198,4.385303014017057,7.9386608235286715,9.02504464356756,7.942839189789988,10.091852043322232,10.388445898794993,9.908046755192553,13.771908581216389,11.75779405169433,13.38328850646099,12.827523847520553,25.939023932650077,26.05178717320238,20.25050371557374,8.232889439885275,9.218772526768594,10.4761705955712,10.451106407967432,12.172159291369478,10.939856409977528,9.878804959282068,3.3909946840557392,3.035881064372562,7.930304091759602,9.931770498725008,7.211628977861875,7.190737372341791,9.229788141289465,9.233966586392624,11.285613953916128,9.233966586392624,10.332906507772497,10.763294632494775,8.770160737147842,6.733150213620286,1.3438437992468062
6.6635516538333315,2.803229457024744,3.060591046311093,2.3812546265194703,2.803229457024744,1.2222727419444674,2.803229457024744,1.12158182412682,1.2820200257791416,9.339509811448313,7.93970147279045,1.74995870918106,3.020900604604152,3.020900604604152,0.0,1.7169598553857814,1.6852062296045172,1.6300552303685074,9.547371005609198,10.92552886820496,9.513115136796012,11.295110900383195,9.69594319535855,9.904037635446159,9.737311316788357,16.51181776266725,16.51181776266725,16.51181776266725,16.72819216890341,16.11164862133711,9.664759889386893,11.1770114849054,10.912996487705962,10.92552886820496,11.1770114849054,14.358061462411932,14.358061462411932,4.729443209930877,6.886312349381975,9.6854967040064,9.737311316788357,9.609028435850876,9.731879137796678,9.69594319535855,9.731879137796678,7.238972352502115,7.238972352502115,7.238972352502115,1.1174037509834163,5.07683519219769,3.1851633298095514,5.520816590203144,4.718377562762745,2.3286120393414924,6.021850849780352,5.76700706390011,5.683451517633322,3.5527506106341504,3.0639333982433063,1.8105399731003815,5.002704155662861,5.6333181408976145,5.967539958609902,3.055577518103665,6.4062036167185425,5.91776022246787,7.004144043966254,5.921938588734332,12.112752637415861,12.409346492255708,11.928947349669206,11.751007990861508,9.736893456846044,11.362387915173718,10.806623254954197,27.959924467186557,28.07268770712677,22.271404277531552,10.253790037528109,11.239673122618862,12.497071188841197,12.472007001292086,14.19305988063686,12.960757002212805,11.89970555381901,5.4118952875633415,5.056781668118211,5.909403490688523,7.910869900529183,5.190728375961069,5.169836770418468,7.2088875419906255,7.213065987100047,9.264713358135998,7.213065987100047,8.312005910252832,8.742394035737657,6.749260137182139,8.754050813601594,3.364744403766456
7.380511507886677,3.520189312243031,3.7775509014859225,3.09821448179844,3.520189312243031,1.939232597322556,3.520189312243031,1.5953780312616286,1.4349398296111595,8.622549958402782,7.222741618994723,2.466918564526299,3.7378604597860035,3.7378604597860035,1.7169598553857814,0.0,1.0317536257820659,1.0869046250192915,10.264330858074265,11.642488719693958,10.230074989283551,10.57815104862685,8.978983342527052,9.18707778274393,9.020351463982305,17.228777608760602,17.228777608760602,17.228777608760602,17.445152014741286,16.828608467893797,10.38171974177429,11.893971336201135,11.629956339204467,11.642488719693958,11.893971336201135,15.075021310859162,15.075021310859162,4.012483354958919,6.1693524951167165,8.968536851168494,9.020351463982305,8.89206858296632,9.014919284987274,8.978983342527052,9.014919284987274,6.522012498384963,6.522012498384963,6.522012498384963,1.5995561044049587,5.793795046862982,2.468203474541963,4.8038567354507204,5.4353374175405476,3.0455718946271113,6.738810704103563,6.483966918322063,6.400411372086606,4.269710465712272,3.7808932534175406,2.5274998284405354,4.285744300761497,6.350277995369449,6.68449981295456,3.7725373732793885,7.123163470883766,5.200800367842917,6.287184189749462,5.204978734110784,12.829712487951406,13.126306342536783,12.645907200359185,11.034048139446087,9.019933604039728,10.645428063466724,10.089663402849501,28.676884294993712,28.7896475347054,22.988364115641076,10.970749889510401,11.956632973865712,13.214031039045757,13.188966851518563,14.910019729250259,13.677716852003481,12.616665404533322,6.12885514211489,5.773741522790048,5.1924436360607675,7.193910046719522,4.473768521111472,4.452876915562991,6.49192768786048,6.496106132971703,8.547753505046742,6.496106132971703,7.595046056642572,8.025434182354498,6.032300282861792,9.471010666564853,4.081704258883629
7.348757882170756,3.488435686471202,3.745797275716305,3.0664608560234505,3.488435686471202,1.907478971541881,3.488435686471202,1.5636244054801103,1.4031862038293799,8.654303584089725,7.254495244713325,2.4351649387476693,3.7061068340160315,3.7061068340160315,1.6852062296045172,1.0317536257820659,0.0,1.0551509992372334,10.232577232431913,11.610735094096377,10.198321363640167,10.609904674258882,9.01073696820491,9.218831408416296,9.052105089659081,17.197023983408236,17.197023983408236,17.197023983408236,17.413398389400474,16.79685484252046,10.34996611613551,11.862217710612397,11.598202713606453,11.610735094096377,11.862217710612397,15.043267685400139,15.043267685400139,4.0442369807260246,6.201106120854936,9.000290476846628,9.052105089659081,8.923822208646435,9.046672910664197,9.01073696820491,9.046672910664197,6.553766124117016,6.553766124117016,6.553766124117016,1.5678024786234483,5.762041421118185,2.4999571003204357,4.835610361208988,5.403583791790367,3.013818268851769,6.707057078374974,6.452213292588818,6.368657746351878,4.23795683994749,3.749139627647954,2.4957462026621986,4.317497926525783,6.318524369633845,6.65274618722496,3.740783747509726,7.091409845162604,5.232553993595984,6.3189378154856675,5.236732359863794,12.79795886239738,13.09455271699436,12.614153574798113,11.06580176506353,9.051687229716523,10.677181689096646,10.121417028496412,28.64513067046404,28.757893910185963,22.956610490648753,10.93899626389022,11.92487934827921,13.182277413506823,13.15721322597863,14.87826610378369,13.645963226483397,12.584911778971142,6.097101516375507,5.74198789704494,5.224197261813949,7.2256636724387056,4.505522146873675,4.484630541325432,6.523681313593077,6.527859758704224,8.579507130735536,6.527859758704224,7.6267996823533775,8.057187808055726,6.064053908602298,9.43925704089955,4.049950633116906
7.293606883046846,3.4332846872511347,3.6906462765000168,3.011309856798,3.4332846872511347,1.8523279723068398,3.4332846872511347,1.5084734062436893,1.348035204592544,8.709454583159857,7.30964624383879,2.38001393951605,3.6509558347991358,3.6509558347991358,1.6300552303685074,1.0869046250192915,1.0551509992372334,0.0,10.17742623343507,11.555584095176954,10.143170364641538,10.66505567323316,9.065887967259183,9.273982407460979,9.10725608871147,17.14187298491334,17.14187298491334,17.14187298491334,17.358247390925595,16.741703843989242,10.294815117144843,11.807066711708265,11.543051714686277,11.555584095176954,11.807066711708265,14.988116686720517,14.988116686720517,4.099387979936527,6.256257120014733,9.055441475901373,9.10725608871147,8.978973207704641,9.10182390971683,9.065887967259183,9.10182390971683,6.6089171232660195,6.6089171232660195,6.6089171232660195,1.51265147938704,5.706890421944512,2.5551080995510596,4.8907613604039435,5.348432792607431,2.9586672696257166,6.651906079229217,6.397062293435033,6.313506747195542,4.182805840739475,3.6939886284317165,2.440595203431073,4.372648925731317,6.263373370475996,6.597595188077462,3.68563274829336,7.036258846029653,5.2877049927818085,6.374088814641936,5.291883359049517,12.742807863553312,13.039401718170371,12.559002575941854,11.120952764012355,9.106838228768925,10.732332688067244,10.176568027496662,28.58997967339519,28.702742913134887,22.901459492777768,10.883845264931711,11.869728349378944,13.127126414688865,13.102062227158946,14.823115105091011,13.590812227698065,12.529760780112966,6.041950517211151,5.686836897870728,5.279348260999974,7.280814671565196,4.560673146075546,4.539781540527719,6.578832312743027,6.583010757854044,8.634658129808901,6.583010757854044,7.681950681465208,8.112338807150817,6.1192049077661,9.384106041863038,3.9947996339055694
3.8838193589628593,7.74414155393355,7.48677996517755,8.166116383443242,7.74414155393355,9.3250982644785,7.74414155393355,9.668952829272525,9.829391030293348,17.88688075518469,16.48707243117289,8.797412298999951,7.526470406806497,7.526470406806497,9.547371005609198,10.264330858074265,10.232577232431913,10.17742623343507,0.0,2.378157868617887,1.0342558689415535,19.842481820783675,18.243314135091325,18.45140857279006,18.284682256049255,7.964446804648258,7.964446804648258,7.964446804648258,8.180821213048635,7.564277659424509,1.1173888842254283,2.629640486597858,2.365625488056582,2.378157868617887,2.629640486597858,5.810690485104568,5.810690485104568,13.276814195413788,15.433683317653294,18.232867643858093,18.284682256049255,18.156399376570167,18.279250077119624,18.243314135091325,18.279250077119624,15.786343317571111,15.786343317571111,15.786343317571111,9.664774756145263,5.47053582143006,11.732534325107881,14.068187569844984,5.828993450746069,8.218758970486036,4.525520163619001,4.780363949638228,4.863919495938144,6.994620401706507,7.483437613251841,8.736831035266803,13.55007513919097,4.914052872690776,4.579831054823865,7.491793493375202,4.141167396363075,14.465131198972967,15.551515011179738,14.469309565205679,3.5653816443591095,3.861975501024422,3.381576355520115,20.298378905340424,18.28426439611172,19.9097588347118,19.35399418149759,19.412553680533083,19.52531692273844,13.72403339123011,1.7064190347966168,2.6923021246388155,3.9497001981647064,3.924636010456388,5.645688902020677,4.4133860145815484,3.352334559498882,5.135475726073353,5.490589345505869,14.456774467261084,16.458240859195243,13.738099358106071,13.717207752718679,15.756258507337064,15.760436952408002,17.812084302698395,15.760436952408002,16.859376864907535,17.289764985931637,15.296631106668528,1.7933201947151065,7.182626608273872
5.261977226707739,9.122299418662271,8.864937830173108,9.54427424771413,9.122299418662271,10.703256127362078,9.122299418662271,11.047110691707891,11.207548892513852,19.265038601928556,17.8652302812645,10.175570162538776,8.904628271761515,8.904628271761515,10.92552886820496,11.642488719693958,11.610735094096377,11.555584095176954,2.378157868617887,0.0,2.412413737556003,21.220639662387082,19.621471980938523,19.82956641810548,19.662840101791225,6.586288938796843,6.586288938796843,6.586288938796843,6.802663347393721,6.18611979322724,2.260768984402975,1.251482618009096,1.012532380562521,1.0,1.251482618009096,4.432532617660588,4.432532617660588,14.654972052136824,16.811841170081536,19.61102548973183,19.662840101791225,19.53455722263767,19.657407922875425,19.621471980938523,19.657407922875425,17.16450116923455,17.16450116923455,17.16450116923455,11.042932618586178,6.848693688191084,13.110692184501572,15.446345425068655,7.20715131723536,9.596916834698034,5.903678031009019,6.158521816871103,6.242077363117489,8.372778267186197,8.8615954782508,10.114988898878329,14.928232995406288,6.29221073983753,5.957988922181164,8.86995135836565,5.51932526397266,15.843289053411203,16.929672863354398,15.847467419635526,2.1872237759576874,2.483817632708366,2.003418487072069,21.676536745667836,19.66242224185475,21.28791667612875,20.732152024435624,18.03439583424638,18.147159076737516,12.345875532884298,1.671738833854989,1.3141442560587095,2.571542329876297,2.5464781421599687,4.267531034481919,3.035228146457453,1.9741766910438607,6.513633593071888,6.868747212252172,15.834932321716083,17.83639870935289,15.116257213965909,15.095365608618264,17.134416359066428,17.138594804128218,19.19024214962814,17.138594804128218,18.237534714135776,18.66792283413741,16.674788959389243,3.171478063210604,8.560784473572676
3.8495634900358113,7.7098856850718445,7.452524096309852,8.131860514591864,7.7098856850718445,9.290842395658714,7.7098856850718445,9.634696960463021,9.795135161488783,17.85262488674472,16.452816562653204,8.763156430165196,7.49221453793971,7.49221453793971,9.513115136796012,10.230074989283551,10.198321363640167,10.143170364641538,1.0342558689415535,2.412413737556003,0.0,19.808225952466604,18.209058266672745,18.417152704384186,18.250426387633194,7.998702673503676,7.998702673503676,7.998702673503676,8.215077081898627,7.5985335282895194,1.1516447531669503,2.6638963555346233,2.3998813569947592,2.412413737556003,2.6638963555346233,5.844946354004943,5.844946354004943,13.242558326737274,15.399427449078152,18.198611775438888,18.250426387633194,18.12214350814634,18.244994208703236,18.209058266672745,18.244994208703236,15.7520874490141,15.7520874490141,15.7520874490141,9.630518887335633,5.436279952523509,11.698278456368836,14.033931701203763,5.794737581845377,8.18450310163599,4.4912642946991745,4.746108080721672,4.8296636270227085,6.960364532828005,7.449181744384067,8.702575166430389,13.515819270526395,4.879797003776027,4.545575185904713,7.457537624507618,4.106911527438749,14.430875330350283,15.517259142610603,14.435053696583187,3.599637513288884,3.8962313699513347,3.4158322244515067,20.264123037053924,18.250008527695627,19.875502966399186,19.31973831314856,19.44680954887364,19.559572791071613,13.7582892598846,1.7406749037372464,2.726557993575209,3.9839560670907126,3.9588918793826564,5.679944770923819,4.447641883502314,3.38659042843052,5.101219857161735,5.456333476599634,14.422518598638,16.42398499067398,13.70384348944986,13.682951884061534,15.722002638778486,15.726181083849646,17.777828434253987,15.726181083849646,16.825120996408373,17.25550911745682,15.262375238086461,1.7590643257746161,7.148370739399395
16.958662506413162,13.098340345874409,13.355701933233913,12.676365518376645,13.098340345874409,11.517383641091993,13.098340345874409,11.173529076910155,11.013090876096614,2.9556010975470524,4.35540943989108,12.045069605185606,13.316011491828707,13.316011491828707,11.295110900383195,10.57815104862685,10.609904674258882,10.66505567323316,19.842481820783675,21.220639662387082,19.808225952466604,0.0,2.5991677123678407,2.3910732714773912,2.5577995907820705,26.8069284510919,26.8069284510919,26.8069284510919,27.023302852564278,26.406759318440802,19.959870702851838,21.47212227503932,21.20810728208806,21.220639662387082,21.47212227503932,24.65317219553976,24.65317219553976,7.565667703389481,5.408798564709241,2.609614203759091,2.5577995907820705,2.686082472197313,2.563231769794335,2.5991677123678407,2.563231769794335,5.056138561247647,5.056138561247647,5.056138561247647,11.17770715003135,15.371946061597082,9.10994757993833,6.774294323970978,15.013488435592343,12.623722931560636,16.316961709483785,16.06211792631149,15.978562380917563,13.847861493676868,13.359044285140643,12.105650868725235,7.29240675802712,15.928429004702027,16.262650818896212,13.350688405064691,16.701314472207663,6.37735069188525,5.290966870025488,6.373172325619786,22.407863411896933,22.704457261581304,22.224058127298324,1.4558970930658741,2.5582174507259707,1.067277015158585,1.4884876479582583,38.255034835079414,38.36779807116717,32.56651482215683,20.54890084219417,21.534783911733648,22.79218195662403,22.767117769516545,24.488170616986032,23.25586776170524,22.194816331945646,15.707006153633298,15.351892537713102,6.385707423662544,4.384241012206527,7.104382537937404,7.125274143458683,5.086223371793391,5.082044926679267,3.030397551108637,5.082044926679267,3.9831050016502147,3.5527168750830924,5.5458507770063274,19.049161639945805,13.659855288321667
