1000.0,9.106676617557085,8.566217280339277,9.992823760977938,9.106676617557085,12.426685715706471,9.106676617557085,13.148780303286062,13.485700526160516,30.406429005722575,27.466831512448966,11.31854518602413,8.649567207885408,8.649567207885408,12.893458473049996,14.39907416656202,14.332391552558585,14.216574454398376,7.056020653822004,9.95015217608625,6.984083329075204,34.51319126346763,31.154939106992526,31.591937428219904,31.241812161411573,21.681358922162126,21.681358922162126,21.681358922162126,22.135745178651582,20.841003719244362,7.302537310585454,10.478265673381674,9.923834176929528,9.95015217608625,10.478265673381674,17.15847066098362,17.15847066098362,20.725289192484933,25.254714365191262,31.133001475300038,31.241812161411573,30.97241811324566,31.230404585605783,31.154939106992526,31.230404585605783,25.995300367910318,25.995300367910318,25.995300367910318,13.140006349699997,4.332104573393716,17.482301455161224,22.38717328432637,5.084865595674557,10.103373193956541,2.3475716904836412,2.8827436414755363,3.0582102888294265,7.532682195577372,8.559198341284773,11.19132453194564,21.299137176284557,3.1634903800864875,2.461624562085368,8.576745689570124,1.5404308787926393,23.220754908418503,25.502160922554353,23.22952947753849,12.44332210261229,13.066169200839777,12.057330996499795,35.47057514603738,31.240934655538613,34.65447299344651,33.48736721575189,45.7223832603183,45.95918606754376,33.77649071334048,8.539500626103347,10.60985511314629,13.250391064596188,13.197756270477264,16.811967337143425,14.224131277732695,11.995923224924752,3.628478372546655,4.374216973990924,23.203205771760985,27.406285211044036,21.693988037318235,21.650115665857857,25.93212226616912,25.94089700085273,30.249356454784024,25.94089700085273,28.248670826590313,29.152485884661424,24.966904721020352,5.390048245437791,7.927495229913606
9.106676617557085,1000.0,1.540459337604597,1.8861471441745643,1.0,4.320009101736995,1.0,5.042103690372725,5.3790239137736755,22.29975244734154,19.360154940809085,3.2118685706255303,1.4571094100024156,1.4571094100024156,4.786781859751962,6.292397555710365,6.2257149415895245,6.109897843227382,15.162697263260455,18.056828779190766,15.090759938650871,26.40651472633626,23.048262552247735,23.485260875646837,23.13513560709564,29.788035483319266,29.788035483319266,29.788035483319266,30.242421737658393,28.947680284275062,15.409213919546248,18.584942275159072,18.03051078009879,18.056828779190766,18.584942275159072,25.265147241407185,25.265147241407185,12.618612596591458,17.148037784648025,23.02632492044717,23.13513560709564,22.865741557604448,23.12372803123346,23.048262552247735,23.12372803123346,17.888623790245052,17.888623790245052,17.888623790245052,5.033329736773238,5.774572045668536,9.37562485065573,14.28049669361546,5.021811023436753,1.9966965772576097,7.759104927935267,7.223932977190266,7.0484663299055255,2.573994422952352,1.5474782766637585,3.0846479163978193,13.192460582121702,6.943186238687157,7.6450520563907025,1.5299309283667415,8.56624573915136,15.114078320503367,17.395484342961208,15.122852889653474,20.54999869898709,21.172845795349296,20.164007593993603,27.363898614316405,23.134258101218343,26.54779645710271,25.380690673014907,53.829059653775964,54.06586245880216,41.883167203877,16.64617723249348,18.71653171458478,21.357067658539908,21.3044328645833,24.918643918882832,22.33080786857881,20.10259982259398,6.478198246372783,5.732459645076904,15.096529183785645,19.29960863914819,13.58731144438228,13.543439072784128,17.8254456882543,17.834220422972532,22.14267989565333,17.834220422972532,20.141994258317858,21.045809320425363,16.860228139386574,13.496724857802375,2.1791813884161693
8.566217280339277,1.540459337604597,1000.0,2.4266064817711936,1.540459337604597,4.860468439260819,1.540459337604597,5.582563027860591,5.919483251242514,22.840211782017228,19.900614276228463,3.752327908191759,1.0833499276024217,1.0833499276024217,5.3272411972532945,6.832856893120437,6.76617427900424,6.650357180650035,14.622237926872854,17.516369443363526,14.550300602250688,26.946974059791213,23.588721886716716,24.02572020999188,23.675594941540176,29.24757615084832,29.24757615084832,29.24757615084832,29.701962405352482,28.40722095150577,14.868754583202255,18.0444829394455,17.49005144426598,17.516369443363526,18.0444829394455,24.724687907435975,24.724687907435975,13.159071933306134,17.68849712055544,23.566784254922315,23.675594941540176,23.406200892124485,23.664187365681208,23.588721886716716,23.664187365681208,18.429083125995927,18.429083125995927,18.429083125995927,5.57378907426158,5.234112708191399,9.916084187789817,14.820956030063913,4.481351685920428,2.53715591485255,7.218645590595709,6.683473639808711,6.508006992510989,2.0335350853580096,1.0070189390591855,3.625107253967926,13.732919918748378,6.402726901285018,7.10459271904189,1.0105284092378908,8.025786401881973,15.654537656805203,17.935943678817083,15.663312225953721,20.009539363727455,20.63238646024374,19.623548258640962,27.904357947456337,23.674717435663123,27.088255790511898,25.921150006794633,53.28860033363233,53.525403138816436,41.342707876691314,16.105717896379883,18.176072378900088,20.816608323480867,20.76397352951092,24.378184584807364,21.790348533772743,19.562140487226714,5.93773890893874,5.192000307597385,15.636988520090654,19.840067974581746,14.127770780946001,14.083898409354937,18.365905024018797,18.37467975873514,22.68313923037151,18.37467975873514,20.682453593550044,21.586268655431567,17.40068747535296,12.956265521140201,1.6387220508163192
9.992823760977938,1.8861471441745643,2.4266064817711936,1000.0,1.8861471441745643,3.4338619576459197,1.8861471441745643,4.155956546329962,4.49287676975714,21.413605307655235,18.474007799946754,2.325721426481265,2.343256554170635,2.343256554170635,3.900634715690887,5.406250411776723,5.339567797649246,5.223750699275799,16.048844405230803,18.942975920199668,15.976907080642912,25.520367588590954,22.16211541288932,22.599113736485183,22.248988467776027,30.674182618652186,30.674182618652186,30.674182618652186,31.128568872714006,29.833827420109515,16.29536106144147,19.4710894159738,18.916657921117224,18.942975920199668,19.4710894159738,26.151294379266623,26.151294379266623,11.732465453704734,16.26189064301813,22.140177781078986,22.248988467776027,21.97959441816501,22.237580891908742,22.16211541288932,22.237580891908742,17.002476648860895,17.002476648860895,17.002476648860895,4.147182592729824,6.660719189563723,8.48947770712913,13.394349551140735,5.907958167407288,1.1105494330841839,8.645252071575618,8.110080120907362,7.934613473646493,3.4601415670868967,2.4336254208302117,2.198500772249072,12.306313439370802,7.829333382442143,8.531199200047906,2.4160780725335504,9.452392882664759,14.22793117825675,16.509337201412166,14.236705747409335,21.43614583902856,22.058992935128966,21.05015473419329,26.477751477073504,22.24811096189834,25.66164931943035,24.49454353475222,54.71520676854233,54.95200957330609,42.769314330365795,17.53232437399269,19.60267885535023,22.243214798240604,22.19058000430663,25.80479105691833,23.216955007850373,20.98874696281855,7.364345390186941,6.618606788976615,14.210382041534077,18.413461498263505,12.701164301728781,12.657291930119646,16.93929854684874,16.948073281569936,21.256532755899695,16.948073281569936,19.255847117750932,20.159662180215626,15.974080997664233,14.382872000247476,3.065328532565564
9.106676617557085,1.0,1.540459337604597,1.8861471441745643,1000.0,4.320009101736995,1.0,5.042103690372725,5.3790239137736755,22.29975244734154,19.360154940809085,3.2118685706255303,1.4571094100024156,1.4571094100024156,4.786781859751962,6.292397555710365,6.2257149415895245,6.109897843227382,15.162697263260455,18.056828779190766,15.090759938650871,26.40651472633626,23.048262552247735,23.485260875646837,23.13513560709564,29.788035483319266,29.788035483319266,29.788035483319266,30.242421737658393,28.947680284275062,15.409213919546248,18.584942275159072,18.03051078009879,18.056828779190766,18.584942275159072,25.265147241407185,25.265147241407185,12.618612596591458,17.148037784648025,23.02632492044717,23.13513560709564,22.865741557604448,23.12372803123346,23.048262552247735,23.12372803123346,17.888623790245052,17.888623790245052,17.888623790245052,5.033329736773238,5.774572045668536,9.37562485065573,14.28049669361546,5.021811023436753,1.9966965772576097,7.759104927935267,7.223932977190266,7.0484663299055255,2.573994422952352,1.5474782766637585,3.0846479163978193,13.192460582121702,6.943186238687157,7.6450520563907025,1.5299309283667415,8.56624573915136,15.114078320503367,17.395484342961208,15.122852889653474,20.54999869898709,21.172845795349296,20.164007593993603,27.363898614316405,23.134258101218343,26.54779645710271,25.380690673014907,53.829059653775964,54.06586245880216,41.883167203877,16.64617723249348,18.71653171458478,21.357067658539908,21.3044328645833,24.918643918882832,22.33080786857881,20.10259982259398,6.478198246372783,5.732459645076904,15.096529183785645,19.29960863914819,13.58731144438228,13.543439072784128,17.8254456882543,17.834220422972532,22.14267989565333,17.834220422972532,20.141994258317858,21.045809320425363,16.860228139386574,13.496724857802375,2.1791813884161693
12.426685715706471,4.320009101736995,4.860468439260819,3.4338619576459197,4.320009101736995,1000.0,4.320009101736995,1.722094588748701,2.059014812216167,18.979743360413313,16.040145849751752,2.10814053120634,4.777118511672569,4.777118511672569,1.4667727580833818,2.9723884543773673,2.9057058402379496,2.7898887418443636,18.48270635540485,21.376837867460363,18.4107690308833,23.08650564629318,19.72825346647744,20.165251790572565,19.81512652146254,33.10804454921809,33.10804454921809,33.10804454921809,33.56243080247549,32.267689352132166,18.72922301138593,21.904951362651435,21.35051986840655,21.376837867460363,21.904951362651435,28.58515631719798,28.58515631719798,9.298603498584772,13.828028690923386,19.70631583464233,19.81512652146254,19.54573247154781,19.80371894558231,19.72825346647744,19.80371894558231,14.568614697371302,14.568614697371302,14.568614697371302,1.7133206351475994,9.094581145908972,6.055615750557252,10.960487596995772,8.341820124030416,3.3233125245690247,11.079114027033976,10.543942076626927,10.368475429448159,5.894003524391112,4.867487378318782,2.2353611854388604,9.872451484569819,10.263195338292228,10.965061155563296,4.849940030024752,11.886254837698376,11.794069224659761,14.075475249516158,11.802843793818324,23.87000778339724,24.49285487871991,23.484016679032862,24.043889536065418,19.814249015583854,23.227787377319643,22.060681591130088,57.1490686403558,57.3858714443765,45.203176235501175,19.96618632273295,22.03654080188012,24.677076741597276,24.624441947730432,28.238652995365868,25.65081694993665,23.42260890773226,9.798207346243345,9.052468745338262,11.776520087925146,15.979599548012821,10.267302347158115,10.223429975522954,14.505436595306312,14.514211330034835,18.82267080848761,14.514211330034835,16.821985168293622,17.7258002316542,13.540219045342681,16.816733951882416,5.4991904899477655
9.106676617557085,1.0,1.540459337604597,1.8861471441745643,1.0,4.320009101736995,1000.0,5.042103690372725,5.3790239137736755,22.29975244734154,19.360154940809085,3.2118685706255303,1.4571094100024156,1.4571094100024156,4.786781859751962,6.292397555710365,6.2257149415895245,6.109897843227382,15.162697263260455,18.056828779190766,15.090759938650871,26.40651472633626,23.048262552247735,23.485260875646837,23.13513560709564,29.788035483319266,29.788035483319266,29.788035483319266,30.242421737658393,28.947680284275062,15.409213919546248,18.584942275159072,18.03051078009879,18.056828779190766,18.584942275159072,25.265147241407185,25.265147241407185,12.618612596591458,17.148037784648025,23.02632492044717,23.13513560709564,22.865741557604448,23.12372803123346,23.048262552247735,23.12372803123346,17.888623790245052,17.888623790245052,17.888623790245052,5.033329736773238,5.774572045668536,9.37562485065573,14.28049669361546,5.021811023436753,1.9966965772576097,7.759104927935267,7.223932977190266,7.0484663299055255,2.573994422952352,1.5474782766637585,3.0846479163978193,13.192460582121702,6.943186238687157,7.6450520563907025,1.5299309283667415,8.56624573915136,15.114078320503367,17.395484342961208,15.122852889653474,20.54999869898709,21.172845795349296,20.164007593993603,27.363898614316405,23.134258101218343,26.54779645710271,25.380690673014907,53.829059653775964,54.06586245880216,41.883167203877,16.64617723249348,18.71653171458478,21.357067658539908,21.3044328645833,24.918643918882832,22.33080786857881,20.10259982259398,6.478198246372783,5.732459645076904,15.096529183785645,19.29960863914819,13.58731144438228,13.543439072784128,17.8254456882543,17.834220422972532,22.14267989565333,17.834220422972532,20.141994258317858,21.045809320425363,16.860228139386574,13.496724857802375,2.1791813884161693
13.148780303286062,5.042103690372725,5.582563027860591,4.155956546329962,5.042103690372725,1.722094588748701,5.042103690372725,1000.0,1.3369202234704693,18.257648774273697,15.318051262814084,2.83023511993797,5.499213100278209,5.499213100278209,1.255321830666322,2.2502938656494202,2.183611251508232,2.0677941531117474,19.2048009414723,22.098932452586567,19.13286361697234,22.364411061511323,19.006158880564193,19.44315720479584,19.093031935576175,33.83013912907954,33.83013912907954,33.83013912907954,34.28452538208618,32.98978393244812,19.45131759737872,22.627045947590638,22.072614453541963,22.098932452586567,22.627045947590638,29.307250899364803,29.307250899364803,8.576508910365026,13.105934103480852,18.984221248722317,19.093031935576175,18.823637885578503,19.081624359692412,19.006158880564193,19.081624359692412,13.84652011008864,13.84652011008864,13.84652011008864,1.0087739536011542,9.81667573405674,5.333521161992898,10.238393009021149,9.063914712280624,4.045407113258166,11.801208614865892,11.266036664550562,11.090570017400811,6.616098112908419,5.589581966918056,2.957455774167207,9.150356896429468,10.98528992626204,11.687155743415165,5.572034618625272,12.608349425382835,11.07197463682557,13.353380662126014,11.080749205985674,24.5921023675992,25.214949462674568,24.206111263384788,23.321794951640754,19.09215442969722,22.50569279258952,21.338587005982557,57.8711632021475,58.107966005941435,45.925270807496396,20.68828090833561,22.758635386771985,25.399171325477536,25.346536531632015,28.960747577695038,26.372911533414143,24.144703492107805,10.520301934286726,9.774563333492013,11.054425500087877,15.257504961060238,9.545207759075609,9.50133538743389,13.783342008009651,13.792116742740115,18.100576222301676,13.792116742740115,16.099890581554046,17.00370564515642,12.818124457840506,17.53882853842755,6.221285078498698
13.485700526160516,5.3790239137736755,5.919483251242514,4.49287676975714,5.3790239137736755,2.059014812216167,5.3790239137736755,1.3369202234704693,1000.0,17.92072855194882,14.981131040129078,3.167155343392863,5.8361333236632165,5.8361333236632165,1.5922420541361975,1.9133736421834349,1.8466910280416973,1.7308739296443423,19.541721163616028,22.43585267427909,19.469783839126443,22.027490839802887,18.669238658341836,19.10623698263535,18.756111713366,34.167059348266804,34.167059348266804,34.167059348266804,34.62144560115456,33.32670415185095,19.788237819486582,22.963966169193704,22.409534675238884,22.43585267427909,22.963966169193704,29.64417111964653,29.64417111964653,8.239588687109855,12.769013880569482,18.64730102649689,18.756111713366,18.48671766333074,18.744704137480632,18.669238658341836,18.744704137480632,13.509599887248784,13.509599887248784,13.509599887248784,1.3456941770716115,10.153595957210158,4.996600938590422,9.901472785873436,9.40083493548497,4.382327336688181,12.138128837863688,11.60295688759337,11.427490240457894,6.953018336247568,5.9265021902997175,3.294375997620039,8.813436673208951,11.322210149327566,12.024075966422737,5.908954842007589,12.94526964830847,10.735054413739913,13.01646043923806,10.7438289829007,24.9290225888501,25.551869683807503,24.543031484707264,22.984874730094997,18.755234207486918,22.168772570904643,21.00166678410777,58.20808341280366,58.44488621649082,46.26219102296308,21.025201130256296,23.095555608352416,25.736091546574986,25.683456752739627,29.29766779805396,26.709831754319616,24.481623713441568,10.85722215738851,10.111483556648398,10.717505277000857,14.920584738368524,9.20828753588044,9.164415164235844,13.446421785163528,13.455196519894855,17.763655999955848,13.455196519894855,15.762970358958214,16.66678542266964,12.481204234902506,17.87574876080108,6.558205301855179
30.406429005722575,22.29975244734154,22.840211782017228,21.413605307655235,22.29975244734154,18.979743360413313,22.29975244734154,18.257648774273697,17.92072855194882,1000.0,3.9395975199110933,20.087883887190646,22.756861854876206,22.756861854876206,18.512970604041456,17.00735491264584,17.07403752658842,17.1898546246357,36.46244958588785,39.35658106404996,36.39051226216392,5.10676230484881,1.7485101089962967,2.1855084349115463,1.8353831643368719,51.08778757233068,51.08778757233068,51.08778757233068,51.542173817703066,50.24743238959829,36.70896623911915,39.8846945526763,39.330263065320224,39.35658106404996,39.8846945526763,46.56489941405537,46.56489941405537,10.681139878642409,6.151714683317404,1.7265724770719173,1.8353831643368719,1.5659891133300852,1.8239755884097848,1.7485101089962967,1.8239755884097848,5.411128675564743,5.411128675564743,5.411128675564743,18.266422727844404,27.074324462112017,13.924127623532925,9.019255780132767,26.32156344550404,21.303055875104747,29.058857328201974,28.52368538201225,28.34821873619004,23.87374686135981,22.8472307210374,20.215104540881747,10.107291892753965,28.242938645841846,28.94480445764015,22.829683372837817,29.86599813227842,8.185674151984017,5.904268124314207,8.176899582818802,41.84975094796509,42.472598034879844,41.46375984872935,6.064146200055838,1.8345056584545807,5.248044036653203,4.080938244287266,75.12881112667691,75.36561392419605,63.18291901904711,37.94592953628271,40.016283990251,42.6568198952391,42.604185102093176,46.21839609751768,43.63056009003127,41.4023520782389,27.777950657304796,27.032212061842447,8.203223288731834,4.000143821802565,9.712441030152087,9.75631340179198,5.474306777749991,5.465532043004867,1.1570725525112882,5.465532043004867,3.1577581992617847,2.2539431331464925,6.439524329343256,34.796477200279035,23.478933829180267
27.466831512448966,19.360154940809085,19.900614276228463,18.474007799946754,19.360154940809085,16.040145849751752,19.360154940809085,15.318051262814084,14.981131040129078,3.9395975199110933,1000.0,17.148286377823275,19.817264348971452,19.817264348971452,15.573373092859942,14.067757399888919,14.134440013897981,14.250257112061458,33.52285210546307,36.41698359065545,33.450914781571726,8.046359823771265,4.688107628813061,5.125105954655538,4.774980684140207,48.1481901333338,48.1481901333338,48.1481901333338,48.6025763802291,47.307834947822364,33.76936875927076,36.945097080626766,36.3906655918592,36.41698359065545,36.945097080626766,43.625301960674825,43.625301960674825,7.7415423609627165,3.212117163795845,4.666169996891989,4.774980684140207,4.50558663317338,4.7635731082149135,4.688107628813061,4.7635731082149135,2.4715311558755144,2.4715311558755144,2.4715311558755144,15.32682521639428,24.134726962842805,10.984530108034443,6.0796582616142585,23.381965944985858,18.36345836725333,26.11925983241184,25.584087885257293,25.40862123912302,20.934149357049,19.90763321525843,17.275507031668347,7.167694374763267,25.3033411485886,26.00520696164275,19.890085867034376,26.92640063798061,5.246076633115936,2.964670604732455,5.237302063947296,38.91015348108856,39.53300056969838,38.52416238081576,9.00374371858225,4.774103178258055,8.187641555521154,7.020535763564616,72.18921378781042,72.42601658651436,60.2433216254404,35.0063320593896,37.076686518539574,39.7172224305641,39.66458763727324,43.27879864309326,40.690962628072114,38.46275461016125,24.83835315923818,24.09261456250233,5.263625769870622,1.0605463018976804,6.772843511960482,6.816715883622172,2.5347092580736033,2.5259345233266792,3.7825249674147403,2.5259345233266792,1.7818393207069636,2.685654386836835,3.499926809896979,31.856879716068423,20.539336324296233
11.31854518602413,3.2118685706255303,3.752327908191759,2.325721426481265,3.2118685706255303,2.10814053120634,3.2118685706255303,2.83023511993797,3.167155343392863,20.087883887190646,17.148286377823275,1000.0,3.6689779805964777,3.6689779805964777,2.574913289280226,4.080528985505229,4.013846371370105,3.8980292729837043,17.3745658278999,20.26869734133143,17.30262850334691,24.194646170889772,20.836393992889672,21.27339231676497,20.923267047831462,31.999904030891244,31.999904030891244,31.999904030891244,32.45429028452266,31.15954883312767,17.621082483989728,20.796810836797018,20.24237934226413,20.26869734133143,20.796810836797018,27.47701579544017,27.47701579544017,10.406744028783173,14.936169219821979,20.814456361065464,20.923267047831462,20.6538729980504,20.911859471956927,20.836393992889672,20.911859471956927,15.676755226007055,15.676755226007055,15.676755226007055,2.8214611663371567,7.986440615433468,7.163756281361168,12.06862812677872,7.233679593415499,2.2151719933991583,9.970973496996264,9.435801546461123,9.260334899241967,4.785862993424172,3.7593468472503235,1.1272206542345504,10.980592014632817,9.155054808062186,9.856920625497661,3.7417994989547947,10.77811430786787,12.90220975420749,15.183615778328504,12.910984323363484,22.76186725862775,23.38471435431519,22.375876154042363,25.152030060091207,20.922389541953216,24.33592790183348,23.168822116312093,56.040928149190776,56.277730953553835,44.095035728960035,18.85804579590621,20.92840027609522,23.568936217302372,23.516301423404062,27.130512473367094,24.542676426236845,22.31446838270695,8.690066815911404,7.944328214854568,12.884660617478014,17.087740076108663,11.375442877123012,11.33157050549895,15.613577123965037,15.622351858690374,19.930811335339726,15.622351858690374,17.93012569604267,18.833940759010833,14.648359574339608,15.708593423683778,4.391049958938556
8.649567207885408,1.4571094100024156,1.0833499276024217,2.343256554170635,1.4571094100024156,4.777118511672569,1.4571094100024156,5.499213100278209,5.8361333236632165,22.756861854876206,19.817264348971452,3.6689779805964777,1000.0,1.0,5.24389126966872,6.749506965550606,6.682824351433665,6.5670072530781844,14.705587854293642,17.59971937069918,14.63365052967339,26.863624132840282,23.5053719596079,23.94237028290238,23.592245014435175,29.330926077671585,29.330926077671585,29.330926077671585,29.785312332150497,28.490570878374665,14.95210451061643,18.12783286676386,17.57340137160248,17.59971937069918,18.12783286676386,24.808037834488594,24.808037834488594,13.075722005846357,17.605147193222173,23.483434327812542,23.592245014435175,23.32285096500772,23.58083743857571,23.5053719596079,23.58083743857571,18.345733198687135,18.345733198687135,18.345733198687135,5.49043914667912,5.317462635776044,9.832734260263921,14.737606102645932,4.564701613510783,2.4538059872523013,7.301995518160018,6.766823567379261,6.591356920083463,2.116885012959309,1.0903688666616065,3.5417573263719913,13.64956999130243,6.486076828858617,7.187942646607578,1.0728215183645315,8.10913632943582,15.571187729410207,17.852593751491874,15.579962298558973,20.092889290976686,20.715736387469484,19.706898185904357,27.821008020554412,23.591367508558086,27.00490586356808,25.83780007979316,53.37195025856516,53.608753063725,41.42605780270485,16.18906782375908,18.25942230621405,20.899958250699516,20.847323456731605,24.461534511875904,21.87369846095281,19.645490414492343,6.021088836517053,5.27535023518238,15.553638592695163,19.756718047322515,14.044420853509937,14.000548481917761,18.282555096707878,18.29132983142451,22.59978930322387,18.29132983142451,20.599103666322243,21.502918728239024,17.317337548010467,13.039615448602598,1.7220719784182927
8.649567207885408,1.4571094100024156,1.0833499276024217,2.343256554170635,1.4571094100024156,4.777118511672569,1.4571094100024156,5.499213100278209,5.8361333236632165,22.756861854876206,19.817264348971452,3.6689779805964777,1.0,1000.0,5.24389126966872,6.749506965550606,6.682824351433665,6.5670072530781844,14.705587854293642,17.59971937069918,14.63365052967339,26.863624132840282,23.5053719596079,23.94237028290238,23.592245014435175,29.330926077671585,29.330926077671585,29.330926077671585,29.785312332150497,28.490570878374665,14.95210451061643,18.12783286676386,17.57340137160248,17.59971937069918,18.12783286676386,24.808037834488594,24.808037834488594,13.075722005846357,17.605147193222173,23.483434327812542,23.592245014435175,23.32285096500772,23.58083743857571,23.5053719596079,23.58083743857571,18.345733198687135,18.345733198687135,18.345733198687135,5.49043914667912,5.317462635776044,9.832734260263921,14.737606102645932,4.564701613510783,2.4538059872523013,7.301995518160018,6.766823567379261,6.591356920083463,2.116885012959309,1.0903688666616065,3.5417573263719913,13.64956999130243,6.486076828858617,7.187942646607578,1.0728215183645315,8.10913632943582,15.571187729410207,17.852593751491874,15.579962298558973,20.092889290976686,20.715736387469484,19.706898185904357,27.821008020554412,23.591367508558086,27.00490586356808,25.83780007979316,53.37195025856516,53.608753063725,41.42605780270485,16.18906782375908,18.25942230621405,20.899958250699516,20.847323456731605,24.461534511875904,21.87369846095281,19.645490414492343,6.021088836517053,5.27535023518238,15.553638592695163,19.756718047322515,14.044420853509937,14.000548481917761,18.282555096707878,18.29132983142451,22.59978930322387,18.29132983142451,20.599103666322243,21.502918728239024,17.317337548010467,13.039615448602598,1.7220719784182927
12.893458473049996,4.786781859751962,5.3272411972532945,3.900634715690887,4.786781859751962,1.4667727580833818,4.786781859751962,1.255321830666322,1.5922420541361975,18.512970604041456,15.573373092859942,2.574913289280226,5.24389126966872,5.24389126966872,1000.0,2.505615696310141,2.438933082169486,2.3231159837738655,18.94947911177932,21.843610623230415,18.877541787271625,22.61973289080471,19.261480710252954,19.698479034436932,19.34835376525555,33.57481730160122,33.57481730160122,33.57481730160122,34.029203554697155,32.734462104807925,19.195995767712475,22.37172411830134,21.817292624182517,21.843610623230415,22.37172411830134,29.051929071065057,29.051929071065057,8.83183074085484,13.361255933702148,19.23954307841344,19.34835376525555,19.078959715286835,19.336946189373023,19.261480710252954,19.336946189373023,14.101841940254442,14.101841940254442,14.101841940254442,1.2465478770651743,9.561353903615148,5.588842992600058,10.493714839426602,8.808592881801763,3.790085282617134,11.54588678453874,11.01071483419023,10.835248187029975,6.360776282331716,5.334260136310943,2.702133943510801,9.405678726892008,10.729968095884992,11.431833913080792,5.316712788017695,12.353027595108937,11.327296467182528,13.608702492329133,11.336071036342098,24.336780538573308,24.959627633736982,23.950789434305328,23.577116780809163,19.34747625937669,22.761014621864806,21.59390883540381,57.61584138109177,57.85264418496622,45.66994898281626,20.432959078809027,22.50331355749961,25.143849496566514,25.091214702713376,28.7054257493374,26.11758970464689,23.88938166301992,10.264980103883016,9.519241503048244,11.309747330445898,15.512826791111284,9.800529589518245,9.756657217878782,14.038663838180312,14.047438572910098,18.355898052085593,14.047438572910098,16.355212411530943,17.25902747504908,13.073446288082492,17.283506708563344,5.965963247909557
14.39907416656202,6.292397555710365,6.832856893120437,5.406250411776723,6.292397555710365,2.9723884543773673,6.292397555710365,2.2502938656494202,1.9133736421834349,17.00735491264584,14.067757399888919,4.080528985505229,6.749506965550606,6.749506965550606,2.505615696310141,1000.0,1.0666826141423384,1.1824997125405123,20.455094801955955,23.34922631135731,20.383157477495455,21.114117202116386,17.75586501930681,18.19286334376225,17.84273807436284,35.08043297839726,35.08043297839726,35.08043297839726,35.53481923095669,34.240077782576975,20.70161145772601,23.877339806022384,23.32290831232938,23.34922631135731,23.877339806022384,30.557544752804237,30.557544752804237,7.326215045413729,11.855640239745105,17.733927387453836,17.84273807436284,17.57334402422927,17.831330498473275,17.75586501930681,17.831330498473275,12.59622624660842,12.59622624660842,12.59622624660842,2.2590678192504132,11.06696959841226,4.083227296538122,8.988099144446512,10.31420857683515,5.295700978716934,13.051502478617483,12.516330528476333,12.340863881381871,7.8663919779957725,6.839875832176835,4.207749639725124,7.900063031599142,12.235583790275843,12.937449607204575,6.822328483886715,13.858643288855905,9.821680772470126,12.10308679847387,9.830455341632648,25.84239622469795,26.465243319327243,25.45640512075429,22.071501092836783,17.84186056848343,21.25539893328012,20.08829314598395,59.12145701948679,59.35825982288134,47.175564642846254,21.93857476797184,24.008929245117994,26.64946518199609,26.596830388188984,30.211041431425542,27.623205389207307,25.394997349519976,11.770595798441269,11.024857197859099,9.804131635727611,14.007211098110995,8.29491389433409,8.251041522682279,12.533048144507008,12.541822879240577,16.850282360598158,12.541822879240577,14.849596718949401,15.753411782944447,11.567830594009763,18.78912239978619,7.471578943655622
14.332391552558585,6.2257149415895245,6.76617427900424,5.339567797649246,6.2257149415895245,2.9057058402379496,6.2257149415895245,2.183611251508232,1.8466910280416973,17.07403752658842,14.134440013897981,4.013846371370105,6.682824351433665,6.682824351433665,2.438933082169486,1.0666826141423384,1000.0,1.1158170983981903,20.388412188107015,23.282543697602385,20.316474863644352,21.18079981594365,17.82254763323031,18.259545957674224,17.909420688284072,35.0137503651573,35.0137503651573,35.0137503651573,35.468136617740996,34.17339516929297,20.63492884388457,23.81065719228603,23.256225698573548,23.282543697602385,23.81065719228603,30.490862139340287,30.490862139340287,7.392897659524651,11.922322853795364,17.80061000137792,17.909420688284072,17.64002663815751,17.898013112394814,17.82254763323031,17.898013112394814,12.662908860645732,12.662908860645732,12.662908860645732,2.1923852051092414,11.000286984348186,4.149909910672916,9.054781758538875,10.24752596275977,5.229018364588715,12.984819864587445,12.449647914436516,12.274181267338943,7.799709363889727,6.773193218060703,4.141067025590617,7.966745645704143,12.168901176231074,12.870766993172415,6.755645869770424,13.79196067484147,9.888363386551566,12.1697694125199,9.897137955713967,25.775713611034497,26.398560705688155,25.389722507076034,22.13818370663341,17.908543182404696,21.322081547102954,20.154975759842465,59.054774407974485,59.291577211390525,47.10888203036238,21.87189215416946,23.94224663138634,26.582782568364323,26.53014777455512,30.144358817945744,27.556522775615132,25.3283147358394,11.703913184388563,10.958174583794372,9.870814249809293,14.073893712121283,8.361596508434717,8.317724136783404,12.59973075854546,12.60850549327887,16.91696497454462,12.60850549327887,14.916279332942093,15.820094396917025,11.634513208064824,18.722439785889055,7.404896329545503
14.216574454398376,6.109897843227382,6.650357180650035,5.223750699275799,6.109897843227382,2.7898887418443636,6.109897843227382,2.0677941531117474,1.7308739296443423,17.1898546246357,14.250257112061458,3.8980292729837043,6.5670072530781844,6.5670072530781844,2.3231159837738655,1.1824997125405123,1.1158170983981903,1000.0,20.272595090213645,23.1667265998716,20.200657765747227,21.296616913789634,17.938364731244285,18.375363055668057,18.025237786294085,34.89793326831801,34.89793326831801,34.89793326831801,35.352319520943745,34.05757807237741,20.519111746004167,23.694840094587356,23.14040860084118,23.1667265998716,23.694840094587356,30.375045042113083,30.375045042113083,7.508714757866707,12.03813995203094,17.916427099392884,18.025237786294085,17.75584373617975,18.01383021040534,17.938364731244285,18.01383021040534,12.77872595885864,12.77872595885864,12.77872595885864,2.076568106712784,10.884469886083474,4.265727009057224,9.170598856848281,10.131708864475605,5.113201266214005,12.869002766381355,12.333830816213567,12.158364169110637,7.683892265552896,6.657376119706605,4.0252499272052535,8.082562744035766,12.053084077999593,12.75494989496267,6.639828771416056,13.676143576662268,10.004180484841797,12.285586510748065,10.012955054003985,25.659896513461955,26.282743608157777,25.273905409477894,22.254000804425942,18.024360280414744,21.43789864494121,20.27079285774299,58.9389573141299,59.17576011758326,46.99306493483331,21.756075056356593,23.826429533695784,26.466965470846617,26.414330677033785,30.02854172069112,27.440705678165934,25.212497638237224,11.588096086143416,10.842357485528531,9.986631348099944,14.189710810286911,8.477413606758647,8.433541235108208,12.715547856760356,12.724322591493491,17.032782072598696,12.724322591493491,15.032096431076937,15.935911495016716,11.750330306308808,18.60662268791238,7.289079231201694
7.056020653822004,15.162697263260455,14.622237926872854,16.048844405230803,15.162697263260455,18.48270635540485,15.162697263260455,19.2048009414723,19.541721163616028,36.46244958588785,33.52285210546307,17.3745658278999,14.705587854293642,14.705587854293642,18.94947911177932,20.455094801955955,20.388412188107015,20.272595090213645,1000.0,3.8941315240975625,1.0719373247772626,40.569211823645716,37.210959683691776,37.64795800285912,37.29783273770343,15.625338289761341,15.625338289761341,15.625338289761341,16.07972454740213,14.784983084791468,1.2465166568733992,4.4222450218555025,3.867813524918822,3.8941315240975625,4.4222450218555025,11.102450018719592,11.102450018719592,26.781309810368953,31.310734967071916,37.18902205210199,37.29783273770343,37.028438690797344,37.28642516195121,37.210959683691776,37.28642516195121,32.05132096689933,32.05132096689933,32.05132096689933,19.196026987905054,10.388125225003126,23.53832208272655,28.443193896674465,11.140886246566744,16.159393838020673,8.403592343599904,8.93876429424028,9.114230941470101,13.588702843583663,14.615218987828865,17.247345174060285,27.355157792301032,9.21951103265063,8.517645215130116,14.632766336087926,7.596451532362456,29.27677551784323,31.55818152347745,29.285550086931927,6.387301453154128,7.010148552151286,6.001310346592241,41.52659570121489,37.2969552318346,40.710493552894775,39.543387781144936,39.66636272911947,39.903165537750716,27.72047012158323,2.483479973072895,4.553834461741513,7.194370416145883,7.141735621958414,10.755946694243422,8.168110630621252,5.939902574947651,9.68449902475404,10.430237625562324,29.259226381248276,33.462305804310006,27.750008652022746,27.706136280709224,31.98814286540783,31.996917600056804,36.30537703566663,31.996917600056804,34.30469141630582,35.208506470456435,31.022925324003907,2.665972408901723,13.98351587737513
9.95015217608625,18.056828779190766,17.516369443363526,18.942975920199668,18.056828779190766,21.376837867460363,18.056828779190766,22.098932452586567,22.43585267427909,39.35658106404996,36.41698359065545,20.26869734133143,17.59971937069918,17.59971937069918,21.843610623230415,23.34922631135731,23.282543697602385,23.1667265998716,3.8941315240975625,1000.0,3.966068848867606,43.46334329101287,40.1050911599709,40.5420894780215,40.19196421376157,12.731206771473369,12.731206771473369,12.731206771473369,13.185593029526812,11.890851565777202,3.6476148672462467,1.528113497819102,1.026317999181294,1.0,1.528113497819102,8.208318497087234,8.208318497087234,29.67544130948733,34.20486645717122,40.08315352843684,40.19196421376157,39.92257016753911,40.18055663803839,40.1050911599709,40.18055663803839,34.945452455392555,34.945452455392555,34.945452455392555,22.090158499030974,13.282256745201273,26.432453587453296,31.33732539264417,14.035017766194255,19.05352535286587,11.29772386511894,11.832895815429316,12.008362462546726,16.48283436109101,17.50935050432668,20.14147668764449,30.249289290353204,12.113642553658813,11.411776736580443,17.526897852567867,10.490583054342585,32.170907012163525,34.45231301304423,32.179681581234604,3.4931699295111436,4.116017028687568,3.107178822851344,44.420727165902456,40.191086707894975,43.604625019870376,42.437519251314804,36.7722312519174,37.00903406114878,24.826338619057022,2.4106515510954774,1.65970293772329,4.300238892740223,4.247604098535933,7.861815172412029,5.273979107560651,3.0457710511921072,12.578630545450965,13.32436914572956,32.153357875603774,36.356437289641065,30.644140149328408,30.600267778098356,34.8822743540395,34.891049088669256,39.1995085142191,34.891049088669256,37.198822899685126,38.10263795168856,33.917056814717405,5.560103932742268,16.877647394502617
6.984083329075204,15.090759938650871,14.550300602250688,15.976907080642912,15.090759938650871,18.4107690308833,15.090759938650871,19.13286361697234,19.469783839126443,36.39051226216392,33.450914781571726,17.30262850334691,14.63365052967339,14.63365052967339,18.877541787271625,20.383157477495455,20.316474863644352,20.200657765747227,1.0719373247772626,3.966068848867606,1000.0,40.49727450017986,37.13902236001277,37.576020679206785,37.22589541402971,15.697275614357718,15.697275614357718,15.697275614357718,16.151661871987116,14.856920409407993,1.3184539816505958,4.4941823466227095,3.939750849688994,3.966068848867606,4.4941823466227095,11.174387343410379,11.174387343410379,26.709372486148272,31.238797643064117,37.117084728421666,37.22589541402971,36.956501367107315,37.21448783827679,37.13902236001277,37.21448783827679,31.979383642929612,31.979383642929612,31.979383642929612,19.12408966340483,10.316187900299369,23.466384758374556,28.3712565725279,11.068948921875291,16.087456513435576,8.331655018868267,8.866826969515511,9.042293616747687,13.51676551893881,14.543281663206539,17.175407849503816,27.283220468105426,9.147573707929658,8.445707890399898,14.560829011465998,7.5245142076213725,29.20483819373559,31.486244199482268,29.21361276282469,6.459238777906656,7.082085876897802,6.073247671348164,41.45465837781323,37.225017908160815,40.638556229438294,39.471450457611965,39.73830005263464,39.97510286125038,27.792407445757657,2.5554172978482175,4.625771786507938,7.266307740890496,7.2136729467035785,10.827884018940019,8.24004795535486,6.011839899704091,9.612561700039642,10.35830030085923,29.187289057139797,33.39036848041535,27.678071327844705,27.63419895652922,31.91620554143482,31.924980276084252,36.23343971193337,31.924980276084252,34.23275409245758,35.13656914665932,30.950987999981567,2.594035084126694,13.911578552738728
