0.0,1.3867245273297655,1.098405015050435,1.103419181654449,1.103419181654449,1.367921099415431,1.0,1.367921099415431,1.3867245273297655,1.098405015050435,11.90410036023819,11.90410036023819,11.90410036023819,11.90410036023819,10.998306356556945,3.807400504469153,11.344951837291374,11.162539693349961,11.030902265093212,17.95308623076975,17.800802949028732,21.105863406142834,34.63582397386723,34.56000802757201,34.56000802757201,10.976993652725298,11.296684674876841,11.346832376541279,12.412476829189186,12.412476829189186,12.412476829189186,12.412476829189186,12.412476829189186,12.412476829189186,5.26785577975602,11.711657643660795,11.670285640962133,4.6661206169010025,6.455666274062188,8.138055690173092,11.128063207723809,1.088376474165786,1.6154992910608277,1.1360118718484435,1.6154992910608277,1.6154992910608277,1.1360118718484435,1.1040459642542453,13.411685266613436,13.411685266613436,2.62147541999962,1.0545301269523875,14.504409859255404,8.795007067412318,8.795007067412318,6.668157305418549,2.019771256894891,1.077094366845186,3.9878321898928353,5.107392724719571,13.168464249379433,13.168464249379433,12.58548838426616,14.616515402278539,11.588795381394654,16.53474448856729,22.452644422587667,14.936217760507182,16.05204948031792,36.59323446786927,25.715474179811398,36.825063583475405,43.37871864714726,36.39899885966283,46.45490760172008,13.69502594130658,10.755091058089727,11.20015041815052,11.319251137600066,10.892996568947309,9.777220932599729,6.298335439900817,6.555330154342641,5.339312064692337,7.808972133375593,6.975298511720497,11.118660531842094,4.580875087453132,8.705335536601524,8.736677055978877,11.645211708051097,4.113185111028277,2.3394270327706828,6.131346066045433,3.1141616257741958,1.2713974995290866,2.9662001740104422,12.221913714727625,19.274238378307217,16.277724786042135
1.3867245273297655,0.0,1.48512954237978,1.2833053456755745,1.2833053456755745,1.0188034279143956,1.3867245273297655,1.0188034279143956,1.0,1.48512954237978,12.29082488648405,12.29082488648405,12.29082488648405,12.29082488648405,11.385030882972515,4.194125031719924,11.731676363643698,11.549264219735829,11.417626791502927,17.56636170591772,17.414078424131848,20.71913888231166,34.24909945641623,34.17328351007622,34.17328351007622,11.363718179144685,11.6834092012381,11.733556902893255,12.799201355333478,12.799201355333478,12.799201355333478,12.799201355333478,12.799201355333478,12.799201355333478,5.654580306910807,12.098382169943918,12.057010167253184,5.052845144099887,6.84239080111122,8.524780217029846,11.514787734115952,1.4751010014951815,1.2287747637323028,1.2507126554816224,1.2287747637323028,1.2287747637323028,1.2507126554816224,1.2826785630757793,13.798409792544856,13.798409792544856,2.2347508926874977,1.3321944003775377,14.117685333488069,8.408282540591665,8.408282540591665,7.054881832446045,1.6330467295708142,1.4638188941746362,3.601107662631561,5.494117251886743,13.555188775364284,13.555188775364284,12.972212910374852,15.003239927929958,11.975519907701225,16.92146901372029,22.839368945795954,15.322942286080012,16.43877400560242,36.206509951610194,25.32874965778951,36.438339067362016,42.99199413554714,36.01227434328245,46.06818309250184,14.081750467174448,11.141815584548407,11.58687494452952,11.705975663957151,11.279721095381674,10.163945459221248,6.6850599669652855,6.942054681381672,5.726036591841464,8.195696660273875,7.362023038715458,11.50538505823595,4.967599614657748,9.092060063382219,9.1234015827552,12.031936234346936,3.7264605837733167,1.9527025054521623,5.744621538930266,3.500886153057382,1.6581220268572783,2.579475646708044,12.608638240910523,19.66096290263637,16.664449311265663
1.098405015050435,1.48512954237978,0.0,1.2018241967048373,1.2018241967048373,1.4663261144654811,1.098405015050435,1.4663261144654811,1.48512954237978,1.0,11.805695345451705,11.805695345451705,11.805695345451705,11.805695345451705,10.89990134172826,3.708995489435764,11.2465468224784,11.064134678528653,10.932497250265984,18.051491245171263,17.899207963441828,21.204268420281156,34.73422898636734,34.6584130400836,34.6584130400836,10.878588637895662,11.198279660061651,11.248427361728396,12.314071814427992,12.314071814427992,12.314071814427992,12.314071814427992,12.314071814427992,12.314071814427992,5.169450764745467,11.613252628865036,11.571880626164404,4.567715601879884,6.3572612590772515,8.039650675235254,11.029658192900945,1.010028540884651,1.7139043061102774,1.234416886898807,1.7139043061102774,1.7139043061102774,1.234416886898807,1.2024509793046332,13.313280251905317,13.313280251905317,2.7198804350438017,1.1529351420028038,14.602814873893577,8.893412082324721,8.893412082324721,6.569752290438864,2.1181762719427697,1.0213106482052527,4.0862372049225915,5.008987709706044,13.070059234657986,13.070059234657986,12.487083369513835,14.518110387640368,11.490390366593063,16.43633947405386,22.354239408562652,14.83781274588865,15.953644465771546,36.69163948006396,25.81387919348432,36.92346859563277,43.477123658149075,36.497403871888615,46.55331261211246,13.596620926614328,10.656686043250337,11.101745403330918,11.220846122785913,10.794591554113957,9.678815917719966,6.199930424912126,6.456925139360143,5.2409070496831465,7.710567118427545,6.876893496748757,11.020255517018807,4.482470072430648,8.606930521682427,8.638272041060853,11.546806693252176,4.211590126056291,2.4378320478167996,6.229751081035679,3.0157566107333142,1.172992484478757,3.064605189051775,12.123508699956815,19.17583336400043,16.179319771511032
1.103419181654449,1.2833053456755745,1.2018241967048373,0.0,1.0,1.2645019177612111,1.103419181654449,1.2645019177612111,1.2833053456755745,1.2018241967048373,12.007519541610057,12.007519541610057,12.007519541610057,12.007519541610057,11.10172553797359,3.910819686104351,11.448371018691336,11.265958874758772,11.134321446508316,17.849667049789222,17.697383768036104,21.002444225437415,34.532404794877046,34.4565888485698,34.4565888485698,11.080412834142953,11.400103856279163,11.45025155794115,12.515896010534231,12.515896010534231,12.515896010534231,12.515896010534231,12.515896010534231,12.515896010534231,5.371274961366524,11.8150768250425,11.77370482234593,4.7695397985228976,6.559085455645203,8.241474871705812,11.231482389134277,1.191795655820195,1.512080109407121,1.032592690194005,1.512080109407121,1.512080109407121,1.032592690194005,1.0006267825997963,13.515104447902218,13.515104447902218,2.5180562383509715,1.048889054702068,14.4009906780278,8.691587885899219,8.691587885899219,6.771576486995948,1.9163520752426442,1.180513548499602,3.8844130082586963,5.210811906333282,13.271883430682342,13.271883430682342,12.688907565601799,14.719934583493252,11.692214562782544,16.63816366964999,22.55606360315426,15.03963694170109,16.15546866143547,36.48981528919914,25.612054999592896,36.72164440484439,43.27529946972757,36.29557968096013,46.35148842493942,13.798445122578558,10.85851023951774,11.303569599557523,11.422670319001286,10.996415750368909,9.880640114070633,6.401754621487856,6.658749335923049,5.442731246301376,7.912391314919197,7.078717693289401,11.222079713253015,4.684294269076505,8.808754718114283,8.840096237490485,11.748630889436155,4.009765929395911,2.236007851120135,6.027926884451797,3.2175808074175998,1.374816681183296,2.862780992364624,12.325332896082866,19.377657559171436,16.38114396714353
1.103419181654449,1.2833053456755745,1.2018241967048373,1.0,0.0,1.2645019177612111,1.103419181654449,1.2645019177612111,1.2833053456755745,1.2018241967048373,12.007519541610057,12.007519541610057,12.007519541610057,12.007519541610057,11.10172553797359,3.910819686104351,11.448371018691336,11.265958874758772,11.134321446508316,17.849667049789222,17.697383768036104,21.002444225437415,34.532404794877046,34.4565888485698,34.4565888485698,11.080412834142953,11.400103856279163,11.45025155794115,12.515896010534231,12.515896010534231,12.515896010534231,12.515896010534231,12.515896010534231,12.515896010534231,5.371274961366524,11.8150768250425,11.77370482234593,4.7695397985228976,6.559085455645203,8.241474871705812,11.231482389134277,1.191795655820195,1.512080109407121,1.032592690194005,1.512080109407121,1.512080109407121,1.032592690194005,1.0006267825997963,13.515104447902218,13.515104447902218,2.5180562383509715,1.048889054702068,14.4009906780278,8.691587885899219,8.691587885899219,6.771576486995948,1.9163520752426442,1.180513548499602,3.8844130082586963,5.210811906333282,13.271883430682342,13.271883430682342,12.688907565601799,14.719934583493252,11.692214562782544,16.63816366964999,22.55606360315426,15.03963694170109,16.15546866143547,36.48981528919914,25.612054999592896,36.72164440484439,43.27529946972757,36.29557968096013,46.35148842493942,13.798445122578558,10.85851023951774,11.303569599557523,11.422670319001286,10.996415750368909,9.880640114070633,6.401754621487856,6.658749335923049,5.442731246301376,7.912391314919197,7.078717693289401,11.222079713253015,4.684294269076505,8.808754718114283,8.840096237490485,11.748630889436155,4.009765929395911,2.236007851120135,6.027926884451797,3.2175808074175998,1.374816681183296,2.862780992364624,12.325332896082866,19.377657559171436,16.38114396714353
1.367921099415431,1.0188034279143956,1.4663261144654811,1.2645019177612111,1.2645019177612111,0.0,1.367921099415431,1.0,1.0188034279143956,1.4663261144654811,12.272021458624135,12.272021458624135,12.272021458624135,12.272021458624135,11.366227455104205,4.175321603809873,11.712872935778517,11.530460791868988,11.398823363634909,17.585165133714256,17.43288185193054,20.737942310059054,34.26790288385555,34.19208693751769,34.19208693751769,11.344914751276189,11.664605773372479,11.714753475028092,12.780397927478582,12.780397927478582,12.780397927478582,12.780397927478582,12.780397927478582,12.780397927478582,5.635776879005654,12.079578742082163,12.038206739391033,5.034041716192494,6.823587373211397,8.505976789139634,11.495984306248804,1.456297573580879,1.247578191646674,1.2319092275672516,1.247578191646674,1.247578191646674,1.2319092275672516,1.2638751351614157,13.779606364700468,13.779606364700468,2.25355432060123,1.3133909724631867,14.136488761328563,8.427085968482475,8.427085968482475,7.036078404547303,1.651850157485033,1.4450154662603292,3.619911090543037,5.475313823980961,13.53638534751726,13.53638534751726,12.953409482521714,14.984436500099376,11.95671647983831,16.902665585914235,22.82056551808539,15.304138858253303,16.419970577789904,36.225313378991856,25.347553085449658,36.45714249473663,43.010797562703345,36.031077770669974,46.08698651954271,14.062947039333194,11.123012156677966,11.568071516663021,11.687172236091737,11.260917667512434,10.145142031342733,6.666256539064685,6.92325125348235,5.707233163936597,8.176893232381593,7.343219610818345,11.486581630368715,4.948796186750063,9.073256635495794,9.104598154868997,12.01313280648455,3.745264011684505,1.9715059333661613,5.763424966834975,3.4820827251456454,1.6393185989430632,2.598279074621358,12.58983481305372,19.642159474870812,16.645645883456144
1.0,1.3867245273297655,1.098405015050435,1.103419181654449,1.103419181654449,1.367921099415431,0.0,1.367921099415431,1.3867245273297655,1.098405015050435,11.90410036023819,11.90410036023819,11.90410036023819,11.90410036023819,10.998306356556945,3.807400504469153,11.344951837291374,11.162539693349961,11.030902265093212,17.95308623076975,17.800802949028732,21.105863406142834,34.63582397386723,34.56000802757201,34.56000802757201,10.976993652725298,11.296684674876841,11.346832376541279,12.412476829189186,12.412476829189186,12.412476829189186,12.412476829189186,12.412476829189186,12.412476829189186,5.26785577975602,11.711657643660795,11.670285640962133,4.6661206169010025,6.455666274062188,8.138055690173092,11.128063207723809,1.088376474165786,1.6154992910608277,1.1360118718484435,1.6154992910608277,1.6154992910608277,1.1360118718484435,1.1040459642542453,13.411685266613436,13.411685266613436,2.62147541999962,1.0545301269523875,14.504409859255404,8.795007067412318,8.795007067412318,6.668157305418549,2.019771256894891,1.077094366845186,3.9878321898928353,5.107392724719571,13.168464249379433,13.168464249379433,12.58548838426616,14.616515402278539,11.588795381394654,16.53474448856729,22.452644422587667,14.936217760507182,16.05204948031792,36.59323446786927,25.715474179811398,36.825063583475405,43.37871864714726,36.39899885966283,46.45490760172008,13.69502594130658,10.755091058089727,11.20015041815052,11.319251137600066,10.892996568947309,9.777220932599729,6.298335439900817,6.555330154342641,5.339312064692337,7.808972133375593,6.975298511720497,11.118660531842094,4.580875087453132,8.705335536601524,8.736677055978877,11.645211708051097,4.113185111028277,2.3394270327706828,6.131346066045433,3.1141616257741958,1.2713974995290866,2.9662001740104422,12.221913714727625,19.274238378307217,16.277724786042135
1.367921099415431,1.0188034279143956,1.4663261144654811,1.2645019177612111,1.2645019177612111,1.0,1.367921099415431,0.0,1.0188034279143956,1.4663261144654811,12.272021458624135,12.272021458624135,12.272021458624135,12.272021458624135,11.366227455104205,4.175321603809873,11.712872935778517,11.530460791868988,11.398823363634909,17.585165133714256,17.43288185193054,20.737942310059054,34.26790288385555,34.19208693751769,34.19208693751769,11.344914751276189,11.664605773372479,11.714753475028092,12.780397927478582,12.780397927478582,12.780397927478582,12.780397927478582,12.780397927478582,12.780397927478582,5.635776879005654,12.079578742082163,12.038206739391033,5.034041716192494,6.823587373211397,8.505976789139634,11.495984306248804,1.456297573580879,1.247578191646674,1.2319092275672516,1.247578191646674,1.247578191646674,1.2319092275672516,1.2638751351614157,13.779606364700468,13.779606364700468,2.25355432060123,1.3133909724631867,14.136488761328563,8.427085968482475,8.427085968482475,7.036078404547303,1.651850157485033,1.4450154662603292,3.619911090543037,5.475313823980961,13.53638534751726,13.53638534751726,12.953409482521714,14.984436500099376,11.95671647983831,16.902665585914235,22.82056551808539,15.304138858253303,16.419970577789904,36.225313378991856,25.347553085449658,36.45714249473663,43.010797562703345,36.031077770669974,46.08698651954271,14.062947039333194,11.123012156677966,11.568071516663021,11.687172236091737,11.260917667512434,10.145142031342733,6.666256539064685,6.92325125348235,5.707233163936597,8.176893232381593,7.343219610818345,11.486581630368715,4.948796186750063,9.073256635495794,9.104598154868997,12.01313280648455,3.745264011684505,1.9715059333661613,5.763424966834975,3.4820827251456454,1.6393185989430632,2.598279074621358,12.58983481305372,19.642159474870812,16.645645883456144
1.3867245273297655,1.0,1.48512954237978,1.2833053456755745,1.2833053456755745,1.0188034279143956,1.3867245273297655,1.0188034279143956,0.0,1.48512954237978,12.29082488648405,12.29082488648405,12.29082488648405,12.29082488648405,11.385030882972515,4.194125031719924,11.731676363643698,11.549264219735829,11.417626791502927,17.56636170591772,17.414078424131848,20.71913888231166,34.24909945641623,34.17328351007622,34.17328351007622,11.363718179144685,11.6834092012381,11.733556902893255,12.799201355333478,12.799201355333478,12.799201355333478,12.799201355333478,12.799201355333478,12.799201355333478,5.654580306910807,12.098382169943918,12.057010167253184,5.052845144099887,6.84239080111122,8.524780217029846,11.514787734115952,1.4751010014951815,1.2287747637323028,1.2507126554816224,1.2287747637323028,1.2287747637323028,1.2507126554816224,1.2826785630757793,13.798409792544856,13.798409792544856,2.2347508926874977,1.3321944003775377,14.117685333488069,8.408282540591665,8.408282540591665,7.054881832446045,1.6330467295708142,1.4638188941746362,3.601107662631561,5.494117251886743,13.555188775364284,13.555188775364284,12.972212910374852,15.003239927929958,11.975519907701225,16.92146901372029,22.839368945795954,15.322942286080012,16.43877400560242,36.206509951610194,25.32874965778951,36.438339067362016,42.99199413554714,36.01227434328245,46.06818309250184,14.081750467174448,11.141815584548407,11.58687494452952,11.705975663957151,11.279721095381674,10.163945459221248,6.6850599669652855,6.942054681381672,5.726036591841464,8.195696660273875,7.362023038715458,11.50538505823595,4.967599614657748,9.092060063382219,9.1234015827552,12.031936234346936,3.7264605837733167,1.9527025054521623,5.744621538930266,3.500886153057382,1.6581220268572783,2.579475646708044,12.608638240910523,19.66096290263637,16.664449311265663
1.098405015050435,1.48512954237978,1.0,1.2018241967048373,1.2018241967048373,1.4663261144654811,1.098405015050435,1.4663261144654811,1.48512954237978,0.0,11.805695345451705,11.805695345451705,11.805695345451705,11.805695345451705,10.89990134172826,3.708995489435764,11.2465468224784,11.064134678528653,10.932497250265984,18.051491245171263,17.899207963441828,21.204268420281156,34.73422898636734,34.6584130400836,34.6584130400836,10.878588637895662,11.198279660061651,11.248427361728396,12.314071814427992,12.314071814427992,12.314071814427992,12.314071814427992,12.314071814427992,12.314071814427992,5.169450764745467,11.613252628865036,11.571880626164404,4.567715601879884,6.3572612590772515,8.039650675235254,11.029658192900945,1.010028540884651,1.7139043061102774,1.234416886898807,1.7139043061102774,1.7139043061102774,1.234416886898807,1.2024509793046332,13.313280251905317,13.313280251905317,2.7198804350438017,1.1529351420028038,14.602814873893577,8.893412082324721,8.893412082324721,6.569752290438864,2.1181762719427697,1.0213106482052527,4.0862372049225915,5.008987709706044,13.070059234657986,13.070059234657986,12.487083369513835,14.518110387640368,11.490390366593063,16.43633947405386,22.354239408562652,14.83781274588865,15.953644465771546,36.69163948006396,25.81387919348432,36.92346859563277,43.477123658149075,36.497403871888615,46.55331261211246,13.596620926614328,10.656686043250337,11.101745403330918,11.220846122785913,10.794591554113957,9.678815917719966,6.199930424912126,6.456925139360143,5.2409070496831465,7.710567118427545,6.876893496748757,11.020255517018807,4.482470072430648,8.606930521682427,8.638272041060853,11.546806693252176,4.211590126056291,2.4378320478167996,6.229751081035679,3.0157566107333142,1.172992484478757,3.064605189051775,12.123508699956815,19.17583336400043,16.179319771511032
11.90410036023819,12.29082488648405,11.805695345451705,12.007519541610057,12.007519541610057,12.272021458624135,11.90410036023819,12.272021458624135,12.29082488648405,11.805695345451705,0.0,1.0,1.0,1.0,1.9057940059276217,9.096699861410254,1.5591485243815515,1.7415606687574927,1.87319809731757,28.85718647362957,28.70490319358013,32.00996361138222,45.53992396128911,45.46410801646951,45.46410801646951,1.927106709807227,1.6074156869126646,1.557267985127078,1.508376470389947,1.508376470389947,1.508376470389947,1.508376470389947,1.508376470389947,1.508376470389947,7.636244587510386,1.192442717088678,1.2338147198948584,8.2379797499222,6.448434093551543,4.766044676734473,1.776037154463917,11.815723886309675,12.51959964953892,12.040112231713893,12.51959964953892,12.51959964953892,12.040112231713893,12.008146324208123,2.5075849110157007,2.5075849110157007,13.5255757751957,11.958630487042242,25.408510137589243,19.69910739144771,19.69910739144771,6.235943062183478,12.923871614114491,11.827005993600201,14.891932539825564,7.796707642446221,2.264363892956851,2.264363892956851,1.6813880259858407,3.712415051198997,1.31530497967164,5.630644146164887,11.54854411843203,4.0321174107472615,5.147949135560462,47.497334416197425,36.619574321116396,47.729163527046374,54.282818445093454,47.303098811956055,57.35900732388472,2.7909255867067153,2.149009304928749,1.7039499438686896,1.5848492241350782,2.011103793772035,3.1268794322693716,6.60576492770714,6.348770213268391,7.564788302614759,5.09512823378058,5.928801855825018,1.785439830367421,8.323225279292748,4.198764829751363,4.167423310338715,1.258888652870647,15.017285460431651,13.243527388937691,17.0354464058507,9.789938739076183,11.632702861425399,13.870300527966142,1.3178133553739928,8.370138051455658,5.373624442371381
11.90410036023819,12.29082488648405,11.805695345451705,12.007519541610057,12.007519541610057,12.272021458624135,11.90410036023819,12.272021458624135,12.29082488648405,11.805695345451705,1.0,0.0,1.0,1.0,1.9057940059276217,9.096699861410254,1.5591485243815515,1.7415606687574927,1.87319809731757,28.85718647362957,28.70490319358013,32.00996361138222,45.53992396128911,45.46410801646951,45.46410801646951,1.927106709807227,1.6074156869126646,1.557267985127078,1.508376470389947,1.508376470389947,1.508376470389947,1.508376470389947,1.508376470389947,1.508376470389947,7.636244587510386,1.192442717088678,1.2338147198948584,8.2379797499222,6.448434093551543,4.766044676734473,1.776037154463917,11.815723886309675,12.51959964953892,12.040112231713893,12.51959964953892,12.51959964953892,12.040112231713893,12.008146324208123,2.5075849110157007,2.5075849110157007,13.5255757751957,11.958630487042242,25.408510137589243,19.69910739144771,19.69910739144771,6.235943062183478,12.923871614114491,11.827005993600201,14.891932539825564,7.796707642446221,2.264363892956851,2.264363892956851,1.6813880259858407,3.712415051198997,1.31530497967164,5.630644146164887,11.54854411843203,4.0321174107472615,5.147949135560462,47.497334416197425,36.619574321116396,47.729163527046374,54.282818445093454,47.303098811956055,57.35900732388472,2.7909255867067153,2.149009304928749,1.7039499438686896,1.5848492241350782,2.011103793772035,3.1268794322693716,6.60576492770714,6.348770213268391,7.564788302614759,5.09512823378058,5.928801855825018,1.785439830367421,8.323225279292748,4.198764829751363,4.167423310338715,1.258888652870647,15.017285460431651,13.243527388937691,17.0354464058507,9.789938739076183,11.632702861425399,13.870300527966142,1.3178133553739928,8.370138051455658,5.373624442371381
11.90410036023819,12.29082488648405,11.805695345451705,12.007519541610057,12.007519541610057,12.272021458624135,11.90410036023819,12.272021458624135,12.29082488648405,11.805695345451705,1.0,1.0,0.0,1.0,1.9057940059276217,9.096699861410254,1.5591485243815515,1.7415606687574927,1.87319809731757,28.85718647362957,28.70490319358013,32.00996361138222,45.53992396128911,45.46410801646951,45.46410801646951,1.927106709807227,1.6074156869126646,1.557267985127078,1.508376470389947,1.508376470389947,1.508376470389947,1.508376470389947,1.508376470389947,1.508376470389947,7.636244587510386,1.192442717088678,1.2338147198948584,8.2379797499222,6.448434093551543,4.766044676734473,1.776037154463917,11.815723886309675,12.51959964953892,12.040112231713893,12.51959964953892,12.51959964953892,12.040112231713893,12.008146324208123,2.5075849110157007,2.5075849110157007,13.5255757751957,11.958630487042242,25.408510137589243,19.69910739144771,19.69910739144771,6.235943062183478,12.923871614114491,11.827005993600201,14.891932539825564,7.796707642446221,2.264363892956851,2.264363892956851,1.6813880259858407,3.712415051198997,1.31530497967164,5.630644146164887,11.54854411843203,4.0321174107472615,5.147949135560462,47.497334416197425,36.619574321116396,47.729163527046374,54.282818445093454,47.303098811956055,57.35900732388472,2.7909255867067153,2.149009304928749,1.7039499438686896,1.5848492241350782,2.011103793772035,3.1268794322693716,6.60576492770714,6.348770213268391,7.564788302614759,5.09512823378058,5.928801855825018,1.785439830367421,8.323225279292748,4.198764829751363,4.167423310338715,1.258888652870647,15.017285460431651,13.243527388937691,17.0354464058507,9.789938739076183,11.632702861425399,13.870300527966142,1.3178133553739928,8.370138051455658,5.373624442371381
11.90410036023819,12.29082488648405,11.805695345451705,12.007519541610057,12.007519541610057,12.272021458624135,11.90410036023819,12.272021458624135,12.29082488648405,11.805695345451705,1.0,1.0,1.0,0.0,1.9057940059276217,9.096699861410254,1.5591485243815515,1.7415606687574927,1.87319809731757,28.85718647362957,28.70490319358013,32.00996361138222,45.53992396128911,45.46410801646951,45.46410801646951,1.927106709807227,1.6074156869126646,1.557267985127078,1.508376470389947,1.508376470389947,1.508376470389947,1.508376470389947,1.508376470389947,1.508376470389947,7.636244587510386,1.192442717088678,1.2338147198948584,8.2379797499222,6.448434093551543,4.766044676734473,1.776037154463917,11.815723886309675,12.51959964953892,12.040112231713893,12.51959964953892,12.51959964953892,12.040112231713893,12.008146324208123,2.5075849110157007,2.5075849110157007,13.5255757751957,11.958630487042242,25.408510137589243,19.69910739144771,19.69910739144771,6.235943062183478,12.923871614114491,11.827005993600201,14.891932539825564,7.796707642446221,2.264363892956851,2.264363892956851,1.6813880259858407,3.712415051198997,1.31530497967164,5.630644146164887,11.54854411843203,4.0321174107472615,5.147949135560462,47.497334416197425,36.619574321116396,47.729163527046374,54.282818445093454,47.303098811956055,57.35900732388472,2.7909255867067153,2.149009304928749,1.7039499438686896,1.5848492241350782,2.011103793772035,3.1268794322693716,6.60576492770714,6.348770213268391,7.564788302614759,5.09512823378058,5.928801855825018,1.785439830367421,8.323225279292748,4.198764829751363,4.167423310338715,1.258888652870647,15.017285460431651,13.243527388937691,17.0354464058507,9.789938739076183,11.632702861425399,13.870300527966142,1.3178133553739928,8.370138051455658,5.373624442371381
10.998306356556945,11.385030882972515,10.89990134172826,11.10172553797359,11.10172553797359,11.366227455104205,10.998306356556945,11.366227455104205,11.385030882972515,10.89990134172826,1.9057940059276217,1.9057940059276217,1.9057940059276217,1.9057940059276217,0.0,8.19090585668204,1.3466454815500613,1.1642333371726366,1.032595908610638,27.95139248319138,27.799109202970048,31.104169624718637,44.634129995506775,44.55831405054897,44.55831405054897,1.021312703880012,1.2983783190186888,1.3485260208045426,2.4141704763027683,2.4141704763027683,2.4141704763027683,2.4141704763027683,2.4141704763027683,2.4141704763027683,6.730450582366083,1.7133512888417701,1.671979286035998,7.3321857449386805,5.542640088133686,3.8602506710286826,1.1297568514657779,10.909929882590513,11.613805646130684,11.134318228091631,11.613805646130684,11.613805646130684,11.134318228091631,11.102352320571931,3.413378916868425,3.413378916868425,12.619781772267345,11.052836483384553,24.50271614349379,18.793313392379662,18.793313392379662,5.330149056722817,12.018077610894078,10.921211989885862,13.986138537615911,6.890913637343333,3.1701578988279877,3.1701578988279877,2.5871820318911984,4.618209056924609,1.5904890262598148,6.536438151564875,12.454338121874052,4.937911416429117,6.053743141056641,46.59154045406581,35.71378034071341,46.82336956535769,53.37702449685184,46.39730484945505,56.45321338257193,3.6967195925349183,1.243215299006881,1.2018440620618576,1.3209447817964082,1.1053097878466058,2.221085426395227,5.699970922322174,5.442976207830224,6.658994297452355,4.1893342281219335,5.023007850305777,1.1203541755621471,7.41743127433321,3.2929708239747835,3.261629304558611,1.6469053530604227,14.111491458291797,12.337733385870571,16.129652404923913,8.884144734576264,10.72690885762874,12.964506525211837,2.2236073612936087,9.27593205612822,6.27941844782378
3.807400504469153,4.194125031719924,3.708995489435764,3.910819686104351,3.910819686104351,4.175321603809873,3.807400504469153,4.175321603809873,4.194125031719924,3.708995489435764,9.096699861410254,9.096699861410254,9.096699861410254,9.096699861410254,8.19090585668204,0.0,8.537551337804771,8.355139193657115,8.223501765254166,20.76048671378898,20.608203432404697,23.913263881107284,37.443224399751465,37.36740845379693,37.36740845379693,8.16959315282702,8.489284175335253,8.539431877056828,9.605076330994732,9.605076330994732,9.605076330994732,9.605076330994732,9.605076330994732,9.605076330994732,2.4604552756853306,8.904257144601663,8.862885141853917,1.8587201126331152,3.6482657705165864,5.330655187679684,8.320662707992458,3.7190240303187334,4.4228997953952485,3.943412376291995,4.4228997953952485,4.4228997953952485,3.943412376291995,3.911446468704026,10.604284769760191,10.604284769760191,5.428875924009484,3.8619306314115596,17.31181034962371,11.602407566593325,11.602407566593325,3.8607568019858935,4.827171761114444,3.7303061376374274,6.795232693254462,2.2999922205917716,10.36106375218799,10.36106375218799,9.77808788629482,11.809114907211878,8.781394882190389,13.727343996727063,19.645243943656176,12.12881726594567,13.24464898762163,39.40063488470098,28.52287464069989,39.63246399920225,46.18611902877166,39.20639927741491,49.262307965424995,10.887625444856836,7.947690557951534,8.392749918499849,8.511850638084148,8.085596068957475,6.969820431479167,3.4909349362753073,3.7479296508492954,2.5319115606481395,5.001571630647927,4.16789800846129,8.31126003210027,1.7734745831610512,5.897935034544407,5.9292765539470595,8.837811208913235,6.920585614318468,5.146827536884608,8.93874656790856,1.6932388787886654,3.536003004984078,5.773600677879298,9.41451321629185,16.466837891888026,13.470324293742385
11.344951837291374,11.731676363643698,11.2465468224784,11.448371018691336,11.448371018691336,11.712872935778517,11.344951837291374,11.712872935778517,11.731676363643698,11.2465468224784,1.5591485243815515,1.5591485243815515,1.5591485243815515,1.5591485243815515,1.3466454815500613,8.537551337804771,0.0,1.1824121443776605,1.3140495729395036,28.298037958932415,28.14575467877619,31.450815099029022,44.98077546188556,44.904959516980306,44.904959516980306,1.3679581854300116,1.0482671625314859,1.0018805392544867,2.0675249947646015,2.0675249947646015,2.0675249947646015,2.0675249947646015,2.0675249947646015,2.0675249947646015,7.077096063641616,1.3667058072937701,1.3253338044876597,7.67883122615533,5.889285569508674,4.2068961525064505,1.216888630084505,11.256575363339062,11.960451126763344,11.480963708804087,11.960451126763344,11.960451126763344,11.480963708804087,11.448997801289572,3.0667334353576594,3.0667334353576594,12.966427252720784,11.399481964110205,24.849361620619256,19.139958871382973,19.139958871382973,5.67679453811325,12.364723091456638,11.267857470632613,14.332784017800329,7.237559118603723,2.8235124173091046,2.8235124173091046,2.24053655035665,4.271563575467798,1.2438435447108884,6.189792670241129,12.10769264132569,4.591265934990458,5.707097659693958,46.9381859190561,36.060425812648184,47.17001503017948,53.72366995655634,46.743950314585845,56.79985883963835,3.3500741110347856,1.5898607805558114,1.144801419488434,1.025700699753718,1.4519552693962918,2.567730907930202,6.0466164036852685,5.789621689212546,7.0056397787344995,4.535979709583108,5.369653331717276,1.2262913059881286,7.764076755541059,3.6396163054771433,3.608274786062181,1.3002598715118923,14.458136938450052,12.684378866375875,16.476297884626824,9.230790215614679,11.07355433840614,13.31115200560019,1.8769618797520025,8.929286575094928,5.932772966478844
11.162539693349961,11.549264219735829,11.064134678528653,11.265958874758772,11.265958874758772,11.530460791868988,11.162539693349961,11.530460791868988,11.549264219735829,11.064134678528653,1.7415606687574927,1.7415606687574927,1.7415606687574927,1.7415606687574927,1.1642333371726366,8.355139193657115,1.1824121443776605,0.0,1.1316374285620145,28.115625817630175,27.963342537439583,31.26840295848177,44.798363325521294,44.72254738058834,44.72254738058834,1.185546041052634,1.1341449818462017,1.184292683632146,2.2499371391367298,2.2499371391367298,2.2499371391367298,2.2499371391367298,2.2499371391367298,2.2499371391367298,6.894683919412556,1.549117951670596,1.5077459488646352,7.496419081957664,5.70687342522647,4.024484008169015,1.0344764857068753,11.074163219390156,11.778038982875906,11.298551564874328,11.778038982875906,11.778038982875906,11.298551564874328,11.266585657357068,3.2491455797160493,3.2491455797160493,12.784015108928337,11.217069820173448,24.66694947858615,18.95754672835782,18.95754672835782,5.494382393822774,12.182310947606359,11.085445326684662,14.15037187415038,7.05514697438274,3.0059245616716006,3.0059245616716006,2.422948694726992,4.453975719798616,1.426255689088118,6.372204814503232,12.290104785183798,4.773678079311942,5.889509803976221,46.75577378342383,35.87801367335417,46.98760289463603,53.541257823710176,46.5615381788795,56.6174467081825,3.532486255387773,1.4074486361791476,1.0376107248892492,1.1567114446239595,1.2695431250191365,2.385318763561548,5.864204259409431,5.607209544926414,6.8232276345019125,4.353567565254629,5.1872411874155056,1.0438791616105092,7.581664611348084,3.4572041611263815,3.4258626417107614,1.482672015888952,14.275724794813955,12.501966722555943,16.293885741231716,9.048378071511863,10.89114219444193,13.128739861842229,2.0593740241258107,9.111698719206053,6.115185110751922
11.030902265093212,11.417626791502927,10.932497250265984,11.134321446508316,11.134321446508316,11.398823363634909,11.030902265093212,11.398823363634909,11.417626791502927,10.932497250265984,1.87319809731757,1.87319809731757,1.87319809731757,1.87319809731757,1.032595908610638,8.223501765254166,1.3140495729395036,1.1316374285620145,0.0,27.983988391262052,27.83170511104681,31.136765532655517,44.666725902700975,44.590909957748096,44.590909957748096,1.0539086124906494,1.2657824104081095,1.3159301121939861,2.3815745676935776,2.3815745676935776,2.3815745676935776,2.3815745676935776,2.3815745676935776,2.3815745676935776,6.763046490952239,1.680755380231492,1.6393833774256783,7.3647816535194375,5.575235996728917,3.8928465796331877,1.0971609428551492,10.942525791128087,11.646401554657528,11.166914136625865,11.646401554657528,11.646401554657528,11.166914136625865,11.134948229106646,3.380783008262043,3.380783008262043,12.652377680777565,11.085432391920008,24.53531205169384,18.825909300754965,18.825909300754965,5.362744965319452,12.050673519414424,10.95380789842327,14.018734446101156,6.923509545928102,3.1375619902207865,3.1375619902207865,2.554586123282388,4.585613148323581,1.5578931176494208,6.5038422429768055,12.421742213360272,4.9053155078298705,6.021147232464798,46.624136361129914,35.74637624842798,46.855965472405984,53.40962040342047,46.429900756532305,56.485809288893215,3.6641236839296027,1.2758112076174692,1.1692481534512449,1.2883488731858388,1.1379056964572332,2.253681335004731,5.7325668309163245,5.4755721164261235,6.691590206039117,4.221930136724955,5.05560375890432,1.087758266951517,7.450027182913162,3.325566732581469,3.2942252131654035,1.6143094444500792,14.144087366774611,12.370329294385607,16.16224831336438,8.916740643140624,10.759504766168988,12.997102433716023,2.1910114526840503,9.2433361475681,6.2468225392336585
17.95308623076975,17.56636170591772,18.051491245171263,17.849667049789222,17.849667049789222,17.585165133714256,17.95308623076975,17.585165133714256,17.56636170591772,18.051491245171263,28.85718647362957,28.85718647362957,28.85718647362957,28.85718647362957,27.95139248319138,20.76048671378898,28.298037958932415,28.115625817630175,27.983988391262052,0.0,1.1522832827317162,4.152777199924847,17.682737960655114,17.60692201288181,17.60692201288181,27.93007977966373,28.249770797218716,28.299918498154984,29.365562934870894,29.365562934870894,29.365562934870894,29.365562934870894,29.365562934870894,29.365562934870894,22.220941975511046,28.66474375991866,28.623371757832523,21.619206818444404,23.4087524575709,25.09114185447363,28.081149332499958,18.041462704353084,17.337586943598026,17.8170743598059,17.337586943598026,17.337586943598026,17.8170743598059,17.849040267193484,30.364771356561533,30.364771356561533,16.331610820385485,17.89855610417373,4.448676389543719,10.15807919098155,10.15807919098155,23.621243486621687,16.933314980159153,18.03018059710718,14.965254057017399,22.06047892204549,30.121550343228137,30.121550343228137,29.538574487278684,31.569601472232502,28.54188149946766,33.487830524381536,39.40573033523415,31.889303824967982,33.00513552498968,19.64014849436714,8.76238802337441,19.87197761487397,26.425632834407683,19.445912882086937,29.501821873687533,30.648112026653198,27.708177188172375,28.153236541888674,28.272337259614506,27.846082697080384,26.73030707608601,23.251421625094157,23.508416336774317,22.292398259741425,24.762058301605112,23.928384689529512,28.07174665675334,21.53396128979395,25.658421693933146,25.689763212918233,28.59829782529206,14.839901136408322,16.613659206087824,12.821740188193273,20.06724784095659,18.224483728491,15.986886068157016,29.174999823322608,36.22732436045431,33.230810826595054
17.800802949028732,17.414078424131848,17.899207963441828,17.697383768036104,17.697383768036104,17.43288185193054,17.800802949028732,17.43288185193054,17.414078424131848,17.899207963441828,28.70490319358013,28.70490319358013,28.70490319358013,28.70490319358013,27.799109202970048,20.608203432404697,28.14575467877619,27.963342537439583,27.83170511104681,1.1522832827317162,0.0,4.305060482620265,17.83502124240749,17.75920529464303,17.75920529464303,27.777796499438413,28.097487517053377,28.147635217999113,29.213279654920413,29.213279654920413,29.213279654920413,29.213279654920413,29.213279654920413,29.213279654920413,22.06865869433396,28.512460479832225,28.471088477738167,21.466923537180158,23.256469176573226,24.938858573746817,27.9288660523029,17.889179422622465,17.18530366178611,17.664791078048992,17.18530366178611,17.18530366178611,17.664791078048992,17.69675698544029,30.212488076810768,30.212488076810768,16.17932753846334,17.746272822426327,4.296393106851584,10.005795908536873,10.005795908536873,23.468960205657137,16.781031698302094,17.87789731537523,14.812970774956797,21.908195640844916,29.969267063428127,29.969267063428127,29.386291207362287,31.41731819273175,28.38959821935774,33.33554724529954,39.25344705760437,31.737020545535255,32.85285224579992,19.79243177587721,8.914671305892037,20.024260896353564,26.577916114870206,19.598196163622244,29.654105153568924,30.495828746960328,27.555893907905862,28.00095326170515,28.120053979453424,27.69379941683944,26.578023795641947,23.09913834407216,23.35613305579214,22.140114978574857,24.609775020823772,23.776101408613407,27.91946337655452,21.381678008517557,25.506138413302075,25.537479932292523,28.446014545192917,14.687617854335667,16.461375924195877,12.669456905941582,19.914964559479138,18.072200446782084,15.834602786198715,29.022716543334827,36.07504108201448,33.07852754745548
