1000.0,1.0,1.0,1.0,1.1895559602702017,1.0,1.0,1.0,1.5186467630125704,1.0,6.744480065383942,1.0245720506159715,7.408774967982032,55.13189579664162,55.25831402050543,55.24338964106675,55.25831402050543,55.25831402050543,55.36454053069023,55.36454053069023,1.5186467630125704,1.1061864099106986,1.6415075225888973,2.402368994827307,1.0,1.0,1.0,1.0,1.0,1.0,1.0,75.19954722167671,75.19954722167671,83.52874823572702,81.4652811239268,75.19954722167671,41.56185553229489,42.89099766357634,55.633468942356494,81.16849552501547,81.16849552501547,76.2215737386659,75.27681357727305,94.06694157990081,85.48072758171358,94.06694157990081,94.06694157990081,93.9510269100137,86.74342559719462,86.74342559719462,13.885708695381929,13.885708695381929,12.481710453325343,4.38396253510646,6.762261899701509,1.9705993604362328,1.6967915196978165,1.6967915196978165,5.121143368279165,6.270801977713717,10.129982662176033,3.311509509328058,3.5678024527148335,68.37480902018392,68.24311135429664,61.904206395310084,63.071878407517225,57.82181866058759,48.32303408187733,48.32303408187733,2.6989919751549687,6.472651385116079,8.850985320863764,5.831999896347535,7.05863840737451,5.400085211494169,6.22497649556859,5.54049257299707,3.460694494847101,5.400085211494169,6.9708847497054505,84.55698056556788,84.03013131372585,82.76570098815587,77.0583414093885,86.64683495384989,58.104631832870425,55.69224398809001,56.21858660932711,72.84382134119858,76.32957181062372,72.90528220424794,84.4164872429274,81.93153429352844,96.63113848543533,86.03216874429353,91.89794771669722,109.0663859496222,118.34083012720976,109.99731639822701
1.0,1000.0,1.0,1.0,1.1895559602702017,1.0,1.0,1.0,1.5186467630125704,1.0,6.744480065383942,1.0245720506159715,7.408774967982032,55.13189579664162,55.25831402050543,55.24338964106675,55.25831402050543,55.25831402050543,55.36454053069023,55.36454053069023,1.5186467630125704,1.1061864099106986,1.6415075225888973,2.402368994827307,1.0,1.0,1.0,1.0,1.0,1.0,1.0,75.19954722167671,75.19954722167671,83.52874823572702,81.4652811239268,75.19954722167671,41.56185553229489,42.89099766357634,55.633468942356494,81.16849552501547,81.16849552501547,76.2215737386659,75.27681357727305,94.06694157990081,85.48072758171358,94.06694157990081,94.06694157990081,93.9510269100137,86.74342559719462,86.74342559719462,13.885708695381929,13.885708695381929,12.481710453325343,4.38396253510646,6.762261899701509,1.9705993604362328,1.6967915196978165,1.6967915196978165,5.121143368279165,6.270801977713717,10.129982662176033,3.311509509328058,3.5678024527148335,68.37480902018392,68.24311135429664,61.904206395310084,63.071878407517225,57.82181866058759,48.32303408187733,48.32303408187733,2.6989919751549687,6.472651385116079,8.850985320863764,5.831999896347535,7.05863840737451,5.400085211494169,6.22497649556859,5.54049257299707,3.460694494847101,5.400085211494169,6.9708847497054505,84.55698056556788,84.03013131372585,82.76570098815587,77.0583414093885,86.64683495384989,58.104631832870425,55.69224398809001,56.21858660932711,72.84382134119858,76.32957181062372,72.90528220424794,84.4164872429274,81.93153429352844,96.63113848543533,86.03216874429353,91.89794771669722,109.0663859496222,118.34083012720976,109.99731639822701
1.0,1.0,1000.0,1.0,1.1895559602702017,1.0,1.0,1.0,1.5186467630125704,1.0,6.744480065383942,1.0245720506159715,7.408774967982032,55.13189579664162,55.25831402050543,55.24338964106675,55.25831402050543,55.25831402050543,55.36454053069023,55.36454053069023,1.5186467630125704,1.1061864099106986,1.6415075225888973,2.402368994827307,1.0,1.0,1.0,1.0,1.0,1.0,1.0,75.19954722167671,75.19954722167671,83.52874823572702,81.4652811239268,75.19954722167671,41.56185553229489,42.89099766357634,55.633468942356494,81.16849552501547,81.16849552501547,76.2215737386659,75.27681357727305,94.06694157990081,85.48072758171358,94.06694157990081,94.06694157990081,93.9510269100137,86.74342559719462,86.74342559719462,13.885708695381929,13.885708695381929,12.481710453325343,4.38396253510646,6.762261899701509,1.9705993604362328,1.6967915196978165,1.6967915196978165,5.121143368279165,6.270801977713717,10.129982662176033,3.311509509328058,3.5678024527148335,68.37480902018392,68.24311135429664,61.904206395310084,63.071878407517225,57.82181866058759,48.32303408187733,48.32303408187733,2.6989919751549687,6.472651385116079,8.850985320863764,5.831999896347535,7.05863840737451,5.400085211494169,6.22497649556859,5.54049257299707,3.460694494847101,5.400085211494169,6.9708847497054505,84.55698056556788,84.03013131372585,82.76570098815587,77.0583414093885,86.64683495384989,58.104631832870425,55.69224398809001,56.21858660932711,72.84382134119858,76.32957181062372,72.90528220424794,84.4164872429274,81.93153429352844,96.63113848543533,86.03216874429353,91.89794771669722,109.0663859496222,118.34083012720976,109.99731639822701
1.0,1.0,1.0,1000.0,1.1895559602702017,1.0,1.0,1.0,1.5186467630125704,1.0,6.744480065383942,1.0245720506159715,7.408774967982032,55.13189579664162,55.25831402050543,55.24338964106675,55.25831402050543,55.25831402050543,55.36454053069023,55.36454053069023,1.5186467630125704,1.1061864099106986,1.6415075225888973,2.402368994827307,1.0,1.0,1.0,1.0,1.0,1.0,1.0,75.19954722167671,75.19954722167671,83.52874823572702,81.4652811239268,75.19954722167671,41.56185553229489,42.89099766357634,55.633468942356494,81.16849552501547,81.16849552501547,76.2215737386659,75.27681357727305,94.06694157990081,85.48072758171358,94.06694157990081,94.06694157990081,93.9510269100137,86.74342559719462,86.74342559719462,13.885708695381929,13.885708695381929,12.481710453325343,4.38396253510646,6.762261899701509,1.9705993604362328,1.6967915196978165,1.6967915196978165,5.121143368279165,6.270801977713717,10.129982662176033,3.311509509328058,3.5678024527148335,68.37480902018392,68.24311135429664,61.904206395310084,63.071878407517225,57.82181866058759,48.32303408187733,48.32303408187733,2.6989919751549687,6.472651385116079,8.850985320863764,5.831999896347535,7.05863840737451,5.400085211494169,6.22497649556859,5.54049257299707,3.460694494847101,5.400085211494169,6.9708847497054505,84.55698056556788,84.03013131372585,82.76570098815587,77.0583414093885,86.64683495384989,58.104631832870425,55.69224398809001,56.21858660932711,72.84382134119858,76.32957181062372,72.90528220424794,84.4164872429274,81.93153429352844,96.63113848543533,86.03216874429353,91.89794771669722,109.0663859496222,118.34083012720976,109.99731639822701
1.1895559602702017,1.1895559602702017,1.1895559602702017,1.1895559602702017,1000.0,1.1895559602702017,1.1895559602702017,1.1895559602702017,1.329090802742744,1.1895559602702017,6.934036025579162,1.2141280108861616,7.598330928159211,54.942339842773826,55.06875806666756,55.053833687225364,55.06875806666756,55.06875806666756,55.17498457687758,55.17498457687758,1.329090802742744,1.0833695503595226,1.451951562319333,2.2128130345608445,1.1895559602702017,1.1895559602702017,1.1895559602702017,1.1895559602702017,1.1895559602702017,1.1895559602702017,1.1895559602702017,75.00999127343424,75.00999127343424,83.33919229033364,81.27572517779953,75.00999127343424,41.75141148892243,43.080553619961535,55.82302489602118,80.97893957878418,80.97893957878418,76.03201779075681,75.08725762905564,93.87738563854354,85.29117163703145,93.87738563854354,93.87738563854354,93.76147096860939,86.55386965298143,86.55386965298143,14.07526465528138,14.07526465528138,12.671266413300689,4.194406574860023,6.572705939501897,1.7810434001676985,1.88634747996666,1.88634747996666,4.931587408044584,6.081246017502391,10.31953862225904,3.501065469585545,3.378246492458058,68.1852530698317,68.05355540390569,61.7146504431447,62.882322455665545,57.63226270737205,48.133478126499504,48.133478126499504,2.5094360148904054,6.283095424909437,8.661429360725776,5.642443936126648,7.2481943675614415,5.5896411717199515,6.4145324557765635,5.730048533220034,3.6502504551029604,5.5896411717199515,7.16044070989474,84.3674246205471,83.84057536851361,82.57614504248897,76.86878546175575,86.45727900960055,58.29418778592419,55.88179994174049,56.40814256284958,72.65426539220499,76.14001586275012,72.71572625527364,84.22693129785544,81.74197834756541,96.44158254513293,85.84261279981534,91.70839177446992,108.87683001483923,118.15127419697845,109.80776046388414
1.0,1.0,1.0,1.0,1.1895559602702017,1000.0,1.0,1.0,1.5186467630125704,1.0,6.744480065383942,1.0245720506159715,7.408774967982032,55.13189579664162,55.25831402050543,55.24338964106675,55.25831402050543,55.25831402050543,55.36454053069023,55.36454053069023,1.5186467630125704,1.1061864099106986,1.6415075225888973,2.402368994827307,1.0,1.0,1.0,1.0,1.0,1.0,1.0,75.19954722167671,75.19954722167671,83.52874823572702,81.4652811239268,75.19954722167671,41.56185553229489,42.89099766357634,55.633468942356494,81.16849552501547,81.16849552501547,76.2215737386659,75.27681357727305,94.06694157990081,85.48072758171358,94.06694157990081,94.06694157990081,93.9510269100137,86.74342559719462,86.74342559719462,13.885708695381929,13.885708695381929,12.481710453325343,4.38396253510646,6.762261899701509,1.9705993604362328,1.6967915196978165,1.6967915196978165,5.121143368279165,6.270801977713717,10.129982662176033,3.311509509328058,3.5678024527148335,68.37480902018392,68.24311135429664,61.904206395310084,63.071878407517225,57.82181866058759,48.32303408187733,48.32303408187733,2.6989919751549687,6.472651385116079,8.850985320863764,5.831999896347535,7.05863840737451,5.400085211494169,6.22497649556859,5.54049257299707,3.460694494847101,5.400085211494169,6.9708847497054505,84.55698056556788,84.03013131372585,82.76570098815587,77.0583414093885,86.64683495384989,58.104631832870425,55.69224398809001,56.21858660932711,72.84382134119858,76.32957181062372,72.90528220424794,84.4164872429274,81.93153429352844,96.63113848543533,86.03216874429353,91.89794771669722,109.0663859496222,118.34083012720976,109.99731639822701
1.0,1.0,1.0,1.0,1.1895559602702017,1.0,1000.0,1.0,1.5186467630125704,1.0,6.744480065383942,1.0245720506159715,7.408774967982032,55.13189579664162,55.25831402050543,55.24338964106675,55.25831402050543,55.25831402050543,55.36454053069023,55.36454053069023,1.5186467630125704,1.1061864099106986,1.6415075225888973,2.402368994827307,1.0,1.0,1.0,1.0,1.0,1.0,1.0,75.19954722167671,75.19954722167671,83.52874823572702,81.4652811239268,75.19954722167671,41.56185553229489,42.89099766357634,55.633468942356494,81.16849552501547,81.16849552501547,76.2215737386659,75.27681357727305,94.06694157990081,85.48072758171358,94.06694157990081,94.06694157990081,93.9510269100137,86.74342559719462,86.74342559719462,13.885708695381929,13.885708695381929,12.481710453325343,4.38396253510646,6.762261899701509,1.9705993604362328,1.6967915196978165,1.6967915196978165,5.121143368279165,6.270801977713717,10.129982662176033,3.311509509328058,3.5678024527148335,68.37480902018392,68.24311135429664,61.904206395310084,63.071878407517225,57.82181866058759,48.32303408187733,48.32303408187733,2.6989919751549687,6.472651385116079,8.850985320863764,5.831999896347535,7.05863840737451,5.400085211494169,6.22497649556859,5.54049257299707,3.460694494847101,5.400085211494169,6.9708847497054505,84.55698056556788,84.03013131372585,82.76570098815587,77.0583414093885,86.64683495384989,58.104631832870425,55.69224398809001,56.21858660932711,72.84382134119858,76.32957181062372,72.90528220424794,84.4164872429274,81.93153429352844,96.63113848543533,86.03216874429353,91.89794771669722,109.0663859496222,118.34083012720976,109.99731639822701
1.0,1.0,1.0,1.0,1.1895559602702017,1.0,1.0,1000.0,1.5186467630125704,1.0,6.744480065383942,1.0245720506159715,7.408774967982032,55.13189579664162,55.25831402050543,55.24338964106675,55.25831402050543,55.25831402050543,55.36454053069023,55.36454053069023,1.5186467630125704,1.1061864099106986,1.6415075225888973,2.402368994827307,1.0,1.0,1.0,1.0,1.0,1.0,1.0,75.19954722167671,75.19954722167671,83.52874823572702,81.4652811239268,75.19954722167671,41.56185553229489,42.89099766357634,55.633468942356494,81.16849552501547,81.16849552501547,76.2215737386659,75.27681357727305,94.06694157990081,85.48072758171358,94.06694157990081,94.06694157990081,93.9510269100137,86.74342559719462,86.74342559719462,13.885708695381929,13.885708695381929,12.481710453325343,4.38396253510646,6.762261899701509,1.9705993604362328,1.6967915196978165,1.6967915196978165,5.121143368279165,6.270801977713717,10.129982662176033,3.311509509328058,3.5678024527148335,68.37480902018392,68.24311135429664,61.904206395310084,63.071878407517225,57.82181866058759,48.32303408187733,48.32303408187733,2.6989919751549687,6.472651385116079,8.850985320863764,5.831999896347535,7.05863840737451,5.400085211494169,6.22497649556859,5.54049257299707,3.460694494847101,5.400085211494169,6.9708847497054505,84.55698056556788,84.03013131372585,82.76570098815587,77.0583414093885,86.64683495384989,58.104631832870425,55.69224398809001,56.21858660932711,72.84382134119858,76.32957181062372,72.90528220424794,84.4164872429274,81.93153429352844,96.63113848543533,86.03216874429353,91.89794771669722,109.0663859496222,118.34083012720976,109.99731639822701
1.5186467630125704,1.5186467630125704,1.5186467630125704,1.5186467630125704,1.329090802742744,1.5186467630125704,1.5186467630125704,1.5186467630125704,1000.0,1.5186467630125704,7.263126828179981,1.5432188136284615,7.927421730727401,54.61324905103957,54.73966727498506,54.72474289553672,54.73966727498506,54.73966727498506,54.84589378523863,54.84589378523863,1.0,1.4124603531021354,1.1228607595768012,1.883722231822192,1.5186467630125704,1.5186467630125704,1.5186467630125704,1.5186467630125704,1.5186467630125704,1.5186467630125704,1.5186467630125704,74.68090049142651,74.68090049142651,83.01010151325576,80.9466343994516,74.68090049142651,42.08050228526041,43.409644415876144,56.15211568718744,80.64984880025621,80.64984880025621,75.70292700932582,74.75816684709122,93.54829486845193,84.96208086118455,93.54829486845193,93.54829486845193,93.43238019843636,86.22477887794608,86.22477887794608,14.404355457354582,14.404355457354582,13.000357215508423,3.8653157721522144,6.243615136870671,1.451952597426302,2.215438282705291,2.215438282705291,4.602496605355898,5.752155214851802,10.64862942465834,3.830156272301264,3.049155689733917,67.85616228417466,67.72446461818168,61.38555965435261,62.553231667415815,57.303171916764875,47.80438733215717,47.80438733215717,2.180345212154463,5.954004622266577,8.332338558197398,5.313353133460328,7.577285170147248,5.9187319743764935,6.743623258400553,6.059139335871402,3.9793412578155567,5.9187319743764935,7.489531512484818,84.03833384411408,83.51148459174915,82.2470542649377,76.53969468080284,86.1281882345027,58.62327857602489,56.21089073288197,56.737233353767806,72.32517460889788,75.81092508138053,72.3866354719999,83.89784052133383,81.41288756950162,96.11249177686764,85.51352202432138,91.379301002872,108.54773925613165,117.82218344615471,109.47866970593878
1.0,1.0,1.0,1.0,1.1895559602702017,1.0,1.0,1.0,1.5186467630125704,1000.0,6.744480065383942,1.0245720506159715,7.408774967982032,55.13189579664162,55.25831402050543,55.24338964106675,55.25831402050543,55.25831402050543,55.36454053069023,55.36454053069023,1.5186467630125704,1.1061864099106986,1.6415075225888973,2.402368994827307,1.0,1.0,1.0,1.0,1.0,1.0,1.0,75.19954722167671,75.19954722167671,83.52874823572702,81.4652811239268,75.19954722167671,41.56185553229489,42.89099766357634,55.633468942356494,81.16849552501547,81.16849552501547,76.2215737386659,75.27681357727305,94.06694157990081,85.48072758171358,94.06694157990081,94.06694157990081,93.9510269100137,86.74342559719462,86.74342559719462,13.885708695381929,13.885708695381929,12.481710453325343,4.38396253510646,6.762261899701509,1.9705993604362328,1.6967915196978165,1.6967915196978165,5.121143368279165,6.270801977713717,10.129982662176033,3.311509509328058,3.5678024527148335,68.37480902018392,68.24311135429664,61.904206395310084,63.071878407517225,57.82181866058759,48.32303408187733,48.32303408187733,2.6989919751549687,6.472651385116079,8.850985320863764,5.831999896347535,7.05863840737451,5.400085211494169,6.22497649556859,5.54049257299707,3.460694494847101,5.400085211494169,6.9708847497054505,84.55698056556788,84.03013131372585,82.76570098815587,77.0583414093885,86.64683495384989,58.104631832870425,55.69224398809001,56.21858660932711,72.84382134119858,76.32957181062372,72.90528220424794,84.4164872429274,81.93153429352844,96.63113848543533,86.03216874429353,91.89794771669722,109.0663859496222,118.34083012720976,109.99731639822701
6.744480065383942,6.744480065383942,6.744480065383942,6.744480065383942,6.934036025579162,6.744480065383942,6.744480065383942,6.744480065383942,7.263126828179981,6.744480065383942,1000.0,6.71990801477734,1.6642949028819811,60.87637564658893,61.00279386949515,60.98786949016963,61.00279386949515,61.00279386949515,61.109020378873666,61.109020378873666,7.263126828179981,6.850666475253227,7.385987587699764,8.146849059543193,6.744480065383942,6.744480065383942,6.744480065383942,6.744480065383942,6.744480065383942,6.744480065383942,6.744480065383942,80.94402689321024,80.94402689321024,89.27322781762436,87.20976072888121,80.94402689321024,35.81737556125695,37.146517699356785,49.88898905554141,86.91297513324007,86.91297513324007,81.96605339969223,81.02129324801705,99.81142103531623,91.22520714128417,99.81142103531623,99.81142103531623,99.69550636689966,92.48790514205562,92.48790514205562,8.141228636136297,8.141228636136297,6.7372303923352375,10.128442598431612,12.506741960666895,7.715079425385728,6.047688545920591,6.047688545920591,10.865623430953445,12.01528203922848,4.385502598853547,4.432970556584923,9.312282516676149,74.11928875835355,73.98759109369178,67.64868619098705,68.81635819322494,63.5662984897041,54.06751398027895,54.06751398027895,8.443472039695969,12.2171314464091,14.595465379135499,11.576479958325635,1.3141583421174894,2.344394854284194,1.5195035699963455,2.2039874927513727,4.283785571075555,2.344394854284194,1.2264046844116505,90.30146013576676,89.7746108899362,88.51018057864472,82.80282106170982,92.39131449984352,52.360151963592436,49.947764101682495,50.474106726590215,78.58830103642677,82.07405147053173,78.64976189886721,90.16096681473289,87.67601389332194,102.37561790786809,91.776648297466,97.64242719933789,114.81086519987046,124.08530923585164,115.74179563476979
1.0245720506159715,1.0245720506159715,1.0245720506159715,1.0245720506159715,1.2141280108861616,1.0245720506159715,1.0245720506159715,1.0245720506159715,1.5432188136284615,1.0245720506159715,6.71990801477734,1000.0,7.384202917377727,55.15646784642436,55.28288607028428,55.26796169084606,55.28288607028428,55.28288607028428,55.38911258046577,55.38911258046577,1.5432188136284615,1.130758460526666,1.666079573204747,2.4269410454427076,1.0245720506159715,1.0245720506159715,1.0245720506159715,1.0245720506159715,1.0245720506159715,1.0245720506159715,1.0245720506159715,75.22411927072899,75.22411927072899,83.55332028440945,81.48985317270451,75.22411927072899,41.537283482148645,42.866425613461416,55.60889689259346,81.1930675738067,81.1930675738067,76.2461457876749,75.30138562632209,94.09151362805942,85.50529963030371,94.09151362805942,94.09151362805942,93.9755989581784,86.7679976457239,86.7679976457239,13.86113664481323,13.86113664481323,12.457138402746894,4.408534585719144,6.786833950307978,1.9951714110519296,1.6722194690819783,1.6722194690819783,5.145715418890267,6.295374028321734,10.105410611583773,3.2869374587135938,3.592374503328908,68.39938106951011,68.26768340362786,61.928778444871725,63.09645045703812,57.84639071028561,48.34760613185622,48.34760613185622,2.7235640257701057,6.497223435723478,8.875557371462119,5.856571946956818,7.034066356768963,5.375513160883687,6.200404444960366,5.515920522386946,3.436122444232838,5.375513160883687,6.946312699099602,84.581552614202,84.05470336238483,82.79027303687383,77.08291345836165,86.67140700238386,58.08005978318644,55.66767193832882,56.194014559582484,72.86839339034839,76.35414385962812,72.92985425339522,84.44105929156811,81.95610634228484,96.65571053345704,86.0567407928572,91.92251976496877,109.09095799692768,118.36540217392461,110.02188844547538
7.408774967982032,7.408774967982032,7.408774967982032,7.408774967982032,7.598330928159211,7.408774967982032,7.408774967982032,7.408774967982032,7.927421730727401,7.408774967982032,1.6642949028819811,7.384202917377727,1000.0,61.540670521598614,61.667088744387854,61.65216436507615,61.667088744387854,61.667088744387854,61.77331525366788,61.77331525366788,7.927421730727401,7.514961377841281,8.050282490234569,8.811143961994723,7.408774967982032,7.408774967982032,7.408774967982032,7.408774967982032,7.408774967982032,7.408774967982032,7.408774967982032,81.60832174659632,81.60832174659632,89.93752266023321,87.87405557425838,81.60832174659632,35.153080667564524,36.482222806387156,49.224694170893116,87.57726997901008,87.57726997901008,82.63034825181273,81.68558810130797,100.47571586277783,91.88950198121469,100.47571586277783,100.47571586277783,100.35980119453707,93.15219998022272,93.15219998022272,7.476933733611232,7.476933733611232,6.072935489677828,10.792737500624382,13.171036862469252,8.37937432788561,6.71198344858023,6.71198344858023,11.529918333034521,12.679576941118652,3.721207696042642,5.097265459358426,9.976577418982826,74.78358361978272,74.65188595526917,68.31298105938619,69.48065306041354,64.23059336217196,54.7318088612284,54.7318088612284,9.10776694211262,12.881426348263656,15.259760280523132,12.240774860291072,1.3501365607653404,3.0086897571453455,2.1837984728735833,2.868282395616004,4.948080473857549,3.0086897571453455,1.4378902184710953,90.96575497697201,90.43890573186263,89.17447542228483,83.46711591278232,93.05560933814635,51.69585708085005,49.28346921707846,49.809811842384654,79.25259589266932,82.73834632251754,79.3140567550363,90.82526165613085,88.34030873807926,103.03991273138888,92.44094313662937,98.30672203005504,115.47516000286515,124.74960402201255,116.40609043613358
55.13189579664162,55.13189579664162,55.13189579664162,55.13189579664162,54.942339842773826,55.13189579664162,55.13189579664162,55.13189579664162,54.61324905103957,55.13189579664162,60.87637564658893,55.15646784642436,61.540670521598614,1000.0,1.1264182281462514,1.1114938482009638,1.1264182281462514,1.1264182281462514,1.2326447419448663,1.2326447419448663,54.61324905103957,55.025709390323016,54.49038829553807,53.72952684811242,55.13189579664162,55.13189579664162,55.13189579664162,55.13189579664162,55.13189579664162,55.13189579664162,55.13189579664162,21.067652353678465,21.067652353678465,29.396853900025263,27.333386648338184,21.067652353678465,95.6937489186868,97.02289093586961,109.76536100736239,27.036601029741313,27.036601029741313,22.089678931350882,21.14491871381723,39.9350480408599,31.34883338319776,39.9350480408599,39.9350480408599,39.819133361462114,32.611531489936425,32.611531489936425,68.01760395092464,68.01760395092464,66.6136057779612,51.747933369044176,49.36963407140636,54.16129646851212,55.828687292416944,55.828687292416944,51.010752557384805,49.861093980139756,64.26187809698803,57.443405224265874,52.56409342682191,14.242913780204074,14.111216107707522,7.77231085609027,8.939982918448726,3.6899229593597895,7.808861916009181,7.808861916009181,53.432903877261126,49.65924457821783,47.280910703194934,50.29989604941556,61.19053397560154,59.53198084683505,60.35687209796222,59.67238820279029,57.59259020428116,59.53198084683505,61.10278032157009,30.425086301542255,29.8982370128109,28.63380660011054,22.92644665272188,32.51494083954111,112.23652363994283,109.82413604705094,110.35047861395915,18.711926338265947,22.197677009796838,18.77338720474822,30.284592969030953,27.799639849086574,42.49924516103387,31.900274585388487,37.766054002448556,54.934493781405074,64.20893894557065,55.865424324247904
55.25831402050543,55.25831402050543,55.25831402050543,55.25831402050543,55.06875806666756,55.25831402050543,55.25831402050543,55.25831402050543,54.73966727498506,55.25831402050543,61.00279386949515,55.28288607028428,61.667088744387854,1.1264182281462514,1000.0,1.01492437994529,1.0,1.0,1.106226513798651,1.106226513798651,54.73966727498506,55.15212761420361,54.61680651950281,53.8559450721953,55.25831402050543,55.25831402050543,55.25831402050543,55.25831402050543,55.25831402050543,55.25831402050543,55.25831402050543,20.941234126113358,20.941234126113358,29.270435673044343,27.20696842119382,20.941234126113358,95.82016713371286,97.14930915052408,109.8917792181893,26.91018280257445,26.91018280257445,21.963260703846643,21.018500486256624,39.80862981490578,31.222415156382798,39.80862981490578,39.80862981490578,39.692715135494964,32.48511326323468,32.48511326323468,68.14402217250539,68.14402217250539,66.7400239998144,51.874351593426766,49.49605229613346,54.28771469252814,55.95510551616976,55.95510551616976,51.137170781875945,49.98751220479702,64.38829631928454,57.569823447756,52.69051165108245,14.116495552310171,13.984797879808603,7.645892628009429,8.813564690392631,3.563504731223562,7.9352801440867555,7.9352801440867555,53.5593221013896,49.78566280290387,47.40732892821093,50.42631427400988,61.3169521984526,59.65839906997407,60.48329032095901,59.79880642590524,57.71900842774663,59.65839906997407,61.22919854443659,30.298668074647388,29.771818785871556,28.50738837306774,22.80002842526973,32.388522612830556,112.36294184997189,109.95055425785911,110.47689682459878,18.585508110572093,22.071258782299214,18.646968977057522,30.158174742124142,27.673221621978055,42.37282693537815,31.773856358622393,37.63963577625687,54.808075557465706,64.08252072320163,55.739006100454986
55.24338964106675,55.24338964106675,55.24338964106675,55.24338964106675,55.053833687225364,55.24338964106675,55.24338964106675,55.24338964106675,54.72474289553672,55.24338964106675,60.98786949016963,55.26796169084606,61.65216436507615,1.1114938482009638,1.01492437994529,1000.0,1.01492437994529,1.01492437994529,1.1211508937439385,1.1211508937439385,54.72474289553672,55.137203234762936,54.601882140052204,53.84102069273074,55.24338964106675,55.24338964106675,55.24338964106675,55.24338964106675,55.24338964106675,55.24338964106675,55.24338964106675,20.956158505990423,20.956158505990423,29.285360052852603,27.221892801021337,20.956158505990423,95.8052427553183,97.1343847721734,109.8768548402907,26.92510718240461,26.92510718240461,21.978185083716543,21.03342486613316,39.82355419459302,31.237339536171504,39.82355419459302,39.82355419459302,39.707639515183736,32.50003764301003,32.50003764301003,68.12909779333646,68.12909779333646,66.72509962061326,51.85942721392677,49.48112791659276,54.272790313071454,55.94018113674418,55.94018113674418,51.12224640236313,49.97258782526456,64.37337194003106,57.55489906836147,52.675587271596875,14.131419932225919,13.99972225972494,7.6608170079471245,8.828489070327427,3.5784291111677176,7.920355764149706,7.920355764149706,53.54439772191962,49.770738423368,47.39240454863608,50.411389894484884,61.30202781913357,59.643474690621034,60.46836594162278,59.78388204655504,57.70408404835503,59.643474690621034,61.21427416511575,30.313592454445505,29.786743165674906,28.522312752883295,22.814952805133498,32.40344699260696,112.34801747216754,109.93562987996276,110.46197244672234,18.60043249046431,22.086183162168336,18.661893356949367,30.173099121923673,27.688146001801343,42.38775131503021,31.78878073840534,37.654560155972106,54.822999936915394,64.09744510246608,55.753930479887394
55.25831402050543,55.25831402050543,55.25831402050543,55.25831402050543,55.06875806666756,55.25831402050543,55.25831402050543,55.25831402050543,54.73966727498506,55.25831402050543,61.00279386949515,55.28288607028428,61.667088744387854,1.1264182281462514,1.0,1.01492437994529,1000.0,1.0,1.106226513798651,1.106226513798651,54.73966727498506,55.15212761420361,54.61680651950281,53.8559450721953,55.25831402050543,55.25831402050543,55.25831402050543,55.25831402050543,55.25831402050543,55.25831402050543,55.25831402050543,20.941234126113358,20.941234126113358,29.270435673044343,27.20696842119382,20.941234126113358,95.82016713371286,97.14930915052408,109.8917792181893,26.91018280257445,26.91018280257445,21.963260703846643,21.018500486256624,39.80862981490578,31.222415156382798,39.80862981490578,39.80862981490578,39.692715135494964,32.48511326323468,32.48511326323468,68.14402217250539,68.14402217250539,66.7400239998144,51.874351593426766,49.49605229613346,54.28771469252814,55.95510551616976,55.95510551616976,51.137170781875945,49.98751220479702,64.38829631928454,57.569823447756,52.69051165108245,14.116495552310171,13.984797879808603,7.645892628009429,8.813564690392631,3.563504731223562,7.9352801440867555,7.9352801440867555,53.5593221013896,49.78566280290387,47.40732892821093,50.42631427400988,61.3169521984526,59.65839906997407,60.48329032095901,59.79880642590524,57.71900842774663,59.65839906997407,61.22919854443659,30.298668074647388,29.771818785871556,28.50738837306774,22.80002842526973,32.388522612830556,112.36294184997189,109.95055425785911,110.47689682459878,18.585508110572093,22.071258782299214,18.646968977057522,30.158174742124142,27.673221621978055,42.37282693537815,31.773856358622393,37.63963577625687,54.808075557465706,64.08252072320163,55.739006100454986
55.25831402050543,55.25831402050543,55.25831402050543,55.25831402050543,55.06875806666756,55.25831402050543,55.25831402050543,55.25831402050543,54.73966727498506,55.25831402050543,61.00279386949515,55.28288607028428,61.667088744387854,1.1264182281462514,1.0,1.01492437994529,1.0,1000.0,1.106226513798651,1.106226513798651,54.73966727498506,55.15212761420361,54.61680651950281,53.8559450721953,55.25831402050543,55.25831402050543,55.25831402050543,55.25831402050543,55.25831402050543,55.25831402050543,55.25831402050543,20.941234126113358,20.941234126113358,29.270435673044343,27.20696842119382,20.941234126113358,95.82016713371286,97.14930915052408,109.8917792181893,26.91018280257445,26.91018280257445,21.963260703846643,21.018500486256624,39.80862981490578,31.222415156382798,39.80862981490578,39.80862981490578,39.692715135494964,32.48511326323468,32.48511326323468,68.14402217250539,68.14402217250539,66.7400239998144,51.874351593426766,49.49605229613346,54.28771469252814,55.95510551616976,55.95510551616976,51.137170781875945,49.98751220479702,64.38829631928454,57.569823447756,52.69051165108245,14.116495552310171,13.984797879808603,7.645892628009429,8.813564690392631,3.563504731223562,7.9352801440867555,7.9352801440867555,53.5593221013896,49.78566280290387,47.40732892821093,50.42631427400988,61.3169521984526,59.65839906997407,60.48329032095901,59.79880642590524,57.71900842774663,59.65839906997407,61.22919854443659,30.298668074647388,29.771818785871556,28.50738837306774,22.80002842526973,32.388522612830556,112.36294184997189,109.95055425785911,110.47689682459878,18.585508110572093,22.071258782299214,18.646968977057522,30.158174742124142,27.673221621978055,42.37282693537815,31.773856358622393,37.63963577625687,54.808075557465706,64.08252072320163,55.739006100454986
55.36454053069023,55.36454053069023,55.36454053069023,55.36454053069023,55.17498457687758,55.36454053069023,55.36454053069023,55.36454053069023,54.84589378523863,55.36454053069023,61.109020378873666,55.38911258046577,61.77331525366788,1.2326447419448663,1.106226513798651,1.1211508937439385,1.106226513798651,1.106226513798651,1000.0,1.0,54.84589378523863,55.25835412440253,54.723033029772566,53.962171582564544,55.36454053069023,55.36454053069023,55.36454053069023,55.36454053069023,55.36454053069023,55.36454053069023,55.36454053069023,20.835007612797366,20.835007612797366,29.164209160216863,27.10074190822958,20.835007612797366,95.92639363645998,97.25553565295853,109.99800571740394,26.803956289591397,26.803956289591397,21.85703419058151,20.912273972944398,39.70240330293812,31.116188643694212,39.70240330293812,39.70240330293812,39.586488623516374,32.37888675064087,32.37888675064087,68.25024868076807,68.25024868076807,66.84625050830638,51.980578104048426,49.6022788070453,54.39394120284113,56.06133202626108,56.06133202626108,51.24339729258905,50.093738715650034,64.49452282814977,57.67604995762613,52.79673816160133,14.010269038719839,13.878571366214087,7.539666114263853,8.707338176667516,3.457278217432605,8.041506657825728,8.041506657825728,53.66554861179725,49.89188931378112,47.513555439366115,50.53254078480988,61.423178707784665,59.76462557954856,60.58951683041378,59.905032935459474,57.82523493759601,59.76462557954856,61.33542505378168,30.19244156189191,29.665592273078854,28.40116186018848,22.693801912048116,32.28229610022936,112.46916834851535,110.05678075705795,110.58312332365591,18.47928159714858,21.965032269039604,18.54074246363664,30.051948229358686,27.56699510904382,42.26660042366049,31.66762984597473,37.533409264090174,54.70184904718674,63.97629421423951,55.6327795902988
55.36454053069023,55.36454053069023,55.36454053069023,55.36454053069023,55.17498457687758,55.36454053069023,55.36454053069023,55.36454053069023,54.84589378523863,55.36454053069023,61.109020378873666,55.38911258046577,61.77331525366788,1.2326447419448663,1.106226513798651,1.1211508937439385,1.106226513798651,1.106226513798651,1.0,1000.0,54.84589378523863,55.25835412440253,54.723033029772566,53.962171582564544,55.36454053069023,55.36454053069023,55.36454053069023,55.36454053069023,55.36454053069023,55.36454053069023,55.36454053069023,20.835007612797366,20.835007612797366,29.164209160216863,27.10074190822958,20.835007612797366,95.92639363645998,97.25553565295853,109.99800571740394,26.803956289591397,26.803956289591397,21.85703419058151,20.912273972944398,39.70240330293812,31.116188643694212,39.70240330293812,39.70240330293812,39.586488623516374,32.37888675064087,32.37888675064087,68.25024868076807,68.25024868076807,66.84625050830638,51.980578104048426,49.6022788070453,54.39394120284113,56.06133202626108,56.06133202626108,51.24339729258905,50.093738715650034,64.49452282814977,57.67604995762613,52.79673816160133,14.010269038719839,13.878571366214087,7.539666114263853,8.707338176667516,3.457278217432605,8.041506657825728,8.041506657825728,53.66554861179725,49.89188931378112,47.513555439366115,50.53254078480988,61.423178707784665,59.76462557954856,60.58951683041378,59.905032935459474,57.82523493759601,59.76462557954856,61.33542505378168,30.19244156189191,29.665592273078854,28.40116186018848,22.693801912048116,32.28229610022936,112.46916834851535,110.05678075705795,110.58312332365591,18.47928159714858,21.965032269039604,18.54074246363664,30.051948229358686,27.56699510904382,42.26660042366049,31.66762984597473,37.533409264090174,54.70184904718674,63.97629421423951,55.6327795902988
1.5186467630125704,1.5186467630125704,1.5186467630125704,1.5186467630125704,1.329090802742744,1.5186467630125704,1.5186467630125704,1.5186467630125704,1.0,1.5186467630125704,7.263126828179981,1.5432188136284615,7.927421730727401,54.61324905103957,54.73966727498506,54.72474289553672,54.73966727498506,54.73966727498506,54.84589378523863,54.84589378523863,1000.0,1.4124603531021354,1.1228607595768012,1.883722231822192,1.5186467630125704,1.5186467630125704,1.5186467630125704,1.5186467630125704,1.5186467630125704,1.5186467630125704,1.5186467630125704,74.68090049142651,74.68090049142651,83.01010151325576,80.9466343994516,74.68090049142651,42.08050228526041,43.409644415876144,56.15211568718744,80.64984880025621,80.64984880025621,75.70292700932582,74.75816684709122,93.54829486845193,84.96208086118455,93.54829486845193,93.54829486845193,93.43238019843636,86.22477887794608,86.22477887794608,14.404355457354582,14.404355457354582,13.000357215508423,3.8653157721522144,6.243615136870671,1.451952597426302,2.215438282705291,2.215438282705291,4.602496605355898,5.752155214851802,10.64862942465834,3.830156272301264,3.049155689733917,67.85616228417466,67.72446461818168,61.38555965435261,62.553231667415815,57.303171916764875,47.80438733215717,47.80438733215717,2.180345212154463,5.954004622266577,8.332338558197398,5.313353133460328,7.577285170147248,5.9187319743764935,6.743623258400553,6.059139335871402,3.9793412578155567,5.9187319743764935,7.489531512484818,84.03833384411408,83.51148459174915,82.2470542649377,76.53969468080284,86.1281882345027,58.62327857602489,56.21089073288197,56.737233353767806,72.32517460889788,75.81092508138053,72.3866354719999,83.89784052133383,81.41288756950162,96.11249177686764,85.51352202432138,91.379301002872,108.54773925613165,117.82218344615471,109.47866970593878
1.1061864099106986,1.1061864099106986,1.1061864099106986,1.1061864099106986,1.0833695503595226,1.1061864099106986,1.1061864099106986,1.1061864099106986,1.4124603531021354,1.1061864099106986,6.850666475253227,1.130758460526666,7.514961377841281,55.025709390323016,55.15212761420361,55.137203234762936,55.15212761420361,55.15212761420361,55.25835412440253,55.25835412440253,1.4124603531021354,1000.0,1.5353211126786221,2.296182584918847,1.1061864099106986,1.1061864099106986,1.1061864099106986,1.1061864099106986,1.1061864099106986,1.1061864099106986,1.1061864099106986,75.09336081851139,75.09336081851139,83.42256183415857,81.35909472194703,75.09336081851139,41.66804194016919,42.99718407131501,55.7396553485725,81.06230912297738,81.06230912297738,76.11538733568744,75.17062717412176,93.96075518059442,85.37454118054376,93.96075518059442,93.96075518059442,93.84484051068091,86.63723919628762,86.63723919628762,13.99189510508626,13.99189510508626,12.587896863072046,4.277776125209422,6.656075489830945,1.864412950526568,1.8029779296078257,1.8029779296078257,5.014956958388844,6.16461556783654,10.236169071982808,3.4176959192318717,3.46161604281192,68.26862261583605,68.13692494992706,61.79801998994584,62.96569200232884,57.715632254634656,48.21684767471211,48.21684767471211,2.5928055652476036,6.366464975241547,8.744798911027939,5.725813486464957,7.164824817239186,5.506271621380436,6.331162905444966,5.646678982881774,3.566880904750018,5.506271621380436,7.077071159571436,84.45079416420828,83.92394491225895,82.65951458643413,76.95215500656495,86.54064855292263,58.21081823874446,55.798430394298066,56.3247730154635,72.73763493761226,76.22338540766515,72.79909580067242,84.31030084153909,81.82534789164072,96.52495208672013,85.92598234323803,91.79176131690319,108.96019955400017,118.23464373413843,109.89113000285163
1.6415075225888973,1.6415075225888973,1.6415075225888973,1.6415075225888973,1.451951562319333,1.6415075225888973,1.6415075225888973,1.6415075225888973,1.1228607595768012,1.6415075225888973,7.385987587699764,1.666079573204747,8.050282490234569,54.49038829553807,54.61680651950281,54.601882140052204,54.61680651950281,54.61680651950281,54.723033029772566,54.723033029772566,1.1228607595768012,1.5353211126786221,1000.0,1.760861472246349,1.6415075225888973,1.6415075225888973,1.6415075225888973,1.6415075225888973,1.6415075225888973,1.6415075225888973,1.6415075225888973,74.5580397395433,74.5580397395433,82.8872407632077,80.82377364893071,74.5580397395433,42.203363042419625,43.53250517287646,56.27497644240683,80.5269880496683,80.5269880496683,75.58006625765731,74.63530609522417,93.42543412100527,84.83922011159478,93.42543412100527,93.42543412100527,93.30951945095939,86.10191812865847,86.10191812865847,14.527216216672787,14.527216216672787,13.123217974877758,3.742455012586611,6.120754377332126,1.3290918378497127,2.338299042279774,2.338299042279774,4.479635845796959,5.629294455306345,10.77149018410071,3.953017031866153,2.92629493016274,67.73330153093349,67.60160386491559,61.262698899945164,62.4303709132101,57.18031116168243,47.68152657568637,47.68152657568637,2.0574844525794402,5.831143862723876,8.2094777986959,5.19049237390928,7.700145929661224,6.041592733917945,6.86648401792932,6.182000095410831,4.102202017379184,6.041592733917945,7.6123922720004416,83.9154730943061,83.38862384181779,82.12419351471338,76.41683392931226,86.00532748519187,58.74613933084487,56.33375148809205,56.86009410889419,72.20231385653112,75.68806432973489,72.26377471964554,83.77497977149287,81.29002681908655,95.98963103010118,85.39066127486304,91.25644025486442,108.4248785129254,117.69932270588575,109.35580896301649
