0.0,1.6711447452102046,32.093001864085174,31.19411358412589,31.87183244342174,32.578824537434755,31.19411358412589,31.222125273237296,31.449981976253547,31.56662817834977,9.711832823623297,15.477045439649013,14.96313477272153,14.96313477272153,13.302299513690418,31.447891544336937,31.273967832581828,31.893573073133993,8.35298026818313,8.35298026818313,8.610796618997284,8.287376924996224,8.421926389093372,8.421926389093372,8.59826100042482,8.35298026818313,8.59826100042482,8.610796618997284,8.287376924996224,1.0835800282529746,1.0835800282529746,1.0835800282529746,1.0835800282529746,30.76056099221875,31.304069981830345,31.304069981830345,1.687442698869615,6.481379935733278,1.4563457111732818,1.5779538074234152,1.665712093129698,19.65503767585554,19.553515489172067,21.7568891006695,30.776862665320824,30.72631870212065,30.72631870212065,1.7016511681226056,1.4885238195272388,1.4550920183369707,1.4918705345937213,3.9366491033669124,29.380067563100724,29.940288674403238,29.459501620762104,29.275549206631247,29.271368475697248,30.88514959469127,32.31918909967372,31.36594666354482,15.93538364765434,14.581668505074097,13.244639603181657,13.537116908182064,12.998122046493059,32.812539083016325,32.62439672071342,37.14831858951369,7.645547268432105,9.433963878082155,8.389333686050216,17.35592011883954,13.549651621881868,13.549651621881868,4.57420873632195,9.032827770722808,8.301584023761006,10.344868387766402,5.61471845646104,1.7593292337209947,1.7593292337209947,1.3706786557383053,2.7246966725596837,31.04820213519968,32.937967611886236,32.937967611886236,1.293783348033804,4.003516069229899,7.948782717577069,2.9378315789286047,3.6817193954856857,32.08180296825234,24.829962906572227,32.23635570877697,36.60545898622139,31.95231256545922,38.656251571436876,2.1103703628905013,1.8495862315360254,1.552879990830992
1.6711447452102046,0.0,32.76414657551584,31.86525829745817,32.54297715532538,33.2499692478148,31.86525829745817,31.89326998651114,32.121126689050115,32.237772890900644,9.040688080819667,14.80590070130985,14.291990033891398,14.291990033891398,12.631154773398128,32.1190362571379,31.945112545747385,32.56471778499129,7.681835524660603,7.681835524660603,7.939651875601389,7.616232181442206,7.750781645604263,7.750781645604263,7.927116257022661,7.681835524660603,7.927116257022661,7.939651875601389,7.616232181442206,1.5875647169589158,1.5875647169589158,1.5875647169589158,1.5875647169589158,31.431705706448586,31.975214694932948,31.975214694932948,1.0162979536597945,5.810235191428588,1.2147990340402877,1.0931909377886384,1.005432652080631,18.98389294218415,18.882370755372975,21.0857443698021,30.105717949956222,30.055173986653482,30.055173986653482,1.0305064229131355,1.1826209256860283,1.216052726876609,2.163015279784293,4.607793848213602,30.051212280103456,30.61143339029631,30.130646337608784,29.946693923838634,29.942513192912806,31.556294308664487,32.99033381061722,32.03709137651782,15.264238909768421,13.910523765891309,12.573494862842024,12.865972168084962,12.32697730595358,33.48368379288524,33.29554143099409,37.81946328922798,6.9744025245856065,8.762819135121184,7.718188942545269,16.684775382450432,12.878506881795287,12.878506881795287,3.9030639914680174,8.361683027544068,7.630439280213784,9.673723645341079,4.943573711875766,2.4304739788939225,2.4304739788939225,2.0418234009352565,3.395841417628094,31.71934684883546,33.6091123214793,33.6091123214793,1.377361397180206,4.674660814061424,8.619927460971368,3.6089763239653236,4.352864140387379,31.410658255597202,24.158818180354135,31.565210996450556,35.934314283873505,31.281167852529943,37.9851068742299,2.7815151080328206,1.1784414863310244,1.118264754381457
32.093001864085174,32.76414657551584,0.0,1.8988883228158766,1.2211694314440587,1.4858226975707745,1.8988883228158766,1.870876632407345,1.643019918747998,1.526373711140044,40.80483413773862,46.570046256763185,46.05613563844709,46.05613563844709,44.395300530747164,1.6451103507629976,1.8190340706556305,1.199428800678902,39.44598168399644,39.44598168399644,39.703798015967884,39.38037834557039,39.514927799888454,39.514927799888454,39.69126239831649,39.44598168399644,39.69126239831649,39.703798015967884,39.38037834557039,32.17658188820955,32.17658188820955,32.17658188820955,32.17658188820955,2.332440934484543,1.7889319200055116,1.7889319200055116,32.78044452833713,37.57438148198286,32.54934755244588,32.670955642505106,32.75871392371451,50.74803806643638,50.646515890779185,52.849889255557855,61.86986164800579,61.81931769210144,61.81931769210144,32.79465299685877,32.58152565916627,32.54809385967316,31.60113135333835,29.15635289168243,3.7129344225838024,3.1527132880694855,3.633500361691351,3.8174527832744145,3.821633514376546,2.2078523263937986,1.2261872467729604,1.7270552354010063,47.02838442070183,45.674669406337344,44.337640625334004,44.63011790437756,44.09112309031127,1.7195372550689707,1.53139488315959,6.05531701378808,38.73854873486041,40.52696521347238,39.48233509921944,48.448920751044874,44.64265261695882,44.64265261695882,35.66721040400725,40.125829136391545,39.394585443305324,41.4378696524941,36.707720059329716,31.333672666855165,31.333672666855165,31.722323226389555,30.368305271762534,2.044799778458853,1.844965790405081,1.844965790405081,32.386785197508786,29.08948592848236,25.144219412121316,30.155170374652748,29.411282589280987,63.174801759733235,55.92296269139474,63.32935447724996,67.6984570725052,63.045311376157976,69.74924931633194,30.982631553935988,32.942588052619385,32.64588182719301
31.19411358412589,31.86525829745817,1.8988883228158766,0.0,1.6777188913786367,2.3847110203560513,1.0,1.0280116904096417,1.2558684040753636,1.372514611684753,39.9059458856866,45.671158027025676,45.1572474065959,45.1572474065959,43.496412292231874,1.2537779720603268,1.079854252163222,1.6994595221433206,38.54709342713142,38.54709342713142,38.80490976000294,38.481490088477315,38.61603954326353,38.61603954326353,38.79237414230765,38.54709342713142,38.79237414230765,38.80490976000294,38.481490088477315,31.277693608484824,31.277693608484824,31.277693608484824,31.277693608484824,1.4335526116949484,1.1099564028143114,1.1099564028143114,31.881556250326156,36.675493218767265,31.650459273775105,31.772067364180916,31.859825645641287,49.84914985478846,49.74762767867257,51.95100105362077,60.97097349238918,60.920429536204246,60.920429536204246,31.895764718888525,31.68263738058707,31.649205580998807,30.702243072011704,28.25746460388933,2.8140460999918635,2.2538249653764195,2.7346120390833346,2.9185644607045056,2.9227451918075387,1.3089640035949,2.1250755695772616,1.171833087420554,46.12949619287002,44.77578117293299,43.43875238659191,43.731229666789,43.19223485060306,2.618425577831879,2.4302832059408956,6.954205335235501,37.83966047555704,39.62807696042231,38.58344684248097,47.550032529242735,43.74376437941988,43.74376437941988,34.76832213465227,39.22694088191324,38.4956971862616,40.53898140274238,35.80883179328275,30.434784384794337,30.434784384794337,30.823434945397743,29.469416987106413,1.1459114556499117,2.743854113153936,2.743854113153936,31.487896918376816,28.190597640520117,24.245331114905497,29.256282089435178,28.51239430213653,62.27591361144293,55.024074504391834,62.43046632983781,66.79956895083696,62.1464232271336,68.85036120735977,30.083743270921513,32.04369977507429,31.746993548797242
31.87183244342174,32.54297715532538,1.2211694314440587,1.6777188913786367,0.0,1.7069921290109895,1.6777188913786367,1.649707200969619,1.4218504873069753,1.3052042796977832,40.583664724007775,46.34887684856652,45.834966229726454,45.834966229726454,44.17413112037424,1.423940919322,1.5978646392170524,1.0217406307652055,39.22481226907107,39.22481226907107,39.48262860126593,39.15920893058841,39.2937583850227,39.2937583850227,39.47009298360365,39.22481226907107,39.47009298360365,39.48262860126593,39.15920893058841,31.95541246760446,31.95541246760446,31.95541246760446,31.95541246760446,2.1112715030570586,1.5677624885664665,1.5677624885664665,32.55927510815829,37.353212065480754,32.328178132102934,32.44978622224836,32.53754450352018,50.526868662722315,50.42534648695149,52.62871985424906,61.648692258162455,61.5981483021887,61.5981483021887,32.57348357669005,32.36035623884611,32.32692443932932,31.379961932334748,28.935183469069223,3.491764991215422,2.931543856671974,3.4123309303184133,3.596283351912248,3.6004640830146326,1.9866828949630793,1.4473566782158866,1.5058858039610645,46.80721501297754,45.453499997231674,44.11647121490485,44.40894849423444,43.86995367964254,1.9407066865054547,1.7525643145991734,6.276486444933782,38.51737931932973,40.30579579949387,39.26116568432549,48.22775134481494,44.421483206828015,44.421483206828015,35.4460409859801,39.90465972205858,39.1734160283356,41.21670023933405,36.48655064212438,31.112503245668893,31.112503245668893,31.501153805469258,30.147135849930372,1.8236303470244262,2.0661352218390587,2.0661352218390587,32.165615777051144,28.868316505827032,24.923049987159235,29.934000952680822,29.190113166829317,62.95363237170244,55.70179329378377,63.10818508943639,67.47728769105899,62.82414198794556,69.52807993802513,30.761462132512413,32.72141863255641,32.42471240691847
32.578824537434755,33.2499692478148,1.4858226975707745,2.3847110203560513,1.7069921290109895,0.0,2.3847110203560513,2.356699329949073,2.128842616300928,2.0121964086977204,41.29065679570858,47.055868902476554,46.54195828532033,46.54195828532033,44.881123181278696,2.1309330483158364,2.304856768200131,1.6852514982463171,39.93180434461395,39.93180434461395,40.189620676090136,39.86620100631339,40.00075046037385,40.00075046037385,40.17708505846289,39.93180434461395,40.17708505846289,40.189620676090136,39.86620100631339,32.66240456142951,32.66240456142951,32.66240456142951,32.66240456142951,2.8182636319957535,2.2747546175515625,2.2747546175515625,33.266267200610294,38.06020414609637,33.035170225083526,33.15677831495129,33.244536596022066,51.23386070223063,51.1323385268248,53.33571188603212,62.35568425313816,62.30514029738716,62.30514029738716,33.28047566910945,33.06734833175333,33.03391653231277,32.086954027443696,29.642175569365925,4.198757119941192,3.638535985500602,4.119323059060134,4.303275480616339,4.307456211717841,2.6936750239142793,1.2596354507992575,2.2128779329501023,47.514207065369625,46.160492054063006,44.82346327599008,45.115940554400225,44.57694574149791,1.2337145575023296,1.0455721855894111,5.569494316784824,39.22437139681985,41.01278787199121,39.968157759767315,48.934743392405444,45.12847526695425,45.12847526695425,36.15303307150384,40.611651795695956,39.880408104021164,41.92369230919926,37.19354272500301,31.81949534136642,31.81949534136642,32.2081459003098,30.85412794770932,2.530622475990312,1.3591430928417654,1.3591430928417654,32.872607870401225,29.57530860625955,25.630042095034092,30.64099305091024,29.897105266605227,63.66062436086155,56.40878531369291,63.81517707789837,68.18427965909105,63.531133977687425,70.23507189598612,31.46845422897461,33.42841072463525,33.13170449967873
31.19411358412589,31.86525829745817,1.8988883228158766,1.0,1.6777188913786367,2.3847110203560513,0.0,1.0280116904096417,1.2558684040753636,1.372514611684753,39.9059458856866,45.671158027025676,45.1572474065959,45.1572474065959,43.496412292231874,1.2537779720603268,1.079854252163222,1.6994595221433206,38.54709342713142,38.54709342713142,38.80490976000294,38.481490088477315,38.61603954326353,38.61603954326353,38.79237414230765,38.54709342713142,38.79237414230765,38.80490976000294,38.481490088477315,31.277693608484824,31.277693608484824,31.277693608484824,31.277693608484824,1.4335526116949484,1.1099564028143114,1.1099564028143114,31.881556250326156,36.675493218767265,31.650459273775105,31.772067364180916,31.859825645641287,49.84914985478846,49.74762767867257,51.95100105362077,60.97097349238918,60.920429536204246,60.920429536204246,31.895764718888525,31.68263738058707,31.649205580998807,30.702243072011704,28.25746460388933,2.8140460999918635,2.2538249653764195,2.7346120390833346,2.9185644607045056,2.9227451918075387,1.3089640035949,2.1250755695772616,1.171833087420554,46.12949619287002,44.77578117293299,43.43875238659191,43.731229666789,43.19223485060306,2.618425577831879,2.4302832059408956,6.954205335235501,37.83966047555704,39.62807696042231,38.58344684248097,47.550032529242735,43.74376437941988,43.74376437941988,34.76832213465227,39.22694088191324,38.4956971862616,40.53898140274238,35.80883179328275,30.434784384794337,30.434784384794337,30.823434945397743,29.469416987106413,1.1459114556499117,2.743854113153936,2.743854113153936,31.487896918376816,28.190597640520117,24.245331114905497,29.256282089435178,28.51239430213653,62.27591361144293,55.024074504391834,62.43046632983781,66.79956895083696,62.1464232271336,68.85036120735977,30.083743270921513,32.04369977507429,31.746993548797242
31.222125273237296,31.89326998651114,1.870876632407345,1.0280116904096417,1.649707200969619,2.356699329949073,1.0280116904096417,0.0,1.2278567136658045,1.3445029212752933,39.93395757393908,45.69916971458991,45.18525909422536,45.18525909422536,43.52442398006694,1.2257662816507664,1.051842561753586,1.6714478317343446,38.57510511553222,38.57510511553222,38.83292144837601,38.509501776885145,38.64405123165694,38.64405123165694,38.82038583068207,38.57510511553222,38.82038583068207,38.83292144837601,38.509501776885145,31.305705297589018,31.305705297589018,31.305705297589018,31.305705297589018,1.4615643021043065,1.0819447124046824,1.0819447124046824,31.9095679393777,36.70350490736366,31.678470962846912,31.80007905324208,31.88783733469473,49.87716154179412,49.77563936569242,51.979012740326425,60.9989851776625,60.948441221486256,60.948441221486256,31.923776407938796,31.710649069656064,31.677217270070724,30.7302547611651,28.28547629324123,2.8420577903967668,2.281836655783782,2.7626237294886407,2.946576151108852,2.950756882211861,1.336975694004394,2.0970638791693696,1.1438213970109472,46.157507880375434,44.80379286061037,43.466764074433996,43.7592413545955,43.22024653847494,2.5904138874258855,2.402271515534097,6.926193644875856,37.86767216403295,39.65608864870557,38.61145853087787,47.578044216561985,43.77177606722484,43.77177606722484,34.796333823437635,39.25495257024049,38.5237088746679,40.56699309092398,35.8368434819663,30.46279607397029,30.46279607397029,30.851446634540867,29.49742867636206,1.1739231460595174,2.715842422748536,2.715842422748536,31.515908607462787,28.2186093298772,24.273342804546072,29.28429377870805,28.54040599146853,62.30392529648955,55.05208619063589,62.458478014857256,66.82758063505956,62.17443491220295,68.87837289118927,30.111754960126746,32.0717114641115,31.7750052378606
31.449981976253547,32.121126689050115,1.643019918747998,1.2558684040753636,1.4218504873069753,2.128842616300928,1.2558684040753636,1.2278567136658045,0.0,1.1166462076099521,40.161814269942994,45.92702640497827,45.41311578514586,45.41311578514586,43.75228067266494,1.0020904320150437,1.1760141519123237,1.4435911180719747,38.80296181274653,38.80296181274653,39.060778145364,38.73735847415679,38.871907928810884,38.871907928810884,39.04824252768109,38.80296181274653,39.04824252768109,39.060778145364,38.73735847415679,31.533562000546414,31.533562000546414,31.533562000546414,31.533562000546414,1.689421015766441,1.14591200126126,1.14591200126126,32.13742464190496,36.931361606174484,31.906327665539788,32.02793575584795,32.11569403723762,50.10501822762663,50.00349605164048,52.20686942371227,61.22684184937066,61.17629789326519,61.17629789326519,32.15163311045585,31.938505772325957,31.905073972764495,30.95811146452449,28.51333299822243,3.0699145040185885,2.509693369427265,2.9904804431139747,3.17443286472583,3.178613595828641,1.5648324076680034,1.869207165514561,1.0840353166549968,46.38536457028396,45.03164955192189,43.69462076708907,43.98709804696024,43.44810323137317,2.362557173785069,2.1744148018872824,6.698336931599248,38.09552886186033,39.883945344960495,38.839315228060364,47.80590090495216,43.999632759577096,43.999632759577096,35.02419052379118,39.482809266854616,38.751565571927145,40.794849786349275,36.06470018148869,30.69065277751388,30.69065277751388,31.079303337816217,29.72528538055667,1.4017798597245161,2.487985709112171,2.487985709112171,31.743765310271428,28.446466034900812,24.501199511887364,29.512150483043477,28.768262696287117,62.53178196634985,55.2799428702579,62.686334684496046,67.05543729820357,62.40229158224839,69.10622955112953,30.339611663909587,32.29956816652182,32.00286194048444
31.56662817834977,32.237772890900644,1.526373711140044,1.372514611684753,1.3052042796977832,2.0121964086977204,1.372514611684753,1.3445029212752933,1.1166462076099521,0.0,40.27846046843168,46.04367260058048,45.52976198102152,45.52976198102152,43.86892686940273,1.1187366396249943,1.292660359521972,1.3269449104628788,38.91960801185762,38.91960801185762,39.17742434435869,38.85400467329737,38.988554127890914,38.988554127890914,39.16488872668147,38.91960801185762,39.16488872668147,39.17742434435869,38.85400467329737,31.65020820261234,31.65020820261234,31.65020820261234,31.65020820261234,1.806067223373112,1.262558208870986,1.262558208870986,32.25407084374946,37.04800780610668,32.02297386746953,32.144581957732925,32.23234023909016,50.221664420888075,50.120142244961265,52.32351561571691,61.34348803537882,61.292944079309684,61.292944079309684,32.26827931229508,32.05515197424388,32.02172017469471,31.074757666797364,28.629979201330535,3.1865607116018144,2.62633957702272,3.1071266506991604,3.2910790723063643,3.2952598034090657,1.681478615275683,1.7525609579084704,1.2006815242648492,46.502010765639604,45.148295747998496,43.811266963856205,44.10374424357815,43.56474942826528,2.2459109661851375,2.0577685942846626,6.581690724176947,38.21217506128671,40.000591543578246,38.95596142715508,47.922547099527605,44.11627895618859,44.11627895618859,35.140836724517015,39.59945546565709,38.86821177106133,40.91149598454047,36.18134638178693,30.807298979881597,30.807298979881597,31.195949540045845,29.84193158325963,1.5184260673332384,2.371339501514263,2.371339501514263,31.860411512260757,28.563112238030758,24.61784571621182,29.628796685818962,28.884908899311448,62.6484281514094,55.39658906032948,62.802980869441875,67.17208347981567,62.51893776740298,69.22287573109736,30.456257866400502,32.41621436830613,32.11950814237866
9.711832823623297,9.040688080819667,40.80483413773862,39.9059458856866,40.583664724007775,41.29065679570858,39.9059458856866,39.93395757393908,40.161814269942994,40.27846046843168,0.0,6.765212653304195,6.251301981846462,6.251301981846462,4.590466709791086,40.15972383809092,39.98580013169217,40.60540535304048,2.3588525598993115,2.3588525598993115,2.101036208365911,2.4244559032597577,2.289906438802541,2.289906438802541,2.1135718269747206,2.3588525598993115,2.1135718269747206,2.101036208365911,2.4244559032597577,9.6282527956919,9.6282527956919,9.6282527956919,9.6282527956919,39.472393306984976,40.01590228001553,40.01590228001553,9.024390127213705,4.230452895790943,9.255487114130041,9.133879018296291,9.046120732882304,10.943204935119702,10.841682747142535,13.045056388794203,22.065030122336907,22.01448615798656,22.01448615798656,9.010181658007118,9.223309005887543,9.25674080696199,10.203703356198433,12.648481911741406,38.09189991881069,38.65212101370045,38.17133397416175,37.98738156537263,37.983200834559675,39.596981905679655,41.03102136619267,40.07777895982579,7.223550865549371,5.869835710989186,4.532806798874491,4.825284105974347,4.286289240475785,41.524371333817356,41.3362289775339,45.860150692954946,3.066285561318963,1.2778689465871602,2.3224991419344025,8.644087351070336,4.837818819765836,4.837818819765836,6.137624095493045,1.6790050553348803,2.410248804457719,1.633035566783779,5.0971143755976565,10.471162054137624,10.471162054137624,10.082511477860384,11.436529488158028,39.7600344412232,41.64979985865696,41.64979985865696,9.418049476692325,12.71534887716777,16.660615492712132,11.649664393351326,12.393552205488284,23.369970455759617,16.118130244028215,23.524523199997052,27.893626591301626,23.240480049872314,29.944419235895523,10.822203181651066,8.86224659506615,9.15895283480394
15.477045439649013,14.80590070130985,46.570046256763185,45.671158027025676,46.34887684856652,47.055868902476554,45.671158027025676,45.69916971458991,45.92702640497827,46.04367260058048,6.765212653304195,0.0,1.5139106722566518,1.5139106722566518,3.1747459458242506,45.92493597317785,45.75101227106799,46.37061747705649,8.124065210339811,8.124065210339811,7.866248859433651,8.189668553534379,8.055119089414626,8.055119089414626,7.87878447801287,8.124065210339811,7.87878447801287,7.866248859433651,8.189668553534379,15.39346541228807,15.39346541228807,15.39346541228807,15.39346541228807,45.23760545891825,45.78111441865032,45.78111441865032,14.789602747808997,9.995665540500408,15.020699733220278,14.899091638182444,14.811333353337416,5.177992294120194,5.076470105721313,7.279843757899721,16.299817564612347,16.24927359971714,16.24927359971714,14.775394278693915,14.988521625189232,15.021953426043973,15.96891596878357,18.413694505109845,43.85711210374643,44.417333185377544,43.93654615722868,43.75259375276168,43.74841302204675,45.362194054579746,46.796233479528,45.84299109693567,1.4583382130897167,1.8953769436057808,3.2324058567640077,2.9399285495263303,3.4789234152395427,47.28958343464001,47.1014410831451,51.62536267770663,8.831498209836552,7.043081599394558,8.087711792465724,2.8788747020190715,2.9273938357278038,2.9273938357278038,11.90283673223403,7.4442177073445714,8.175461454768477,6.132177087481701,10.862327016952321,16.236374664792052,16.236374664792052,15.847724091306487,17.201742091493003,45.52524658613999,47.41501195627578,47.41501195627578,15.18326209470498,18.48056146996114,22.425828046915626,17.41487699499629,18.15876480102502,17.604757912629246,10.35291763262973,17.75931065866235,22.128414106620312,17.47526750524841,24.17920678173351,16.58741578970744,14.627459216698625,14.924165454526705
14.96313477272153,14.291990033891398,46.05613563844709,45.1572474065959,45.834966229726454,46.54195828532033,45.1572474065959,45.18525909422536,45.41311578514586,45.52976198102152,6.251301981846462,1.5139106722566518,0.0,1.0,2.6608352736629506,45.41102535334055,45.23710165082428,45.85670685826781,7.6101545393256504,7.6101545393256504,7.352338188327851,7.675757882544096,7.541208418375618,7.541208418375618,7.364873806911445,7.6101545393256504,7.364873806911445,7.352338188327851,7.675757882544096,14.879554745298153,14.879554745298153,14.879554745298153,14.879554745298153,44.723694837484025,45.26720379847683,45.26720379847683,14.27569208037892,9.48175487025647,14.506789065956385,14.385180970830753,14.297422685922847,5.691902965858975,5.590380777483618,7.793754429029008,16.813728230469227,16.76318426561557,16.76318426561557,14.261483611253714,14.47461095790203,14.508042758780993,15.455005302230942,17.89978384060898,43.34320147917906,43.90342256206968,43.4226355328389,43.23868312796115,43.23450239723688,44.84828343343315,46.28232286175039,45.32908047690668,1.9722488853346007,1.3814662713581474,2.718495184608634,2.426017877342712,2.965012743111482,46.77567281804613,46.58753046609829,51.111452072060146,8.317587539091836,6.5291709280196155,7.57380112143843,3.392785374156984,2.4134831635430745,2.4134831635430745,11.388926062964687,6.930307036096324,7.661550783773006,5.618266415850557,10.34841634712753,15.722463998448587,15.722463998448587,15.333813424660317,16.687831425935777,45.01133596537106,46.90110133998486,46.90110133998486,14.669351427559672,17.9666508055208,21.911917386461905,16.900966329619244,17.644854136295542,18.118668577366027,10.866828302446995,18.27322132326048,22.642324766773818,17.989178170100388,24.693117439450717,16.073505123644214,14.113548549153625,14.41025478719305
14.96313477272153,14.291990033891398,46.05613563844709,45.1572474065959,45.834966229726454,46.54195828532033,45.1572474065959,45.18525909422536,45.41311578514586,45.52976198102152,6.251301981846462,1.5139106722566518,1.0,0.0,2.6608352736629506,45.41102535334055,45.23710165082428,45.85670685826781,7.6101545393256504,7.6101545393256504,7.352338188327851,7.675757882544096,7.541208418375618,7.541208418375618,7.364873806911445,7.6101545393256504,7.364873806911445,7.352338188327851,7.675757882544096,14.879554745298153,14.879554745298153,14.879554745298153,14.879554745298153,44.723694837484025,45.26720379847683,45.26720379847683,14.27569208037892,9.48175487025647,14.506789065956385,14.385180970830753,14.297422685922847,5.691902965858975,5.590380777483618,7.793754429029008,16.813728230469227,16.76318426561557,16.76318426561557,14.261483611253714,14.47461095790203,14.508042758780993,15.455005302230942,17.89978384060898,43.34320147917906,43.90342256206968,43.4226355328389,43.23868312796115,43.23450239723688,44.84828343343315,46.28232286175039,45.32908047690668,1.9722488853346007,1.3814662713581474,2.718495184608634,2.426017877342712,2.965012743111482,46.77567281804613,46.58753046609829,51.111452072060146,8.317587539091836,6.5291709280196155,7.57380112143843,3.392785374156984,2.4134831635430745,2.4134831635430745,11.388926062964687,6.930307036096324,7.661550783773006,5.618266415850557,10.34841634712753,15.722463998448587,15.722463998448587,15.333813424660317,16.687831425935777,45.01133596537106,46.90110133998486,46.90110133998486,14.669351427559672,17.9666508055208,21.911917386461905,16.900966329619244,17.644854136295542,18.118668577366027,10.866828302446995,18.27322132326048,22.642324766773818,17.989178170100388,24.693117439450717,16.073505123644214,14.113548549153625,14.41025478719305
13.302299513690418,12.631154773398128,44.395300530747164,43.496412292231874,44.17413112037424,44.881123181278696,43.496412292231874,43.52442398006694,43.75228067266494,43.86892686940273,4.590466709791086,3.1747459458242506,2.6608352736629506,2.6608352736629506,0.0,43.7501902408442,43.57626653704678,44.195871749077654,5.949319268451674,5.949319268451674,5.691502917205554,6.014922611735114,5.880373147434127,5.880373147434127,5.7040385358009615,5.949319268451674,5.7040385358009615,5.691502917205554,6.014922611735114,13.218719486080785,13.218719486080785,13.218719486080785,13.218719486080785,43.06285971995431,43.60636868492069,43.60636868492069,12.614856819851097,7.820919601524408,12.84595380592275,12.724345710535935,12.636587425441101,7.352738236977749,7.251216048697248,9.454589697788055,18.474563480515524,18.424019515805586,18.424019515805586,12.600648350695801,12.813775697799045,12.847207498750066,13.794170044320005,16.238948588875232,41.68236635177993,42.242587438637024,41.76180040599897,41.57784799982785,41.573667269074264,43.18744831680991,44.621487755748745,43.668245363806065,3.6330841587791283,2.279369002346437,1.057659910954135,1.2348173963488016,1.3041774694995116,45.114837715778535,44.926695362401865,49.45061700436741,6.656752268957368,4.868335656180243,5.912965850528756,5.053620646992237,1.2473521101496987,1.2473521101496987,9.72809079702843,5.269471764591972,6.000715512949887,3.9574311433522094,8.68758107958924,14.061628741164007,14.061628741164007,13.67297816646957,15.02699617101299,43.3505008499381,45.24026623867313,45.24026623867313,13.008516167879106,16.305815553970262,20.251082147063133,15.240131075239217,15.984018883870291,19.77950382355034,12.527663566395733,19.93405656896804,24.30315999730676,19.650013416680988,26.35395266172962,14.412669867200153,12.452713288284478,12.749419526951877
31.447891544336937,32.1190362571379,1.6451103507629976,1.2537779720603268,1.423940919322,2.1309330483158364,1.2537779720603268,1.2257662816507664,1.0020904320150437,1.1187366396249943,40.15972383809092,45.92493597317785,45.41102535334055,45.41102535334055,43.7501902408442,0.0,1.1739237198972834,1.4456815500869977,38.800871380883315,38.800871380883315,39.05868771350286,38.73526804229304,38.86981749694823,38.86981749694823,39.046152095819856,38.800871380883315,39.046152095819856,39.05868771350286,38.73526804229304,31.531471568630344,31.531471568630344,31.531471568630344,31.531471568630344,1.6873305837514474,1.1438215692462186,1.1438215692462186,32.13533420999285,36.92927117429659,31.904237233626148,32.02584532393513,32.113603605325366,50.10292779586811,50.0014056198809,52.204778991976234,61.224751417742,61.174207461635866,61.174207461635866,32.149542678543824,31.936415340412537,31.902983540850848,30.956021032604713,28.511242566287724,3.0678240720039978,2.5076029374124627,2.9883900110993498,3.1723424327112864,3.176523163814099,1.5627419756529932,1.8712975975295247,1.0819448846399538,46.38327413848796,45.029559120112985,43.6925303352678,43.98500761514164,43.44601279954966,2.3646476057999157,2.17650523390218,6.700427363610857,38.09343842999148,39.88185491310612,38.83722479619743,47.80381047317011,43.997542327758616,43.997542327758616,35.022100091899084,39.480718834996935,38.749475140063524,40.79275935450253,36.062609749604235,30.688562345592416,30.688562345592416,31.07721290589723,29.7231949486292,1.3996894277094896,2.4900761411269805,2.4900761411269805,31.741674878356722,28.444375602965703,24.4991090799309,29.510060051114717,28.766172264353898,62.52969153473817,55.277852438556494,62.68424425288638,67.0533468666536,62.40020115063501,69.10413911960902,30.33752123198592,32.297477734610794,32.00077150857145
31.273967832581828,31.945112545747385,1.8190340706556305,1.079854252163222,1.5978646392170524,2.304856768200131,1.079854252163222,1.051842561753586,1.1760141519123237,1.292660359521972,39.98580013169217,45.75101227106799,45.23710165082428,45.23710165082428,43.57626653704678,1.1739237198972834,0.0,1.6196052699818502,38.62694767356007,38.62694767356007,38.88476400635248,38.561344334926005,38.69589378967109,38.69589378967109,38.87222838866106,38.62694767356007,38.87222838866106,38.88476400635248,38.561344334926005,31.3575478569202,31.3575478569202,31.3575478569202,31.3575478569202,1.5134068638572709,1.030102150651103,1.030102150651103,31.96141049861129,36.75534746575389,31.73031352211808,31.851921612493502,31.939679893931867,49.92900409723758,49.82748192116211,52.030855295214174,61.05082772989749,61.00028377373732,61.00028377373732,31.975618967170075,31.762491628922017,31.729059829342095,30.78209732058748,28.337318853031476,2.8939003521411957,2.333679217532882,2.8144662912338334,2.998418712852228,3.002599443955194,1.3888182557576363,2.0452213174187923,1.091978835257396,46.20935043674456,44.85563541729809,43.51860663142677,43.81108391152236,43.27208909552293,2.53857132567872,2.350428953785479,6.874351083213559,37.91951472219996,39.70793120651563,38.6633010888985,47.62988677258631,43.82361862414888,43.82361862414888,34.84817638217798,39.30679512813211,38.57555143270596,40.61883564854571,35.888686040518024,30.514638633434448,30.514638633434448,30.903289193944172,29.54927123597389,1.2257657078130006,2.6639998610024405,2.6639998610024405,31.56775116676022,28.270451889677062,24.325185364871434,29.336136338351825,28.592248551221896,62.3557678483047,55.1039287446687,62.51032056662208,66.87942318534868,62.22627746406016,68.93021544075042,30.163597519645183,32.12355402331856,31.826847797116116
31.893573073133993,32.56471778499129,1.199428800678902,1.6994595221433206,1.0217406307652055,1.6852514982463171,1.6994595221433206,1.6714478317343446,1.4435911180719747,1.3269449104628788,40.60540535304048,46.37061747705649,45.85670685826781,45.85670685826781,44.195871749077654,1.4456815500869977,1.6196052699818502,0.0,39.246552898220905,39.246552898220905,39.504369230393856,39.180949559743794,39.315499014166676,39.315499014166676,39.49183361273264,39.246552898220905,39.49183361273264,39.504369230393856,39.180949559743794,31.977153097311003,31.977153097311003,31.977153097311003,31.977153097311003,2.1330121338208787,1.5895031193313036,1.5895031193313036,32.581015737823066,37.37495269478517,32.3499187617838,32.47152685192078,32.55928513318648,50.54860929077257,50.44708711501289,52.650460482063345,61.67043288485168,61.61988892888472,61.61988892888472,32.59522420635383,32.38209686852473,32.348665069010266,31.401702562080335,28.956924098972497,3.5135056219737355,2.9532844874330273,3.434071561077156,3.618023982669973,3.622204713772333,2.0084235257271903,1.4256160474508908,1.527626434725976,46.82895564142119,45.4752406258108,44.138211843613774,44.430689122915325,43.891694308374966,1.9189660557412003,1.730823683834573,6.254745814199062,38.539119948538904,40.32753642855086,39.28290631347224,48.249491973112,44.44322383550767,44.44322383550767,35.46778161543399,39.92640035115032,39.195156657489775,41.23844086831079,36.508291271497725,31.134243875432386,31.134243875432386,31.522894435206684,30.168876479757134,1.8453709777888654,2.044394591075078,2.044394591075078,32.187356406743234,28.890057135734434,24.94479061729252,29.955741582521284,29.211853796716763,62.97537299821378,55.72353392123522,63.12992571592641,67.49902831692407,62.84588261447473,69.54982056358206,30.78320276229914,32.74315926220983,32.446453036592615
8.35298026818313,7.681835524660603,39.44598168399644,38.54709342713142,39.22481226907107,39.93180434461395,38.54709342713142,38.57510511553222,38.80296181274653,38.91960801185762,2.3588525598993115,8.124065210339811,7.6101545393256504,7.6101545393256504,5.949319268451674,38.800871380883315,38.62694767356007,39.246552898220905,0.0,1.0,1.2578163515531768,1.0656033433669567,1.068946121102966,1.068946121102966,1.2452807329436206,1.0,1.2452807329436206,1.2578163515531768,1.0656033433669567,8.269400240158793,8.269400240158793,8.269400240158793,8.269400240158793,38.11354084614811,38.65704982204315,38.65704982204315,7.665537571037964,2.8716003363127687,7.896634558194249,7.775026462233307,7.687268176728808,12.302057487179832,12.200535299352488,14.403908937428556,23.42388264924482,23.373338685048004,23.373338685048004,7.651329101816866,7.864456449917895,7.897888251027519,8.844850801324883,11.28962936018283,36.73304745088091,37.293268548617455,36.812481506632984,36.62852909691651,36.62434836608254,38.23812944549582,39.6721689136791,38.71892650218209,8.582403422158265,7.228688268773786,5.891659357569179,6.184136664491273,5.645141799311032,40.16551888400795,39.9773765266893,44.50129826834965,1.707433001521482,2.08098361333308,1.0363534179682583,10.002939906170269,6.1966713782748775,6.1966713782748775,4.778771536945699,1.679847504596594,1.0513962445634573,2.9918881265952235,3.7382618164797146,9.112309499586289,9.112309499586289,8.723658922844105,10.07767693485236,38.40118198189723,40.2909474095404,40.2909474095404,8.05919692092977,11.356496325711527,15.30176294839178,10.29081184033812,11.034699653545282,24.72882297857951,17.476982786540933,24.883375722316934,29.252479098098174,24.59933257310855,31.303271734480052,9.46335062753772,7.503394038726484,7.800100278767013
8.35298026818313,7.681835524660603,39.44598168399644,38.54709342713142,39.22481226907107,39.93180434461395,38.54709342713142,38.57510511553222,38.80296181274653,38.91960801185762,2.3588525598993115,8.124065210339811,7.6101545393256504,7.6101545393256504,5.949319268451674,38.800871380883315,38.62694767356007,39.246552898220905,1.0,0.0,1.2578163515531768,1.0656033433669567,1.068946121102966,1.068946121102966,1.2452807329436206,1.0,1.2452807329436206,1.2578163515531768,1.0656033433669567,8.269400240158793,8.269400240158793,8.269400240158793,8.269400240158793,38.11354084614811,38.65704982204315,38.65704982204315,7.665537571037964,2.8716003363127687,7.896634558194249,7.775026462233307,7.687268176728808,12.302057487179832,12.200535299352488,14.403908937428556,23.42388264924482,23.373338685048004,23.373338685048004,7.651329101816866,7.864456449917895,7.897888251027519,8.844850801324883,11.28962936018283,36.73304745088091,37.293268548617455,36.812481506632984,36.62852909691651,36.62434836608254,38.23812944549582,39.6721689136791,38.71892650218209,8.582403422158265,7.228688268773786,5.891659357569179,6.184136664491273,5.645141799311032,40.16551888400795,39.9773765266893,44.50129826834965,1.707433001521482,2.08098361333308,1.0363534179682583,10.002939906170269,6.1966713782748775,6.1966713782748775,4.778771536945699,1.679847504596594,1.0513962445634573,2.9918881265952235,3.7382618164797146,9.112309499586289,9.112309499586289,8.723658922844105,10.07767693485236,38.40118198189723,40.2909474095404,40.2909474095404,8.05919692092977,11.356496325711527,15.30176294839178,10.29081184033812,11.034699653545282,24.72882297857951,17.476982786540933,24.883375722316934,29.252479098098174,24.59933257310855,31.303271734480052,9.46335062753772,7.503394038726484,7.800100278767013
8.610796618997284,7.939651875601389,39.703798015967884,38.80490976000294,39.48262860126593,40.189620676090136,38.80490976000294,38.83292144837601,39.060778145364,39.17742434435869,2.101036208365911,7.866248859433651,7.352338188327851,7.352338188327851,5.691502917205554,39.05868771350286,38.88476400635248,39.504369230393856,1.2578163515531768,1.2578163515531768,0.0,1.3234196949198531,1.188870230450383,1.188870230450383,1.012535618609597,1.2578163515531768,1.012535618609597,1.0,1.3234196949198531,8.527216590989365,8.527216590989365,8.527216590989365,8.527216590989365,38.37135717944624,38.9148661548057,38.9148661548057,7.923353921981676,3.1294166878132827,8.1544509090958,8.032842813157218,7.945084527668619,12.044241137278481,11.942718949421232,14.146092588207773,23.16606630427749,23.115522340050813,23.115522340050813,7.9091454527631235,8.1222728008254,8.155704601928838,9.102667152038693,11.547445710303272,36.99086378550469,37.55108488270926,37.070297841181834,36.88634543163865,36.8821647008086,38.49594577867185,39.929985245420724,38.97674283488319,8.324587071339739,6.970871917712489,5.633843006315751,5.926320313275829,5.387325448027347,40.42333521524369,40.2351928581187,44.759114594866496,1.965249353065635,1.823167261791665,1.2214629335850251,9.745123555658711,5.93885502706111,5.93885502706111,5.036587888297364,1.4220311530472096,1.3092125961164243,2.7340717750877075,3.996078167924495,9.370125850242855,9.370125850242855,8.981475273583234,10.335493285286638,38.65899831491287,40.54876374064651,40.54876374064651,8.317013271800818,11.614312675813526,15.559579297197303,10.548628190720008,11.292516003734947,24.4710066344068,17.21916643852634,24.625559378241345,28.994662757031424,24.341516228854967,31.045455395001227,9.721166978116297,7.761210389698939,8.057916629686346
8.287376924996224,7.616232181442206,39.38037834557039,38.481490088477315,39.15920893058841,39.86620100631339,38.481490088477315,38.509501776885145,38.73735847415679,38.85400467329737,2.4244559032597577,8.189668553534379,7.675757882544096,7.675757882544096,6.014922611735114,38.73526804229304,38.561344334926005,39.180949559743794,1.0656033433669567,1.0656033433669567,1.3234196949198531,0.0,1.1345494644698915,1.1345494644698915,1.310884076310321,1.0656033433669567,1.310884076310321,1.3234196949198531,1.0,8.203796896967802,8.203796896967802,8.203796896967802,8.203796896967802,38.04793750738593,38.59144648341665,38.59144648341665,7.5999342278188395,2.805996992957176,7.831031214985601,7.709423119019102,7.621664833510656,12.367660830114175,12.266138642294552,14.469512280187438,23.48948599091156,23.4389420267224,23.4389420267224,7.585725758597109,7.798853106707768,7.83228490781893,8.779247458162978,11.224026017169258,36.667444111782906,37.2276652096542,36.74687816755396,36.5629257577936,36.55874502695863,38.172526106764565,39.60656557531128,38.65332316357116,8.648006765330038,7.294291612008806,5.957262700854542,6.249740007766652,5.710745142604362,40.09991554576831,39.91177318840059,44.43569493130607,1.6418296581560523,2.146586956695868,1.1019567613352024,10.068543249262383,6.262274721549814,6.262274721549814,4.7131681936259096,1.7454508479618462,1.014207098803502,3.057491469948394,3.6726584731373624,9.046706156438658,9.046706156438658,8.658055579675889,10.012073591760245,38.33557864320662,40.22534407133361,40.22534407133361,7.993593577728708,11.290892982702571,15.236159605708435,10.2252084972591,10.969096310514365,24.79442632004264,17.542586128989544,24.94897906375518,29.31808243876605,24.66493591459241,31.368875074741638,9.397747284409553,7.437790695500225,7.7344969355539455
