0.0,1.0,1.0,1.0,1.1353971144787156,1.0,1.0,1.0,1.3704619735804076,1.0,5.103200046702816,1.017551464725694,5.5776964057014515,39.665639854744015,39.75593858607531,39.74527831504768,39.75593858607531,39.75593858607531,39.83181466477873,39.83181466477873,1.3704619735804076,1.075847435650499,1.4582196589920695,2.001692139162362,1.0,1.0,1.0,1.0,1.0,1.0,1.0,53.99967658691194,53.99967658691194,59.94910588266216,58.475200802804856,53.99967658691194,29.97275395163921,30.92214118826882,40.0239063873975,58.263211089296775,58.263211089296775,54.729695527618496,54.05486684090933,67.47638684278631,61.34337684408113,67.47638684278631,67.47638684278631,67.39359065000978,62.24530399799616,62.24530399799616,10.204077639558522,10.204077639558522,9.201221752375245,3.417116096504614,5.115901356929649,1.6932852574544524,1.4977082283555831,1.4977082283555831,3.9436738344851183,4.7648585555097975,7.5214161872685965,2.6510782209486132,2.834144609082024,49.12486358584566,49.03079382449761,44.50300456807863,45.33705600536945,41.58701332899114,34.80216720134095,34.80216720134095,2.2135656965392636,4.909036703654342,6.607846657759832,4.451428497391096,5.3275988624103645,4.1429180082101205,4.732126068263279,4.243208980712193,2.757638924890786,4.1429180082101205,5.264917678361035,60.68355754683421,60.307236652661324,59.404072134397055,55.32738672099179,62.17631068132135,41.7890227377646,40.065888562921444,40.441847578090794,52.317015243713264,54.80683700758837,52.3609158601771,60.58320517351957,58.80823878109175,69.30795606102524,61.737263388781095,65.92710551192658,78.19027567830157,84.81487866229268,78.85522599873359
1.0,0.0,1.0,1.0,1.1353971144787156,1.0,1.0,1.0,1.3704619735804076,1.0,5.103200046702816,1.017551464725694,5.5776964057014515,39.665639854744015,39.75593858607531,39.74527831504768,39.75593858607531,39.75593858607531,39.83181466477873,39.83181466477873,1.3704619735804076,1.075847435650499,1.4582196589920695,2.001692139162362,1.0,1.0,1.0,1.0,1.0,1.0,1.0,53.99967658691194,53.99967658691194,59.94910588266216,58.475200802804856,53.99967658691194,29.97275395163921,30.92214118826882,40.0239063873975,58.263211089296775,58.263211089296775,54.729695527618496,54.05486684090933,67.47638684278631,61.34337684408113,67.47638684278631,67.47638684278631,67.39359065000978,62.24530399799616,62.24530399799616,10.204077639558522,10.204077639558522,9.201221752375245,3.417116096504614,5.115901356929649,1.6932852574544524,1.4977082283555831,1.4977082283555831,3.9436738344851183,4.7648585555097975,7.5214161872685965,2.6510782209486132,2.834144609082024,49.12486358584566,49.03079382449761,44.50300456807863,45.33705600536945,41.58701332899114,34.80216720134095,34.80216720134095,2.2135656965392636,4.909036703654342,6.607846657759832,4.451428497391096,5.3275988624103645,4.1429180082101205,4.732126068263279,4.243208980712193,2.757638924890786,4.1429180082101205,5.264917678361035,60.68355754683421,60.307236652661324,59.404072134397055,55.32738672099179,62.17631068132135,41.7890227377646,40.065888562921444,40.441847578090794,52.317015243713264,54.80683700758837,52.3609158601771,60.58320517351957,58.80823878109175,69.30795606102524,61.737263388781095,65.92710551192658,78.19027567830157,84.81487866229268,78.85522599873359
1.0,1.0,0.0,1.0,1.1353971144787156,1.0,1.0,1.0,1.3704619735804076,1.0,5.103200046702816,1.017551464725694,5.5776964057014515,39.665639854744015,39.75593858607531,39.74527831504768,39.75593858607531,39.75593858607531,39.83181466477873,39.83181466477873,1.3704619735804076,1.075847435650499,1.4582196589920695,2.001692139162362,1.0,1.0,1.0,1.0,1.0,1.0,1.0,53.99967658691194,53.99967658691194,59.94910588266216,58.475200802804856,53.99967658691194,29.97275395163921,30.92214118826882,40.0239063873975,58.263211089296775,58.263211089296775,54.729695527618496,54.05486684090933,67.47638684278631,61.34337684408113,67.47638684278631,67.47638684278631,67.39359065000978,62.24530399799616,62.24530399799616,10.204077639558522,10.204077639558522,9.201221752375245,3.417116096504614,5.115901356929649,1.6932852574544524,1.4977082283555831,1.4977082283555831,3.9436738344851183,4.7648585555097975,7.5214161872685965,2.6510782209486132,2.834144609082024,49.12486358584566,49.03079382449761,44.50300456807863,45.33705600536945,41.58701332899114,34.80216720134095,34.80216720134095,2.2135656965392636,4.909036703654342,6.607846657759832,4.451428497391096,5.3275988624103645,4.1429180082101205,4.732126068263279,4.243208980712193,2.757638924890786,4.1429180082101205,5.264917678361035,60.68355754683421,60.307236652661324,59.404072134397055,55.32738672099179,62.17631068132135,41.7890227377646,40.065888562921444,40.441847578090794,52.317015243713264,54.80683700758837,52.3609158601771,60.58320517351957,58.80823878109175,69.30795606102524,61.737263388781095,65.92710551192658,78.19027567830157,84.81487866229268,78.85522599873359
1.0,1.0,1.0,0.0,1.1353971144787156,1.0,1.0,1.0,1.3704619735804076,1.0,5.103200046702816,1.017551464725694,5.5776964057014515,39.665639854744015,39.75593858607531,39.74527831504768,39.75593858607531,39.75593858607531,39.83181466477873,39.83181466477873,1.3704619735804076,1.075847435650499,1.4582196589920695,2.001692139162362,1.0,1.0,1.0,1.0,1.0,1.0,1.0,53.99967658691194,53.99967658691194,59.94910588266216,58.475200802804856,53.99967658691194,29.97275395163921,30.92214118826882,40.0239063873975,58.263211089296775,58.263211089296775,54.729695527618496,54.05486684090933,67.47638684278631,61.34337684408113,67.47638684278631,67.47638684278631,67.39359065000978,62.24530399799616,62.24530399799616,10.204077639558522,10.204077639558522,9.201221752375245,3.417116096504614,5.115901356929649,1.6932852574544524,1.4977082283555831,1.4977082283555831,3.9436738344851183,4.7648585555097975,7.5214161872685965,2.6510782209486132,2.834144609082024,49.12486358584566,49.03079382449761,44.50300456807863,45.33705600536945,41.58701332899114,34.80216720134095,34.80216720134095,2.2135656965392636,4.909036703654342,6.607846657759832,4.451428497391096,5.3275988624103645,4.1429180082101205,4.732126068263279,4.243208980712193,2.757638924890786,4.1429180082101205,5.264917678361035,60.68355754683421,60.307236652661324,59.404072134397055,55.32738672099179,62.17631068132135,41.7890227377646,40.065888562921444,40.441847578090794,52.317015243713264,54.80683700758837,52.3609158601771,60.58320517351957,58.80823878109175,69.30795606102524,61.737263388781095,65.92710551192658,78.19027567830157,84.81487866229268,78.85522599873359
1.1353971144787156,1.1353971144787156,1.1353971144787156,1.1353971144787156,0.0,1.1353971144787156,1.1353971144787156,1.1353971144787156,1.23506485910196,1.1353971144787156,5.238597161127974,1.1529485792044012,5.7130935201137225,39.53024274483845,39.62054147619112,39.609881205160974,39.62054147619112,39.62054147619112,39.69641755491256,39.69641755491256,1.23506485910196,1.0595496788282306,1.3228225445138093,1.866295024686318,1.1353971144787156,1.1353971144787156,1.1353971144787156,1.1353971144787156,1.1353971144787156,1.1353971144787156,1.1353971144787156,53.86427948102446,53.86427948102446,59.81370877880975,58.33980369842824,53.86427948102446,30.108151063516026,31.05753829997253,40.15930349715799,58.12781398484585,58.12781398484585,54.59429842196915,53.91946973503975,67.34098974181683,61.20797974073676,67.34098974181683,67.34098974181683,67.2581935490067,62.109906894986736,62.109906894986736,10.339474753772414,10.339474753772414,9.336618866643349,3.281718982042874,4.980504242501356,1.5578881429769273,1.6331053428333286,1.6331053428333286,3.808276720031846,4.629461441073136,7.656813301613601,2.7864753354182468,2.698747494612899,48.98946647845122,48.89539671707549,44.36760745938907,45.201658896903965,41.45161621955147,34.66677009035679,34.66677009035679,2.0781685820645754,4.773639589221027,6.472449543375555,4.316031382947606,5.462995976829601,4.278315122657109,4.867523182697546,4.378606095157167,2.8930360393592576,4.278315122657109,5.400314792781958,60.54816044324794,60.171839548938294,59.26867503034928,55.191989615539825,62.040913578286116,41.92441984708871,40.20128567267178,40.577244687749705,52.18161813728929,54.671439901964376,52.225518753766885,60.447808069896745,58.672841676832434,69.17255896080924,61.60186628558239,65.79170841033564,78.05487858202804,84.67948156927032,78.7198289027744
1.0,1.0,1.0,1.0,1.1353971144787156,0.0,1.0,1.0,1.3704619735804076,1.0,5.103200046702816,1.017551464725694,5.5776964057014515,39.665639854744015,39.75593858607531,39.74527831504768,39.75593858607531,39.75593858607531,39.83181466477873,39.83181466477873,1.3704619735804076,1.075847435650499,1.4582196589920695,2.001692139162362,1.0,1.0,1.0,1.0,1.0,1.0,1.0,53.99967658691194,53.99967658691194,59.94910588266216,58.475200802804856,53.99967658691194,29.97275395163921,30.92214118826882,40.0239063873975,58.263211089296775,58.263211089296775,54.729695527618496,54.05486684090933,67.47638684278631,61.34337684408113,67.47638684278631,67.47638684278631,67.39359065000978,62.24530399799616,62.24530399799616,10.204077639558522,10.204077639558522,9.201221752375245,3.417116096504614,5.115901356929649,1.6932852574544524,1.4977082283555831,1.4977082283555831,3.9436738344851183,4.7648585555097975,7.5214161872685965,2.6510782209486132,2.834144609082024,49.12486358584566,49.03079382449761,44.50300456807863,45.33705600536945,41.58701332899114,34.80216720134095,34.80216720134095,2.2135656965392636,4.909036703654342,6.607846657759832,4.451428497391096,5.3275988624103645,4.1429180082101205,4.732126068263279,4.243208980712193,2.757638924890786,4.1429180082101205,5.264917678361035,60.68355754683421,60.307236652661324,59.404072134397055,55.32738672099179,62.17631068132135,41.7890227377646,40.065888562921444,40.441847578090794,52.317015243713264,54.80683700758837,52.3609158601771,60.58320517351957,58.80823878109175,69.30795606102524,61.737263388781095,65.92710551192658,78.19027567830157,84.81487866229268,78.85522599873359
1.0,1.0,1.0,1.0,1.1353971144787156,1.0,0.0,1.0,1.3704619735804076,1.0,5.103200046702816,1.017551464725694,5.5776964057014515,39.665639854744015,39.75593858607531,39.74527831504768,39.75593858607531,39.75593858607531,39.83181466477873,39.83181466477873,1.3704619735804076,1.075847435650499,1.4582196589920695,2.001692139162362,1.0,1.0,1.0,1.0,1.0,1.0,1.0,53.99967658691194,53.99967658691194,59.94910588266216,58.475200802804856,53.99967658691194,29.97275395163921,30.92214118826882,40.0239063873975,58.263211089296775,58.263211089296775,54.729695527618496,54.05486684090933,67.47638684278631,61.34337684408113,67.47638684278631,67.47638684278631,67.39359065000978,62.24530399799616,62.24530399799616,10.204077639558522,10.204077639558522,9.201221752375245,3.417116096504614,5.115901356929649,1.6932852574544524,1.4977082283555831,1.4977082283555831,3.9436738344851183,4.7648585555097975,7.5214161872685965,2.6510782209486132,2.834144609082024,49.12486358584566,49.03079382449761,44.50300456807863,45.33705600536945,41.58701332899114,34.80216720134095,34.80216720134095,2.2135656965392636,4.909036703654342,6.607846657759832,4.451428497391096,5.3275988624103645,4.1429180082101205,4.732126068263279,4.243208980712193,2.757638924890786,4.1429180082101205,5.264917678361035,60.68355754683421,60.307236652661324,59.404072134397055,55.32738672099179,62.17631068132135,41.7890227377646,40.065888562921444,40.441847578090794,52.317015243713264,54.80683700758837,52.3609158601771,60.58320517351957,58.80823878109175,69.30795606102524,61.737263388781095,65.92710551192658,78.19027567830157,84.81487866229268,78.85522599873359
1.0,1.0,1.0,1.0,1.1353971144787156,1.0,1.0,0.0,1.3704619735804076,1.0,5.103200046702816,1.017551464725694,5.5776964057014515,39.665639854744015,39.75593858607531,39.74527831504768,39.75593858607531,39.75593858607531,39.83181466477873,39.83181466477873,1.3704619735804076,1.075847435650499,1.4582196589920695,2.001692139162362,1.0,1.0,1.0,1.0,1.0,1.0,1.0,53.99967658691194,53.99967658691194,59.94910588266216,58.475200802804856,53.99967658691194,29.97275395163921,30.92214118826882,40.0239063873975,58.263211089296775,58.263211089296775,54.729695527618496,54.05486684090933,67.47638684278631,61.34337684408113,67.47638684278631,67.47638684278631,67.39359065000978,62.24530399799616,62.24530399799616,10.204077639558522,10.204077639558522,9.201221752375245,3.417116096504614,5.115901356929649,1.6932852574544524,1.4977082283555831,1.4977082283555831,3.9436738344851183,4.7648585555097975,7.5214161872685965,2.6510782209486132,2.834144609082024,49.12486358584566,49.03079382449761,44.50300456807863,45.33705600536945,41.58701332899114,34.80216720134095,34.80216720134095,2.2135656965392636,4.909036703654342,6.607846657759832,4.451428497391096,5.3275988624103645,4.1429180082101205,4.732126068263279,4.243208980712193,2.757638924890786,4.1429180082101205,5.264917678361035,60.68355754683421,60.307236652661324,59.404072134397055,55.32738672099179,62.17631068132135,41.7890227377646,40.065888562921444,40.441847578090794,52.317015243713264,54.80683700758837,52.3609158601771,60.58320517351957,58.80823878109175,69.30795606102524,61.737263388781095,65.92710551192658,78.19027567830157,84.81487866229268,78.85522599873359
1.3704619735804076,1.3704619735804076,1.3704619735804076,1.3704619735804076,1.23506485910196,1.3704619735804076,1.3704619735804076,1.3704619735804076,0.0,1.3704619735804076,5.473662020128558,1.3880134383060438,5.948158379091001,39.29517789359969,39.38547662498933,39.3748163539548,39.38547662498933,39.38547662498933,39.46135270374188,39.46135270374188,1.0,1.2946145379300966,1.0877576854120008,1.63123016558728,1.3704619735804076,1.3704619735804076,1.3704619735804076,1.3704619735804076,1.3704619735804076,1.3704619735804076,1.3704619735804076,53.629214636733224,53.629214636733224,59.57864393803983,58.10473885675115,53.629214636733224,30.343215918043153,31.29260315419725,40.39436834799103,57.892749143040156,57.892749143040156,54.35923357808988,53.684404890779454,67.1059249060371,60.972914900846106,67.1059249060371,67.1059249060371,67.02312871316883,61.87484205567577,61.87484205567577,10.57453961239613,10.57453961239613,9.57168372536316,3.0466541229658675,4.7454393834790505,1.32282328387593,1.868170201932351,1.868170201932351,3.573211860968499,4.394396582037002,7.891878160470244,3.0215401945009024,2.4636826355242265,48.75440163155333,48.66033187012979,44.13254261025187,44.96659404815416,41.216551369117774,34.431705237255116,34.431705237255116,1.8431037229674732,4.538574730190413,6.237384684426713,4.080966523900234,5.698060835819464,4.513379981697495,5.102588041714681,4.613670954193859,3.128100898439684,4.513379981697495,5.63537965177487,60.31309560293863,59.93677470839226,59.033610189241216,54.95692477200203,61.80584873893051,42.159484697160636,40.43635052348712,40.81230953840557,51.94655329206992,54.43637505812896,51.990453908571354,60.212743229524165,58.4377768353583,68.93749412633404,61.366801445943835,65.55664357348,77.81981375437975,84.44441674725336,78.48476407567057
1.0,1.0,1.0,1.0,1.1353971144787156,1.0,1.0,1.0,1.3704619735804076,0.0,5.103200046702816,1.017551464725694,5.5776964057014515,39.665639854744015,39.75593858607531,39.74527831504768,39.75593858607531,39.75593858607531,39.83181466477873,39.83181466477873,1.3704619735804076,1.075847435650499,1.4582196589920695,2.001692139162362,1.0,1.0,1.0,1.0,1.0,1.0,1.0,53.99967658691194,53.99967658691194,59.94910588266216,58.475200802804856,53.99967658691194,29.97275395163921,30.92214118826882,40.0239063873975,58.263211089296775,58.263211089296775,54.729695527618496,54.05486684090933,67.47638684278631,61.34337684408113,67.47638684278631,67.47638684278631,67.39359065000978,62.24530399799616,62.24530399799616,10.204077639558522,10.204077639558522,9.201221752375245,3.417116096504614,5.115901356929649,1.6932852574544524,1.4977082283555831,1.4977082283555831,3.9436738344851183,4.7648585555097975,7.5214161872685965,2.6510782209486132,2.834144609082024,49.12486358584566,49.03079382449761,44.50300456807863,45.33705600536945,41.58701332899114,34.80216720134095,34.80216720134095,2.2135656965392636,4.909036703654342,6.607846657759832,4.451428497391096,5.3275988624103645,4.1429180082101205,4.732126068263279,4.243208980712193,2.757638924890786,4.1429180082101205,5.264917678361035,60.68355754683421,60.307236652661324,59.404072134397055,55.32738672099179,62.17631068132135,41.7890227377646,40.065888562921444,40.441847578090794,52.317015243713264,54.80683700758837,52.3609158601771,60.58320517351957,58.80823878109175,69.30795606102524,61.737263388781095,65.92710551192658,78.19027567830157,84.81487866229268,78.85522599873359
5.103200046702816,5.103200046702816,5.103200046702816,5.103200046702816,5.238597161127974,5.103200046702816,5.103200046702816,5.103200046702816,5.473662020128558,5.103200046702816,0.0,5.085648581983814,1.474496359201415,43.768839747563526,43.859138478210824,43.84847820726402,43.859138478210824,43.859138478210824,43.93501455633834,43.93501455633834,5.473662020128558,5.1790474823237345,5.561419705499832,6.104892185387995,5.103200046702816,5.103200046702816,5.103200046702816,5.103200046702816,5.103200046702816,5.103200046702816,5.103200046702816,58.10287635229303,58.10287635229303,64.0523055840174,62.57840052062944,58.10287635229303,25.869553972326397,26.818941213826278,35.920706468243864,62.36641080945719,62.36641080945719,58.83289528549445,58.15806660572646,71.5795864537973,65.44657652948871,71.5795864537973,71.5795864537973,71.49679026207119,66.34850367289688,66.34850367289688,6.1008775972402125,6.1008775972402125,5.098021708810885,7.520316141736865,9.219101400476355,5.796485303846949,4.605491818514709,4.605491818514709,8.04687387925246,8.868058599448915,3.4182161420382484,3.452121826132088,6.937344654768679,53.22806339882396,53.133993638351264,48.60620442213361,49.44025585230354,45.6902132069315,38.905367128770685,38.905367128770685,6.316765742639978,9.012236747435072,10.7110466993825,8.55462854166117,1.2243988157982066,1.960282038774424,1.3710739785688184,1.8599910662509807,3.345561122196825,1.960282038774424,1.1617176317226077,64.7867572398334,64.41043634995442,63.50727184188909,59.43058647264988,66.27951035703109,37.68582283113746,35.96268864405893,36.33864766185016,56.42021502601912,58.91003676466552,56.46411564204801,64.68640486766637,62.91143849522996,73.41115564847722,65.84046306961858,70.03030514238421,82.29347514276462,88.91807802560832,82.958425453407
1.017551464725694,1.017551464725694,1.017551464725694,1.017551464725694,1.1529485792044012,1.017551464725694,1.017551464725694,1.017551464725694,1.3880134383060438,1.017551464725694,5.085648581983814,0.0,5.560144940984091,39.68319131887455,39.77349005020306,39.76282977917576,39.77349005020306,39.77349005020306,39.84936612890412,39.84936612890412,1.3880134383060438,1.0933989003761901,1.4757711237176765,2.0192436038876487,1.017551464725694,1.017551464725694,1.017551464725694,1.017551464725694,1.017551464725694,1.017551464725694,1.017551464725694,54.017228050520714,54.017228050520714,59.96665734600676,58.492752266217515,54.017228050520714,29.955202487249036,30.90458972390101,40.006354923281044,58.28076255271908,58.28076255271908,54.74724699119636,54.07241830451578,67.49393830575674,61.36092830735979,67.49393830575674,67.49393830575674,67.41114211298458,62.262855461231354,62.262855461231354,10.186526174866593,10.186526174866593,9.183670287676353,3.43466756122796,5.1334528216485555,1.7108367221799496,1.4801567636299846,1.4801567636299846,3.961225299207334,4.782410020229809,7.503864722559838,2.6335267562239957,2.851696073806363,49.14241504965009,49.04834528830561,44.52055603205124,45.35460746931294,41.60456479306115,34.81971866561159,34.81971866561159,2.231117161264361,4.926588168373913,6.625398122472942,4.468979962112013,5.3100473976921165,4.125366543488347,4.714574603543118,4.225657515990676,2.7400874601663134,4.125366543488347,5.247366213642573,60.70110901014428,60.32478811598916,59.42162359776703,55.344938184544034,62.1938621445599,41.771471273704606,40.0483370988063,40.42429611398749,52.3345667073917,54.82438847116295,52.37846732385374,60.60075663683437,58.82579024448917,69.3255075238979,61.754814852040866,65.94465697497769,78.20782714066263,84.83243012423186,78.87277746105384
5.5776964057014515,5.5776964057014515,5.5776964057014515,5.5776964057014515,5.7130935201137225,5.5776964057014515,5.5776964057014515,5.5776964057014515,5.948158379091001,5.5776964057014515,1.474496359201415,5.560144940984091,0.0,44.243336086856154,44.3336348174199,44.32297454648297,44.3336348174199,44.3336348174199,44.40951089547706,44.40951089547706,5.948158379091001,5.653543841315201,6.035916064453264,6.5793885442819455,5.5776964057014515,5.5776964057014515,5.5776964057014515,5.5776964057014515,5.5776964057014515,5.5776964057014515,5.5776964057014515,58.57737267614023,58.57737267614023,64.52680190016659,63.052896838755984,58.57737267614023,25.395057619688945,26.34444486170511,35.44621012206651,62.84090712786435,62.84090712786435,59.307391608437676,58.6325629295057,72.05408275912703,65.92107284372479,72.05408275912703,72.05408275912703,71.97128656752648,66.82299998587338,66.82299998587338,5.626381238293738,5.626381238293738,4.623525349769878,7.994812500445988,9.69359775890661,6.270981662775437,5.079988177557308,5.079988177557308,8.5213702378818,9.342554957941895,2.9437197828876016,3.9266181852560185,7.411841013559162,53.70255972841623,53.608489968049405,49.08070075670442,49.91475218600967,46.16470954440855,39.379863472306006,39.379863472306006,6.791262101509014,9.486733105902612,11.185543057516524,9.02912490020791,1.2500975434038146,2.4347783979609607,1.845570337766845,2.3344874254400034,3.820057481326821,2.4347783979609607,1.3127787274793539,65.26125355498,64.88493266561616,63.981768158774884,59.90508279484452,66.75400667010454,37.21132648632146,35.48819229791319,35.86415131598904,56.894711351906665,59.38453308751254,56.93861196788308,65.16090118295061,63.38593481291377,73.88565195099206,66.3149593833067,70.50480145003932,82.76797143061798,89.39257430143755,83.43292174009542
39.665639854744015,39.665639854744015,39.665639854744015,39.665639854744015,39.53024274483845,39.665639854744015,39.665639854744015,39.665639854744015,39.29517789359969,39.665639854744015,43.768839747563526,39.68319131887455,44.243336086856154,0.0,1.0902987343901795,1.0796384630006886,1.0902987343901795,1.0902987343901795,1.1661748156749046,1.1661748156749046,39.29517789359969,39.589792421659304,39.20742021109862,38.66394774865173,39.665639854744015,39.665639854744015,39.665639854744015,39.665639854744015,39.665639854744015,39.665639854744015,39.665639854744015,15.334037395484618,15.334037395484618,21.283467071446616,19.809561891670132,15.334037395484618,68.63839208477629,69.58777923990688,78.68954357668741,19.59757216410094,19.59757216410094,16.064056379536346,15.389227652726593,28.810748600614215,22.677738130855545,28.810748600614215,28.810748600614215,28.727952401044366,23.57966534995459,23.57966534995459,48.86971710780332,48.86971710780332,47.86686126997229,37.248523835031556,35.54973862243312,38.9723546203658,40.163348066012105,40.163348066012105,36.721966112417725,35.90078141438554,46.18705578356288,41.31671801733276,37.83149530487279,10.459224128717196,10.36515436264823,5.837364897207336,6.671416370320519,2.92137354239985,5.863472797149416,5.863472797149416,38.45207419804367,35.756603270155594,34.057793359424956,36.21421146386826,43.9932385540011,42.80855774773932,43.39776578425872,42.90884871627878,41.423278717343685,42.80855774773932,43.93055737255006,22.017918786815898,21.641597866293502,20.738433285793242,16.661747609087058,23.510672028243654,80.4546597428163,78.73152574789353,79.10748472425654,13.65137595590425,16.1411978641406,13.69527657482016,21.917566406450682,20.142599892204696,30.64231797216705,23.07162470384892,27.26146714460611,39.52463841528934,46.14924210397904,40.18958880303422
39.75593858607531,39.75593858607531,39.75593858607531,39.75593858607531,39.62054147619112,39.75593858607531,39.75593858607531,39.75593858607531,39.38547662498933,39.75593858607531,43.859138478210824,39.77349005020306,44.3336348174199,1.0902987343901795,0.0,1.0106602713894928,1.0,1.0,1.0758760812847505,1.0758760812847505,39.38547662498933,39.68009115300258,39.29771894250201,38.75424648013951,39.75593858607531,39.75593858607531,39.75593858607531,39.75593858607531,39.75593858607531,39.75593858607531,39.75593858607531,15.243738661509543,15.243738661509543,21.193168337888817,19.719263157995584,15.243738661509543,68.72869080979491,69.67807796466006,78.77984229870664,19.507273430410322,19.507273430410322,15.973757645604746,15.298928918754733,28.720449867789842,22.587439397416286,28.720449867789842,28.720449867789842,28.637653668210692,23.4893666165962,23.4893666165962,48.96001583750385,48.96001583750385,47.95715999986743,37.338822566733405,35.64003735438105,39.062653351805814,40.25364679726411,40.25364679726411,36.81226484419711,35.991080146283586,46.27735451377467,41.40701674839715,37.92179403648747,10.368925394507265,10.274855628434716,5.747066162863879,6.581117635994737,2.8310748080168304,5.95377153149054,5.95377153149054,38.542372929564,35.846902002074195,34.14809209157924,36.30451019572135,44.083537284609,42.89885647855291,43.488064514970716,42.999147447075174,41.51357744839045,42.89885647855291,44.020856103168995,21.927620053319565,21.551299132765397,20.648134552191244,16.571448875192665,23.420373294878967,80.54495846426563,78.82182446989937,79.197783446142,13.56107722183721,16.05089913021373,13.604977840755373,21.82726767294582,20.052301158555757,30.552019239555825,22.98132597044457,27.171168411612047,39.434339683904085,46.058943373715444,40.099290071753565
39.74527831504768,39.74527831504768,39.74527831504768,39.74527831504768,39.609881205160974,39.74527831504768,39.74527831504768,39.74527831504768,39.3748163539548,39.74527831504768,43.84847820726402,39.76282977917576,44.32297454648297,1.0796384630006886,1.0106602713894928,0.0,1.0106602713894928,1.0106602713894928,1.086536352674242,1.086536352674242,39.3748163539548,39.66943088197353,39.287058671465864,38.74358620909338,39.74527831504768,39.74527831504768,39.74527831504768,39.74527831504768,39.74527831504768,39.74527831504768,39.74527831504768,15.254398932850304,15.254398932850304,21.203828609180434,19.729923429300953,15.254398932850304,68.71803053951308,69.66741769440956,78.76918202877908,19.51793370171758,19.51793370171758,15.98441791694039,15.309589190095117,28.731110138995017,22.59809966869393,28.731110138995017,28.731110138995017,28.64831393941696,23.500026887864315,23.500026887864315,48.9493555666689,48.9493555666689,47.946499729009474,37.32816229566199,35.629377083280545,39.05199308076533,40.24298652624584,40.24298652624584,36.80160457311652,35.98041987518898,46.26669424287933,41.396356477401056,37.91113376542634,10.379585665875657,10.28551589980353,5.757726434247946,6.591777907376734,2.8417350794055123,5.943111260106933,5.943111260106933,38.53171265851402,35.83624173097715,34.137431820454346,36.293849924632056,44.07287701366684,42.888196207586454,43.47740424401627,42.988487176110745,41.50291717739645,42.888196207586454,44.010195832225534,21.938280324603934,21.561959404053503,20.658794823488066,16.582109146523926,23.431033566147825,80.5342981944054,78.8111641999734,79.18712317623024,13.571737493188794,16.061559401548813,13.615638112106693,21.837927944231197,20.062961429858102,30.562679510735865,22.9919862417181,27.18182868283722,39.44499995493957,46.06960364461864,40.10995034277671
39.75593858607531,39.75593858607531,39.75593858607531,39.75593858607531,39.62054147619112,39.75593858607531,39.75593858607531,39.75593858607531,39.38547662498933,39.75593858607531,43.859138478210824,39.77349005020306,44.3336348174199,1.0902987343901795,1.0,1.0106602713894928,0.0,1.0,1.0758760812847505,1.0758760812847505,39.38547662498933,39.68009115300258,39.29771894250201,38.75424648013951,39.75593858607531,39.75593858607531,39.75593858607531,39.75593858607531,39.75593858607531,39.75593858607531,39.75593858607531,15.243738661509543,15.243738661509543,21.193168337888817,19.719263157995584,15.243738661509543,68.72869080979491,69.67807796466006,78.77984229870664,19.507273430410322,19.507273430410322,15.973757645604746,15.298928918754733,28.720449867789842,22.587439397416286,28.720449867789842,28.720449867789842,28.637653668210692,23.4893666165962,23.4893666165962,48.96001583750385,48.96001583750385,47.95715999986743,37.338822566733405,35.64003735438105,39.062653351805814,40.25364679726411,40.25364679726411,36.81226484419711,35.991080146283586,46.27735451377467,41.40701674839715,37.92179403648747,10.368925394507265,10.274855628434716,5.747066162863879,6.581117635994737,2.8310748080168304,5.95377153149054,5.95377153149054,38.542372929564,35.846902002074195,34.14809209157924,36.30451019572135,44.083537284609,42.89885647855291,43.488064514970716,42.999147447075174,41.51357744839045,42.89885647855291,44.020856103168995,21.927620053319565,21.551299132765397,20.648134552191244,16.571448875192665,23.420373294878967,80.54495846426563,78.82182446989937,79.197783446142,13.56107722183721,16.05089913021373,13.604977840755373,21.82726767294582,20.052301158555757,30.552019239555825,22.98132597044457,27.171168411612047,39.434339683904085,46.058943373715444,40.099290071753565
39.75593858607531,39.75593858607531,39.75593858607531,39.75593858607531,39.62054147619112,39.75593858607531,39.75593858607531,39.75593858607531,39.38547662498933,39.75593858607531,43.859138478210824,39.77349005020306,44.3336348174199,1.0902987343901795,1.0,1.0106602713894928,1.0,0.0,1.0758760812847505,1.0758760812847505,39.38547662498933,39.68009115300258,39.29771894250201,38.75424648013951,39.75593858607531,39.75593858607531,39.75593858607531,39.75593858607531,39.75593858607531,39.75593858607531,39.75593858607531,15.243738661509543,15.243738661509543,21.193168337888817,19.719263157995584,15.243738661509543,68.72869080979491,69.67807796466006,78.77984229870664,19.507273430410322,19.507273430410322,15.973757645604746,15.298928918754733,28.720449867789842,22.587439397416286,28.720449867789842,28.720449867789842,28.637653668210692,23.4893666165962,23.4893666165962,48.96001583750385,48.96001583750385,47.95715999986743,37.338822566733405,35.64003735438105,39.062653351805814,40.25364679726411,40.25364679726411,36.81226484419711,35.991080146283586,46.27735451377467,41.40701674839715,37.92179403648747,10.368925394507265,10.274855628434716,5.747066162863879,6.581117635994737,2.8310748080168304,5.95377153149054,5.95377153149054,38.542372929564,35.846902002074195,34.14809209157924,36.30451019572135,44.083537284609,42.89885647855291,43.488064514970716,42.999147447075174,41.51357744839045,42.89885647855291,44.020856103168995,21.927620053319565,21.551299132765397,20.648134552191244,16.571448875192665,23.420373294878967,80.54495846426563,78.82182446989937,79.197783446142,13.56107722183721,16.05089913021373,13.604977840755373,21.82726767294582,20.052301158555757,30.552019239555825,22.98132597044457,27.171168411612047,39.434339683904085,46.058943373715444,40.099290071753565
39.83181466477873,39.83181466477873,39.83181466477873,39.83181466477873,39.69641755491256,39.83181466477873,39.83181466477873,39.83181466477873,39.46135270374188,39.83181466477873,43.93501455633834,39.84936612890412,44.40951089547706,1.1661748156749046,1.0758760812847505,1.086536352674242,1.0758760812847505,1.0758760812847505,0.0,1.0,39.46135270374188,39.75596723171609,39.37359502126613,38.83012255897468,39.83181466477873,39.83181466477873,39.83181466477873,39.83181466477873,39.83181466477873,39.83181466477873,39.83181466477873,15.16786258056955,15.16786258056955,21.117292257297763,19.643387077306844,15.16786258056955,68.8045668831857,69.75395403782754,78.85571836957425,19.431397349708142,19.431397349708142,15.897881564701079,15.223052837817427,28.644573787812945,22.511563316924438,28.644573787812945,28.644573787812945,28.561777588225983,23.413490536172052,23.413490536172052,49.03589191483434,49.03589191483434,48.0330360773617,37.41469864574888,35.71591343360379,39.138529430600805,40.32952287590078,40.32952287590078,36.888140923277895,36.06695622546432,46.35323059153556,41.48289282687581,37.99767011542952,10.293049313371315,10.198979547295776,5.671190081617038,6.505241554762511,2.755198726737575,6.0296476127326635,6.0296476127326635,38.6182490084266,35.922778081272234,34.2239681709758,36.38038627486421,44.15941336270333,42.9747325568204,43.5639405931527,43.0750235253282,41.58945352685429,42.9747325568204,44.09673218127263,21.851743972779936,21.475423052199183,20.572258471563202,16.495572794320083,23.344497214449543,80.62083453465384,78.8977005407557,79.27365951689708,13.485201140820415,15.975023049314002,13.529101759740458,21.751391592399063,19.976425077888443,30.4761431597575,22.905449889981952,27.095292331492985,39.35846360513339,45.98306729588537,40.02341399307058
39.83181466477873,39.83181466477873,39.83181466477873,39.83181466477873,39.69641755491256,39.83181466477873,39.83181466477873,39.83181466477873,39.46135270374188,39.83181466477873,43.93501455633834,39.84936612890412,44.40951089547706,1.1661748156749046,1.0758760812847505,1.086536352674242,1.0758760812847505,1.0758760812847505,1.0,0.0,39.46135270374188,39.75596723171609,39.37359502126613,38.83012255897468,39.83181466477873,39.83181466477873,39.83181466477873,39.83181466477873,39.83181466477873,39.83181466477873,39.83181466477873,15.16786258056955,15.16786258056955,21.117292257297763,19.643387077306844,15.16786258056955,68.8045668831857,69.75395403782754,78.85571836957425,19.431397349708142,19.431397349708142,15.897881564701079,15.223052837817427,28.644573787812945,22.511563316924438,28.644573787812945,28.644573787812945,28.561777588225983,23.413490536172052,23.413490536172052,49.03589191483434,49.03589191483434,48.0330360773617,37.41469864574888,35.71591343360379,39.138529430600805,40.32952287590078,40.32952287590078,36.888140923277895,36.06695622546432,46.35323059153556,41.48289282687581,37.99767011542952,10.293049313371315,10.198979547295776,5.671190081617038,6.505241554762511,2.755198726737575,6.0296476127326635,6.0296476127326635,38.6182490084266,35.922778081272234,34.2239681709758,36.38038627486421,44.15941336270333,42.9747325568204,43.5639405931527,43.0750235253282,41.58945352685429,42.9747325568204,44.09673218127263,21.851743972779936,21.475423052199183,20.572258471563202,16.495572794320083,23.344497214449543,80.62083453465384,78.8977005407557,79.27365951689708,13.485201140820415,15.975023049314002,13.529101759740458,21.751391592399063,19.976425077888443,30.4761431597575,22.905449889981952,27.095292331492985,39.35846360513339,45.98306729588537,40.02341399307058
1.3704619735804076,1.3704619735804076,1.3704619735804076,1.3704619735804076,1.23506485910196,1.3704619735804076,1.3704619735804076,1.3704619735804076,1.0,1.3704619735804076,5.473662020128558,1.3880134383060438,5.948158379091001,39.29517789359969,39.38547662498933,39.3748163539548,39.38547662498933,39.38547662498933,39.46135270374188,39.46135270374188,0.0,1.2946145379300966,1.0877576854120008,1.63123016558728,1.3704619735804076,1.3704619735804076,1.3704619735804076,1.3704619735804076,1.3704619735804076,1.3704619735804076,1.3704619735804076,53.629214636733224,53.629214636733224,59.57864393803983,58.10473885675115,53.629214636733224,30.343215918043153,31.29260315419725,40.39436834799103,57.892749143040156,57.892749143040156,54.35923357808988,53.684404890779454,67.1059249060371,60.972914900846106,67.1059249060371,67.1059249060371,67.02312871316883,61.87484205567577,61.87484205567577,10.57453961239613,10.57453961239613,9.57168372536316,3.0466541229658675,4.7454393834790505,1.32282328387593,1.868170201932351,1.868170201932351,3.573211860968499,4.394396582037002,7.891878160470244,3.0215401945009024,2.4636826355242265,48.75440163155333,48.66033187012979,44.13254261025187,44.96659404815416,41.216551369117774,34.431705237255116,34.431705237255116,1.8431037229674732,4.538574730190413,6.237384684426713,4.080966523900234,5.698060835819464,4.513379981697495,5.102588041714681,4.613670954193859,3.128100898439684,4.513379981697495,5.63537965177487,60.31309560293863,59.93677470839226,59.033610189241216,54.95692477200203,61.80584873893051,42.159484697160636,40.43635052348712,40.81230953840557,51.94655329206992,54.43637505812896,51.990453908571354,60.212743229524165,58.4377768353583,68.93749412633404,61.366801445943835,65.55664357348,77.81981375437975,84.44441674725336,78.48476407567057
1.075847435650499,1.075847435650499,1.075847435650499,1.075847435650499,1.0595496788282306,1.075847435650499,1.075847435650499,1.075847435650499,1.2946145379300966,1.075847435650499,5.1790474823237345,1.0933989003761901,5.653543841315201,39.589792421659304,39.68009115300258,39.66943088197353,39.68009115300258,39.68009115300258,39.75596723171609,39.75596723171609,1.2946145379300966,0.0,1.382372223341873,1.9258447035134623,1.075847435650499,1.075847435650499,1.075847435650499,1.075847435650499,1.075847435650499,1.075847435650499,1.075847435650499,53.92382915607956,53.92382915607956,59.873258452970404,58.39935337281931,53.92382915607956,30.048601385835138,30.99798862236787,40.09975382040893,58.187363659269565,58.187363659269565,54.6538480969196,53.97901941008698,67.4005394147103,61.267529414674115,67.4005394147103,67.4005394147103,67.31774322191494,62.16945656877688,62.16945656877688,10.279925075061614,10.279925075061614,9.277069187908605,3.341268660863873,5.040053921307819,1.6174378218046916,1.5735556640055897,1.5735556640055897,3.8678263988491746,4.689011119883244,7.597263622844863,2.726925656594194,2.758297173437086,49.04901615416861,48.95494639280505,44.42715713567561,45.26120857309203,41.51116589616761,34.72631976765152,34.72631976765152,2.1377182608911456,4.833189268029677,6.5319992221628125,4.375581061760684,5.40344629802799,4.21876544384317,4.8079735038892615,4.319056416344123,2.833486360535727,4.21876544384317,5.3407651139795975,60.607710117291624,60.23138922304211,59.32822470459581,55.251539290403535,62.10046325208759,41.86487017053176,40.14173599592719,40.517695011045355,52.24116781258019,54.73098957690368,52.285068429051734,60.50735774395649,58.73239135117195,69.23210863337152,61.66141595945574,65.85125808350229,78.11442825285727,84.73903123867031,78.77937857346545
1.4582196589920695,1.4582196589920695,1.4582196589920695,1.4582196589920695,1.3228225445138093,1.4582196589920695,1.4582196589920695,1.4582196589920695,1.0877576854120008,1.4582196589920695,5.561419705499832,1.4757711237176765,6.035916064453264,39.20742021109862,39.29771894250201,39.287058671465864,39.29771894250201,39.29771894250201,39.37359502126613,39.37359502126613,1.0877576854120008,1.382372223341873,0.0,1.5434724801759636,1.4582196589920695,1.4582196589920695,1.4582196589920695,1.4582196589920695,1.4582196589920695,1.4582196589920695,1.4582196589920695,53.54145695681665,53.54145695681665,59.49088625943407,58.01698117780766,53.54145695681665,30.4309736017283,31.380360837768905,40.482126030290594,57.80499146404879,57.80499146404879,54.271475898326656,53.59664721087441,67.01816722928949,60.885157222567706,67.01816722928949,67.01816722928949,66.93537103639956,61.7870843776132,61.7870843776132,10.66229729762342,10.66229729762342,9.65944141062697,2.958896437561865,4.657681698094376,1.2350655984640806,1.9559278873426957,1.9559278873426957,3.4854541755692563,4.30663889664739,7.979635845786222,3.109297879904395,2.375924950116243,48.66664395066678,48.57257418922543,44.044784928532266,44.878836366578646,41.128793686916026,34.34394755406169,34.34394755406169,1.7553460375567431,4.450817044802769,6.149626999068501,3.9932088385066287,5.785818521186588,4.601137667084247,5.190345727092371,4.701428639579165,3.2158585838422744,4.601137667084247,5.723137337143173,60.22533792450436,59.849017029869856,58.94585251050957,54.869167092365906,61.71809106085133,42.247242379174914,40.52410820578004,40.90006722063871,51.85879561180795,54.34861737838206,51.90269622831825,60.12498555106634,58.35001915649039,68.84973645007227,61.27904376775931,65.46888589633173,77.73205608066101,84.35665907563269,78.39700640215463
