0.0,1.2250953942836391,1.2250953942836391,1.4903198489135294,1.472136590189692,1.002508023960266,3.369428255122026,1.0821377507420493,3.311118028399045,1.002508023960266,38.482363340601744,38.482363340601744,42.74388622374515,38.482363340601744,43.29023202132723,1.8006897618465374,9.62034322338889,9.62034322338889,13.87198589244198,17.35424584387019,17.3517374203292,2.8383980026692273,2.8383980026692273,1.2257219052285333,8.419629953420202,8.419629953420202,8.419629953420202,17.3517374203292,14.595017003570424,14.595017003570424,17.3517374203292,14.595017003570424,14.595017003570424,14.595017003570424,14.595017003570424,14.595017003570424,14.595017003570424,14.595017003570424,14.595017003570424,4.077391492667961,3.566994589574786,3.566994589574786,3.566994589574786,5.106971347723035,5.014170791128959,5.014170791128959,5.014170791128959,5.014170791128959,5.014170791128959,5.014170791128959,2.285370311162352,1.257072130583682,1.257072130583682,4.103726536864562,2.297910588613056,4.273023410924791,1.9405132817907733,5.476725077161742,3.7839443144218574,2.611418022736787,43.62644626501189,40.94178114558675,35.208876187043806,36.63266405726,27.325086670798637,7.7902501612639385,6.994002156148169,6.066083300961466,1.9405046635306915,5.094430727060834,8.837874028345215,2.185048146750238,2.185048146750238,5.4641855037122795,5.012916730131198,6.86894378120821,6.86894378120821,13.584781539181327,12.49366315613952,5.483190679949829,13.308865450107191,14.832684023077185,4.398428682859443,4.517563833116448,5.6148677720277425,13.565969054995866,3.7525931697685224,11.189352952326413,12.556370795041241,15.133687898293893,12.023357085432961,11.766257344444755,14.205595451388744,2.636472566162987,3.395134903701781,4.1349820302276346,5.671088269656426,5.3764084466955975,2.4922633883743557,3.92807616762486
1.2250953942836391,0.0,1.0,1.2652244546305518,1.247041195906646,1.2225873703233758,3.5945236493743904,1.30723314502556,3.5362134226528643,1.2225873703233758,38.25726795340127,38.25726795340127,42.518790838249444,38.25726795340127,43.065136636063336,1.5755943675652424,9.845438617284435,9.845438617284435,13.646890498985561,17.1291504509266,17.126642027385202,2.613302608400672,2.613302608400672,1.4508172995116548,8.19453455940793,8.19453455940793,8.19453455940793,17.126642027385202,14.369921610210369,14.369921610210369,17.126642027385202,14.369921610210369,14.369921610210369,14.369921610210369,14.369921610210369,14.369921610210369,14.369921610210369,14.369921610210369,14.369921610210369,3.852296098428959,3.3418991953217194,3.3418991953217194,3.3418991953217194,4.881875953520463,4.789075396922661,4.789075396922661,4.789075396922661,4.789075396922661,4.789075396922661,4.789075396922661,2.0602749168856436,1.4821675248666906,1.4821675248666906,3.8786311426263564,2.072815194336499,4.047928016691882,1.7154178875105566,5.701820471338283,3.5588489201744453,2.3863226284645096,43.40135087989213,40.71668575934778,34.98378079865819,36.40756866937656,27.0999912800029,8.015345555305155,7.219097550242115,6.291178695108709,2.165600057808754,4.869335332857752,8.612778634364894,1.959952752472385,1.959952752472385,5.689280897889404,4.787821335924851,6.643848387092976,6.643848387092976,13.3596861456881,12.268567762514092,5.258095285763257,13.083770056579395,14.60758862974997,4.173333288630644,4.292468438891701,5.38977237784711,13.340873661500263,3.5274977755202634,10.964257558558797,12.331275401423087,14.908592505009079,11.798261691754275,11.541161950737903,13.98050005797613,2.8615679604311284,3.6202302979534924,4.36007742445768,5.896183663823694,5.601503840876773,2.7173587826449577,4.153171561861527
1.2250953942836391,1.0,0.0,1.2652244546305518,1.247041195906646,1.2225873703233758,3.5945236493743904,1.30723314502556,3.5362134226528643,1.2225873703233758,38.25726795340127,38.25726795340127,42.518790838249444,38.25726795340127,43.065136636063336,1.5755943675652424,9.845438617284435,9.845438617284435,13.646890498985561,17.1291504509266,17.126642027385202,2.613302608400672,2.613302608400672,1.4508172995116548,8.19453455940793,8.19453455940793,8.19453455940793,17.126642027385202,14.369921610210369,14.369921610210369,17.126642027385202,14.369921610210369,14.369921610210369,14.369921610210369,14.369921610210369,14.369921610210369,14.369921610210369,14.369921610210369,14.369921610210369,3.852296098428959,3.3418991953217194,3.3418991953217194,3.3418991953217194,4.881875953520463,4.789075396922661,4.789075396922661,4.789075396922661,4.789075396922661,4.789075396922661,4.789075396922661,2.0602749168856436,1.4821675248666906,1.4821675248666906,3.8786311426263564,2.072815194336499,4.047928016691882,1.7154178875105566,5.701820471338283,3.5588489201744453,2.3863226284645096,43.40135087989213,40.71668575934778,34.98378079865819,36.40756866937656,27.0999912800029,8.015345555305155,7.219097550242115,6.291178695108709,2.165600057808754,4.869335332857752,8.612778634364894,1.959952752472385,1.959952752472385,5.689280897889404,4.787821335924851,6.643848387092976,6.643848387092976,13.3596861456881,12.268567762514092,5.258095285763257,13.083770056579395,14.60758862974997,4.173333288630644,4.292468438891701,5.38977237784711,13.340873661500263,3.5274977755202634,10.964257558558797,12.331275401423087,14.908592505009079,11.798261691754275,11.541161950737903,13.98050005797613,2.8615679604311284,3.6202302979534924,4.36007742445768,5.896183663823694,5.601503840876773,2.7173587826449577,4.153171561861527
1.4903198489135294,1.2652244546305518,1.2652244546305518,0.0,1.0181832587239328,1.487811824953277,3.8597481039604684,1.572457599655058,3.801437877240829,1.487811824953277,37.99204350700714,37.99204350700714,42.253566393851514,37.99204350700714,42.79991219193691,1.310369912935761,10.110663071431711,10.110663071431711,13.381666045292542,16.8639259978276,16.861417574285724,2.3480781537831525,2.3480781537831525,1.7160417541402722,7.92931010507598,7.92931010507598,7.92931010507598,16.861417574285724,14.104697156628774,14.104697156628774,16.861417574285724,14.104697156628774,14.104697156628774,14.104697156628774,14.104697156628774,14.104697156628774,14.104697156628774,14.104697156628774,14.104697156628774,3.58707164384262,3.0766747407203074,3.0766747407203074,3.0766747407203074,4.616651498974024,4.523850942372105,4.523850942372105,4.523850942372105,4.523850942372105,4.523850942372105,4.523850942372105,1.7950504622601433,1.7473919794950827,1.7473919794950827,3.61340668804088,1.8075907397111393,3.782703562112147,1.4501934328819348,5.967044925828826,3.293624465579059,2.1210981738432713,43.136126435934564,40.45146131407938,34.71855635087727,36.14234422218317,26.834766829405357,8.280570009629454,7.484322004630882,6.556403149563,2.430824512429311,4.604110878310751,8.347554180069366,1.6947282978458293,1.6947282978458293,5.954505352380675,4.522596881374239,6.378623932644267,6.378623932644267,13.094461691952558,12.003343308625983,4.992870831234563,12.81854560280393,14.342364176206356,3.9081088340553833,4.027243984320867,5.1245479233250295,13.075649207761966,3.2622733209239723,10.699033104506988,12.066050947543356,14.643368051514551,11.533037237804793,11.27593749675599,13.715275604333748,3.1267924150379502,3.885454752538726,4.625301879015213,6.161408118302744,5.866728295373072,2.9825832372551027,4.418396016427467
1.472136590189692,1.247041195906646,1.247041195906646,1.0181832587239328,0.0,1.4696285662294386,3.841564845239875,1.5542743409312556,3.7832546185201,1.4696285662294386,38.01022676517015,38.01022676517015,42.271749651878096,38.01022676517015,42.81809544994495,1.3285531716596517,10.092479812741834,10.092479812741834,13.399849303953458,16.882109256448143,16.8796008329063,2.366261412506329,2.366261412506329,1.6978584954165445,7.9474933637801435,7.9474933637801435,7.9474933637801435,16.8796008329063,14.122880415282122,14.122880415282122,16.8796008329063,14.122880415282122,14.122880415282122,14.122880415282122,14.122880415282122,14.122880415282122,14.122880415282122,14.122880415282122,14.122880415282122,3.6052549025637837,3.094857999442453,3.094857999442453,3.094857999442453,4.634834757692557,4.542034201090912,4.542034201090912,4.542034201090912,4.542034201090912,4.542034201090912,4.542034201090912,1.8132337209838103,1.729208720771374,1.729208720771374,3.631589946761987,1.8257739984347978,3.800886820832878,1.4683766916057808,5.948861667114994,3.3118077243008135,2.139281432566679,43.154309693931054,40.469644572165464,34.73673960913503,36.16052748040079,26.852950087855415,8.262386750927257,7.466138745924184,6.538219890851715,2.4126412537062083,4.622294137029321,8.365737438771077,1.7129115565695585,1.7129115565695585,5.936322093666792,4.54078014009305,6.39680719135628,6.39680719135628,13.112644950616358,12.021526567300132,5.011054089951918,12.836728861470437,14.360547434857123,3.9262920927758205,4.045427243041013,5.142731182041944,13.093832466425955,3.2804565796457847,10.717216363192227,12.084234206216935,14.661551310161986,11.551220496483102,11.294120755436497,13.733458862991224,3.1086091563158598,3.8672714938181927,4.607118620296655,6.14322485958972,5.8485450366588365,2.9643999785327706,4.400212757708312
1.002508023960266,1.2225873703233758,1.2225873703233758,1.487811824953277,1.4696285662294386,0.0,3.3719362790819734,1.0846457747023148,3.3136260523590075,1.0,38.479855316720865,38.479855316720865,42.74137819988332,38.479855316720865,43.287723997468,1.7981817378863076,9.62285124734494,9.62285124734494,13.869477868491092,17.35173781992506,17.34922939638407,2.835889978709153,2.835889978709153,1.2282299291887964,8.417121929463054,8.417121929463054,8.417121929463054,17.34922939638407,14.592508979620618,14.592508979620618,17.34922939638407,14.592508979620618,14.592508979620618,14.592508979620618,14.592508979620618,14.592508979620618,14.592508979620618,14.592508979620618,14.592508979620618,4.074883468708231,3.564486565614893,3.564486565614893,3.564486565614893,5.104463323763724,5.0116627671696055,5.0116627671696055,5.0116627671696055,5.0116627671696055,5.0116627671696055,5.0116627671696055,2.282862287202179,1.2595801545439442,1.2595801545439442,4.101218512904841,2.295402564652886,4.2705153869651316,1.9380052578305573,5.479233101120871,3.7814362904620307,2.608909998776668,43.623938241154256,40.93927312171662,35.20636816314968,36.630156033371485,27.322578646877563,7.792758185221588,6.996510180106397,6.068591324920276,1.9430126874909073,5.091922703101516,8.835366004388428,2.1825401227900514,2.1825401227900514,5.466693527671414,5.0104087061718445,6.866435757249893,6.866435757249893,13.582273515230026,12.491155132186734,5.480682655990701,13.3063574261555,14.830175999127754,4.395920658899831,4.515055809156883,5.612359748068682,13.56346103104454,3.750085145808685,11.186844928372022,12.553862771088534,15.131179874344934,12.020849061479574,11.763749320491051,14.20308742743835,2.6389805901231003,3.3976429276617215,4.137490054187341,5.673596293615454,5.378916470654777,2.4947714123344955,3.9305841915846393
3.369428255122026,3.5945236493743904,3.5945236493743904,3.8597481039604684,3.841564845239875,3.3719362790819734,0.0,3.287290504390038,1.0583102267301994,3.3719362790819734,40.85179151595637,40.85179151595637,45.113314380562564,40.85179151595637,45.659660175628744,4.170118016832642,7.250914971154382,7.250914971154382,16.241414137067963,19.723674082614146,19.72116565907786,5.207826257377051,5.207826257377051,3.143706349919406,10.789058204654857,10.789058204654857,10.789058204654857,19.72116565907786,16.964445247081578,16.964445247081578,19.72116565907786,16.964445247081578,16.964445247081578,16.964445247081578,16.964445247081578,16.964445247081578,16.964445247081578,16.964445247081578,16.964445247081578,6.446819746892557,5.936422844018344,5.936422844018344,5.936422844018344,7.476399601421106,7.383599044879139,7.383599044879139,7.383599044879139,7.383599044879139,7.383599044879139,7.383599044879139,4.654798566032827,3.1123561245674245,3.1123561245674245,6.473154791077104,4.667338843480207,6.64245166505807,4.309941536746102,3.1072968225450825,6.153372568775751,4.9808462775153295,45.9958744177494,43.31120931047833,37.57830437532835,39.002092240060605,29.69451488554832,5.42082190775028,4.6245739021901215,3.696655046571318,2.4289235916633083,7.463858980765999,11.207302279185422,4.554476401646712,4.554476401646712,3.094757249091206,7.382344983882076,9.238372033742111,9.238372033742111,15.954209784234655,14.863091402736075,7.85261893342721,15.678293695562772,17.202112266209696,6.767856936932031,6.88699208712982,7.984296025424302,15.935397300076877,6.122021424135684,13.558781200600865,14.925799041552548,17.503116140938204,14.392785332655478,14.13568559199948,16.575023695507273,1.732955689023281,1.0257066485830526,1.7655537752341623,3.301660015110353,3.0069801920440926,1.8771648668177754,1.5586479125904515
1.0821377507420493,1.30723314502556,1.30723314502556,1.572457599655058,1.5542743409312556,1.0846457747023148,3.287290504390038,0.0,3.2289802776665586,1.0846457747023148,38.564501088737764,38.564501088737764,42.82602397125665,38.564501088737764,43.37236976875384,1.8828275125872747,9.538205472783542,9.538205472783542,13.954123642874833,17.436383594113924,17.43387517057309,2.9205357534047245,2.9205357534047245,1.1435841544865442,8.501767704058999,8.501767704058999,8.501767704058999,17.43387517057309,14.6771547539677,14.6771547539677,17.43387517057309,14.6771547539677,14.6771547539677,14.6771547539677,14.6771547539677,14.6771547539677,14.6771547539677,14.6771547539677,14.6771547539677,4.159529243391967,3.649132340304216,3.649132340304216,3.649132340304216,5.189109098433161,5.096308541840497,5.096308541840497,5.096308541840497,5.096308541840497,5.096308541840497,5.096308541840497,2.3675080619011384,1.1749343798417162,1.1749343798417162,4.185864287588262,2.3800483393517817,4.355161161646462,2.0226510325310376,5.39458732645622,3.8660820651491004,2.6935557734737716,43.70858401238571,41.02391889337049,35.29101393561414,36.71480180564628,27.407224420252938,7.708112410606475,6.911864405471922,5.9839455502662995,1.8583669127901408,5.176568477771152,8.920011778972114,2.2671858974895,2.2671858974895,5.382047753006551,5.095054480842756,6.95108153188546,6.95108153188546,13.666919289627774,12.575800906634836,5.565328430653903,13.391003200566411,14.914821773462346,4.480566433579543,4.599701583835001,5.697005522729572,13.648106805443195,3.8347309204960913,11.27149070287435,12.638508545533863,15.215825648663408,12.105494835947974,11.848395094970193,14.287733201805422,2.554334815425659,3.3129971529700164,4.052844279503352,5.588950518954176,5.294270695988442,2.410125637636213,3.8459384168982815
3.311118028399045,3.5362134226528643,3.5362134226528643,3.801437877240829,3.7832546185201,3.3136260523590075,1.0583102267301994,3.2289802776665586,0.0,3.3136260523590075,40.7934812913106,40.7934812913106,45.05500415638597,40.7934812913106,45.60134995151572,4.111807790115445,7.309225197832562,7.309225197832562,16.183103910642494,19.665363856344037,19.662855432807632,5.149516030669864,5.149516030669864,3.0853961231950993,10.730747978050145,10.730747978050145,10.730747978050145,19.662855432807632,16.906135020685745,16.906135020685745,19.662855432807632,16.906135020685745,16.906135020685745,16.906135020685745,16.906135020685745,16.906135020685745,16.906135020685745,16.906135020685745,16.906135020685745,6.388509520201036,5.87811261731988,5.87811261731988,5.87811261731988,7.418089374745679,7.3252888182021465,7.3252888182021465,7.3252888182021465,7.3252888182021465,7.3252888182021465,7.3252888182021465,4.596488339319952,3.0540458978429443,3.0540458978429443,6.41484456438596,4.609028616767451,6.584141438369393,4.251631310030088,3.1656070492692647,6.095062342080153,4.92253605080571,45.93756419367589,43.25289908609754,37.51999415035442,38.94378201522596,29.63620465989907,5.479132134454366,4.682884128902717,3.7549652732917207,2.370613364935691,7.4055487540903595,11.148992052591689,4.49616617493289,4.49616617493289,3.1530674758154587,7.324034757205062,9.180061807100703,9.180061807100703,15.895899557797794,14.804781176257913,7.7943087067583585,15.619983469115173,17.14380203982391,6.7095467102452275,6.8286818604448385,7.925985798757841,15.87708707363928,6.063711197439665,13.50047097407744,14.867488815076678,17.444805914565347,14.33447510616048,14.077375365495522,16.516713469095308,1.6746454622937332,1.084016875313249,1.82386400196353,3.3599702418333894,3.065290418768827,1.8188546400885228,1.6169581393201962
1.002508023960266,1.2225873703233758,1.2225873703233758,1.487811824953277,1.4696285662294386,1.0,3.3719362790819734,1.0846457747023148,3.3136260523590075,0.0,38.479855316720865,38.479855316720865,42.74137819988332,38.479855316720865,43.287723997468,1.7981817378863076,9.62285124734494,9.62285124734494,13.869477868491092,17.35173781992506,17.34922939638407,2.835889978709153,2.835889978709153,1.2282299291887964,8.417121929463054,8.417121929463054,8.417121929463054,17.34922939638407,14.592508979620618,14.592508979620618,17.34922939638407,14.592508979620618,14.592508979620618,14.592508979620618,14.592508979620618,14.592508979620618,14.592508979620618,14.592508979620618,14.592508979620618,4.074883468708231,3.564486565614893,3.564486565614893,3.564486565614893,5.104463323763724,5.0116627671696055,5.0116627671696055,5.0116627671696055,5.0116627671696055,5.0116627671696055,5.0116627671696055,2.282862287202179,1.2595801545439442,1.2595801545439442,4.101218512904841,2.295402564652886,4.2705153869651316,1.9380052578305573,5.479233101120871,3.7814362904620307,2.608909998776668,43.623938241154256,40.93927312171662,35.20636816314968,36.630156033371485,27.322578646877563,7.792758185221588,6.996510180106397,6.068591324920276,1.9430126874909073,5.091922703101516,8.835366004388428,2.1825401227900514,2.1825401227900514,5.466693527671414,5.0104087061718445,6.866435757249893,6.866435757249893,13.582273515230026,12.491155132186734,5.480682655990701,13.3063574261555,14.830175999127754,4.395920658899831,4.515055809156883,5.612359748068682,13.56346103104454,3.750085145808685,11.186844928372022,12.553862771088534,15.131179874344934,12.020849061479574,11.763749320491051,14.20308742743835,2.6389805901231003,3.3976429276617215,4.137490054187341,5.673596293615454,5.378916470654777,2.4947714123344955,3.9305841915846393
38.482363340601744,38.25726795340127,38.25726795340127,37.99204350700714,38.01022676517015,38.479855316720865,40.85179151595637,38.564501088737764,40.7934812913106,38.479855316720865,0.0,1.0,5.261523032921235,1.0,5.807868851910055,37.68167360356047,47.102706228106534,47.102706228106534,25.610377715459926,22.128117788214222,22.130626211745163,36.643965393270335,36.643965393270335,38.708085238641225,31.062733575470357,31.062733575470357,31.062733575470357,22.130626211745163,24.887346611036893,24.887346611036893,22.130626211745163,24.887346611036893,24.887346611036893,24.887346611036893,24.887346611036893,24.887346611036893,24.887346611036893,24.887346611036893,24.887346611036893,35.40497193733839,35.91536882671272,35.91536882671272,35.91536882671272,34.375392108615195,34.46819266290942,34.46819266290942,34.46819266290942,34.46819266290942,34.46819266290942,34.46819266290942,37.19699306873241,38.73943546299106,38.73943546299106,35.37863689383767,37.18445279165127,35.20934002422298,37.54185008783657,42.95908825905891,35.69841910775087,36.87094536668014,6.144083109017078,3.4594178877046384,4.2734872478958374,2.849699338860478,12.15727691738733,45.272613247827174,44.476365276547185,43.548446459434565,39.42286797360868,34.38793272896745,30.644489508385785,37.297315230178405,37.297315230178405,42.94654868610145,34.469446723876004,32.61341971603112,32.61341971603112,25.897582065812006,26.988700436533595,33.99917278556276,26.173498151960665,24.649679593541446,35.083934755550054,34.96479960836703,33.8674956966393,25.91639454980209,35.729770251558676,28.293010622979736,26.925992798394404,24.348675720735162,27.459006501309403,27.716106238897474,25.27676815971677,40.11883585268872,40.877498163618526,41.61734526325578,43.15345144389373,42.858771632521204,39.97462667984768,41.41043940826614
38.482363340601744,38.25726795340127,38.25726795340127,37.99204350700714,38.01022676517015,38.479855316720865,40.85179151595637,38.564501088737764,40.7934812913106,38.479855316720865,1.0,0.0,5.261523032921235,1.0,5.807868851910055,37.68167360356047,47.102706228106534,47.102706228106534,25.610377715459926,22.128117788214222,22.130626211745163,36.643965393270335,36.643965393270335,38.708085238641225,31.062733575470357,31.062733575470357,31.062733575470357,22.130626211745163,24.887346611036893,24.887346611036893,22.130626211745163,24.887346611036893,24.887346611036893,24.887346611036893,24.887346611036893,24.887346611036893,24.887346611036893,24.887346611036893,24.887346611036893,35.40497193733839,35.91536882671272,35.91536882671272,35.91536882671272,34.375392108615195,34.46819266290942,34.46819266290942,34.46819266290942,34.46819266290942,34.46819266290942,34.46819266290942,37.19699306873241,38.73943546299106,38.73943546299106,35.37863689383767,37.18445279165127,35.20934002422298,37.54185008783657,42.95908825905891,35.69841910775087,36.87094536668014,6.144083109017078,3.4594178877046384,4.2734872478958374,2.849699338860478,12.15727691738733,45.272613247827174,44.476365276547185,43.548446459434565,39.42286797360868,34.38793272896745,30.644489508385785,37.297315230178405,37.297315230178405,42.94654868610145,34.469446723876004,32.61341971603112,32.61341971603112,25.897582065812006,26.988700436533595,33.99917278556276,26.173498151960665,24.649679593541446,35.083934755550054,34.96479960836703,33.8674956966393,25.91639454980209,35.729770251558676,28.293010622979736,26.925992798394404,24.348675720735162,27.459006501309403,27.716106238897474,25.27676815971677,40.11883585268872,40.877498163618526,41.61734526325578,43.15345144389373,42.858771632521204,39.97462667984768,41.41043940826614
42.74388622374515,42.518790838249444,42.518790838249444,42.253566393851514,42.271749651878096,42.74137819988332,45.113314380562564,42.82602397125665,45.05500415638597,42.74137819988332,5.261523032921235,5.261523032921235,0.0,5.261523032921235,1.5463458192394666,41.943196492723594,51.36422903861544,51.36422903861544,29.871900680429626,26.3896407698483,26.392149193368063,40.90548829005146,40.90548829005146,42.96960812006529,35.32425650966958,35.32425650966958,35.32425650966958,26.392149193368063,29.148869579658157,29.148869579658157,26.392149193368063,29.148869579658157,29.148869579658157,29.148869579658157,29.148869579658157,29.148869579658157,29.148869579658157,29.148869579658157,29.148869579658157,39.666494842943656,40.17689172871872,40.17689172871872,40.17689172871872,38.6369150213284,38.72971557499033,38.72971557499033,38.72971557499033,38.72971557499033,38.72971557499033,38.72971557499033,41.458515961479456,43.00095834417556,43.00095834417556,39.6401597996273,41.44597568449045,39.47086293119455,41.803372978038254,47.22061110626977,39.95994201129292,41.13246826181268,1.8825600765290367,2.802105145639586,8.535010278462023,7.1112223707025475,16.418799933873444,49.5341360749544,48.737888110703096,47.80996930162718,43.684390849523496,38.64945564159531,34.906012445147695,41.55883812218735,41.55883812218735,47.208071533418334,38.73096963594837,36.87494264043531,36.87494264043531,30.15910502930337,31.250223394264157,38.26069570082241,30.435021114016866,28.9112025633411,39.345457663393574,39.2263225170361,38.12901861278376,30.177917513196068,39.9912931548793,32.55453357352381,31.187515756462243,28.61019869201167,31.72052945648636,31.977629192660494,29.5382911263838,44.38035872314472,45.13902102801769,45.87886812164146,47.414974289457035,47.12029448057956,44.23614955144246,45.67196226834417
38.482363340601744,38.25726795340127,38.25726795340127,37.99204350700714,38.01022676517015,38.479855316720865,40.85179151595637,38.564501088737764,40.7934812913106,38.479855316720865,1.0,1.0,5.261523032921235,0.0,5.807868851910055,37.68167360356047,47.102706228106534,47.102706228106534,25.610377715459926,22.128117788214222,22.130626211745163,36.643965393270335,36.643965393270335,38.708085238641225,31.062733575470357,31.062733575470357,31.062733575470357,22.130626211745163,24.887346611036893,24.887346611036893,22.130626211745163,24.887346611036893,24.887346611036893,24.887346611036893,24.887346611036893,24.887346611036893,24.887346611036893,24.887346611036893,24.887346611036893,35.40497193733839,35.91536882671272,35.91536882671272,35.91536882671272,34.375392108615195,34.46819266290942,34.46819266290942,34.46819266290942,34.46819266290942,34.46819266290942,34.46819266290942,37.19699306873241,38.73943546299106,38.73943546299106,35.37863689383767,37.18445279165127,35.20934002422298,37.54185008783657,42.95908825905891,35.69841910775087,36.87094536668014,6.144083109017078,3.4594178877046384,4.2734872478958374,2.849699338860478,12.15727691738733,45.272613247827174,44.476365276547185,43.548446459434565,39.42286797360868,34.38793272896745,30.644489508385785,37.297315230178405,37.297315230178405,42.94654868610145,34.469446723876004,32.61341971603112,32.61341971603112,25.897582065812006,26.988700436533595,33.99917278556276,26.173498151960665,24.649679593541446,35.083934755550054,34.96479960836703,33.8674956966393,25.91639454980209,35.729770251558676,28.293010622979736,26.925992798394404,24.348675720735162,27.459006501309403,27.716106238897474,25.27676815971677,40.11883585268872,40.877498163618526,41.61734526325578,43.15345144389373,42.858771632521204,39.97462667984768,41.41043940826614
43.29023202132723,43.065136636063336,43.065136636063336,42.79991219193691,42.81809544994495,43.287723997468,45.659660175628744,43.37236976875384,45.60134995151572,43.287723997468,5.807868851910055,5.807868851910055,1.5463458192394666,5.807868851910055,0.0,42.489542291124536,51.91057482637845,51.91057482637845,30.418246489259285,26.9359865810192,26.93849500453739,41.45183408949009,41.45183408949009,43.51595391741367,35.870602314233636,35.870602314233636,35.870602314233636,26.93849500453739,29.69521538899848,29.69521538899848,26.93849500453739,29.69521538899848,29.69521538899848,29.69521538899848,29.69521538899848,29.69521538899848,29.69521538899848,29.69521538899848,29.69521538899848,40.21284064358646,40.723237528870065,40.723237528870065,40.723237528870065,39.18326082294302,39.276061376518435,39.276061376518435,39.276061376518435,39.276061376518435,39.276061376518435,39.276061376518435,42.004861760368385,43.54730414149139,43.54730414149139,40.18650560029529,41.992321483391926,40.01720873202402,42.34971877658057,47.76695689898185,40.50628781165395,41.67881406102661,1.3362142572931988,3.3484509648272884,9.081356096956382,7.657568189444223,16.965145750098984,50.08048186495558,49.284233901652236,48.356315093661244,44.230736646123525,39.19580144319826,35.452358250064904,42.10518392097574,42.10518392097574,47.75441732614474,39.27731543747529,37.4212884436524,37.4212884436524,30.70545083792661,31.79656920208466,38.807041502785616,30.98136692243988,29.457548372846485,39.89180346434221,39.77266831809758,38.675364414868156,30.7242633218057,40.5376389552101,33.100879380346264,31.733861564329676,29.156544501724092,32.26687526395181,32.523974999929564,30.084636935450682,44.92670451900398,45.6853668230558,46.425213915865115,47.96132008194644,47.66664027340618,44.7824953474562,46.21830806279698
1.8006897618465374,1.5755943675652424,1.5755943675652424,1.310369912935761,1.3285531716596517,1.7981817378863076,4.170118016832642,1.8828275125872747,4.111807790115445,1.7981817378863076,37.68167360356047,37.68167360356047,41.943196492723594,37.68167360356047,42.489542291124536,0.0,10.421032983765159,10.421032983765159,13.071296133403923,16.553556086620056,16.551047663077625,2.0377082408572003,2.0377082408572003,2.026411667070879,7.618940192461679,7.618940192461679,7.618940192461679,16.551047663077625,13.794327244867619,13.794327244867619,16.551047663077625,13.794327244867619,13.794327244867619,13.794327244867619,13.794327244867619,13.794327244867619,13.794327244867619,13.794327244867619,13.794327244867619,3.276701730948154,2.7663048278102647,2.7663048278102647,2.7663048278102647,4.306281586122093,4.213481029515732,4.213481029515732,4.213481029515732,4.213481029515732,4.213481029515732,4.213481029515732,1.4846805493270843,2.0577618924252996,2.0577618924252996,3.3030367751473175,1.497220826778194,3.4723336492246206,1.1398235199466151,6.277414838580695,2.9832545526751915,1.810728260913883,42.825756535318426,40.14109141194012,34.40818644582096,35.83197431780864,26.524396921084808,8.590939922177444,7.794691917257527,6.866773062270069,2.741194425347599,4.293740965458213,8.037184267495995,1.3843583849119407,1.3843583849119407,6.264875265133446,4.212226968517807,6.068254019899593,6.068254019899593,12.784091780015332,11.692973396514624,4.682500918401882,12.508175690821098,14.0319942644887,3.5977389211725868,3.7168740714427684,4.814178010499553,12.7652792958216,2.951903408019171,10.388663192209332,11.755681035441553,14.332998139853114,11.222667325623513,10.965567584537798,13.40490569250303,3.4371623279373567,4.195824665409807,4.935671791850892,6.471778031040378,6.177098208132083,3.2929531501589797,4.7287659292738216
9.62034322338889,9.845438617284435,9.845438617284435,10.110663071431711,10.092479812741834,9.62285124734494,7.250914971154382,9.538205472783542,7.309225197832562,9.62285124734494,47.102706228106534,47.102706228106534,51.36422903861544,47.102706228106534,51.91057482637845,10.421032983765159,0.0,1.0,22.492329061958138,25.97458898774297,25.972080564222146,11.458741222310811,11.458741222310811,9.39462131852971,17.039973153624267,17.039973153624267,17.039973153624267,25.972080564222146,23.21536016814954,23.21536016814954,25.972080564222146,23.21536016814954,23.21536016814954,23.21536016814954,23.21536016814954,23.21536016814954,23.21536016814954,23.21536016814954,23.21536016814954,12.697734709041583,12.187337807367028,12.187337807367028,12.187337807367028,13.727314560926375,13.63451400463497,13.63451400463497,13.63451400463497,13.63451400463497,13.63451400463497,13.63451400463497,10.90571353206964,9.363271093224292,9.363271093224292,12.724069753162237,10.918253809492963,12.89336662672778,10.560856503427031,5.14361814984413,12.404287531623496,11.231761242912267,52.24678906396331,49.56212399202822,43.8292191255789,45.25300697410857,35.945429715225536,2.8300930645484392,3.6263410703106156,4.554259925938554,8.679838561266202,13.71477394030527,17.45821722660452,10.805391367874368,10.805391367874368,5.156157723294372,13.633259943641276,15.489286988028894,15.489286988028894,22.205124710602234,21.114006334504626,14.103533891891779,21.929208623327803,23.453027185989118,13.018771898288803,13.137907048185191,14.23521098351519,22.186312226540423,12.372936387056638,19.809696138385476,21.176713973019787,23.75403105906285,20.643700266648565,20.38660052718228,22.825938618652167,7.983870659453919,7.225208322593955,6.485361196514018,4.949254957329508,5.2439347803148,8.128079837088142,6.692267059013582
9.62034322338889,9.845438617284435,9.845438617284435,10.110663071431711,10.092479812741834,9.62285124734494,7.250914971154382,9.538205472783542,7.309225197832562,9.62285124734494,47.102706228106534,47.102706228106534,51.36422903861544,47.102706228106534,51.91057482637845,10.421032983765159,1.0,0.0,22.492329061958138,25.97458898774297,25.972080564222146,11.458741222310811,11.458741222310811,9.39462131852971,17.039973153624267,17.039973153624267,17.039973153624267,25.972080564222146,23.21536016814954,23.21536016814954,25.972080564222146,23.21536016814954,23.21536016814954,23.21536016814954,23.21536016814954,23.21536016814954,23.21536016814954,23.21536016814954,23.21536016814954,12.697734709041583,12.187337807367028,12.187337807367028,12.187337807367028,13.727314560926375,13.63451400463497,13.63451400463497,13.63451400463497,13.63451400463497,13.63451400463497,13.63451400463497,10.90571353206964,9.363271093224292,9.363271093224292,12.724069753162237,10.918253809492963,12.89336662672778,10.560856503427031,5.14361814984413,12.404287531623496,11.231761242912267,52.24678906396331,49.56212399202822,43.8292191255789,45.25300697410857,35.945429715225536,2.8300930645484392,3.6263410703106156,4.554259925938554,8.679838561266202,13.71477394030527,17.45821722660452,10.805391367874368,10.805391367874368,5.156157723294372,13.633259943641276,15.489286988028894,15.489286988028894,22.205124710602234,21.114006334504626,14.103533891891779,21.929208623327803,23.453027185989118,13.018771898288803,13.137907048185191,14.23521098351519,22.186312226540423,12.372936387056638,19.809696138385476,21.176713973019787,23.75403105906285,20.643700266648565,20.38660052718228,22.825938618652167,7.983870659453919,7.225208322593955,6.485361196514018,4.949254957329508,5.2439347803148,8.128079837088142,6.692267059013582
13.87198589244198,13.646890498985561,13.646890498985561,13.381666045292542,13.399849303953458,13.869477868491092,16.241414137067963,13.954123642874833,16.183103910642494,13.869477868491092,25.610377715459926,25.610377715459926,29.871900680429626,25.610377715459926,30.418246489259285,13.071296133403923,22.492329061958138,22.492329061958138,0.0,4.48225996795683,4.4797515444014095,12.033587895666283,12.033587895666283,14.097707796811386,6.452355950770847,6.452355950770847,6.452355950770847,4.4797515444014095,1.7230311139819041,1.7230311139819041,4.4797515444014095,1.7230311139819041,1.7230311139819041,1.7230311139819041,1.7230311139819041,1.7230311139819041,1.7230311139819041,1.7230311139819041,1.7230311139819041,10.794594408530871,11.304991310552623,11.304991310552623,11.304991310552623,9.765014555176242,9.857815111642315,9.857815111642315,9.857815111642315,9.857815111642315,9.857815111642315,9.857815111642315,12.58661558560698,14.129058022044871,14.129058022044871,10.768259364385443,12.574075308193764,10.598962490644562,12.93147261391188,18.3487109470274,11.088041586179477,12.260567874977431,30.754460739951032,28.069795566391022,22.336890506160586,23.76067839986138,14.45310088106629,20.662236014889107,19.865988015714706,18.938069166985873,14.812490552197442,9.77755517582144,6.034111875555704,12.686937749715922,12.686937749715922,18.33617137365746,9.859069172638312,8.003042123171847,8.003042123171847,1.287204354309967,2.378322740901986,9.388795223417105,1.5631204443471054,1.9606981344928385,10.473557218935722,10.354422068884771,9.257118131483441,1.3060168385624877,11.119392730766016,3.6826329480525315,2.3156151018149402,2.261702011028336,2.848628812925763,3.1057285545797826,1.3336095602256872,15.508458451704747,16.267120785515928,17.006967908083958,18.54307413827764,18.24839431719494,15.364249274586786,16.800062046620123
17.35424584387019,17.1291504509266,17.1291504509266,16.8639259978276,16.882109256448143,17.35173781992506,19.723674082614146,17.436383594113924,19.665363856344037,17.35173781992506,22.128117788214222,22.128117788214222,26.3896407698483,22.128117788214222,26.9359865810192,16.553556086620056,25.97458898774297,25.97458898774297,4.48225996795683,0.0,1.002508423556105,15.515847851049514,15.515847851049514,17.57996774771733,9.934615914904906,9.934615914904906,9.934615914904906,1.002508423556105,3.759228854131407,3.759228854131407,1.002508423556105,3.759228854131407,3.759228854131407,3.759228854131407,3.759228854131407,3.759228854131407,3.759228854131407,3.759228854131407,3.759228854131407,14.27685436627968,14.787251267356186,14.787251267356186,14.787251267356186,13.247274514707133,13.340075071019415,13.340075071019415,13.340075071019415,13.340075071019415,13.340075071019415,13.340075071019415,16.06887553985638,17.611317972877643,17.611317972877643,14.250519322181912,16.056335262469403,14.081222448744814,16.41373256742989,21.83097088659957,14.570301543389835,15.742827829901128,27.272200833174864,24.587535648417045,18.854630568038562,20.278418466264398,10.970840923620692,24.14449594709699,23.348247950552356,22.42032910476209,18.294750501396656,13.259815135331626,9.516371840148333,16.169197703754485,16.169197703754485,21.81843131326725,13.341329132013323,11.48530208536584,11.48530208536584,4.769464322181875,5.860582708333254,12.871055183557608,5.045380412125239,3.521561833653997,13.955817177258092,13.836682027415868,12.739378091832048,4.7882768064283825,14.60165268791805,7.1648929147118405,5.797875069276593,3.220557957148239,6.330888780109468,6.587988521613475,4.148650407813536,18.99071839916488,19.749380730993447,20.48922785154075,22.02533407726357,21.730654257067354,18.846509222413534,20.282321990650715
17.3517374203292,17.126642027385202,17.126642027385202,16.861417574285724,16.8796008329063,17.34922939638407,19.72116565907786,17.43387517057309,19.662855432807632,17.34922939638407,22.130626211745163,22.130626211745163,26.392149193368063,22.130626211745163,26.93849500453739,16.551047663077625,25.972080564222146,25.972080564222146,4.4797515444014095,1.002508423556105,0.0,15.51333942750532,15.51333942750532,17.57745932417677,9.932107491353314,9.932107491353314,9.932107491353314,1.0,3.7567204305757316,3.7567204305757316,1.0,3.7567204305757316,3.7567204305757316,3.7567204305757316,3.7567204305757316,3.7567204305757316,3.7567204305757316,3.7567204305757316,3.7567204305757316,14.274345942733538,14.784742843810827,14.784742843810827,14.784742843810827,13.244766091159503,13.337566647471915,13.337566647471915,13.337566647471915,13.337566647471915,13.337566647471915,13.337566647471915,16.06636711631311,17.60880954933714,17.60880954933714,14.248010898635732,16.053826838926113,14.07871402519838,16.411224143887218,21.828462463068004,14.567793119844138,15.740319406357308,27.27470925669206,24.59004407194179,18.857138991576686,20.28092688979954,10.973349347171185,24.14198752357119,23.3457395270245,22.417820681231937,18.292242077857463,13.257306711784013,9.513863416596326,16.166689280211383,16.166689280211383,21.81592288973566,13.338820708465828,11.482793661815947,11.482793661815947,4.7669558986265725,5.858074284778483,12.868546760009465,5.042871988570057,3.5190534100982505,13.953308753711475,13.834173603869074,12.736869668283727,4.785768382873087,14.599144264372399,7.162384491157883,5.7953666457217885,3.2180495335924117,6.328380356554968,6.585480098059134,4.146141984257991,18.988209975627072,19.746872307457217,20.486719428006122,22.022825653732472,21.72814583353555,18.844000798875435,20.279813567115635
