0.0,21.347082837270236,21.0506063156223,21.941292059167004,20.870088260995377,21.941292059167004,19.958727651981555,28.755513120430532,29.383615137900506,30.55207063301407,28.899687894372637,30.08694351519714,29.416211355484183,28.968641118705563,22.37378827610938,21.142745861714797,21.142745861714797,16.258210350411083,25.754216420397725,25.754216420397725,25.754216420397725,28.968641118705563,24.395888969332717,95.82428089350418,91.9090233822837,95.62983170759303,94.5635040084605,94.5635040084605,94.48070726215245,52.01728433824258,52.01728433824258,52.476867910692974,92.82039569171229,93.34664945652534,92.36125873400022,87.96694520153537,87.96694520153537,87.96694520153537,87.30837887472906,87.96694520153537,87.96694520153537,14.913164483883923,11.989444722267171,8.512954572099002,69.37316497683904,69.24147522350452,71.40559825629325,71.40559825629325,58.61843110220086,57.49981785365097,4.169056245035177,24.110059547531076,26.542142334763493,25.15685100315274,24.530028489940204,24.79329347926882,27.664179334241247,37.98248000851982,31.9518526935009,34.67875567524846,31.406480789829974,13.780618097981439,15.504208704784709,30.597831231526776,37.09228196231727,36.584496393614224,37.16124069005197,31.676032058241304,24.348250677097607,26.799144139994443,25.463995431957954,32.06468862153703,23.903209804493986,88.6236341160277,96.58326349751819,89.75889419882425,89.07522778371607,88.58600140003391,87.17478450661145,50.54637994028886,50.58399871599756,59.14889882011269,103.54609297215049,93.36546668518308,93.44073563431473,72.01640217364015,86.86118338641461,87.23750484557678,80.07508975897204,85.73222728403833,87.43821018773986,12.71004348264765,2.401866690488389,3.9935919761554173,68.16601522701815,71.38929347873015,60.74157250291066,64.71082348665331,60.127073430188375,61.56300047713836
21.347082837270236,0.0,1.2964765244060934,1.5942092276699626,1.47699458067251,1.5942092276699626,2.3883551975023725,8.408430378511794,9.03653240640163,10.204987921869908,8.552605154813408,9.739860795799117,9.069128624536013,8.62155838028159,2.026705449020055,1.204336977465136,1.204336977465136,6.088872522898977,5.407133633727997,5.407133633727997,5.407133633727997,8.62155838028159,4.048806165149909,75.47720131471424,71.56194350559582,75.28275211367846,74.2164243322174,74.2164243322174,74.13362757956018,31.670202225292705,31.670202225292705,32.12978581519404,72.47331588311968,72.9995696875979,72.01417889100748,67.61986503903154,67.61986503903154,67.61986503903154,66.96129866585899,67.61986503903154,67.61986503903154,35.260247099426664,32.33652739938442,28.860037312052345,49.02608365765181,48.89439389725364,51.058517048138036,51.058517048138036,38.271349258547076,37.15273596154392,24.516139047667558,3.7629767398805734,6.195059559035281,4.809768208570688,4.182945687410857,4.446210680033021,7.317096575085788,17.63539745633943,11.604770008403182,14.331673046091835,11.05939809436886,8.56646478418222,6.84287417182264,10.250748521205459,16.74519938840347,16.23741380763098,16.81415811779559,11.328949367867951,4.001167872331592,6.452061367959345,5.116912641402886,11.717605938617792,3.556126994381155,68.27655400015215,76.236183978093,69.41181416448613,68.72814770013433,68.23892128147564,66.82770428838397,30.19929777279347,30.23691654987238,38.80181699983826,83.19901402180864,73.01838691767861,73.09365587250541,51.669320999592856,66.51410314628549,66.89042463174043,59.728009066910815,65.38514696580728,67.09112998797919,33.05712614532969,22.74894951358951,24.340674780950188,47.81893384367627,51.042212269669164,40.39449075438342,44.36374192706924,39.77999165370296,41.215918766525625
21.0506063156223,1.2964765244060934,0.0,1.8906857520724833,1.1805180562669977,1.8906857520724833,2.091878673106513,8.704906902532777,9.333008930355932,10.501464445686011,8.849081678819555,10.03633731967244,9.365605148486706,8.918034904280542,2.323181973416979,1.0921395469410846,1.0921395469410846,5.792395998657575,5.703610157994205,5.703610157994205,5.703610157994205,8.918034904280542,4.345282689487169,75.77367780173691,71.85841999642844,75.57922860089516,74.51290082048918,74.51290082048918,74.43010406791323,31.96667874330227,31.96667874330227,32.42626233301163,72.76979237308363,73.29604617705522,72.31065538141041,67.9163415334944,67.9163415334944,67.9163415334944,67.25777516090818,67.9163415334944,67.9163415334944,34.96377058289552,32.04005088155975,28.563560792840832,49.32256016644816,49.190870406135076,51.354993555592074,51.354993555592074,38.567825773527574,37.44921247707878,24.219662526953915,4.0594532642296155,6.491536083248869,5.106244732871209,4.479422211742209,4.74268720435207,7.613573099209992,17.931873978846514,11.90124653202951,14.628149569272699,11.355874618072264,8.269988260147663,6.546397647635403,10.547225045015777,17.041675911106555,16.5338903304411,17.110634640483873,11.625425891533762,4.297644396670893,6.7485378921539585,5.4133891656863655,12.014082462227677,3.852603518738037,68.5730304940246,76.53266046435357,69.70829065732438,69.02462419359743,68.53539777538208,67.1241807835514,30.495774291398433,30.533393068462477,39.098293514549994,83.49549050072095,73.31486340711774,73.39013236187176,51.965797506632704,66.81057964172955,67.18690112685236,60.02448556802005,65.6816234622363,67.38760648291326,32.760649627813045,22.452472992338063,24.044198260181258,48.115410353243796,51.33868877713417,40.69096726826563,44.66021843873642,40.07646816790924,41.51239527996674
21.941292059167004,1.5942092276699626,1.8906857520724833,0.0,2.07120380833556,1.0,2.9825644251350942,7.814221151524407,8.442323179540328,9.610778695271506,7.958395927854021,9.145651569091644,8.474919397681544,8.027349153335791,1.4324962213560994,1.7985462051328909,1.7985462051328909,6.68308175017754,4.812924406285293,4.812924406285293,4.812924406285293,8.027349153335791,3.4545969375811643,74.88299216107204,70.96773434436481,74.68854295964974,73.62221517608695,73.62221517608695,73.5394184232678,31.075993010073322,31.075993010073322,31.535576600353885,71.87910672361872,72.40536052910598,71.41996973063216,67.02565587057215,67.02565587057215,67.02565587057215,66.3670894962324,67.02565587057215,67.02565587057215,35.85445631090052,32.93073661348605,29.45424652897541,48.431874460688725,48.30018470012163,50.46430785384083,50.46430785384083,37.67714004931916,36.558526751218366,25.110348267653603,3.16876751229166,5.600850331688547,4.21555898106641,3.5887364598523406,3.852001452495991,6.722887347904678,17.04118823227508,11.010560782168263,13.737463820716878,10.465188867986031,9.160674011016358,7.437083398983558,9.656539294618103,16.150990163957005,15.64320458297612,16.219948893377964,10.734740141557223,3.406958644759334,5.857852140647543,4.5227034139290625,11.123396712414479,2.961917766779024,67.68234483286815,75.64197482596914,68.8176049992612,68.1339385336653,67.64471211412398,66.23349511852201,29.60508855639851,29.64270733350676,38.20760779114258,82.60480488432849,72.4241777592229,72.49944671419468,51.07511180611842,65.91989397587292,66.29621546198891,59.1337998852256,64.79093779343415,66.4969208185818,33.6513353588053,23.343158734674727,24.934884001049166,47.22472464518215,50.448003075350144,39.80028154733113,43.76953272440857,39.185782446008545,40.62170956034752
20.870088260995377,1.47699458067251,1.1805180562669977,2.07120380833556,0.0,2.07120380833556,1.9113606168436061,8.885424958550185,9.513526986331504,10.681982501575149,9.029599734827649,10.216855375597323,9.546123204460022,9.098552960284119,2.503700029675799,1.272657603207979,1.272657603207979,5.611877942481457,5.8841282141668065,5.8841282141668065,5.8841282141668065,9.098552960284119,4.525800745705697,75.95419583509538,72.03893803211436,75.75974663437214,74.69341885461064,74.69341885461064,74.61062210208438,32.14719679561386,32.14719679561386,32.60678038520541,72.95031040823885,73.47656421190094,72.49117341683383,68.09685957139843,68.09685957139843,68.09685957139843,67.43829319917049,68.09685957139843,68.09685957139843,34.783252531356815,31.859532829239182,28.383042739682665,49.503078213116,49.37138845285498,51.5355116014386,51.5355116014386,38.74834382398187,37.62973052787282,24.039144472889646,4.2399713204558775,6.672054139387886,5.286762789065877,4.659940267956877,4.9232052605587295,7.794091155292389,18.11239203392405,12.081764587800356,14.808667624766962,11.53639267389111,8.089470204092631,6.365879591490787,10.727743100901302,17.222193966305184,16.714408385705887,17.29115269567335,11.805943947329189,4.478162452890757,6.9290559482809195,5.593907221870054,12.194600517988288,4.033121574969478,68.75354853156786,76.7131784972465,69.8888086942357,69.20514223089057,68.71591581294611,67.30469882188596,30.676292344075414,30.713911121130337,39.278811564839614,83.67600852912605,73.49538144195233,73.5706503966619,52.14631555222585,66.99109768023314,67.36741916515301,60.20500360998639,65.86214150134185,67.5681245211052,32.58013157567861,22.271954937949804,23.863680206083664,48.29592840038354,51.519206822987435,40.87148531804705,44.840736487161365,40.256986217889185,41.69291332947795
21.941292059167004,1.5942092276699626,1.8906857520724833,1.0,2.07120380833556,0.0,2.9825644251350942,7.814221151524407,8.442323179540328,9.610778695271506,7.958395927854021,9.145651569091644,8.474919397681544,8.027349153335791,1.4324962213560994,1.7985462051328909,1.7985462051328909,6.68308175017754,4.812924406285293,4.812924406285293,4.812924406285293,8.027349153335791,3.4545969375811643,74.88299216107204,70.96773434436481,74.68854295964974,73.62221517608695,73.62221517608695,73.5394184232678,31.075993010073322,31.075993010073322,31.535576600353885,71.87910672361872,72.40536052910598,71.41996973063216,67.02565587057215,67.02565587057215,67.02565587057215,66.3670894962324,67.02565587057215,67.02565587057215,35.85445631090052,32.93073661348605,29.45424652897541,48.431874460688725,48.30018470012163,50.46430785384083,50.46430785384083,37.67714004931916,36.558526751218366,25.110348267653603,3.16876751229166,5.600850331688547,4.21555898106641,3.5887364598523406,3.852001452495991,6.722887347904678,17.04118823227508,11.010560782168263,13.737463820716878,10.465188867986031,9.160674011016358,7.437083398983558,9.656539294618103,16.150990163957005,15.64320458297612,16.219948893377964,10.734740141557223,3.406958644759334,5.857852140647543,4.5227034139290625,11.123396712414479,2.961917766779024,67.68234483286815,75.64197482596914,68.8176049992612,68.1339385336653,67.64471211412398,66.23349511852201,29.60508855639851,29.64270733350676,38.20760779114258,82.60480488432849,72.4241777592229,72.49944671419468,51.07511180611842,65.91989397587292,66.29621546198891,59.1337998852256,64.79093779343415,66.4969208185818,33.6513353588053,23.343158734674727,24.934884001049166,47.22472464518215,50.448003075350144,39.80028154733113,43.76953272440857,39.185782446008545,40.62170956034752
19.958727651981555,2.3883551975023725,2.091878673106513,2.9825644251350942,1.9113606168436061,2.9825644251350942,0.0,9.796785573955031,10.42488760151091,11.593343116291699,9.94096035018219,11.128215990504899,10.457483819627285,10.009913575614299,3.4150606464440454,2.1840182200448854,2.1840182200448854,4.700517325992163,6.795488830423174,6.795488830423174,6.795488830423174,10.009913575614299,5.437161362224707,76.86555633458482,72.95029854344288,76.67110713446432,75.60477935798077,75.60477935798077,75.52198260570708,33.058557391782394,33.058557391782394,33.51814098076887,73.86167091686742,74.38792471895503,73.40253392682686,69.00822009401458,69.00822009401458,69.00822009401458,68.34965372361043,69.00822009401458,69.00822009401458,33.87189193761888,30.948172231620173,27.47168213791374,50.41443878039835,50.28274902040311,52.44687216452846,52.44687216452846,39.65970441062418,38.541091116255686,23.12778386664463,5.1513319370204105,7.583414755456846,6.1981234054471726,5.571300884453354,5.834565877008816,8.705451771050058,19.02375264437478,12.993125201887974,15.720028237396434,12.447753288233415,7.178109588158511,5.4545189751434435,11.639103715598573,18.133554577387414,17.625768997133658,18.20251330670784,12.717304561547152,5.3895230694175895,7.840416564283185,6.505267838188964,13.105961132021672,4.944482191564841,69.66490905234775,77.62453899436849,70.80016921179957,70.11650275039747,69.6272763338317,68.21605934669371,31.587652942122077,31.625271719130065,40.190172150638524,84.58736900343305,74.40674194894991,74.4820109034333,53.05767611402261,67.90245820590143,68.2787796897882,61.11636415329027,66.77350203007472,68.47948504518702,31.668770978982966,21.360594330109137,22.95231959967439,49.207288970075695,52.4305673861116,41.78284590124414,45.75209706342028,41.168346802102505,42.604273911292374
28.755513120430532,8.408430378511794,8.704906902532777,7.814221151524407,8.885424958550185,7.814221151524407,9.796785573955031,0.0,1.6281020287402947,2.7965575461441103,1.1441747764850798,2.3314304192477664,1.6606982469224398,1.2131280020434816,7.381724930596238,8.61276735571468,8.61276735571468,13.497302890685251,4.001296747012936,4.001296747012936,4.001296747012936,1.2131280020434816,5.359624215602128,68.0687717736066,64.15351387437045,67.87432256797513,66.80799476153507,66.80799476153507,66.72519800695407,24.261771966779875,24.261771966779875,24.72135556088143,65.06488627241711,65.59114008887136,64.60574926993132,60.2114353222132,60.2114353222132,60.2114353222132,59.55286893524473,60.2114353222132,60.2114353222132,42.66867723665484,39.74495757273333,36.268467524571726,41.61765360681641,41.48596384446348,43.65008702820528,43.65008702820528,30.862919067151168,29.74430575774812,31.924569303365143,5.645453640794589,3.213370821414233,4.598662172251738,5.225484693367759,4.962219700780127,2.091333804587681,10.22696710367205,4.196339635601239,6.923242680879259,3.6509677203493243,15.974895143581495,14.251304537276026,2.8423181455648185,9.336769031994583,8.828983449207183,9.40572776166702,3.920518994437702,5.407262508409544,2.9563690123498683,4.291517739392662,4.309175566080267,5.852303386221198,60.86812429723389,68.8277544550435,62.003384485935804,61.319718006858075,60.830491577756945,59.419274554988725,22.790867501313482,22.82848627871499,31.393386814468926,75.7905846733347,65.60995731938199,65.68522627592971,44.26089098921651,59.10567340638541,59.481994899650054,52.319579194262104,57.976717202760575,59.682700260073304,40.4655563100458,30.1573797850213,31.749105038257365,40.41050377513898,43.63378224948301,32.9860605876738,36.95531181055351,32.37156147969337,33.80748860977138
29.383615137900506,9.03653240640163,9.333008930355932,8.442323179540328,9.513526986331504,8.442323179540328,10.42488760151091,1.6281020287402947,0.0,2.16845551743378,1.483927252256211,1.7033283905208394,1.0325962181824528,1.414974026698076,8.009826958697577,9.240869383558827,9.240869383558827,14.12540491708157,4.629398775597685,4.629398775597685,4.629398775597685,1.414974026698076,5.987726244031887,67.44066980816395,63.525411901736874,67.24622060216515,66.17989279372973,66.17989279372973,66.09709603899518,23.633669945542984,23.633669945542984,24.093253539947877,64.43678430141887,64.96303811882808,63.97764729810629,59.58333334277541,59.58333334277541,59.58333334277541,58.924766954712915,59.58333334277541,59.58333334277541,43.29677924015522,40.373059579631715,36.89656953519017,40.98955160119445,40.857861838690916,43.02198502496999,43.02198502496999,30.2348170508468,29.116203740520877,32.55267131814297,6.27355566918502,3.841472850064725,5.226764200774821,5.853586721815171,5.590321729260689,2.7194358333011843,9.59886507606368,3.568237606978111,6.295140652586537,3.0228656916855723,16.602997168982334,14.879406563388004,2.2142161168564556,8.708667004171193,8.200881421271257,8.77762573385948,3.292416965792967,6.035364536832912,3.5844710410179683,4.919619767948724,3.6810735374666024,6.480405414581709,60.24002231889922,68.19965249104473,61.37528250953675,60.691616029289015,60.20238959935871,58.791172574236455,22.16276547914606,22.20038425657061,30.76528479861461,75.16248272333752,64.981855349373,65.05712430605797,43.63278898672132,58.47757142511764,58.853892919001225,51.69147720251866,57.34861521966001,59.05459827975619,41.093658316129556,30.785481801335976,32.37720705319181,39.7824017681548,43.0056802462281,32.35795857321865,36.32720979989826,31.743459464689874,33.17938659606598
30.55207063301407,10.204987921869908,10.501464445686011,9.610778695271506,10.681982501575149,9.610778695271506,11.593343116291699,2.7965575461441103,2.16845551743378,0.0,2.6523827696687574,1.465127126921627,2.135859299252311,2.583429544114408,9.178282474608295,10.409324898932356,10.409324898932356,15.293860429528696,5.797854292568957,5.797854292568957,5.797854292568957,2.583429544114408,7.156181760650032,66.27221440531281,62.3569564856953,66.07776519864002,65.01143738654349,65.01143738654349,64.92864063152714,22.465214440987964,22.465214440987964,22.92479803593525,63.26832888837605,63.79458270753663,62.80919188354731,58.414877914264046,58.414877914264046,58.414877914264046,57.75631152419772,58.414877914264046,58.414877914264046,44.46523470861744,41.54151505455475,38.06502501719942,39.82109612485984,39.68940636208241,41.85352955297834,41.85352955297834,29.06636155515282,27.94774824316343,33.72112680809717,7.442011185716364,5.009928367195888,6.3952197176028776,7.022042238472554,6.758777245992297,3.8878913506030957,8.430409560325387,2.3997820896397712,5.126685135732755,1.8544101742976784,17.77145267945936,16.047862075270196,1.0457605994241501,7.540211488075364,7.032425904990301,7.6091702177898455,2.1239614484275924,7.203820053436889,4.752926558194149,6.088075284852787,2.5126180201404864,7.648860931047527,59.07156689240859,67.03119709084342,60.20682708659286,59.52316060420116,59.033934172751685,57.62271714331755,20.99430997293016,21.031928750395753,29.596829303732548,73.9940273488511,63.81339993814445,63.888668895081175,42.46433351607734,57.30911599325472,57.68543748827174,50.523021751491605,56.180159784441365,57.88614284963424,42.262113789502756,31.95393729423347,33.54566254344571,38.61394628934363,41.83722477420076,31.189503080863496,35.15875431442265,30.575003971343907,32.01093110506637
28.899687894372637,8.552605154813408,8.849081678819555,7.958395927854021,9.029599734827649,7.958395927854021,9.94096035018219,1.1441747764850798,1.483927252256211,2.6523827696687574,0.0,2.187255642767867,1.5165234704384787,1.0689532255584497,7.525899706944773,8.756942132006131,8.756942132006131,13.641477666652108,4.14547152346707,4.14547152346707,4.14547152346707,1.0689532255584497,5.5037989920228405,67.92459701175724,64.00933911086426,67.73014780604115,66.66381999914137,66.66381999914137,66.58102324452501,24.117597192054017,24.117597192054017,24.577180786225927,64.92071150928774,65.44696532596205,64.46157450661144,60.06726055713894,60.06726055713894,60.06726055713894,59.408694169918306,60.06726055713894,60.06726055713894,42.812852007412424,39.889132344266244,36.41264229695304,41.47347883570233,41.34178907331463,43.50591225764226,43.50591225764226,30.718744293567994,29.600130983951328,32.068744076694315,5.789628417206729,3.357545597882209,4.742836948692666,5.36965946979231,5.106394477211871,2.2355085810683417,10.082792327461423,4.052164859148123,6.779067904506309,3.5067929438860177,16.119069919323785,14.395479313178813,2.6981433690899896,9.192594255733193,8.684808672919154,9.261552985409375,3.776344217979189,5.551437284828865,3.1005437888214784,4.435692515840673,4.1650007896295005,5.996478162626797,60.72394953241386,68.68357969352677,61.85920972156189,61.17554324221451,60.68631681292228,59.27509978961147,22.646692726371697,22.68431150377856,31.249212040989896,75.64640991504294,65.46578255648058,65.54105151305991,44.11671621882435,58.961498640889324,59.33782013429664,52.17540442635067,57.83254243684201,59.53852549479636,40.609731081392866,30.301554558700435,31.893279811622214,40.2663290037103,43.48960747891546,32.841885814518456,36.81113703827669,32.22738670641119,33.66331383678944
30.08694351519714,9.739860795799117,10.03633731967244,9.145651569091644,10.216855375597323,9.145651569091644,11.128215990504899,2.3314304192477664,1.7033283905208394,1.465127126921627,2.187255642767867,0.0,1.670732172338736,2.1183024172114977,8.713155348353752,9.944197772900802,9.944197772900802,14.828733304698364,5.332727165867107,5.332727165867107,5.332727165867107,2.1183024172114977,6.691054634098849,66.73734148710774,62.82208357271185,66.5428922807018,65.47656447005471,65.47656447005471,65.39376771514992,22.930341562942512,22.930341562942512,23.389925157677308,63.73345597420567,64.259709792673,63.27431896997704,58.88000500621515,58.88000500621515,58.88000500621515,58.22143861694158,58.88000500621515,58.88000500621515,44.000107601513044,41.07638794485675,37.599897904654775,40.28622323570972,40.15453347304033,42.318656662114506,42.318656662114506,29.531488673629124,28.412875362293597,33.255999692357584,6.976884059201858,4.544801240424533,5.930092590962479,6.556915111904752,6.293650119392994,3.4227642237554297,8.895536686627327,2.8649092165338117,5.591812262454179,2.319537301207391,17.306325555431687,15.582734950670355,1.5108877263455303,8.005338614513011,7.4975530314978664,8.074297344217577,2.5890885753303445,6.738692926891701,4.287799431402963,5.622948158179849,2.9777451470304994,7.183733804560644,59.53669398356016,67.4963241715892,60.67195417634103,59.988287694797684,59.499061263949315,58.08784423622112,21.45943709553492,21.497055872984458,30.0619564218896,74.4591544194123,64.27852702325589,64.35379598009297,42.92946062468159,57.774243086531754,58.15056458110037,50.988148852346846,56.645286879045806,58.35126994222254,41.79698668042707,31.48881017730911,33.08053542758553,39.07907340117037,42.30235188335102,31.6546301980265,35.623881428876615,31.04013108889675,32.47605822169588
29.416211355484183,9.069128624536013,9.365605148486706,8.474919397681544,9.546123204460022,8.474919397681544,10.457483819627285,1.6606982469224398,1.0325962181824528,2.135859299252311,1.5165234704384787,1.670732172338736,0.0,1.4475702448803909,8.042423176843439,9.273465601690738,9.273465601690738,14.158001135135954,4.661994993770289,4.661994993770289,4.661994993770289,1.4475702448803909,6.020322462195782,67.40807359323388,63.49281568643556,67.21362438721613,66.14729657867768,66.14729657867768,66.06449982393518,23.601073727738854,23.601073727738854,24.06065732215927,64.40418808620197,64.9304419036605,63.94505108284671,59.5507371271229,59.5507371271229,59.5507371271229,58.89217073900395,59.5507371271229,59.5507371271229,43.3293754570071,40.40565579666138,36.92916575241459,40.956955384192185,40.8252656216809,42.98938880809058,42.98938880809058,30.202220833295417,29.083607522922144,32.58526753558538,6.306151887346735,3.8740690682411265,5.259360418943933,5.886182939980048,5.622917947427416,2.752032051481405,9.56626885793576,3.5356413888004816,6.262544434424719,2.9902694735061015,16.635593386983842,14.912002781427262,2.1816198986750654,8.67607078603255,8.168285203127024,8.745029515721626,3.2598207476143517,6.067960754996451,3.6170672591954087,4.952215986119697,3.648477319289409,6.513001632741769,60.207426103303625,68.16705627618924,61.34268629404108,60.65901981373293,60.16979338375985,58.75857635851611,22.13016926129436,22.167788038720083,30.73268858108632,75.12988650920524,64.94925913420718,65.02452809089922,43.60019276988003,58.444975209370696,58.82129670328624,51.65888098623139,57.316019003818504,59.022002064058306,41.126254533116594,30.818078018859005,32.40980327064243,39.749805551082424,42.97308402934769,32.325362355762195,36.29461358263707,31.71086324720526,33.146790378648035
28.968641118705563,8.62155838028159,8.918034904280542,8.027349153335791,9.098552960284119,8.027349153335791,10.009913575614299,1.2131280020434816,1.414974026698076,2.583429544114408,1.0689532255584497,2.1183024172114977,1.4475702448803909,0.0,7.594852932435737,8.825895357469385,8.825895357469385,13.710430891958492,4.214424749009671,4.214424749009671,4.214424749009671,1.0,5.572752217549002,67.85564379317613,63.94038589149208,67.66119458741964,66.59486678030036,66.59486678030036,66.51207002566711,24.048643967329213,24.048643967329213,24.50822756153462,64.85175829009547,65.37801210687485,64.39262128732821,59.998307337018105,59.998307337018105,59.998307337018105,59.339740949677086,59.998307337018105,59.998307337018105,42.88180523021766,39.958085567443284,36.481595520536985,41.4045256126991,41.27283585029481,43.4369590349019,43.4369590349019,30.649791069387483,29.53117775966903,32.13769730073304,5.858581642728693,3.4264988234316918,4.811790174228749,5.438612695320353,5.175347702743441,2.3044618066242655,10.013839102031202,3.9832116336039407,6.710114678999556,3.437839718337144,16.188023144521935,14.4644325384543,2.629190143535876,9.123641030278987,8.615855447452379,9.19259975995694,3.707390992432517,5.620390510354344,3.1694970143727854,4.504645741380246,4.0960475640864065,6.065431388145565,60.654996312414404,68.6146264751045,61.79025650177541,61.106590022299294,60.61736359291584,59.206146569346004,22.57773950154412,22.61535827895352,31.180258816859023,75.57745669816073,65.39682933739714,65.47209829399156,44.047762996165496,58.89254542056713,59.26886691404256,52.10645120487558,57.76358921631814,59.46957227457878,40.67868430448078,30.370507782907126,31.96223303567805,40.19737578055701,43.420654256172945,32.772932590541856,36.742183814718935,32.15843348237413,33.5943606128955
22.37378827610938,2.026705449020055,2.323181973416979,1.4324962213560994,2.503700029675799,1.4324962213560994,3.4150606464440454,7.381724930596238,8.009826958697577,9.178282474608295,7.525899706944773,8.713155348353752,8.042423176843439,7.594852932435737,0.0,2.2310424264793114,2.2310424264793114,7.1155779711913105,4.38042818505606,4.38042818505606,4.38042818505606,7.594852932435737,3.0221007162739237,74.4504959928503,70.53523817065913,74.25604679114863,73.18971900606687,73.18971900606687,73.1069222531307,30.643496797475358,30.643496797475358,31.103080388027312,71.44661055116302,71.97286435737942,70.98747355754473,66.59315969164513,66.59315969164513,66.59315969164513,65.93459331646247,66.59315969164513,66.59315969164513,36.286952520115904,33.36323282464362,29.886742742221728,47.9993782612032,47.86768850051449,50.031811656275124,50.031811656275124,37.24464384101535,36.12603054212697,25.542844483173223,2.736271290972629,5.1683541105212,3.783062759798398,3.1562402385511876,3.419505231207815,6.290391126846538,16.608692013381173,10.578064561755465,13.304967600902446,10.032692647471093,9.593170231681608,7.869579619904077,9.224043073962473,15.718493944793975,15.21070836366654,15.787452674235226,10.302243921092037,2.9744624234500163,5.425355919503024,4.090207192680111,10.690900492023545,2.529421545452463,67.24984865479,75.20947865884483,68.38510882267029,67.70144235617575,67.21221593599695,65.80099893858213,29.172592342959774,29.210211120089,37.77511158322082,82.17230872779228,71.99168158752252,72.06695054259902,50.64261560914539,65.48739779553541,65.86371928212878,58.70130369675193,64.35844161168109,66.06442463897739,34.08383156949993,23.775654951012246,25.367380216652755,46.79222844459445,50.01550687776869,39.3677853405894,43.337036520823155,38.75328623880566,40.18921335423375
21.142745861714797,1.204336977465136,1.0921395469410846,1.7985462051328909,1.272657603207979,1.7985462051328909,2.1840182200448854,8.61276735571468,9.240869383558827,10.409324898932356,8.756942132006131,9.944197772900802,9.273465601690738,8.825895357469385,2.2310424264793114,0.0,1.0,5.884535545549531,5.61147061109861,5.61147061109861,5.61147061109861,8.825895357469385,4.25314314256891,75.68153826644598,71.76628045995176,75.48708906554386,74.4207612848095,74.4207612848095,74.33796453220828,31.874539198362385,31.874539198362385,32.334122788131594,72.6776528368773,73.20390664100655,72.21851584506747,67.82420199588782,67.82420199588782,67.82420199588782,67.1656356231191,67.82420199588782,67.82420199588782,35.05591012740377,32.13219042646875,28.65570033817935,49.23042062437902,49.09873086403943,51.26285401394097,51.26285401394097,38.47568622953191,37.35707293291034,24.311802072757413,3.967313717307573,6.399396536369966,5.014105185964696,4.387282664825845,4.650547657439642,7.52143355235935,17.839734432502866,11.809106985335436,14.536010022718234,11.263735071354006,8.362127806976396,6.638537194510848,10.455085498263943,16.949536364701615,16.441750784002675,17.018495094083562,11.5332863448273,4.205504849751981,6.656398345281061,5.321249618785279,11.92194291553876,3.760463971813469,68.4808909566018,76.44052092929982,69.61615112022346,68.93248465630204,68.44325823794868,67.03204124572551,30.403634746272882,30.441253523341558,39.00615397063807,83.40335096795388,73.22272387107475,73.29799282585144,51.87365796511058,66.71844010381756,67.09476158904373,59.93234602834452,65.58948392401771,67.29546694516,32.85278917262663,22.544612538307938,24.13633780600186,48.023270810934456,51.24654923547965,40.59882772461219,44.56807889577307,39.98432862415483,41.420255736450734
21.142745861714797,1.204336977465136,1.0921395469410846,1.7985462051328909,1.272657603207979,1.7985462051328909,2.1840182200448854,8.61276735571468,9.240869383558827,10.409324898932356,8.756942132006131,9.944197772900802,9.273465601690738,8.825895357469385,2.2310424264793114,1.0,0.0,5.884535545549531,5.61147061109861,5.61147061109861,5.61147061109861,8.825895357469385,4.25314314256891,75.68153826644598,71.76628045995176,75.48708906554386,74.4207612848095,74.4207612848095,74.33796453220828,31.874539198362385,31.874539198362385,32.334122788131594,72.6776528368773,73.20390664100655,72.21851584506747,67.82420199588782,67.82420199588782,67.82420199588782,67.1656356231191,67.82420199588782,67.82420199588782,35.05591012740377,32.13219042646875,28.65570033817935,49.23042062437902,49.09873086403943,51.26285401394097,51.26285401394097,38.47568622953191,37.35707293291034,24.311802072757413,3.967313717307573,6.399396536369966,5.014105185964696,4.387282664825845,4.650547657439642,7.52143355235935,17.839734432502866,11.809106985335436,14.536010022718234,11.263735071354006,8.362127806976396,6.638537194510848,10.455085498263943,16.949536364701615,16.441750784002675,17.018495094083562,11.5332863448273,4.205504849751981,6.656398345281061,5.321249618785279,11.92194291553876,3.760463971813469,68.4808909566018,76.44052092929982,69.61615112022346,68.93248465630204,68.44325823794868,67.03204124572551,30.403634746272882,30.441253523341558,39.00615397063807,83.40335096795388,73.22272387107475,73.29799282585144,51.87365796511058,66.71844010381756,67.09476158904373,59.93234602834452,65.58948392401771,67.29546694516,32.85278917262663,22.544612538307938,24.13633780600186,48.023270810934456,51.24654923547965,40.59882772461219,44.56807889577307,39.98432862415483,41.420255736450734
16.258210350411083,6.088872522898977,5.792395998657575,6.68308175017754,5.611877942481457,6.68308175017754,4.700517325992163,13.497302890685251,14.12540491708157,15.293860429528696,13.641477666652108,14.828733304698364,14.158001135135954,13.710430891958492,7.1155779711913105,5.884535545549531,5.884535545549531,0.0,10.496006151777767,10.496006151777767,10.496006151777767,13.710430891958492,9.137678685173817,80.56607315457407,76.65081541302605,80.37162395697658,79.30529619421745,79.30529619421745,79.22249944300154,36.75907462136141,36.75907462136141,37.21865820771224,77.56218777513334,78.08844157062326,77.10305079081144,72.7087370109629,72.7087370109629,72.7087370109629,72.05017064822023,72.7087370109629,72.7087370109629,30.171374692666003,27.247654972045133,23.7711648628398,54.114955885939416,53.98326612707462,56.14738925225612,56.14738925225612,43.36022159895622,42.24160831209004,19.427266575084648,8.851849260265489,11.283932075744158,9.898640727541272,9.271818207258827,9.535083199523568,12.405969089637177,22.72426993740198,16.69364251202704,19.42054554055467,16.14827059961864,3.4775922634573697,1.7540016494345267,15.339621028739508,21.834071873324856,21.326286294671558,21.903030602424593,16.41782187232271,9.090040392416984,11.540933884199776,10.205785159910338,16.806478441896665,8.644999515015522,73.36542596158479,81.32505580444985,74.50068610753681,73.81701965429005,73.32779324351259,71.91657627284891,35.288170179898856,35.3257889567017,43.89068933533973,88.28788571816867,78.1072588003814,78.18252775391716,56.75819319626231,71.60297513567265,71.9792966152182,64.81688115730788,70.47401897272833,72.18000196829213,27.968253722877062,17.66007703275716,19.251802307515664,52.90780608587101,56.13108447398489,45.4833630747617,49.452614207222744,44.86886397998524,46.30479107887632
25.754216420397725,5.407133633727997,5.703610157994205,4.812924406285293,5.8841282141668065,4.812924406285293,6.795488830423174,4.001296747012936,4.629398775597685,5.797854292568957,4.14547152346707,5.332727165867107,4.661994993770289,4.214424749009671,4.38042818505606,5.61147061109861,5.61147061109861,10.496006151777767,0.0,1.0,1.0,4.214424749009671,2.3583274689934037,71.07006820155152,67.15481033764574,70.87561899772336,69.80929120108192,69.80929120108192,69.72649444725536,27.26306867217822,27.26306867217822,27.722652264716473,68.06618272765245,68.59243653941331,67.60704572923102,63.2127318189777,63.2127318189777,63.2127318189777,62.55416543740007,63.2127318189777,63.2127318189777,39.667380599928286,36.74366092049385,33.2671708554175,44.6189502333029,44.487260471702264,46.65138364278407,46.65138364278407,33.864215747345405,32.74560244262919,28.92327261541154,2.6441568943030127,1.7879259257177247,1.5973654253855303,2.2241879467079047,1.9609229540270696,2.909962942567498,13.228263842991243,7.197636381262758,9.924539424286689,6.652264466340016,12.973598408817235,11.250007799540516,5.843614891968936,12.33806577256168,11.830280190437769,12.407024502141303,6.921815740270769,2.40596576181957,2.044927734802581,1.290220992444925,7.310472311668617,2.8510066398213567,63.869420788564796,71.8290508759011,65.00468096773639,64.3210144944187,63.831788069400794,62.42057105823048,25.79216421152249,25.82978298880463,34.39468349238129,78.79188102556346,68.61125376975544,68.68652272562863,47.26218760010759,62.106969912168054,62.48329140238206,55.320875751781884,60.97801371758068,62.683996761170505,37.46425966152045,27.156083090161736,28.747808349598905,43.41180040843362,46.63507886415953,35.98735725850597,39.9566084622455,35.372858153298004,36.80878527681761
25.754216420397725,5.407133633727997,5.703610157994205,4.812924406285293,5.8841282141668065,4.812924406285293,6.795488830423174,4.001296747012936,4.629398775597685,5.797854292568957,4.14547152346707,5.332727165867107,4.661994993770289,4.214424749009671,4.38042818505606,5.61147061109861,5.61147061109861,10.496006151777767,1.0,0.0,1.0,4.214424749009671,2.3583274689934037,71.07006820155152,67.15481033764574,70.87561899772336,69.80929120108192,69.80929120108192,69.72649444725536,27.26306867217822,27.26306867217822,27.722652264716473,68.06618272765245,68.59243653941331,67.60704572923102,63.2127318189777,63.2127318189777,63.2127318189777,62.55416543740007,63.2127318189777,63.2127318189777,39.667380599928286,36.74366092049385,33.2671708554175,44.6189502333029,44.487260471702264,46.65138364278407,46.65138364278407,33.864215747345405,32.74560244262919,28.92327261541154,2.6441568943030127,1.7879259257177247,1.5973654253855303,2.2241879467079047,1.9609229540270696,2.909962942567498,13.228263842991243,7.197636381262758,9.924539424286689,6.652264466340016,12.973598408817235,11.250007799540516,5.843614891968936,12.33806577256168,11.830280190437769,12.407024502141303,6.921815740270769,2.40596576181957,2.044927734802581,1.290220992444925,7.310472311668617,2.8510066398213567,63.869420788564796,71.8290508759011,65.00468096773639,64.3210144944187,63.831788069400794,62.42057105823048,25.79216421152249,25.82978298880463,34.39468349238129,78.79188102556346,68.61125376975544,68.68652272562863,47.26218760010759,62.106969912168054,62.48329140238206,55.320875751781884,60.97801371758068,62.683996761170505,37.46425966152045,27.156083090161736,28.747808349598905,43.41180040843362,46.63507886415953,35.98735725850597,39.9566084622455,35.372858153298004,36.80878527681761
25.754216420397725,5.407133633727997,5.703610157994205,4.812924406285293,5.8841282141668065,4.812924406285293,6.795488830423174,4.001296747012936,4.629398775597685,5.797854292568957,4.14547152346707,5.332727165867107,4.661994993770289,4.214424749009671,4.38042818505606,5.61147061109861,5.61147061109861,10.496006151777767,1.0,1.0,0.0,4.214424749009671,2.3583274689934037,71.07006820155152,67.15481033764574,70.87561899772336,69.80929120108192,69.80929120108192,69.72649444725536,27.26306867217822,27.26306867217822,27.722652264716473,68.06618272765245,68.59243653941331,67.60704572923102,63.2127318189777,63.2127318189777,63.2127318189777,62.55416543740007,63.2127318189777,63.2127318189777,39.667380599928286,36.74366092049385,33.2671708554175,44.6189502333029,44.487260471702264,46.65138364278407,46.65138364278407,33.864215747345405,32.74560244262919,28.92327261541154,2.6441568943030127,1.7879259257177247,1.5973654253855303,2.2241879467079047,1.9609229540270696,2.909962942567498,13.228263842991243,7.197636381262758,9.924539424286689,6.652264466340016,12.973598408817235,11.250007799540516,5.843614891968936,12.33806577256168,11.830280190437769,12.407024502141303,6.921815740270769,2.40596576181957,2.044927734802581,1.290220992444925,7.310472311668617,2.8510066398213567,63.869420788564796,71.8290508759011,65.00468096773639,64.3210144944187,63.831788069400794,62.42057105823048,25.79216421152249,25.82978298880463,34.39468349238129,78.79188102556346,68.61125376975544,68.68652272562863,47.26218760010759,62.106969912168054,62.48329140238206,55.320875751781884,60.97801371758068,62.683996761170505,37.46425966152045,27.156083090161736,28.747808349598905,43.41180040843362,46.63507886415953,35.98735725850597,39.9566084622455,35.372858153298004,36.80878527681761
28.968641118705563,8.62155838028159,8.918034904280542,8.027349153335791,9.098552960284119,8.027349153335791,10.009913575614299,1.2131280020434816,1.414974026698076,2.583429544114408,1.0689532255584497,2.1183024172114977,1.4475702448803909,1.0,7.594852932435737,8.825895357469385,8.825895357469385,13.710430891958492,4.214424749009671,4.214424749009671,4.214424749009671,0.0,5.572752217549002,67.85564379317613,63.94038589149208,67.66119458741964,66.59486678030036,66.59486678030036,66.51207002566711,24.048643967329213,24.048643967329213,24.50822756153462,64.85175829009547,65.37801210687485,64.39262128732821,59.998307337018105,59.998307337018105,59.998307337018105,59.339740949677086,59.998307337018105,59.998307337018105,42.88180523021766,39.958085567443284,36.481595520536985,41.4045256126991,41.27283585029481,43.4369590349019,43.4369590349019,30.649791069387483,29.53117775966903,32.13769730073304,5.858581642728693,3.4264988234316918,4.811790174228749,5.438612695320353,5.175347702743441,2.3044618066242655,10.013839102031202,3.9832116336039407,6.710114678999556,3.437839718337144,16.188023144521935,14.4644325384543,2.629190143535876,9.123641030278987,8.615855447452379,9.19259975995694,3.707390992432517,5.620390510354344,3.1694970143727854,4.504645741380246,4.0960475640864065,6.065431388145565,60.654996312414404,68.6146264751045,61.79025650177541,61.106590022299294,60.61736359291584,59.206146569346004,22.57773950154412,22.61535827895352,31.180258816859023,75.57745669816073,65.39682933739714,65.47209829399156,44.047762996165496,58.89254542056713,59.26886691404256,52.10645120487558,57.76358921631814,59.46957227457878,40.67868430448078,30.370507782907126,31.96223303567805,40.19737578055701,43.420654256172945,32.772932590541856,36.742183814718935,32.15843348237413,33.5943606128955
