0.0,1.0827670178562214,11.162039646647166,11.283694247043254,2.647202941584104,3.283016553684176,2.647202941584104,2.7155495807772976,11.284321332993184,11.283694247043254,3.3124872998517345,2.7155495807772976,3.3124872998517345,3.283016553684176,2.647202941584104,23.53768494657895,25.682597313891733,26.26524353098637,26.339250499250966,25.991167342009106,26.525522511448962,4.009039821618867,4.350239182502711,5.516546872145829,8.177784574667307,15.896014966352748,15.896014966352748,26.255208691938275,25.80552347409506,25.73904298141597,26.525522511448962,31.18995916186392,3.642936458643126,3.642936458643126,3.6247523216671387,3.060418637851073,3.060418637851073,1.2595872414795242,31.967072270188293,32.351554135071424,29.438183393491553,31.52175249733101,6.29597386105155,6.515443509931348,6.515443509931348,6.515443509931348,6.515443509931348,6.515443509931348,6.515443509931348,6.030729740275426,2.001360799914538,6.955011275025036,2.822772381663383,1.6602532167745856,2.067814810746313,1.5097685268333496,14.523898444336776,10.780145471833338,3.1174789026617225,14.680674998161019,4.841842528378633,8.39725824731976,14.956602314467968,6.315412582443909,9.444467661311712,22.67032521560436,26.997789430979086,29.374836530479072,38.61385627626481,37.41581019041079,37.70434357169479,6.7229995239170535,8.485047847771034,11.695690536922584,9.237533217512127,23.7051370184971,22.538622643571692,22.538622643571692,17.603033792777666,10.341188405401022,9.84579625662255,29.374836530479072,16.87060900289174,2.124246288509597,4.4065600524877135,10.187358497877252,11.159152731538086,4.444180183856545,28.446589951770907,29.87032293755216,29.757427090118284,27.41800219536979,3.8072208765894664,2.89547337502758,6.32168313850875,3.8234462528623294,1.967492106996937,1.1460962818982283,4.0831189639960375,2.2521727994588083
1.0827670178562214,0.0,11.244806664308944,11.366461264700371,2.7299699594350004,3.3657835715303044,2.7299699594350004,2.7983165986277534,11.367088350650276,11.366461264700371,3.395254317697605,2.7983165986277534,3.395254317697605,3.3657835715303044,2.7299699594350004,23.62045196348388,25.76536433060752,26.34801054764783,26.42201751590543,26.073934358696285,26.60828952808574,3.9262728037791077,4.433006200337441,5.599313889963237,8.260551592426172,15.978781983792388,15.978781983792388,26.33797570860068,25.888290490799495,25.821809998126554,26.60828952808574,31.27272617801576,3.7257034764858847,3.7257034764858847,3.70751933951008,3.143185655699042,3.143185655699042,1.1768202236233885,32.04983928625148,32.43432115108994,29.520950409835006,31.604519513445275,6.37874087885455,6.598210527729881,6.598210527729881,6.598210527729881,6.598210527729881,6.598210527729881,6.598210527729881,6.113496758083584,2.0841278177687306,7.0377782928140835,2.905539399513113,1.5774861989190772,1.9850477928920576,1.427001508977535,14.606665461849397,10.862912489509396,3.2002459205092375,14.76344201566566,4.92460954620668,8.480025265072616,15.039369331958333,6.398179600246522,9.527234679033427,22.753092232580922,27.080556447570448,29.457603546829226,38.69662329147826,37.498577205789495,37.78711058703418,6.805766541711197,8.567814865521438,11.778457554563499,9.32030023524032,23.787904035387893,22.621389660558876,22.621389660558876,17.685800810116717,10.423955423092819,9.928563274331248,29.457603546829226,16.787841985504414,2.0414792706555644,4.323793034652661,10.104591480177485,11.076385713873348,4.36141316602197,28.529356968217755,29.953089953849393,29.840194106427656,27.50076921192004,3.889987894430527,2.812706357177782,6.404450156311237,3.7406792350205738,1.8847250891423157,1.0633292640420242,4.165885981834019,2.3349398173119047
11.162039646647166,11.244806664308944,0.0,1.1216546006827495,9.514836708278928,8.879023097087146,9.514836708278928,9.446490069192267,1.1222816866341772,1.1216546006827495,8.84955235095719,9.446490069192267,8.84955235095719,8.879023097087146,9.514836708278928,13.375645363782933,15.520557749278884,16.103203971675537,16.177210940624676,15.829127780184912,16.3634829545567,14.171079459175779,7.81180046937632,6.645492780346399,3.9842550768891654,5.733975335858001,5.733975335858001,16.09316913253481,15.643483910587934,15.57700341730999,16.3634829545567,21.02791965355415,8.519103192560156,8.519103192560156,8.537287329515742,9.101621012623356,9.101621012623356,11.421626887506314,21.805032770936673,22.18951464040317,19.276143865772628,21.359712992855005,5.86606579150278,5.646596142590217,5.646596142590217,5.646596142590217,5.646596142590217,5.646596142590217,5.646596142590217,6.1313099122890335,10.160678848835989,5.207028377364505,9.339267268468992,11.822292861783124,12.229854454643473,11.67180817223297,4.361858808104813,1.3818941756696737,9.044560747890978,4.518635362540997,7.320197123834914,3.764781404014656,4.79456267995228,5.8466270701084095,2.717571988659288,12.508285626051928,16.83574987855416,19.212797002084493,28.45181686572921,27.25377076239836,27.542304147831704,5.439040128553211,3.6769918034683786,1.5336508915832296,2.9245064327681254,13.543097437045054,12.376583053023385,12.376583053023385,7.440994170622601,1.8208512430032147,2.316243392692777,19.212797002084493,27.03264855468423,12.286285932246868,14.568599688532807,20.349398103731318,21.321192330808316,14.606219819754804,18.284550413685654,19.708283414491202,19.59538756583222,17.255962647005383,8.354818774791227,13.057513016433122,5.840356514042883,13.98548589110022,12.129531751174744,11.30813592820005,8.078920687654755,9.90986684974649
11.283694247043254,11.366461264700371,1.1216546006827495,0.0,9.636491308759979,9.000677697597007,9.636491308759979,9.56814466967652,1.000627085951428,1.0,8.971206951468332,9.56814466967652,8.971206951468332,9.000677697597007,9.636491308759979,13.25399076351547,15.398903149168593,15.981549371612283,16.055556340567527,15.707473180099301,16.241828354515064,14.29273405937816,7.93345506992955,6.767147380939868,4.105909677546505,5.61232073523508,5.61232073523508,15.97151453247073,15.521829310487414,15.45534881720418,16.241828354515064,20.90626505396254,8.640757793085342,8.640757793085342,8.658941930040172,9.223275613123384,9.223275613123384,11.54328148788765,21.683378171431578,22.067860040942097,19.154489265998073,21.23805839329993,5.98772039211898,5.7682507432122145,5.7682507432122145,5.7682507432122145,5.7682507432122145,5.7682507432122145,5.7682507432122145,6.252964512897872,10.282333449285503,5.328682977997323,9.460921868958222,11.94394746214097,12.351509054976516,11.793462772599744,4.240204207451914,1.503548776351896,9.166215348393553,4.396980761891001,7.441851724406015,3.886436004675527,4.672908079307721,5.9682816707251325,2.8392265893333777,12.386631025728047,16.714095278552684,19.091142402303632,28.33016226709867,27.1321161635924,27.42064954906727,5.56069472918045,3.798646404130589,1.4119962909010826,3.0461610334400793,13.421442836788955,12.254928452691297,12.254928452691297,7.319339570051365,1.9425058436838434,2.4378979933703384,19.091142402303632,27.15430315349707,12.4079405325764,14.690254288705873,20.471052703379893,21.44284693035065,14.727874419925056,18.162895813814966,19.58662881476022,19.473732966089752,17.13430804704066,8.476473375323172,13.17916761671299,5.962011114659776,14.107140491315993,12.251186351513974,11.42979052858788,8.200575288197715,10.031521450208523
2.647202941584104,2.7299699594350004,9.514836708278928,9.636491308759979,0.0,1.6358136121540525,1.0,1.0683466391975536,9.637118394710352,9.636491308759979,1.665284358324842,1.0683466391975536,1.665284358324842,1.6358136121540525,1.0,21.89048202247696,24.0353943934159,24.61804061155435,24.692047579953325,24.343964422082944,24.878319592491337,5.656242762681735,2.7030362411307656,3.8693439310435775,6.5305816345589065,14.248812032100822,14.248812032100822,24.608005772488056,24.15832055383736,24.091840061040163,24.878319592491337,29.542756252257313,1.9957335171568837,1.9957335171568837,1.9775493801784485,1.4132156962986309,1.4132156962986309,2.906790183045218,30.319869362295876,30.70435122804362,27.79098048018449,29.874549588450837,4.648770920185888,4.8682405691404504,4.8682405691404504,4.8682405691404504,4.8682405691404504,4.8682405691404504,4.8682405691404504,4.3835267993241835,1.6458421416936186,5.307808334394645,1.1755694400911794,3.3074561583020223,3.715017752222579,3.1569714683765557,12.876695508720665,9.13294253320552,1.4702759611146499,13.033472062693718,3.1946395871080373,6.750055307316808,13.30939937926699,4.668209641584726,7.7972647218611595,21.02312229013272,25.350586512895035,27.727633617042432,36.966653384856144,35.768607295790105,36.057140677838,5.075796583200153,6.837844907811263,10.04848759893521,7.590330277945959,22.057934094665956,20.891419717896945,20.891419717896945,15.955830860417755,8.693985466488208,8.198593317405283,27.727633617042432,18.51781193412289,3.7714492299778026,6.053762993431325,11.83456143575647,12.806355668657634,6.091383124788261,26.79938703646972,28.223120025136872,28.110224177468684,25.770799278076915,2.160017935126456,4.54267631636189,4.674480197651661,5.470649193976848,3.6146950484869453,2.793299223472588,2.4359160225765564,1.3950301421436928
3.283016553684176,3.3657835715303044,8.879023097087146,9.000677697597007,1.6358136121540525,0.0,1.6358136121540525,1.5674669729570558,9.001304783547528,9.000677697597007,1.0294707461710708,1.5674669729570558,1.0294707461710708,1.0,1.6358136121540525,21.25466841638633,23.39958078865466,23.982227007176917,24.056233975625332,23.708150817523766,24.242505988288503,6.292056374482004,2.0672226290027957,3.2335303189814866,5.894768022793227,13.612998422342784,13.612998422342784,23.972192168103934,23.52250694915629,23.45602645631568,24.242505988288503,28.906942651511066,1.3599199050079744,1.3599199050079744,1.3417357680291904,1.222597915856742,1.222597915856742,3.542603795129677,29.684055762185846,30.068537628254717,27.15516687806728,29.23873598797412,4.012957308189577,4.232426957165806,4.232426957165806,4.232426957165806,4.232426957165806,4.232426957165806,4.232426957165806,3.7477131873035314,2.2816557538357904,4.67199472246755,1.460244172064033,3.9432697703585835,4.350831364246032,3.792785080444135,12.240881898481023,8.497128921926057,1.16553765104052,12.397658452506374,2.558825975003077,6.114241695584639,12.673585769173407,4.032396029590278,7.1614511103078975,20.387308683541832,24.714772909013924,27.0918200148773,36.330839790890934,35.13279370062433,35.42132708295764,4.439982971247271,6.202031296092884,9.412673987872957,6.954516666354852,21.42212048867439,20.25560611123198,20.25560611123198,15.320017251334082,8.058171855113123,7.562779705928915,27.0918200148773,19.153625541706663,4.407262841996296,6.6895766051725305,12.47037504612539,13.442169278701485,6.727196736523645,26.163573433615294,27.587306423349734,27.474410575594803,25.13498567448741,1.5242043229811304,5.178489928303425,4.038666585657818,6.106462805803134,4.250508660518991,3.4291128355641107,1.8001024104389907,2.030843754291901
2.647202941584104,2.7299699594350004,9.514836708278928,9.636491308759979,1.0,1.6358136121540525,0.0,1.0683466391975536,9.637118394710352,9.636491308759979,1.665284358324842,1.0683466391975536,1.665284358324842,1.6358136121540525,1.0,21.89048202247696,24.0353943934159,24.61804061155435,24.692047579953325,24.343964422082944,24.878319592491337,5.656242762681735,2.7030362411307656,3.8693439310435775,6.5305816345589065,14.248812032100822,14.248812032100822,24.608005772488056,24.15832055383736,24.091840061040163,24.878319592491337,29.542756252257313,1.9957335171568837,1.9957335171568837,1.9775493801784485,1.4132156962986309,1.4132156962986309,2.906790183045218,30.319869362295876,30.70435122804362,27.79098048018449,29.874549588450837,4.648770920185888,4.8682405691404504,4.8682405691404504,4.8682405691404504,4.8682405691404504,4.8682405691404504,4.8682405691404504,4.3835267993241835,1.6458421416936186,5.307808334394645,1.1755694400911794,3.3074561583020223,3.715017752222579,3.1569714683765557,12.876695508720665,9.13294253320552,1.4702759611146499,13.033472062693718,3.1946395871080373,6.750055307316808,13.30939937926699,4.668209641584726,7.7972647218611595,21.02312229013272,25.350586512895035,27.727633617042432,36.966653384856144,35.768607295790105,36.057140677838,5.075796583200153,6.837844907811263,10.04848759893521,7.590330277945959,22.057934094665956,20.891419717896945,20.891419717896945,15.955830860417755,8.693985466488208,8.198593317405283,27.727633617042432,18.51781193412289,3.7714492299778026,6.053762993431325,11.83456143575647,12.806355668657634,6.091383124788261,26.79938703646972,28.223120025136872,28.110224177468684,25.770799278076915,2.160017935126456,4.54267631636189,4.674480197651661,5.470649193976848,3.6146950484869453,2.793299223472588,2.4359160225765564,1.3950301421436928
2.7155495807772976,2.7983165986277534,9.446490069192267,9.56814466967652,1.0683466391975536,1.5674669729570558,1.0683466391975536,0.0,9.568771755626912,9.56814466967652,1.5969377191279013,1.0,1.5969377191279013,1.5674669729570558,1.0683466391975536,21.82213538394948,23.9670477550332,24.549693973213422,24.62370094161777,24.27561778372224,24.80997295416941,5.7245894018453365,2.634689601937507,3.800997291858421,6.462234995407942,14.180465393172428,14.180465393172428,24.539659134146394,24.08997391546339,24.023493422661463,24.80997295416941,29.474409614311025,1.9273868779607548,1.9273868779607548,1.9092027409822663,1.3448690571012971,1.3448690571012971,2.9751368222369603,30.25152272441866,30.636004590201264,27.722633842089298,29.80620295053382,4.580424281008485,4.799893929965569,4.799893929965569,4.799893929965569,4.799893929965569,4.799893929965569,4.799893929965569,4.315180160143932,1.7141887808904603,5.23946169522526,1.1072228008936549,3.3758027974911164,3.7833643914084703,3.2253181075667023,12.808348869739298,9.0645958941091,1.401929321917388,12.965125423718106,3.126292947917682,6.681708668169639,13.241052740301702,4.59986300240754,7.72891808273414,20.954775651550708,25.282239874608102,27.659286978942035,36.898306747645286,35.70026065844914,35.98879404052797,5.007449944027792,6.769498268665654,9.980140959862943,7.521983638814688,21.98958745614928,20.82307307930685,20.82307307930685,15.887484221563343,8.625638827381124,8.13024667828688,27.659286978942035,18.5861585728445,3.839795869163211,6.122109632588924,11.902908074771616,12.874702307638692,6.1597297639452675,26.731040398294418,28.15477338707754,28.041877539399934,25.702452639821693,2.0916712959308565,4.611022955539701,4.606133558474547,5.5389958331430815,3.683041687673673,2.8616458626649903,2.3675693833820324,1.463376781340964
11.284321332993184,11.367088350650276,1.1222816866341772,1.000627085951428,9.637118394710352,9.001304783547528,9.637118394710352,9.568771755626912,0.0,1.000627085951428,8.971834037418862,9.568771755626912,8.971834037418862,9.001304783547528,9.637118394710352,13.25336367756616,15.398276063220093,15.980922285664022,16.0549292546193,15.706846094150931,16.24120126856691,14.293361145327092,7.934082155880295,6.767774466890826,4.106536763497795,5.611693649283953,5.611693649283953,15.970887446522468,15.52120222453896,15.454721731255702,16.24120126856691,20.905637968016695,8.641384879035943,8.641384879035943,8.659569015990769,9.223902699073856,9.223902699073856,11.543908573837507,21.682751085486185,22.06723295499693,19.153862180051295,21.23743130735428,5.9883474780700565,5.768877829163323,5.768877829163323,5.768877829163323,5.768877829163323,5.768877829163323,5.768877829163323,6.25359159884891,10.282960535235713,5.329310063948486,9.461548954908638,11.944574548090705,12.352136140926126,11.794089858549523,4.239577121500634,1.5041758623033203,9.166842434344037,4.3963536759397375,7.442478810356855,3.887063090626837,4.672280993356484,5.968908756676211,2.8398536752847576,12.38600393977845,16.71346819260474,19.09051531635682,28.32953518115778,27.1314890776506,27.420022463125687,5.561321815131584,3.7992734900819056,1.4113692049496571,3.0467881193914486,13.420815750839704,12.25430136674166,12.25430136674166,7.318712484100499,1.9431329296352589,2.438525079321737,19.09051531635682,27.154930239438812,12.40856761852599,14.690881374654653,20.47167978932595,21.44347401629616,14.728501505873819,18.162268727867698,19.586001728813667,19.473105880143144,17.1336809610929,8.47710046127381,13.17979470266232,5.962638200610855,14.10776757726499,12.251813437463614,11.43041761453777,8.201202374148409,10.032148536158797
11.283694247043254,11.366461264700371,1.1216546006827495,1.0,9.636491308759979,9.000677697597007,9.636491308759979,9.56814466967652,1.000627085951428,0.0,8.971206951468332,9.56814466967652,8.971206951468332,9.000677697597007,9.636491308759979,13.25399076351547,15.398903149168593,15.981549371612283,16.055556340567527,15.707473180099301,16.241828354515064,14.29273405937816,7.93345506992955,6.767147380939868,4.105909677546505,5.61232073523508,5.61232073523508,15.97151453247073,15.521829310487414,15.45534881720418,16.241828354515064,20.90626505396254,8.640757793085342,8.640757793085342,8.658941930040172,9.223275613123384,9.223275613123384,11.54328148788765,21.683378171431578,22.067860040942097,19.154489265998073,21.23805839329993,5.98772039211898,5.7682507432122145,5.7682507432122145,5.7682507432122145,5.7682507432122145,5.7682507432122145,5.7682507432122145,6.252964512897872,10.282333449285503,5.328682977997323,9.460921868958222,11.94394746214097,12.351509054976516,11.793462772599744,4.240204207451914,1.503548776351896,9.166215348393553,4.396980761891001,7.441851724406015,3.886436004675527,4.672908079307721,5.9682816707251325,2.8392265893333777,12.386631025728047,16.714095278552684,19.091142402303632,28.33016226709867,27.1321161635924,27.42064954906727,5.56069472918045,3.798646404130589,1.4119962909010826,3.0461610334400793,13.421442836788955,12.254928452691297,12.254928452691297,7.319339570051365,1.9425058436838434,2.4378979933703384,19.091142402303632,27.15430315349707,12.4079405325764,14.690254288705873,20.471052703379893,21.44284693035065,14.727874419925056,18.162895813814966,19.58662881476022,19.473732966089752,17.13430804704066,8.476473375323172,13.17916761671299,5.962011114659776,14.107140491315993,12.251186351513974,11.42979052858788,8.200575288197715,10.031521450208523
3.3124872998517345,3.395254317697605,8.84955235095719,8.971206951468332,1.665284358324842,1.0294707461710708,1.665284358324842,1.5969377191279013,8.971834037418862,8.971206951468332,0.0,1.5969377191279013,1.0,1.0294707461710708,1.665284358324842,21.22519767048734,23.37011004281634,23.952756261356136,24.026763229806807,23.678680071694675,24.213035242475694,6.321527120634334,2.037751882832462,3.2040595728136902,5.865297276637992,13.583527676277187,13.583527676277187,23.942721422282847,23.493036203321637,23.426555710479043,24.213035242475694,28.877471905856414,1.330449158836983,1.330449158836983,1.3122650218581906,1.2520686620277752,1.2520686620277752,3.572074541296397,29.654585016560333,30.039066882643922,27.12569613234986,29.209265242331806,3.983486562024485,4.202956211001622,4.202956211001622,4.202956211001622,4.202956211001622,4.202956211001622,4.202956211001622,3.718242441137428,2.3111265000057433,4.642523976305374,1.4897149182349538,3.972740516523834,4.380302110409566,3.822255826609963,12.211411152393714,8.467658175792206,1.1950083972115693,12.368187706421418,2.5293552288335923,6.084770949430859,12.644115023092674,4.002925283425264,7.131980364161946,20.35783793762004,24.68530216321582,27.06234926915767,36.30136904554731,35.10332295522558,35.39185633757199,4.410512225084002,6.172560549939707,9.383203241748767,6.925045920207238,21.392649742779916,20.226135365306813,20.226135365306813,15.29054650529899,8.028701108975037,7.533308959786351,27.06234926915767,19.183096287657865,4.4367335881595755,6.719047351321949,12.499845792208644,13.471640024769238,6.756667482672774,26.134102687864132,27.557835677647414,27.44493982988851,25.105514928702632,1.4947335768102321,5.207960674462796,4.009195839492828,6.135933551956753,4.279979406682969,3.458583581731208,1.7706316642683304,2.0603145004622445
2.7155495807772976,2.7983165986277534,9.446490069192267,9.56814466967652,1.0683466391975536,1.5674669729570558,1.0683466391975536,1.0,9.568771755626912,9.56814466967652,1.5969377191279013,0.0,1.5969377191279013,1.5674669729570558,1.0683466391975536,21.82213538394948,23.9670477550332,24.549693973213422,24.62370094161777,24.27561778372224,24.80997295416941,5.7245894018453365,2.634689601937507,3.800997291858421,6.462234995407942,14.180465393172428,14.180465393172428,24.539659134146394,24.08997391546339,24.023493422661463,24.80997295416941,29.474409614311025,1.9273868779607548,1.9273868779607548,1.9092027409822663,1.3448690571012971,1.3448690571012971,2.9751368222369603,30.25152272441866,30.636004590201264,27.722633842089298,29.80620295053382,4.580424281008485,4.799893929965569,4.799893929965569,4.799893929965569,4.799893929965569,4.799893929965569,4.799893929965569,4.315180160143932,1.7141887808904603,5.23946169522526,1.1072228008936549,3.3758027974911164,3.7833643914084703,3.2253181075667023,12.808348869739298,9.0645958941091,1.401929321917388,12.965125423718106,3.126292947917682,6.681708668169639,13.241052740301702,4.59986300240754,7.72891808273414,20.954775651550708,25.282239874608102,27.659286978942035,36.898306747645286,35.70026065844914,35.98879404052797,5.007449944027792,6.769498268665654,9.980140959862943,7.521983638814688,21.98958745614928,20.82307307930685,20.82307307930685,15.887484221563343,8.625638827381124,8.13024667828688,27.659286978942035,18.5861585728445,3.839795869163211,6.122109632588924,11.902908074771616,12.874702307638692,6.1597297639452675,26.731040398294418,28.15477338707754,28.041877539399934,25.702452639821693,2.0916712959308565,4.611022955539701,4.606133558474547,5.5389958331430815,3.683041687673673,2.8616458626649903,2.3675693833820324,1.463376781340964
3.3124872998517345,3.395254317697605,8.84955235095719,8.971206951468332,1.665284358324842,1.0294707461710708,1.665284358324842,1.5969377191279013,8.971834037418862,8.971206951468332,1.0,1.5969377191279013,0.0,1.0294707461710708,1.665284358324842,21.22519767048734,23.37011004281634,23.952756261356136,24.026763229806807,23.678680071694675,24.213035242475694,6.321527120634334,2.037751882832462,3.2040595728136902,5.865297276637992,13.583527676277187,13.583527676277187,23.942721422282847,23.493036203321637,23.426555710479043,24.213035242475694,28.877471905856414,1.330449158836983,1.330449158836983,1.3122650218581906,1.2520686620277752,1.2520686620277752,3.572074541296397,29.654585016560333,30.039066882643922,27.12569613234986,29.209265242331806,3.983486562024485,4.202956211001622,4.202956211001622,4.202956211001622,4.202956211001622,4.202956211001622,4.202956211001622,3.718242441137428,2.3111265000057433,4.642523976305374,1.4897149182349538,3.972740516523834,4.380302110409566,3.822255826609963,12.211411152393714,8.467658175792206,1.1950083972115693,12.368187706421418,2.5293552288335923,6.084770949430859,12.644115023092674,4.002925283425264,7.131980364161946,20.35783793762004,24.68530216321582,27.06234926915767,36.30136904554731,35.10332295522558,35.39185633757199,4.410512225084002,6.172560549939707,9.383203241748767,6.925045920207238,21.392649742779916,20.226135365306813,20.226135365306813,15.29054650529899,8.028701108975037,7.533308959786351,27.06234926915767,19.183096287657865,4.4367335881595755,6.719047351321949,12.499845792208644,13.471640024769238,6.756667482672774,26.134102687864132,27.557835677647414,27.44493982988851,25.105514928702632,1.4947335768102321,5.207960674462796,4.009195839492828,6.135933551956753,4.279979406682969,3.458583581731208,1.7706316642683304,2.0603145004622445
3.283016553684176,3.3657835715303044,8.879023097087146,9.000677697597007,1.6358136121540525,1.0,1.6358136121540525,1.5674669729570558,9.001304783547528,9.000677697597007,1.0294707461710708,1.5674669729570558,1.0294707461710708,0.0,1.6358136121540525,21.25466841638633,23.39958078865466,23.982227007176917,24.056233975625332,23.708150817523766,24.242505988288503,6.292056374482004,2.0672226290027957,3.2335303189814866,5.894768022793227,13.612998422342784,13.612998422342784,23.972192168103934,23.52250694915629,23.45602645631568,24.242505988288503,28.906942651511066,1.3599199050079744,1.3599199050079744,1.3417357680291904,1.222597915856742,1.222597915856742,3.542603795129677,29.684055762185846,30.068537628254717,27.15516687806728,29.23873598797412,4.012957308189577,4.232426957165806,4.232426957165806,4.232426957165806,4.232426957165806,4.232426957165806,4.232426957165806,3.7477131873035314,2.2816557538357904,4.67199472246755,1.460244172064033,3.9432697703585835,4.350831364246032,3.792785080444135,12.240881898481023,8.497128921926057,1.16553765104052,12.397658452506374,2.558825975003077,6.114241695584639,12.673585769173407,4.032396029590278,7.1614511103078975,20.387308683541832,24.714772909013924,27.0918200148773,36.330839790890934,35.13279370062433,35.42132708295764,4.439982971247271,6.202031296092884,9.412673987872957,6.954516666354852,21.42212048867439,20.25560611123198,20.25560611123198,15.320017251334082,8.058171855113123,7.562779705928915,27.0918200148773,19.153625541706663,4.407262841996296,6.6895766051725305,12.47037504612539,13.442169278701485,6.727196736523645,26.163573433615294,27.587306423349734,27.474410575594803,25.13498567448741,1.5242043229811304,5.178489928303425,4.038666585657818,6.106462805803134,4.250508660518991,3.4291128355641107,1.8001024104389907,2.030843754291901
2.647202941584104,2.7299699594350004,9.514836708278928,9.636491308759979,1.0,1.6358136121540525,1.0,1.0683466391975536,9.637118394710352,9.636491308759979,1.665284358324842,1.0683466391975536,1.665284358324842,1.6358136121540525,0.0,21.89048202247696,24.0353943934159,24.61804061155435,24.692047579953325,24.343964422082944,24.878319592491337,5.656242762681735,2.7030362411307656,3.8693439310435775,6.5305816345589065,14.248812032100822,14.248812032100822,24.608005772488056,24.15832055383736,24.091840061040163,24.878319592491337,29.542756252257313,1.9957335171568837,1.9957335171568837,1.9775493801784485,1.4132156962986309,1.4132156962986309,2.906790183045218,30.319869362295876,30.70435122804362,27.79098048018449,29.874549588450837,4.648770920185888,4.8682405691404504,4.8682405691404504,4.8682405691404504,4.8682405691404504,4.8682405691404504,4.8682405691404504,4.3835267993241835,1.6458421416936186,5.307808334394645,1.1755694400911794,3.3074561583020223,3.715017752222579,3.1569714683765557,12.876695508720665,9.13294253320552,1.4702759611146499,13.033472062693718,3.1946395871080373,6.750055307316808,13.30939937926699,4.668209641584726,7.7972647218611595,21.02312229013272,25.350586512895035,27.727633617042432,36.966653384856144,35.768607295790105,36.057140677838,5.075796583200153,6.837844907811263,10.04848759893521,7.590330277945959,22.057934094665956,20.891419717896945,20.891419717896945,15.955830860417755,8.693985466488208,8.198593317405283,27.727633617042432,18.51781193412289,3.7714492299778026,6.053762993431325,11.83456143575647,12.806355668657634,6.091383124788261,26.79938703646972,28.223120025136872,28.110224177468684,25.770799278076915,2.160017935126456,4.54267631636189,4.674480197651661,5.470649193976848,3.6146950484869453,2.793299223472588,2.4359160225765564,1.3950301421436928
23.53768494657895,23.62045196348388,13.375645363782933,13.25399076351547,21.89048202247696,21.25466841638633,21.89048202247696,21.82213538394948,13.25336367756616,13.25399076351547,21.22519767048734,21.82213538394948,21.22519767048734,21.25466841638633,21.89048202247696,0.0,3.1449123941628456,3.7275586193555075,3.8015655886732964,3.453482426526141,3.9878376035466725,26.54672472913047,20.187445796730188,19.021138115775297,16.35990042789983,8.64167003799901,8.64167003799901,3.7175237801650294,3.2678385560460894,3.2013580624565723,3.9878376035466725,8.65227433240134,20.894748514646878,20.894748514646878,20.912932651463368,21.477266330162326,21.477266330162326,23.79727218505151,9.429387455932321,9.81386932856476,6.900498531989668,8.984067674286312,18.241711131904683,18.02224148433121,18.02224148433121,18.02224148433121,18.02224148433121,18.02224148433121,18.02224148433121,18.50695525103667,22.536324157621163,17.58267372170666,21.714912584098197,24.197938155570768,24.605499744516816,24.047453467442423,10.013786564117737,13.75753953809533,21.420206065883796,9.857010009921385,19.695842454685057,16.140426756133916,9.581082692898946,18.22227241063,15.09321734569807,1.8673597405093065,4.4601045300172135,6.8371516678767295,16.076171617002238,14.878125499915258,15.166658888588849,17.814685471535867,16.052637156023547,12.8419944739601,15.300151788883289,1.1674520738466816,1.999062313923122,1.999062313923122,6.934651203803803,14.19649660376831,14.691888751454728,6.8371516678767295,39.40829363937929,24.661931221570903,26.944244954148616,32.7250432962571,33.696837509210006,26.98186508495542,5.908905073508741,7.332638083665603,7.2197422342240065,4.880317300773118,20.730464098126262,25.433158298071668,18.216001854603043,26.361131163050377,24.505177042020218,23.68378122679329,20.454566013052276,22.28551216066142
25.682597313891733,25.76536433060752,15.520557749278884,15.398903149168593,24.0353943934159,23.39958078865466,24.0353943934159,23.9670477550332,15.398276063220093,15.398903149168593,23.37011004281634,23.9670477550332,23.37011004281634,23.39958078865466,24.0353943934159,3.1449123941628456,0.0,1.5826462252692215,1.6566531945990746,1.3085700323997673,1.8429252095051538,28.691637089140418,22.332358171141927,21.166050492403365,18.5048128090922,10.786582428556265,10.786582428556265,1.5726113860771478,1.122926161896674,1.0564456682997134,1.8429252095051538,6.507361940268001,23.039660887650392,23.039660887650392,23.057845024430044,23.622178701969688,23.622178701969688,25.942184551768875,7.284475064320389,7.668956937232281,4.755586138894107,6.839155282368481,20.386623509940506,20.16715386275282,20.16715386275282,20.16715386275282,20.16715386275282,20.16715386275282,20.16715386275282,20.651867628600016,24.68123652716966,19.727586100886928,23.85982495540814,26.342850521356283,26.75041210933849,26.192365833579743,12.158698953430791,15.902451923088597,23.56511843780978,12.001922399385803,21.840754830047043,18.285339137672125,11.725995082623994,20.367184788700182,17.238129728822297,4.012272134546251,2.315192136073584,4.6922392747519055,13.931259232222452,12.733213113590313,13.021746502623428,19.95959785031803,18.197549537698787,14.986906860134884,17.44506417170252,2.977460320332119,4.143974707934607,4.143974707934607,9.079563595655198,16.341408988166364,16.836801135158666,4.6922392747519055,41.55320595827338,26.80684358625786,29.08915731312818,34.869955638520494,35.8417498483449,29.126777443836673,3.7639926799994283,5.187725690779967,5.074829841281793,2.735404906934648,22.87537647146118,27.578070660886482,20.360914232684298,28.50604352353615,26.650089407080635,25.828693593771778,22.59947838693787,24.430424530754696
26.26524353098637,26.34801054764783,16.103203971675537,15.981549371612283,24.61804061155435,23.982227007176917,24.61804061155435,24.549693973213422,15.980922285664022,15.981549371612283,23.952756261356136,24.549693973213422,23.952756261356136,23.982227007176917,24.61804061155435,3.7275586193555075,1.5826462252692215,0.0,1.0740069693304888,1.2740761928705606,1.2602789842388025,29.274283304143918,22.915004390284516,21.74869671218963,19.087459030213303,11.369228652496743,11.369228652496743,1.010034839192149,1.459720063373287,1.5262005569698966,1.2602789842388025,5.924715715353499,23.622307106385207,23.622307106385207,23.640491243154198,24.20482492035878,24.20482492035878,26.524830768692503,6.701828839519785,7.086310712493864,4.172939913780754,6.25650905750068,20.969269730136997,20.74980008306194,20.74980008306194,20.74980008306194,20.74980008306194,20.74980008306194,20.74980008306194,21.234513848658697,25.26388274490736,20.31023232141782,24.442471173653633,26.925496738012484,27.333058325718326,26.77501205033689,12.741345176984321,16.485098145335066,24.147764656233136,12.584568622986044,22.423401049465305,18.867985358895,12.308641306304878,20.9498310089067,17.820775950513383,4.5949183596737555,1.7325459108169667,4.109593049632865,13.348613009040493,12.150566890031389,12.439100279151866,20.542244070732497,18.780195758962027,15.569553082734982,18.02771039330337,3.5601065455350924,4.726620933050494,4.726620933050494,9.66220982000815,16.92405521023548,17.419447357021554,4.109593049632865,42.135852161649034,27.389489802599087,29.671803527837586,35.452601848482765,36.42439605742266,29.709423658518034,3.181346454809077,4.605079465708213,4.492183616198702,2.152758681691598,23.458022690291877,28.160716876691637,20.943560452894047,29.08868973867552,27.23273562352891,26.411339810770386,23.182124605928006,25.01307074864932
26.339250499250966,26.42201751590543,16.177210940624676,16.055556340567527,24.692047579953325,24.056233975625332,24.692047579953325,24.62370094161777,16.0549292546193,16.055556340567527,24.026763229806807,24.62370094161777,24.026763229806807,24.056233975625332,24.692047579953325,3.8015655886732964,1.6566531945990746,1.0740069693304888,0.0,1.3480831622008909,1.1862720149083943,29.348290272139604,22.989011358812895,21.82270368080104,19.161465998997166,11.44323562164714,11.44323562164714,1.0840418085226364,1.5337270327033679,1.6002075262998607,1.1862720149083943,5.8507087460626925,23.69631407486101,23.69631407486101,23.714498211628634,24.27883188879004,24.27883188879004,26.59883773693509,6.627821870242596,7.012303743224156,4.0989329444666005,6.1825020882154424,21.043276698801357,20.823807051740847,20.823807051740847,20.823807051740847,20.823807051740847,20.823807051740847,20.823807051740847,21.30852081730527,25.337889713254718,20.384239290125382,24.516478142066394,26.999503706220665,27.407065293890966,26.849019018558064,12.815352146084072,16.559105114264707,24.221771624668808,12.658575592091895,22.497408018029226,18.941992327692034,12.38264827542128,21.023837977572356,17.89478291937103,4.668925328982319,1.6585389414872798,4.035586080318059,13.27460603996165,12.07655992090597,12.36509331003723,20.61625103942502,18.85420272776428,15.643560051710542,18.101717362149326,3.6341135148543726,4.800627902357441,4.800627902357441,9.7362167892128,16.998062179142117,17.493454325901457,4.035586080318059,42.209859128153745,27.463496770766756,29.745810495795496,35.526608815831395,36.498403024657875,29.78343062647233,3.107339485486226,4.531072496398874,4.418176646888044,2.078751712363175,23.532029658780047,28.23472384479037,21.01756742156012,29.162696706688674,27.30674259171035,26.485346779022624,23.256131574436722,25.087077717016896
25.991167342009106,26.073934358696285,15.829127780184912,15.707473180099301,24.343964422082944,23.708150817523766,24.343964422082944,24.27561778372224,15.706846094150931,15.707473180099301,23.678680071694675,24.27561778372224,23.678680071694675,23.708150817523766,24.343964422082944,3.453482426526141,1.3085700323997673,1.2740761928705606,1.3480831622008909,0.0,1.534355177108507,29.000207116156037,22.640928200337534,21.47462052193765,18.813382839328366,11.095152460270912,11.095152460270912,1.264041353678428,1.1856438705032515,1.2521243641001525,1.534355177108507,6.198791908066554,23.348230916631387,23.348230916631387,23.366415053405426,23.930748730768695,23.930748730768695,26.250754579796176,6.975905032180736,7.360386905126295,4.4470161065840195,6.530585250192395,20.695193539690564,20.475723892562115,20.475723892562115,20.475723892562115,20.475723892562115,20.475723892562115,20.475723892562115,20.9604376582776,24.989806555625695,20.036156130812834,24.16839498413154,26.65142054924271,27.058982137079337,26.500935861519352,12.467268984943116,16.21102195391581,23.873688466626824,12.31049243092257,22.14932485938771,18.593909167961773,12.034565114202946,20.67575481845552,17.54669975935792,4.320842166876686,2.0066221036829894,4.383669242438685,13.622689200952657,12.4246430821186,12.713176471198535,20.268167880182727,18.506119568009645,15.295476891147644,17.753634202190742,3.2860303527005565,4.45254474025914,4.45254474025914,9.388133627585054,16.64997901890048,17.145371165784514,4.383669242438685,41.86177597915532,27.115413613978365,29.3977273399888,35.17852566287801,36.150319872235826,29.435347470682515,3.45542264764668,4.879155658492731,4.766259808988339,2.4268348745520365,23.18394650049264,27.886640688324547,20.66948426244133,28.814613550623378,26.95865943485753,26.13726362183857,22.908048416053248,24.73899455929337
26.525522511448962,26.60828952808574,16.3634829545567,16.241828354515064,24.878319592491337,24.242505988288503,24.878319592491337,24.80997295416941,16.24120126856691,16.241828354515064,24.213035242475694,24.80997295416941,24.213035242475694,24.242505988288503,24.878319592491337,3.9878376035466725,1.8429252095051538,1.2602789842388025,1.1862720149083943,1.534355177108507,0.0,29.53456228365753,23.17528337167847,22.008975693876874,19.347738012509954,11.629507636090889,11.629507636090889,1.2703138234309357,1.719999047610155,1.7864795412062804,1.0,5.6644367312488955,23.882586087593513,23.882586087593513,23.900770224357657,24.46510390140979,24.46510390140979,26.785109749077428,6.441549855462235,6.826031728462201,3.9126609295959494,5.996230073415303,21.22954871201133,21.010079064987675,21.010079064987675,21.010079064987675,21.010079064987675,21.010079064987675,21.010079064987675,21.494792830470168,25.524161725662147,20.57051130344479,24.70275015463931,27.185775718275966,27.59333730585635,27.035291030646206,13.001624160398846,16.74537712814726,24.40804363729972,12.844847606422206,22.683680030984824,19.128264341238204,12.568920289778433,21.210109990785615,18.0810549330709,4.855197343831539,1.4722669265801862,3.849314065445832,13.088334025673273,11.890287906501674,12.17882129565976,20.802523052706317,19.04047474132369,15.829832065709663,18.287989375819553,3.820385529731688,4.98689991720244,4.98689991720244,9.922488803794963,17.184334192966283,17.679726339657794,3.849314065445832,42.39613113590492,27.649768782719576,29.932082507217864,35.71288082571394,36.684675034253914,29.969702637885593,2.9210674705947612,4.344800481539863,4.231904632025842,1.8924796974588076,23.718301671543838,28.420995856568858,21.20383943477443,29.348968718250745,27.493014603697997,26.671618791189367,23.442403587252542,25.27334972947546
