0.0,1.0,5.382081166145471,5.192233051852153,4.868301601635064,43.41329497326716,42.64986246867963,50.42485441046076,1.20299762537489,1.7524716071466688,2.207340549740192,2.0325353043661876,3.4065501528346647,39.59242859985776,39.59242859985776,48.281721014622946,48.75246686730484,48.13943208054202,46.64196270313468,46.56611824680243,40.08569846515982,60.34753710177942,60.22529214098228,19.958828338786123,19.307113363344563,17.2103738324297,18.83587588198844,16.343115729756114,13.89991861161089,13.549641975620105,21.917131408214445,21.917131408214445,52.7059396636656,57.08897504925881,52.7059396636656,59.562037403863194,55.19206062237633,55.19206062237633,55.19206062237633,55.19206062237633,55.19206062237633,55.19206062237633,55.19206062237633,10.018744793241527,14.637445955627397,12.813375662916869,12.813375662916869,18.990657103352625,18.83587588198844,12.688054263357643,1.0682923207530133,3.8062130696375647,6.857311009493525,3.3363233963355348,6.506470687339207,49.40562247797464,59.504363281400046,53.323389703291916,5.13584259050049,2.209846720300055,3.0682137361259447,9.739168267147466,2.867718608090041,45.707387402153465,53.64935467373928,47.92004424265324,52.915934945693415,31.3168795295588,44.485118661653836,29.54954335872938,31.78692086784258,78.5135023406244,76.62622398334874,20.086665223265143,18.87096796029917,27.80103858145982,30.677626763632972,20.40625813104516,8.820084512148302,20.262127872971597,15.374351976266706,18.344588045398844,70.00534899612862,60.2629059595723,62.38810909523361,64.90204924846518,58.16282218349533,50.276920980677815,51.95058705140872,61.37878884644136,59.68616225559239,63.05263591844629,55.78068960366333,12.723770846641601,12.429266057495152,22.279969903486823,21.62824019011207,22.192236816418234,15.593670265947244,17.392097918394278
1.0,0.0,5.382081166145471,5.192233051852153,4.868301601635064,43.41329497326716,42.64986246867963,50.42485441046076,1.20299762537489,1.7524716071466688,2.207340549740192,2.0325353043661876,3.4065501528346647,39.59242859985776,39.59242859985776,48.281721014622946,48.75246686730484,48.13943208054202,46.64196270313468,46.56611824680243,40.08569846515982,60.34753710177942,60.22529214098228,19.958828338786123,19.307113363344563,17.2103738324297,18.83587588198844,16.343115729756114,13.89991861161089,13.549641975620105,21.917131408214445,21.917131408214445,52.7059396636656,57.08897504925881,52.7059396636656,59.562037403863194,55.19206062237633,55.19206062237633,55.19206062237633,55.19206062237633,55.19206062237633,55.19206062237633,55.19206062237633,10.018744793241527,14.637445955627397,12.813375662916869,12.813375662916869,18.990657103352625,18.83587588198844,12.688054263357643,1.0682923207530133,3.8062130696375647,6.857311009493525,3.3363233963355348,6.506470687339207,49.40562247797464,59.504363281400046,53.323389703291916,5.13584259050049,2.209846720300055,3.0682137361259447,9.739168267147466,2.867718608090041,45.707387402153465,53.64935467373928,47.92004424265324,52.915934945693415,31.3168795295588,44.485118661653836,29.54954335872938,31.78692086784258,78.5135023406244,76.62622398334874,20.086665223265143,18.87096796029917,27.80103858145982,30.677626763632972,20.40625813104516,8.820084512148302,20.262127872971597,15.374351976266706,18.344588045398844,70.00534899612862,60.2629059595723,62.38810909523361,64.90204924846518,58.16282218349533,50.276920980677815,51.95058705140872,61.37878884644136,59.68616225559239,63.05263591844629,55.78068960366333,12.723770846641601,12.429266057495152,22.279969903486823,21.62824019011207,22.192236816418234,15.593670265947244,17.392097918394278
5.382081166145471,5.382081166145471,0.0,1.189848114373452,1.513779564710518,39.03121396906769,38.26778145838166,46.04277346770945,5.179083540856022,4.6296095592738595,4.174740616791287,4.349545862127584,2.9755310137895457,35.21034756630242,35.21034756630242,43.899640052049214,44.3703859090067,43.75735111668464,42.259881726012765,42.18403726902059,35.70361743523039,55.96545626272813,55.84321130053422,15.57674720043511,14.925032222839395,12.82829268557235,14.453794739978761,11.96103458052938,9.517837456521415,9.167560819788388,17.53505027684904,17.53505027684904,48.32385874301822,52.70689417399188,48.32385874301822,55.17995655588866,50.80997972699996,50.80997972699996,50.80997972699996,50.80997972699996,50.80997972699996,50.80997972699996,50.80997972699996,5.636663631304861,10.255364802181365,8.431294505605358,8.431294505605358,14.608575961832194,14.453794739978761,8.305973105805098,5.450373486867873,8.18829423375098,11.239392169595897,7.718404560899855,10.88855184799835,45.02354152568201,55.12228243277517,48.9413087888059,1.2462385757475198,4.17223444623192,3.3138674305014346,14.121249421736456,3.5143625585283385,41.32530641697975,49.26727376253664,43.53796327682459,48.533854027132975,26.934798442424132,40.103037666212686,25.16746226192752,27.40483978338424,74.13142174211973,72.24414335680699,15.704584085346674,14.488886818399994,23.418957475709178,26.295545672929457,16.024176994222397,4.438003348709053,15.88004673565215,10.99227082457186,13.962506901868089,65.62326827681011,55.8808251195537,58.006028279936366,60.519968463570166,53.78074131992978,45.894840036528805,47.56850612332707,56.99670801929128,55.30408140901975,58.67055511106338,51.39860871445045,8.341689689157427,8.047184899454871,17.89788877350019,17.246159057667768,17.8101556860958,11.211589114794645,13.010016772052538
5.192233051852153,5.192233051852153,1.189848114373452,0.0,1.323931450337792,39.22106207712051,38.457629566684716,46.232621573228315,4.98923542655529,4.439761444954865,3.984892502459167,4.159697747800294,2.785682899431479,35.40019567555716,35.40019567555716,44.089488158387674,44.56023401516853,43.947199223076105,42.44972983295152,42.373885375986546,35.893465544337076,56.15530436393578,56.033059401800145,15.76659531387096,15.114880336356658,13.01814079932647,14.64364285355259,12.15088269437029,9.707685570571645,9.35740893386437,17.724898390018062,17.724898390018062,48.51370684762116,52.89674227670893,48.51370684762116,55.36980465746853,50.99982783055354,50.99982783055354,50.99982783055354,50.99982783055354,50.99982783055354,50.99982783055354,50.99982783055354,5.826511745580762,10.445212916173878,8.621142619731984,8.621142619731984,14.798424075387654,14.64364285355259,8.495821219939874,5.26052537257713,7.998446119597015,11.049544055671499,7.528556446717763,10.698703734043413,45.213389631595604,55.312130534382156,49.13115689315321,1.0563904613741284,3.9823863318997326,3.124019316149418,13.931401308103624,3.3245144441803776,41.51515452425024,49.45712186674766,43.72781138329745,48.72370213164936,27.124646553848798,40.29288577390565,25.357310373738684,27.59468789470156,74.32126983323819,72.43399144910559,15.894432198766125,14.678734931969673,23.608805587876066,26.48539378449705,16.21402510760022,4.627851463028131,16.069894849048858,11.182118938501981,14.152355015498829,65.8131163730071,56.0706732208017,58.195876380152214,60.709816562514845,53.97058942215953,46.08468814210553,47.7583542282383,57.18655612000218,55.49392951054116,58.8604032109485,51.58845681774776,8.531537803289893,8.237033013606046,18.087736886616113,17.43600717087825,18.000003799224668,11.401437228705285,13.199864885787642
4.868301601635064,4.868301601635064,1.513779564710518,1.323931450337792,0.0,39.54499351652748,38.78156100652161,46.5565530082849,4.665303976326326,4.115829994696841,3.6609610521804887,3.835766297529189,2.461751449113111,35.72412711702957,35.72412711702957,44.41341959485089,44.88416545132857,44.27113065963034,42.773661270445274,42.697816813527005,36.21739698555495,56.47923579159834,56.356990829562626,16.090526762552507,15.438811785179595,13.34207224856157,14.967574302473842,12.474814143756795,10.03161702032464,9.681340383662642,18.048829838236838,18.048829838236838,48.83763828110624,53.2206737069594,48.83763828110624,55.6937360857692,51.32375926223861,51.32375926223861,51.32375926223861,51.32375926223861,51.32375926223861,51.32375926223861,51.32375926223861,6.1504431957336525,10.769144365825582,8.945074069619489,8.945074069619489,15.122355524276982,14.967574302473842,8.819752669841765,4.936593922364174,7.674514669606969,10.725612606061494,7.204624996681522,10.374772284382644,45.53732106732959,55.636061962729336,49.45508832619973,1.2675409889637756,3.6584548816209486,2.8000878658400796,13.60746985898008,3.000582993877194,41.83908596231361,49.7810532995604,44.05174281999136,49.047633564985915,27.44857799905532,40.61681721269455,25.681241819611422,27.9186193397231,74.64520124361647,72.75792286150475,16.2183636474192,15.002666380883722,23.93273703436245,26.809325229949874,16.537956556181044,4.951782913259278,16.393826297662457,11.506050388044407,14.47628646451907,66.13704779208321,56.39460464853346,58.51980780611471,61.033747986298756,54.29452085157442,46.40861957726136,48.082285662252254,57.51048754681323,55.81786093874159,59.18433463634414,51.91238824899333,8.85546925318771,8.560964463536909,18.4116683347429,17.759938619168864,18.323935247373875,11.725368678213634,13.523796334989605
43.41329497326716,43.41329497326716,39.03121396906769,39.22106207712051,39.54499351652748,0.0,1.7634325354000633,8.011559772816248,43.2102973562213,42.660823396591375,42.205954471882045,42.38075971043092,41.00674491400359,4.82086651633374,4.82086651633374,5.868426264323782,6.3391721409911534,5.726137323077104,4.2286678726258655,4.1528234127092265,4.3275966341666035,17.934243101120742,17.81199813132239,24.45446706611443,25.106182038320537,27.20292155322893,25.57741951682328,28.07017964678455,30.51337673138222,30.863653361612087,22.496164001445617,22.496164001445617,10.292645155659907,14.675680818500558,10.292645155659907,17.148743345867523,12.778766267085969,12.778766267085969,12.778766267085969,12.778766267085969,12.778766267085969,12.778766267085969,12.778766267085969,34.394550472589934,29.77584939871557,31.599919661428203,31.599919661428203,25.42263829644388,25.57741951682328,31.72524105868889,43.48158729120006,46.21950791952932,49.27060570780557,45.74961826795695,48.919765404005915,6.992327785648796,17.09106921924129,10.910095232102483,39.277452536605026,42.203448301419606,41.34508131823929,52.15246280559355,41.54557643877849,3.2940925282514955,11.236060222282356,5.5067494742163925,10.502640450126485,13.09641579938181,2.0718237335460232,14.863751998463695,12.626374452565331,36.10020999682223,34.212931437927836,24.32663018217328,25.542327438739903,16.61225679772823,13.735668576225253,24.00703727559913,35.593210723928166,24.15116753315343,29.0389433883603,26.068707349978812,27.592055797422816,17.84961195267894,19.974815249073615,22.488755603656305,15.749528026307118,7.863626334972419,9.537292499363623,18.96549492286092,17.272868206578117,20.639342124329023,13.3673952862746,31.689524476063124,31.9840292597082,22.13332550623757,22.78505521931404,22.221058593314023,28.819625101536644,27.021197468989698
42.64986246867963,42.64986246867963,38.26778145838166,38.457629566684716,38.78156100652161,1.7634325354000633,0.0,8.774992307268938,42.446864851336365,41.89739089090872,41.44252196554702,41.617327204345735,40.24331240598347,4.057433981136855,4.057433981136855,6.631858799247284,7.10260467582491,6.489569858026219,4.992100407801873,4.916255947894653,3.564164098914936,18.69767563131644,18.5754306615913,23.6910345399843,24.342749512722104,26.439489029441862,24.813986991618563,27.306747123791652,29.749944210768117,30.100220841356148,21.73273147380715,21.73273147380715,11.056077689436284,15.439113350470723,11.056077689436284,17.91217587652463,13.542198799919618,13.542198799919618,13.542198799919618,13.542198799919618,13.542198799919618,13.542198799919618,13.542198799919618,33.63111795618433,29.01241687736137,30.836487141939124,30.836487141939124,24.659205771108986,24.813986991618563,30.961808539332214,42.718154786712915,45.4560754192012,48.50717321242242,44.986185766896334,48.156332908037506,7.755760320345283,17.85450174993143,11.673527765664739,38.51402002624381,41.440015795080996,40.58164881068948,51.38903031518158,40.78214393150929,4.057525063529621,11.999492755726243,6.270182009203619,11.266072983831522,12.332983266367526,2.835256268911887,14.100319466224805,11.862941919363152,36.86364251039201,34.97636395375565,23.56319765594061,24.778894913505596,15.848824266363694,12.972236043478858,23.243604749112574,34.82977820892895,23.387735006780925,28.275510866285632,25.305274825192814,28.355488320199726,18.613044482925382,20.73824777797079,23.252188130755535,16.512960557733166,8.62705886946273,10.300725033383953,19.728927452418407,18.03630073716373,21.402774652772216,14.130827818853653,30.92609195666866,31.22059674062671,21.369892978334345,22.02162269188965,21.4576260654744,28.056192579251228,26.257764945039558
50.42485441046076,50.42485441046076,46.04277346770945,46.232621573228315,46.5565530082849,8.011559772816248,8.774992307268938,0.0,50.22185679639817,49.67238284477669,49.21751392662333,49.39231916266064,48.01830438570927,11.832426282542462,11.832426282542462,3.1431335101570568,2.672387633249605,3.2854224514623893,4.782891902139195,4.858736362048219,11.339156401490593,10.922683355088271,10.800438384769224,31.466026724687513,32.11774169120163,34.214481186872106,32.5889791655037,35.08173927205765,37.52493633177602,37.875212958281736,29.507723676301865,29.507723676301865,3.281085386224353,7.664121060214613,3.281085386224353,10.137183596572152,5.767206503223537,5.767206503223537,5.767206503223537,5.767206503223537,5.767206503223537,5.767206503223537,5.767206503223537,41.40611002951545,36.787409006821846,38.61147925014123,38.61147925014123,32.43419794651191,32.5889791655037,38.73680064603024,50.493146727387035,53.23106731412115,56.28216505319522,52.76117766985933,55.93132475520611,2.0192319881417724,10.079509469714086,3.898535463867249,46.28901203195794,49.21500775619682,48.356640785205684,59.16402210175042,48.557135902919036,5.717467246291676,4.224500454729792,3.5048103004008806,3.491080681085528,20.10797553527553,6.939736040286203,21.875311725042774,19.63793419076796,29.08865038094348,27.201371803652734,31.33818984184688,32.55388708773559,23.62381651410723,20.747228308865306,31.01859693800106,42.604770266449556,31.16272719432899,36.05050300399792,33.080266994203896,20.580496107541695,10.838052206285484,12.963255512434777,15.477195880410704,8.73796827168591,1.1479334380057988,2.5257327286249085,11.95393518141021,10.261308457785294,13.627782391035145,6.3558355240199775,38.701084063795925,38.99558884420107,29.144885183975642,29.79661489184556,29.232618270359154,35.83118471938205,34.03275710435611
1.20299762537489,1.20299762537489,5.179083540856022,4.98923542655529,4.665303976326326,43.2102973562213,42.446864851336365,50.22185679639817,0.0,1.549473981773708,2.0043429243709605,1.829537678995295,3.203552527484519,39.3894309813775,39.3894309813775,48.07872339960029,48.54946925248944,47.936434465457125,46.43896508740613,46.36312063104183,39.88270084685716,60.14453949271414,60.02229453184991,19.755830715068452,19.104115739514395,17.007376208264386,18.632878258079387,16.140118105464133,13.69692098699968,13.346644350967683,21.71413378485856,21.71413378485856,52.502942050671436,56.88597743845233,52.502942050671436,59.35903979436923,54.98906301060129,54.98906301060129,54.98906301060129,54.98906301060129,54.98906301060129,54.98906301060129,54.98906301060129,9.815747168237452,14.4344483311067,12.610378038181544,12.610378038181544,18.78765947946925,18.632878258079387,12.4850566386087,1.2712899461278169,4.009210694973035,7.060308634702676,3.5393210216827313,6.70946831256731,49.202624863450154,59.30136567187481,53.120392090595175,4.932844965201489,2.0068490949308497,2.8652161107690555,9.942165892157403,2.6647209827296603,45.50438978603368,53.44635706120103,47.71704662747276,52.712937332799996,31.113881908435154,44.28212104503459,29.346545737123446,31.583923246852077,78.31050474305651,76.42322638444523,19.883667599570007,18.667970336395918,27.598040959405253,30.474629142331533,20.203260507407002,8.617086887051249,20.05913024930763,15.1713543518415,18.141590421409745,69.8023513927982,60.05990835046055,62.185111487308504,64.69905164199746,57.95982457325183,50.07392336654757,51.74758943805543,61.17579123794751,59.48316464616579,62.84963831090077,55.57769199218528,12.520773221896526,12.226268432718575,22.07697228020188,21.425242566700568,21.98923919311603,15.390672641551427,17.18910029425639
1.7524716071466688,1.7524716071466688,4.6296095592738595,4.439761444954865,4.115829994696841,42.660823396591375,41.89739089090872,49.67238284477669,1.549473981773708,0.0,1.4548689426030228,1.2800636972245214,2.654078545756845,38.83995701790128,38.83995701790128,47.52924944540053,47.99999529884615,47.38696051109026,45.88949113131119,45.81364667486086,39.33322688385694,59.59506555452509,59.47282059348043,19.20635673760222,18.554641761749846,16.457902229612614,18.0834042801058,15.590644126477725,13.147447007172419,12.797170371032196,21.164659808352997,21.164659808352997,51.953468101920286,56.33650349558115,51.953468101920286,58.80956585502729,54.43958906512649,54.43958906512649,54.43958906512649,54.43958906512649,54.43958906512649,54.43958906512649,54.43958906512649,9.266273187383671,13.884974351517426,12.060904058028644,12.060904058028644,18.238185501563706,18.0834042801058,11.935582658420158,1.8207639278987122,4.55868467661144,7.609782615970156,4.088795003357342,7.2589422938894215,48.65315091058818,58.75189173244884,52.57091814264334,4.383370983595814,1.4573751131629582,2.3157421290263436,10.491639872858254,2.1152470009794007,44.95491582888868,52.896883113674996,47.167572672849204,52.16346338431964,30.56440793788247,43.73264708654926,28.797071765282112,31.034449276655312,77.76103083581593,75.87375247360737,19.33419362216354,18.118496358437707,27.048566986366158,29.925155171303683,19.65378653015176,8.06761290595719,19.509656271983864,14.621880372503695,17.59211644322417,69.25287747004047,59.51043441214655,61.635637552186296,64.1495777107962,57.41035063189438,49.52444941474443,51.19811548833941,60.62631730129537,58.933690707005,62.30016437679969,55.0282180475088,11.971299241718098,11.67679445245767,21.527498303884908,20.875768590047223,21.43976521675315,14.841198662291111,16.639626315677127
2.207340549740192,2.207340549740192,4.174740616791287,3.984892502459167,3.6609610521804887,42.205954471882045,41.44252196554702,49.21751392662333,2.0043429243709605,1.4548689426030228,0.0,1.1748052453790132,2.1992096031745603,38.385088090048015,38.385088090048015,47.074380525135304,47.54512637903667,46.93209159068818,45.43462220949432,45.35877775297357,38.878357956392534,59.14019664738725,59.01795168619449,18.751487798373844,18.099772822281363,16.003033289431663,17.628535340469213,15.135775186028882,12.692578066053144,12.34230142982701,20.709790869899322,20.709790869899322,51.49859918611913,55.88163458460154,51.49859918611913,58.35469694694331,53.98472015201147,53.98472015201147,53.98472015201147,53.98472015201147,53.98472015201147,53.98472015201147,53.98472015201147,8.811404245455378,13.430105410587421,11.606035116651206,11.606035116651206,17.783316561981824,17.628535340469213,11.480713717014527,2.275632870490787,5.013553619065083,8.064651558084694,4.5436639458458945,7.713811236052873,48.198281991418625,58.297022824295894,52.116049227497385,3.928502041096364,1.0025061705599476,1.8608731864351633,10.94650881447346,1.6603780583840781,44.500046906212354,52.4420141988781,46.71270375223695,51.70859446874043,30.109539004258032,43.2777781627762,28.34220283060945,30.579580343320586,77.30616195410722,75.41888358894062,18.8793246829833,17.663627418813476,26.593698050720317,29.4702862372926,19.19891759109335,7.6127439638425765,19.054787332870244,14.167011431774121,17.137247503417253,68.79800857557565,59.05556550490614,61.18076864756585,63.694708809395195,56.955481722156584,49.069580496442256,50.743246571747434,60.17144839541901,58.47882179906967,61.845295473017586,54.57334913504846,11.516430300320474,11.221925510994863,21.072629365583534,20.42089965147424,20.984896278414702,14.386329721623378,16.18475737555431
2.0325353043661876,2.0325353043661876,4.349545862127584,4.159697747800294,3.835766297529189,42.38075971043092,41.617327204345735,49.39231916266064,1.829537678995295,1.2800636972245214,1.1748052453790132,0.0,2.3740148485469534,38.55989332980079,38.55989332980079,47.24918576198178,47.71993161570855,47.1068968275871,45.60942744693525,45.53358299044149,39.05316319599643,59.315001879202484,59.192756918066515,18.926293042475958,18.274578066475023,16.17783853389676,17.803340584726943,15.310580430595957,12.867383310875114,12.517106674681601,20.88459611370593,20.88459611370593,51.67340442125507,56.0564398178895,51.67340442125507,58.52950217912125,54.15952538611792,54.15952538611792,54.15952538611792,54.15952538611792,54.15952538611792,54.15952538611792,54.15952538611792,8.986209490583885,13.604910655337482,11.780840361571164,11.780840361571164,17.958121806218706,17.803340584726943,11.655518961945178,2.1008276251174167,4.838748373747992,7.889846312901356,4.36885870051486,7.539005990850341,48.373087227845325,58.47182805650029,52.29085446238222,4.10330728643887,1.1773114159389588,2.0356784318105943,10.771703569485256,1.8351833037608754,44.67485214398253,52.61681943362917,46.88750898921639,51.88339970379131,30.28434424621935,43.452583400966475,28.517008072971606,30.754385585171104,77.48096717617052,75.5936888121386,19.054129927067063,17.838432663066495,26.768503293454504,29.64509147940179,19.373722835130653,7.7875492090413365,19.22959257692861,14.341816676447989,17.312052747739887,68.97281380253156,59.230370736760705,61.35557387841596,63.86951403901091,57.130286954968525,49.24438573253659,50.91805180718642,60.346253626750624,58.653627031190645,62.02010070354627,54.74815436890399,11.691235545248087,11.396730755947198,21.24743460933202,20.595704895326374,21.159701522177336,14.561134966273729,16.359562619997273
3.4065501528346647,3.4065501528346647,2.9755310137895457,2.785682899431479,2.461751449113111,41.00674491400359,40.24331240598347,48.01830438570927,3.203552527484519,2.654078545756845,2.1992096031745603,2.3740148485469534,0.0,37.1858785240551,37.1858785240551,45.87517097875125,46.34591683383263,45.73288204394982,44.23541265909428,44.15956820239132,37.67914839140234,57.940987135061924,57.81874217348435,17.55227820328685,16.900563226591075,14.803823691958653,16.42932574435722,13.936565587889106,11.49336846625726,11.143091829820586,19.51058127676547,19.51058127676547,50.299389651302334,54.68242506229642,50.299389651302334,57.15548743215942,52.78551062416302,52.78551062416302,52.78551062416302,52.78551062416302,52.78551062416302,52.78551062416302,52.78551062416302,7.6121946437035435,12.23089581125689,10.40682551622424,10.40682551622424,16.584106966007,16.42932574435722,10.28150411651895,3.4748424735783283,6.2127632216628434,9.26386115964935,5.742873548557105,8.91302083776247,46.999072447871896,57.09781330933281,50.9168396943798,2.729292438061351,2.196703432614695,1.3383364167474239,12.145718414590297,1.5388315448002885,43.30083735358906,51.24280466666596,45.51349420495448,50.50938493449921,28.910329423427367,42.07856860731724,27.142993247095838,29.38037076323228,76.10695250799483,74.21967413511557,17.680115088017388,16.46441782273247,25.39448846472077,28.271076655471756,17.99970799643405,6.413534361654177,17.85557773807198,12.967801832938417,15.938037906878606,67.59879909622104,57.85635599231433,59.9815591417843,62.49549931198678,55.756272203076406,47.87037095514257,49.544037034880205,58.97223888637242,57.27961228467207,60.64608596941594,53.37413960889917,10.31722069984436,10.022715910360333,19.87341977283468,19.22169005803902,19.785686685572095,13.187120122940707,14.985547778226248
39.59242859985776,39.59242859985776,35.21034756630242,35.40019567555716,35.72412711702957,4.82086651633374,4.057433981136855,11.832426282542462,39.3894309813775,38.83995701790128,38.385088090048015,38.55989332980079,37.1858785240551,0.0,1.0,9.689292776976728,10.160038653069652,9.547003835896104,8.049534386978966,7.973689927129653,1.4932698823100417,21.75510958690055,21.63286461750114,20.63360058993322,21.28531556462694,23.382055088042904,21.756553044974712,24.249313185342416,26.69251028119536,27.042786913124566,18.675297518236547,18.675297518236547,14.113511661394206,18.496547314028543,14.113511661394206,20.96960983416564,16.599632767440404,16.599632767440404,16.599632767440404,16.599632767440404,16.599632767440404,16.599632767440404,16.599632767440404,30.573684042433072,25.95498294502092,27.779053216582707,27.779053216582707,21.601771823985022,21.756553044974712,27.904374614472772,39.66072091827485,42.398641566690756,45.44973937890388,41.92875191157741,45.09889907226844,10.81319429686645,20.9119357077201,14.730961736600818,35.4565861353999,38.38258191956834,37.52421493055458,48.3315965008049,37.72471005244476,7.114959043364401,15.056926726101493,9.327615987284522,14.323506955447861,9.275549291769199,5.892690249423346,11.042885494261483,8.805507944137451,39.92107639455713,38.03379784746614,20.50576370551283,21.721460966752606,12.791390297436683,9.914802069783265,20.186170797753086,31.77234430049107,20.33030105583985,25.218076931255965,22.247840880095158,31.412922243502322,21.670478438735223,23.795681727811473,26.309622072726615,19.57039451882608,11.684492844926298,13.358159006519891,22.786361405172123,21.093734694485413,24.46020860061786,17.188261785198165,27.868658031667355,28.16316281680045,18.31245902180001,18.96418873709955,18.4001921091714,24.998758643435885,23.20033100303587
39.59242859985776,39.59242859985776,35.21034756630242,35.40019567555716,35.72412711702957,4.82086651633374,4.057433981136855,11.832426282542462,39.3894309813775,38.83995701790128,38.385088090048015,38.55989332980079,37.1858785240551,1.0,0.0,9.689292776976728,10.160038653069652,9.547003835896104,8.049534386978966,7.973689927129653,1.4932698823100417,21.75510958690055,21.63286461750114,20.63360058993322,21.28531556462694,23.382055088042904,21.756553044974712,24.249313185342416,26.69251028119536,27.042786913124566,18.675297518236547,18.675297518236547,14.113511661394206,18.496547314028543,14.113511661394206,20.96960983416564,16.599632767440404,16.599632767440404,16.599632767440404,16.599632767440404,16.599632767440404,16.599632767440404,16.599632767440404,30.573684042433072,25.95498294502092,27.779053216582707,27.779053216582707,21.601771823985022,21.756553044974712,27.904374614472772,39.66072091827485,42.398641566690756,45.44973937890388,41.92875191157741,45.09889907226844,10.81319429686645,20.9119357077201,14.730961736600818,35.4565861353999,38.38258191956834,37.52421493055458,48.3315965008049,37.72471005244476,7.114959043364401,15.056926726101493,9.327615987284522,14.323506955447861,9.275549291769199,5.892690249423346,11.042885494261483,8.805507944137451,39.92107639455713,38.03379784746614,20.50576370551283,21.721460966752606,12.791390297436683,9.914802069783265,20.186170797753086,31.77234430049107,20.33030105583985,25.218076931255965,22.247840880095158,31.412922243502322,21.670478438735223,23.795681727811473,26.309622072726615,19.57039451882608,11.684492844926298,13.358159006519891,22.786361405172123,21.093734694485413,24.46020860061786,17.188261785198165,27.868658031667355,28.16316281680045,18.31245902180001,18.96418873709955,18.4001921091714,24.998758643435885,23.20033100303587
48.281721014622946,48.281721014622946,43.899640052049214,44.089488158387674,44.41341959485089,5.868426264323782,6.631858799247284,3.1431335101570568,48.07872339960029,47.52924944540053,47.074380525135304,47.24918576198178,45.87517097875125,9.689292776976728,9.689292776976728,0.0,1.4707458769458275,1.1422889413211843,2.639758392284553,2.715602852213911,9.196022895466868,13.065816859414381,12.943571889225465,29.322893256682523,29.97460822509116,32.071347727139624,30.445845700789064,32.93860581508943,35.38180288299237,35.73207951071956,27.3645902028549,27.3645902028549,5.42421889588962,9.807254567512484,5.42421889588962,12.280317101709109,7.910340011775559,7.910340011775559,7.910340011775559,7.910340011775559,7.910340011775559,7.910340011775559,7.910340011775559,39.262976594939616,34.64427555550572,36.468345805185855,36.468345805185855,30.29106448133639,30.445845700789064,36.593667201523864,48.35001333187312,51.08793393197107,54.13903168680849,50.618044285363176,53.78819138696005,2.1239015220711197,12.22264297490821,6.041668973312216,44.14587861736143,47.07187435469721,46.21350737977659,57.02088875109621,46.41400249840127,3.574333736726729,6.367633964043483,1.361676790287986,5.634214190680038,17.964842040940464,4.796602531228736,19.73217823397437,17.49480069561557,31.231783849799875,29.344505277684057,29.195056373475165,30.410753622916268,21.48068302657166,18.60409481567651,28.875463468719534,40.46163683656101,29.019593725456534,33.90736955020484,30.937133530967703,22.723629596997572,12.981185710701844,15.106389014374098,17.620329378853118,10.881101778118566,2.9952000721656438,4.66886623850917,14.097068684580702,12.40444196279811,15.770915892109821,8.498969032220309,36.55795061916142,36.8524554006268,27.001751709561685,27.65348141917775,27.089484796177832,33.68805126486208,31.889623644053767
48.75246686730484,48.75246686730484,44.3703859090067,44.56023401516853,44.88416545132857,6.3391721409911534,7.10260467582491,2.672387633249605,48.54946925248944,47.99999529884615,47.54512637903667,47.71993161570855,46.34591683383263,10.160038653069652,10.160038653069652,1.4707458769458275,0.0,1.6130348182660779,3.110504269193316,3.186348729119566,9.666768771651556,12.595070983965392,12.472826013745705,29.793639124876673,30.445354092880844,32.5420935935659,30.91659156828059,33.40935168092406,35.85254874707299,36.20282537453815,27.835336072209326,27.835336072209326,4.953473019131036,9.336508691352387,4.953473019131036,11.809571226067948,7.439594135306021,7.439594135306021,7.439594135306021,7.439594135306021,7.439594135306021,7.439594135306021,7.439594135306021,39.73372245596894,35.11502142012941,36.93909166844503,36.93909166844503,30.76181034892638,30.91659156828059,37.064413064686676,48.8207591844851,51.558679781696654,54.60977753312624,51.088790135595666,54.258937233679916,1.6531556451331526,11.75189709925346,5.570923096613078,44.616624474089676,47.542620208601065,46.684253234528185,57.49163459400987,46.8847483529563,4.0450796135885945,5.8968880873790175,1.8324226672305894,5.163468313940757,18.43558791471472,5.267348408001018,20.202924107062735,17.96554656956094,30.76103798246721,28.873759409180902,29.665802241747578,30.881499490430155,21.95142889891534,19.074840689210433,29.346209337186075,40.932382696582216,29.4903395938358,34.378115415359396,31.407879398143272,22.25288372498781,12.510439835231516,14.635643139485913,17.14958350477805,10.410355902167746,2.5244541952523827,4.198120361688959,13.626322809404014,11.933696087186442,15.30017001742346,8.02822315583856,37.028696482351734,37.323201263589496,27.47249757912202,28.124227288366214,27.560230665688646,34.15879713017237,32.36036951060196
48.13943208054202,48.13943208054202,43.75735111668464,43.947199223076105,44.27113065963034,5.726137323077104,6.489569858026219,3.2854224514623893,47.936434465457125,47.38696051109026,46.93209159068818,47.1068968275871,45.73288204394982,9.547003835896104,9.547003835896104,1.1422889413211843,1.6130348182660779,0.0,2.497469450971318,2.573313910901465,9.053733954359483,13.208105800259183,13.085860830079817,29.180604317950444,29.832319286480043,31.92905878893644,30.30355676226714,32.796316877063376,35.23951394549163,35.58979057329732,27.22230126377599,27.22230126377599,5.566507837145428,9.949543508578692,5.566507837145428,12.422606042613559,8.052628952939067,8.052628952939067,8.052628952939067,8.052628952939067,8.052628952939067,8.052628952939067,8.052628952939067,39.12068765835346,34.501986617842306,36.326056867931236,36.326056867931236,30.148775542785014,30.30355676226714,36.45137826429815,48.20772439781319,50.94564499877817,53.99674275463959,50.47575535201797,53.64590245467029,2.266190463387698,12.364931915816882,6.183957914548831,44.00358968206566,46.92958542024933,46.07121844507417,56.878599819950516,46.271713563757885,3.4320447954258158,6.50992290526897,1.2193878489670587,5.776503131929594,17.822553100544262,4.654313589952475,19.58988929378198,17.352511755168585,31.37407278815538,29.4867942163971,29.052767434719676,30.268464684387645,21.338394086600893,18.461805875351686,28.733174529906012,40.3193479002772,28.8773047866691,33.76508061238243,30.794844592540297,22.86591853678366,13.123474651553263,15.248677955045343,17.76261831927359,11.023390719119385,3.1374890134730253,4.811155179785105,14.23935762534115,12.5467309036934,15.91320483271874,8.641257973356112,36.41566168192747,36.71016646346105,26.859462770421263,27.511192480148438,26.9471958570522,33.54576232699303,31.7473347058141
46.64196270313468,46.64196270313468,42.259881726012765,42.44972983295152,42.773661270445274,4.2286678726258655,4.992100407801873,4.782891902139195,46.43896508740613,45.88949113131119,45.43462220949432,45.60942744693525,44.23541265909428,8.049534386978966,8.049534386978966,2.639758392284553,3.110504269193316,2.497469450971318,0.0,1.0758444599342132,7.556264505188286,14.705575245534957,14.583330275462862,27.683134892652838,28.334849862419052,30.43158936905158,28.806087339118452,31.298847458994015,33.74204453281438,34.092321161426725,25.724831834937767,25.724831834937767,7.0639772871736,11.44701295636663,7.0639772871736,13.920075488560924,9.550098401856959,9.550098401856959,9.550098401856959,9.550098401856959,9.550098401856959,9.550098401856959,9.550098401856959,37.62321825508466,33.00451720349417,34.82858745778364,34.82858745778364,28.651306119334993,28.806087339118452,34.953908854447526,46.71025502062305,49.44817563055963,52.49927339702741,48.97828598222301,52.148433095805856,3.763659914239801,13.862401361811905,7.68142736434051,42.50612029210411,45.43211603904771,44.57374906124168,55.38113047294577,44.77424418053536,1.9345753445319533,8.007392354925338,2.278081602013813,7.273972581880247,16.325083658367777,3.156844139249771,18.09241985365169,15.855042312483858,32.871542206218436,30.984263638328375,27.55529800918293,28.770995261170498,19.840924648705304,16.964336433890658,27.235705103776287,38.82187850012327,27.379835360805927,32.2676111964021,29.29737517035895,24.363387970377804,14.620944096903411,16.74614739838055,19.260087759829265,12.520860166159189,4.634958464179663,6.308624630067293,15.736827069671568,14.044200349537427,17.410674275360943,10.138727421949557,34.918192271992076,35.21269705422711,25.36199334095589,26.013723051816005,25.449726427737644,32.04829291053412,30.249865285555355
46.56611824680243,46.56611824680243,42.18403726902059,42.373885375986546,42.697816813527005,4.1528234127092265,4.916255947894653,4.858736362048219,46.36312063104183,45.81364667486086,45.35877775297357,45.53358299044149,44.15956820239132,7.973689927129653,7.973689927129653,2.715602852213911,3.186348729119566,2.573313910901465,1.0758444599342132,0.0,7.480420045327444,14.781419705143486,14.659174735077157,27.60729043394651,28.259005403773575,30.355744910611932,28.730242880517913,31.223003000643963,33.666200074730796,34.016476703383034,25.648987376057427,25.648987376057427,7.139821747043577,11.522857416111242,7.139821747043577,13.995919948205598,9.625942861663953,9.625942861663953,9.625942861663953,9.625942861663953,9.625942861663953,9.625942861663953,9.625942861663953,37.54737379746706,32.92867274532797,34.75274299982522,34.75274299982522,28.57546166071961,28.730242880517913,34.87806439650382,46.63441056430162,49.37233117468518,52.42342894168185,48.90244152626997,52.07258864039782,3.8395043741604717,13.938245821459152,7.757271824196834,42.43027583514722,45.356271582526595,44.49790460458962,55.30528601812963,44.69839972391365,1.8587308845991255,8.083236814773922,2.3539260619450397,7.3498170417457285,16.2492391988374,3.0809996793233068,18.016575394220148,15.779197852929014,32.94738666439936,31.06010809671034,27.47945355046483,28.69515080256658,19.765080189382196,16.88849197439478,27.15986064502902,38.74603404266018,27.303990902071767,32.19176673815523,29.221530711806068,24.439232429368452,14.696788556515937,16.82199185788525,19.335932219186358,12.596704625862992,4.710802924090601,6.384469089952188,15.812671529229412,14.120044809176534,17.48651873482874,10.214571881738516,34.84234781404418,35.13685259631392,25.28614888204477,25.937878592960487,25.373881968833924,31.972448452263606,30.174020827097262
40.08569846515982,40.08569846515982,35.70361743523039,35.893465544337076,36.21739698555495,4.3275966341666035,3.564164098914936,11.339156401490593,39.88270084685716,39.33322688385694,38.878357956392534,39.05316319599643,37.67914839140234,1.4932698823100417,1.4932698823100417,9.196022895466868,9.666768771651556,9.053733954359483,7.556264505188286,7.480420045327444,0.0,21.261839709311253,21.139594739855774,21.126870467793935,21.778585442190888,23.875324964586948,22.24982292231809,24.742583061435568,27.185780155926835,27.536056787649763,19.16856739693131,19.16856739693131,13.620241780943005,18.003277435058898,13.620241780943005,20.476339956221867,16.106362887776715,16.106362887776715,16.106362887776715,16.106362887776715,16.106362887776715,16.106362887776715,16.106362887776715,31.066953914723864,26.44825282017767,28.272323090665267,28.272323090665267,22.095041701401396,22.24982292231809,28.397644488478758,40.15399078351696,42.89191142944212,45.943009238679124,42.42202177476832,45.59216893239665,10.319924415583918,20.418665829750836,14.237691856332267,35.94985600413568,38.87585178591499,38.01748479762222,48.824866357574955,38.217979919345495,6.621689161440677,14.56365684593282,8.834346105707535,13.830237075057822,9.76881917326287,5.399420367355221,11.536155375380975,9.298777825718794,39.427806529013786,37.54052798032839,20.999033583430634,22.214730844112577,13.284660178116708,10.408071951149715,20.679440675811996,32.26561417195917,20.823570933835416,25.711346806825347,22.741110757203238,30.919652371399515,21.177208561107072,23.30241185120761,25.816352197464848,19.07712464028506,11.191222963839506,12.864889125856866,22.293091528069198,20.60046481659673,23.96693872435502,16.69499190574122,28.36192790569521,28.65643269064721,18.805728900639796,19.457458615676718,18.8934619879764,25.492028519125697,23.693600879672235
