1000.0,1.0,7.134913632603659,6.869126272593013,6.415622242289089,60.378612962574024,59.309807456151475,70.19479617464505,1.284196675524846,2.053460250005336,2.6902767696362684,2.445549426112663,4.3691702139685304,55.02940003980087,55.02940003980087,67.19440942047213,67.85345361422678,66.99520491275882,64.89874778438855,64.7925655455234,55.71997785122376,84.08655194249118,83.9154089973752,27.542359674300574,26.629958708682388,23.694523365401572,25.970226234783812,22.48036202165856,19.059886056255245,18.569498765868147,30.28398397150022,30.28398397150022,73.38831552913184,79.52456506896233,73.38831552913184,82.98685236540847,76.86888487132686,76.86888487132686,76.86888487132686,76.86888487132686,76.86888487132686,76.86888487132686,76.86888487132686,13.626242710538138,20.092424337878356,17.538725928083615,17.538725928083615,26.186919944693674,25.970226234783812,17.363275968700698,1.0956092490542184,4.92869829749259,9.200235413290933,4.270852754869749,8.70905896227489,68.76787146916449,82.90610859396006,74.25274558460868,6.790179626700685,2.6937854084200774,3.895499230576322,13.234835574006452,3.6148060513260574,63.59034236301484,74.70909654323499,66.68806193971453,73.68230892397078,43.443631341382314,61.87916612631536,40.96936070222113,44.10168921497961,109.51890327687416,106.87671357668822,27.721331312571202,26.01935514441883,38.52145401404375,42.54867746908616,28.16876138346322,11.94811831700762,27.96697902216023,21.124092766773387,25.282423263558382,97.60748859458006,83.96806834340121,86.94335273332705,90.46286894785126,81.02795105689346,69.98768937294894,72.3308218719722,85.5303043850179,83.16062715782935,87.87369028582481,77.69296544512866,17.41327918529824,17.00097248049321,30.791957864881546,29.879536266156897,30.66913154298553,21.431138372326142,23.948937085751986
1.0,1000.0,7.134913632603659,6.869126272593013,6.415622242289089,60.378612962574024,59.309807456151475,70.19479617464505,1.284196675524846,2.053460250005336,2.6902767696362684,2.445549426112663,4.3691702139685304,55.02940003980087,55.02940003980087,67.19440942047213,67.85345361422678,66.99520491275882,64.89874778438855,64.7925655455234,55.71997785122376,84.08655194249118,83.9154089973752,27.542359674300574,26.629958708682388,23.694523365401572,25.970226234783812,22.48036202165856,19.059886056255245,18.569498765868147,30.28398397150022,30.28398397150022,73.38831552913184,79.52456506896233,73.38831552913184,82.98685236540847,76.86888487132686,76.86888487132686,76.86888487132686,76.86888487132686,76.86888487132686,76.86888487132686,76.86888487132686,13.626242710538138,20.092424337878356,17.538725928083615,17.538725928083615,26.186919944693674,25.970226234783812,17.363275968700698,1.0956092490542184,4.92869829749259,9.200235413290933,4.270852754869749,8.70905896227489,68.76787146916449,82.90610859396006,74.25274558460868,6.790179626700685,2.6937854084200774,3.895499230576322,13.234835574006452,3.6148060513260574,63.59034236301484,74.70909654323499,66.68806193971453,73.68230892397078,43.443631341382314,61.87916612631536,40.96936070222113,44.10168921497961,109.51890327687416,106.87671357668822,27.721331312571202,26.01935514441883,38.52145401404375,42.54867746908616,28.16876138346322,11.94811831700762,27.96697902216023,21.124092766773387,25.282423263558382,97.60748859458006,83.96806834340121,86.94335273332705,90.46286894785126,81.02795105689346,69.98768937294894,72.3308218719722,85.5303043850179,83.16062715782935,87.87369028582481,77.69296544512866,17.41327918529824,17.00097248049321,30.791957864881546,29.879536266156897,30.66913154298553,21.431138372326142,23.948937085751986
7.134913632603659,7.134913632603659,1000.0,1.2657873601228327,1.7192913905947254,54.243699556694764,53.174894041734326,64.05988285479322,6.85071695719843,6.081453382983403,5.444636863507802,5.689364206978618,3.765743419305364,48.89448659282338,48.89448659282338,61.059496072868896,61.71854027260938,60.860291563358494,58.763834416417865,58.65765217662883,49.58506440932255,77.95163876781938,77.7804958207479,21.40744608060915,20.495045111975152,17.55960975980129,19.835312635970265,16.34544841274113,12.92497243912998,12.434585147703745,24.149070387588658,24.149070387588658,67.25340224022551,73.38965184358862,67.25340224022551,76.85193917824411,70.73397161779994,70.73397161779994,70.73397161779994,70.73397161779994,70.73397161779994,70.73397161779994,70.73397161779994,7.491329083826806,13.957510723053911,11.403812307847499,11.403812307847499,20.05200634656507,19.835312635970265,11.228362348127135,7.230522881615022,11.063611927251374,15.335149037434256,10.405766385259797,14.843972587197689,62.632958135954816,76.77119540588524,68.11783230432826,1.3447340060465278,5.441128224724688,4.239414402702009,19.369749190431037,4.520107581939673,57.455428983771654,68.57418326755129,60.553148587554425,67.54739563798617,37.30871781939378,55.74425273269776,34.834447166698524,37.96677569673793,103.38399043896761,100.74180069952976,21.586417719485343,19.88444154575999,32.386540465992844,36.413763942101234,22.033847791911356,5.813204688192674,21.83206542991301,14.9891791544006,19.147509662615324,91.47257558753415,77.83315516737518,80.8084395919109,84.32795584899823,74.8930378479017,63.85277605114032,66.19590857265788,79.39539122700779,77.02571397262766,81.73877715548872,71.55805220023062,11.2783655648204,10.86605885923682,24.657044282900266,23.744622680734874,24.53421796053412,15.296224760712503,17.81402348087355
6.869126272593013,6.869126272593013,1.2657873601228327,1000.0,1.4535040304729088,54.5094869079687,53.4406813933586,64.32567020251963,6.584929597177405,5.815666022936811,5.178849503442834,5.423576846920413,3.49995605920407,49.16027394578002,49.16027394578002,61.32528342174274,61.98432762123594,61.12607891230654,59.029621766132124,58.92343952638116,49.850851762071905,78.21742610951009,78.0462831625202,21.67323343941934,20.760832470899317,17.825397119057058,20.101099994973623,16.611235772118405,13.190759798800302,12.700372507410115,24.41485774602528,24.41485774602528,67.51918958666961,73.65543918739249,67.51918958666961,77.11772652045593,70.99975896277495,70.99975896277495,70.99975896277495,70.99975896277495,70.99975896277495,70.99975896277495,70.99975896277495,7.757116443813065,14.223298082643428,11.669599667624775,11.669599667624775,20.317793705542716,20.101099994973623,11.494149707915822,6.964735521607983,10.797824567435821,15.069361677940096,10.139979025404868,14.578185227660777,62.89874548423384,77.03698274813502,68.38361965041449,1.0789466459237798,5.175340864659626,3.9736270426091846,19.10396183134507,4.254320221852528,57.72121633395033,68.83997061344672,60.81893593661643,67.81318298430911,37.57450517538831,56.01004008346791,35.10023452323415,38.23256305258218,103.64977776653345,101.00758802874782,21.852205078272576,20.15022890475754,32.652327823026496,36.67955129829587,22.29963515064031,6.0789920482393835,22.0978527886684,15.254966513902772,19.41329702169836,91.73836292220994,78.09894250912237,81.0742269322131,84.59374318752077,75.15882519102334,64.11856339894773,66.46169591953361,79.66117856800304,77.29150131475761,82.0045644953279,71.82383954484686,11.54415292460585,11.131846219048464,24.922831641262555,24.010410039229544,24.800005318914533,15.562012120187399,18.0798108401027
6.415622242289089,6.415622242289089,1.7192913905947254,1.4535040304729088,1000.0,54.96299092313847,53.89418540913025,64.77917421159886,6.131425566856857,5.362161992575578,4.725345473052684,4.970072816540865,3.0464520287583556,49.613777963841386,49.613777963841386,61.77878743279125,62.43783163186,61.57958292348247,59.48312577862338,59.3769435389378,50.30435577977693,78.67093010823767,78.49978716138767,22.126737467573506,21.214336499251434,18.278901147986197,20.554604023463376,17.064739801259513,13.644263828454495,13.153876537127699,24.868361773531568,24.868361773531568,67.97269359354873,74.10894318974316,67.97269359354873,77.57123052007688,71.45326296713405,71.45326296713405,71.45326296713405,71.45326296713405,71.45326296713405,71.45326296713405,71.45326296713405,8.210620474027113,14.676802112155816,12.123103697467284,12.123103697467284,20.771297733987772,20.554604023463376,11.947653737778468,6.511231491309843,10.344320537449756,14.615857648486092,9.68647499535413,14.124681198135702,63.35224949426143,77.49048674782107,68.83712365667961,1.374557384549286,4.721836834269327,3.5201230121761116,18.650457802572113,3.8008161914280714,58.17472034723905,69.29347461938455,61.2724399479879,68.26668699098028,38.028009198677445,56.46354409777236,35.55373854745599,38.686067075612335,104.10328174106306,101.46109200610664,22.305709106386875,20.60373293323721,33.10583184810743,37.13305532192982,22.753139178653463,6.532496078562988,22.551356816727438,15.70847054326217,19.8668010503267,92.1918669089165,78.55244650794684,81.5277309285606,85.04724718081825,75.61232919220419,64.5720674081659,66.91519992715315,80.11468256553852,77.74500531423821,82.45806849088179,72.27734354859066,11.997656954462792,11.58535024895167,25.37633566864006,24.463914066836406,25.253509346323423,16.015516149499085,18.533314868985443
60.378612962574024,60.378612962574024,54.243699556694764,54.5094869079687,54.96299092313847,1000.0,2.0688055495600888,10.816183681942748,60.09441629870981,59.325152755227926,58.68833626063485,58.93306359460328,57.00944287960502,6.349213122867236,6.349213122867236,7.815796770053295,8.474840997387613,7.616592252307946,5.520135021676212,5.413952777792917,5.6586352878332455,24.70794034156904,24.536797383851344,33.8362538925602,34.748654853648745,37.6840901745205,35.40838732355259,38.898251505498365,42.31872742393511,42.80911470625692,31.094629602023865,31.094629602023865,14.009703217923867,20.145953145900776,14.009703217923867,23.608240684214532,17.490272773920356,17.490272773920356,17.490272773920356,17.490272773920356,17.490272773920356,17.490272773920356,17.490272773920356,47.75237066162591,41.2861891582018,43.83988752599949,43.83988752599949,35.19169361502143,35.40838732355259,44.01533748216444,60.47422220768008,64.30731108734105,68.5788479909278,63.64946557513972,68.08767156560828,9.389258899908313,23.527496906937802,14.874133324943475,54.588433551247036,58.684827621987445,57.483113845535,72.61344792783096,57.76380701428988,4.211729539552094,15.330484311195299,7.309449263902949,14.30369663017708,17.934982119134535,2.500553226964433,20.40925279784917,17.276924233591462,50.14029399555112,47.49810401309897,33.65728225504259,35.35925841423587,22.857159516819515,18.829936006715354,33.209852185838784,49.43049501349943,33.411634546414795,40.25452074370442,36.09619028997034,38.22887811639194,24.589456733750517,27.564741348703055,31.084257845118824,21.649339236829963,10.609076868961386,12.952209499109072,26.15169289200529,23.78201548920936,28.49507897406063,18.31435340078444,43.96533426648837,44.377640963591475,30.586655708732597,31.499077307039656,30.709482030639634,39.9474751421513,37.429676456585575
59.309807456151475,59.309807456151475,53.174894041734326,53.4406813933586,53.89418540913025,2.0688055495600888,1000.0,11.884989230176512,59.02561079187091,58.2563472472722,57.61953075176582,57.86425808608403,55.940637368376855,5.280407573591598,5.280407573591598,8.884602318946197,9.543646546154875,8.685397801236707,6.588940570922622,6.482758327052514,4.58982973848091,25.776745883843013,25.60560292622782,32.76744835597802,33.67984931781094,36.61528464121861,34.33958178826599,37.82944597330831,41.24992189507536,41.74030917789861,30.025824063330006,30.025824063330006,15.078508765210795,21.21475869065901,15.078508765210795,24.67704622713448,18.559078319887465,18.559078319887465,18.559078319887465,18.559078319887465,18.559078319887465,18.559078319887465,18.559078319887465,46.68356513865806,40.21738362830592,42.77108199871477,42.77108199871477,34.12288807955258,34.33958178826599,42.946531955065105,59.405416701398075,63.23850558688167,67.51004249739138,62.58066007365486,67.01886607125249,10.458064448483396,24.596302449904,15.942938871930634,53.519628036741345,57.616022113113395,56.41430833496527,71.54464244125421,56.695001504112994,5.280535088941468,16.399289858016736,8.378254812885066,15.372502177364131,16.866176572914533,3.569358776476642,19.340447252714725,16.208118687108414,51.209099514548804,48.566909535257906,32.58847671831685,34.29045287890783,21.78835397290917,17.7611304608704,32.1410466487576,48.361689492500524,32.34282900949329,39.185715212799884,35.027384755269935,39.297683648279616,25.658262276095535,28.633546889159106,32.15306338305775,22.71814478082643,11.67788241724782,14.021015046737535,27.22049843338577,24.85082103202922,29.563884513881103,19.383158946395113,42.89652873933613,43.30883543687739,29.51785016966808,30.43027176864551,29.64067649166416,38.87866961095172,36.36087092305538
70.19479617464505,70.19479617464505,64.05988285479322,64.32567020251963,64.77917421159886,10.816183681942748,11.884989230176512,1000.0,69.91059951495743,69.14133598268737,68.50451949727265,68.74924682772489,66.82562613999298,16.165396795559445,16.165396795559445,4.000386914219879,3.341342686549446,4.199591432047344,6.296048662994873,6.402230906867508,15.474818962086829,14.891756697123578,14.720613738676914,43.65243741456252,44.56483836768228,47.50027366162094,45.224570831705165,48.71443498088072,52.13491086448642,52.62529814159443,40.91081314682261,40.91081314682261,4.193519540714094,10.329769484300456,4.193519540714094,13.792057035201012,7.674089104512952,7.674089104512952,7.674089104512952,7.674089104512952,7.674089104512952,7.674089104512952,7.674089104512952,57.56855404132163,51.10237260955058,53.65607095019773,53.65607095019773,45.007877125116664,45.224570831705165,53.83152090444233,70.29040541834185,74.1234942397696,78.39503107447331,73.46564873780305,77.90385465728856,2.4269247833984817,13.71131325759972,5.057949649414148,64.4046168447411,68.50101085867554,67.29929709928795,82.42963094245057,67.57999026408665,7.604454144808346,5.514300636621709,4.506734420561232,4.4875129535197384,27.751165749385738,9.315630456400683,30.225436415059885,27.093107867075148,40.32411053332087,37.681920525113824,43.473465778585634,45.175441922829826,32.67334311975012,28.646119632411427,43.02603571320148,59.24667837302938,43.22781807206058,50.07070420559708,45.91237379188545,28.41269455055837,14.773273088799678,17.748557717408687,21.268074232574985,11.833155580360273,1.2071068132081182,3.1360258200748716,16.335509253974294,13.965831840899408,18.678895347449203,8.498169733627968,53.781517689314285,54.1938243818815,40.402839257565894,41.31526084858378,40.52566557850281,49.763658607134865,47.24585994609854
1.284196675524846,1.284196675524846,6.85071695719843,6.584929597177405,6.131425566856857,60.09441629870981,59.02561079187091,69.91059951495743,1000.0,1.7692635744831913,2.4060800941193445,2.161352750593413,4.084973538478327,54.745203373928504,54.745203373928504,66.91021275944041,67.5692569534852,66.71100825163997,64.61455112236858,64.50836888345856,55.435781185600014,83.80235528979979,83.63121234458987,27.25816300109583,26.34576203532015,23.41032669157014,25.686029561311145,22.19616534764978,18.775689381799552,18.285302091354755,29.99978729880198,29.99978729880198,73.10411887094,79.24036841383325,73.10411887094,82.70265571211691,76.5846882148418,76.5846882148418,76.5846882148418,76.5846882148418,76.5846882148418,76.5846882148418,76.5846882148418,13.342046035532432,19.808227663549374,17.25452925345416,17.25452925345416,25.90272327125695,25.686029561311145,17.079079294052182,1.3798059245789436,5.21289497296225,9.484432088583747,4.555049430355824,8.993255637594235,68.48367480883022,82.62191194062473,73.96854892683325,6.505982951282084,2.409588732903189,3.6113025550766777,13.519032249020363,3.330609375821524,63.30614570044715,74.42489988568143,66.40386527846186,73.39811226591998,43.159434671809215,61.59496946304843,40.685164031972825,43.817492545592906,109.23470664027911,106.59251693822331,27.437134639398003,25.735158470954286,38.23725734316735,42.26448079926415,27.884564710369805,11.663921641871747,27.682782349030678,20.839896092578098,24.99822658997364,97.32329194991748,83.68387169064478,86.65915608223189,90.17867229879643,80.74375440255255,69.7034927131666,72.0466252132776,85.24610773312651,82.8764305046321,87.58949363526108,77.40876878905938,17.129082510655138,16.716775805806005,30.507761192282633,29.59533959338079,30.384934870362443,21.146941698171997,23.664740411958952
2.053460250005336,2.053460250005336,6.081453382983403,5.815666022936811,5.362161992575578,59.325152755227926,58.2563472472722,69.14133598268737,1.7692635744831913,1000.0,1.6368165196442317,1.3920891761143297,3.315709964059583,53.975939825061786,53.975939825061786,66.14094922356074,66.79999341838462,65.94174471552635,63.84528758383566,63.73910534480521,54.666517637399714,83.03309177633511,82.86194883087259,26.488899432643105,25.576498466449785,22.641063121457655,24.91676599214812,21.426901777068814,18.006425810041385,17.516038519445075,29.23052373169419,29.23052373169419,72.3348553426884,78.4711048938136,72.3348553426884,81.93339219703819,75.81542469117709,75.81542469117709,75.81542469117709,75.81542469117709,75.81542469117709,75.81542469117709,75.81542469117709,12.572782462337141,19.038964092124395,16.4852656812401,16.4852656812401,25.13345970218919,24.91676599214812,16.30981572178822,2.1490694990581973,5.982158547256016,10.253695662358218,5.324313004700279,9.762519211445188,67.71441127482345,81.85264842542837,73.19928539970067,5.73671937703414,1.6403251584281415,2.842038980636881,14.288295822001555,2.5613458013711607,62.53688216044415,73.65563635914498,65.63460174198889,72.6288487380475,42.39017111303546,60.825705921168954,39.915900471394956,43.04822898731744,108.4654431701423,105.82325346305032,26.66787107102896,24.965894901812785,37.46799378091262,41.49521723982515,27.11530114221246,10.894658068340066,26.91351878077741,20.07063252150517,24.228963020513838,96.55402845805665,82.91460817700516,85.8898925730608,89.40940879511467,79.97449088465213,68.93422918064219,71.27736168367517,84.47684422181352,82.107166989807,86.82023012751957,76.63950526651232,16.359818938405333,15.947512233440738,29.73849762543887,28.826076026066108,29.615671303454405,20.377678127207552,22.895476841947975
2.6902767696362684,2.6902767696362684,5.444636863507802,5.178849503442834,4.725345473052684,58.68833626063485,57.61953075176582,68.50451949727265,2.4060800941193445,1.6368165196442317,1000.0,1.2447273435306185,2.678893444444384,53.33912332606721,53.33912332606721,65.50413273518943,66.16317693065133,65.30492822696345,63.20847109329205,63.102288854163,54.02970113894954,82.39627530634215,82.22513236067229,25.85208291772338,24.9396819511939,22.00424660520433,24.279949476656892,20.79008526044043,17.3696092924744,16.87922200175781,28.593707217859045,28.593707217859045,71.69803886056678,77.83428841844216,71.69803886056678,81.29657572572063,75.17860821281606,75.17860821281606,75.17860821281606,75.17860821281606,75.17860821281606,75.17860821281606,75.17860821281606,11.93596594363753,18.40214757482239,15.848449163311686,15.848449163311686,24.49664318677455,24.279949476656892,15.67299920382034,2.785886018687102,6.618975066691116,10.890512181318572,5.961129524184251,10.399335730474021,67.07759478798607,81.21583195401423,72.56246891849634,5.09990285753491,1.0035086387839265,2.205222461009228,14.925112340262844,1.9245292817377093,61.900065668697295,73.01881987842933,64.99778525313172,71.9920322562366,41.75335460596124,60.18888942788668,39.27908396285322,42.41141248064881,107.8286267357501,105.18643702451685,26.031054556176617,24.32907838633887,36.83117727100844,40.858400732209645,26.478484627530683,10.257841549379608,26.276702266018344,19.43381600448377,23.592146504784154,95.91721200580591,82.2777917068686,85.25307610659218,88.77259233315326,79.33767441101921,68.29741269501916,70.64054520044641,83.84002775358663,81.47035051869754,86.18341366222461,76.00268878906783,15.723002420448664,15.310695715392807,29.101681111816948,28.189259512063938,28.97885478978058,19.74086161027273,22.25866032577603
2.445549426112663,2.445549426112663,5.689364206978618,5.423576846920413,4.970072816540865,58.93306359460328,57.86425808608403,68.74924682772489,2.161352750593413,1.3920891761143297,1.2447273435306185,1000.0,2.9236207879657345,53.58385066172111,53.58385066172111,65.74886006677448,66.40790426199197,65.54965555862194,63.45319842570935,63.347016186618085,54.27442847439501,82.64100263088346,82.46985968529312,26.096810259466338,25.184409293065027,22.248973947455465,24.524676818617717,21.03481260283434,17.614336635225158,17.12394934455424,28.8384345591883,28.8384345591883,71.9427661897571,78.0790157450453,71.9427661897571,81.54130305076974,75.42333554056509,75.42333554056509,75.42333554056509,75.42333554056509,75.42333554056509,75.42333554056509,75.42333554056509,12.18069328681744,18.646874917472477,16.093176506199626,16.093176506199626,24.741370528706188,24.524676818617717,15.91772654672325,2.5411586751643833,6.374247723247189,10.645784838061898,5.716402180720803,10.154608387190477,67.32232211898345,81.4605592791004,72.8071962473351,5.344630201014418,1.2482359823145424,2.449949804534832,14.680384997279356,2.1692566252652257,62.144793001575536,73.26354720708083,65.24251258490295,72.23675958530782,41.99808194470709,60.43361676135307,39.52381130216025,42.65613981923954,108.07335404663873,105.43116433699403,26.275781897893886,24.57380572829309,37.075904610836304,41.1031280711625,26.723211969182916,10.502568892657871,26.521429607700053,19.678543347027183,23.836873846835843,96.16193932354417,82.52251903146498,85.49780342978234,89.01731965461528,79.58240173695593,68.54214002555122,70.88527253006099,84.08475507745086,81.71507784366689,86.42814098496477,76.24741611646557,15.96772976334732,15.555423058326078,29.34640845306483,28.433986853456922,29.22358213104827,19.985588952783218,22.50338766799618
4.3691702139685304,4.3691702139685304,3.765743419305364,3.49995605920407,3.0464520287583556,57.00944287960502,55.940637368376855,66.82562613999298,4.084973538478327,3.315709964059583,2.678893444444384,2.9236207879657345,1000.0,51.66022993367714,51.66022993367714,63.82523937025175,64.48428356736568,63.626034861529746,61.52957772273199,61.42339548334784,52.35080774796327,80.71738198908669,80.54623904287809,24.17318948460159,23.260788517227503,20.32535316874211,22.601056042100108,19.111191823044745,15.690715852760166,15.20032856174882,26.914813787471658,26.914813787471658,70.01914551182327,76.15539508721497,70.01914551182327,79.61768240502317,73.49971487382821,73.49971487382821,73.49971487382821,73.49971487382821,73.49971487382821,73.49971487382821,73.49971487382821,10.25707250118496,16.723254135759646,14.169555722713936,14.169555722713936,22.8177497524098,22.601056042100108,13.994105763126528,4.464779463009659,8.29786851032798,12.56940562350909,7.640022967979948,12.07822917286746,65.39870142702065,79.53693863306592,70.88357557213172,3.4210094132858906,2.675384805660573,1.4736709834463935,16.604005780426412,1.7543641627204039,60.22117229502468,71.33992653333235,63.31889188693628,70.3131389082989,40.07446119279831,58.509996050244126,37.60019054593417,40.732519068525185,106.14973351119275,103.50754378916179,24.35216112322434,22.65018495182546,35.15228385060908,39.17950731766045,24.799591195007668,8.578948106315849,24.597808833300768,17.754922566113784,21.913253069630045,94.23831873470947,80.59889838924006,83.57418279849803,87.09369903678149,77.65878108430697,66.6185193371996,68.96165184883228,82.16113444092139,79.79145719854088,84.50452035718232,74.32379545245882,14.044108979782102,13.631802274504466,27.422787681968547,26.510366081254627,27.299961359800932,18.06196817211699,20.579766889516744
55.02940003980087,55.02940003980087,48.89448659282338,49.16027394578002,49.613777963841386,6.349213122867236,5.280407573591598,16.165396795559445,54.745203373928504,53.975939825061786,53.33912332606721,53.58385066172111,51.66022993367714,1000.0,1.0,13.165009887767418,13.824054114297512,12.965805370254545,10.869348141770551,10.763165897981514,1.6905778352340584,30.057153421660765,29.886010464501595,28.487040825906504,29.399441790477717,32.33487712326006,30.059174262964593,33.54903845947938,36.9695143936735,37.459901678374386,25.745416525531162,25.745416525531162,19.35891632595189,25.49516623963996,19.35891632595189,28.957453767831897,22.839485874416564,22.839485874416564,22.839485874416564,22.839485874416564,22.839485874416564,22.839485874416564,22.839485874416564,42.4031576594063,35.93697612302928,38.490674503215786,38.490674503215786,29.84248055357903,30.059174262964593,38.66612446026188,55.125009285584795,58.95809819336706,63.229635130465425,58.300252676208366,62.738458701175816,14.73847201561303,28.87670999080814,20.223346431241144,49.239220589559864,53.335614687395676,52.1339009027764,67.26423510112686,52.414594073422656,9.560942660710161,20.679697416542087,12.658662382198331,19.652909737627002,12.585769008476877,7.8497663491926835,15.060039691966075,11.92771112179243,55.48950695237999,52.84731698645259,28.30806918771796,30.01004535345365,17.507946416411354,13.48072289769657,27.86063911685432,44.081282020687496,28.06242147817579,34.905307703758346,30.746977232133222,43.57809114090324,29.93866981422931,32.913954418936065,36.43347090181726,26.998552326356513,15.958289982896817,18.301422609127847,31.500905967240975,29.13122857227958,33.844292040865,23.66356649927743,38.616121244334295,39.028427943520626,25.237442630520015,26.14986423193937,25.36026895283996,34.59826210081024,32.08046340425022
55.02940003980087,55.02940003980087,48.89448659282338,49.16027394578002,49.613777963841386,6.349213122867236,5.280407573591598,16.165396795559445,54.745203373928504,53.975939825061786,53.33912332606721,53.58385066172111,51.66022993367714,1.0,1000.0,13.165009887767418,13.824054114297512,12.965805370254545,10.869348141770551,10.763165897981514,1.6905778352340584,30.057153421660765,29.886010464501595,28.487040825906504,29.399441790477717,32.33487712326006,30.059174262964593,33.54903845947938,36.9695143936735,37.459901678374386,25.745416525531162,25.745416525531162,19.35891632595189,25.49516623963996,19.35891632595189,28.957453767831897,22.839485874416564,22.839485874416564,22.839485874416564,22.839485874416564,22.839485874416564,22.839485874416564,22.839485874416564,42.4031576594063,35.93697612302928,38.490674503215786,38.490674503215786,29.84248055357903,30.059174262964593,38.66612446026188,55.125009285584795,58.95809819336706,63.229635130465425,58.300252676208366,62.738458701175816,14.73847201561303,28.87670999080814,20.223346431241144,49.239220589559864,53.335614687395676,52.1339009027764,67.26423510112686,52.414594073422656,9.560942660710161,20.679697416542087,12.658662382198331,19.652909737627002,12.585769008476877,7.8497663491926835,15.060039691966075,11.92771112179243,55.48950695237999,52.84731698645259,28.30806918771796,30.01004535345365,17.507946416411354,13.48072289769657,27.86063911685432,44.081282020687496,28.06242147817579,34.905307703758346,30.746977232133222,43.57809114090324,29.93866981422931,32.913954418936065,36.43347090181726,26.998552326356513,15.958289982896817,18.301422609127847,31.500905967240975,29.13122857227958,33.844292040865,23.66356649927743,38.616121244334295,39.028427943520626,25.237442630520015,26.14986423193937,25.36026895283996,34.59826210081024,32.08046340425022
67.19440942047213,67.19440942047213,61.059496072868896,61.32528342174274,61.77878743279125,7.815796770053295,8.884602318946197,4.000386914219879,66.91021275944041,66.14094922356074,65.50413273518943,65.74886006677448,63.82523937025175,13.165009887767418,13.165009887767418,1000.0,1.6590442277241586,1.1992045178496578,3.2956617491983735,3.401843993099475,12.474432053653613,17.89214360318013,17.72100064491565,40.65205055935553,41.56445151512762,44.49988681799547,42.22418398110469,45.714048141125204,49.134524036189305,49.624911315007374,37.910426283996856,37.910426283996856,7.193906454245467,13.330156394517475,7.193906454245467,16.79244394239275,10.674476016485782,10.674476016485782,10.674476016485782,10.674476016485782,10.674476016485782,10.674476016485782,10.674476016485782,54.56816723291546,48.101985777708,50.655684127260194,50.655684127260194,42.00749027387094,42.22418398110469,50.8311340821334,67.29001866462237,71.1231075047595,75.39464436153187,70.46526199950844,74.90346794174407,2.5734621308995678,16.711700164871495,8.058336562637102,61.404230064306006,65.50062409657609,64.29891033168721,79.42924425153468,64.57960349776178,4.604067231417421,8.514687549660877,1.5063475064031806,7.487899866952054,24.75077885731665,6.31524354372023,27.225049527564114,24.0927209738618,43.324497389719824,40.68230738875768,40.47307892286523,42.17505507208277,29.672956237200324,25.645732741947114,40.02564885620735,56.24629157118541,40.22743121563914,47.07031737028677,42.91198694335478,31.4130814357966,17.77365999498258,20.748944620123737,24.26846113039436,14.83354248936599,3.7932801010319013,6.136412733912838,19.335896158412982,16.966218747917353,21.67928224895375,11.498556645108431,50.78113086682599,51.19343756087752,37.402452393386355,38.314873986848845,37.52527871464896,46.76327177080692,44.24547310167527
67.85345361422678,67.85345361422678,61.71854027260938,61.98432762123594,62.43783163186,8.474840997387613,9.543646546154875,3.341342686549446,67.5692569534852,66.79999341838462,66.16317693065133,66.40790426199197,64.48428356736568,13.824054114297512,13.824054114297512,1.6590442277241586,1000.0,1.8582487455725087,3.954705976870642,4.060888220767392,13.133476280312177,17.233099377551547,17.061956419243987,41.31109477482734,42.223495730033186,45.158931030992264,42.88322819559283,46.373092353293686,49.79356824590218,50.2839555243534,38.56947050109305,38.56947050109305,6.53486222678345,12.671112167893341,6.53486222678345,16.133399716495127,10.015431789428428,10.015431789428428,10.015431789428428,10.015431789428428,10.015431789428428,10.015431789428428,10.015431789428428,55.227211438356505,48.761029988181164,51.31472833582304,51.31472833582304,42.666534488496936,42.88322819559283,51.490178290561346,67.94906285827913,71.78215169437532,76.05368854637673,71.12430618983393,75.56251212715188,1.9144179031864137,16.052655938954842,7.399292335258309,62.063274263725546,66.15966829204149,64.95795452833946,80.0882884316138,65.23864769413882,5.263111459024032,7.855643322330624,2.1653917341228253,6.828855639517059,25.409823080600603,6.974287771201424,27.884093749887825,24.75176519738531,42.6654531754541,40.02326317285326,41.13212313844661,42.83409928660221,30.33200045848147,26.304776964894604,40.6846930720605,56.9053357752151,40.886475431370116,47.729361581503156,43.571031157400576,30.754037214982933,17.11461576932412,20.089900395280278,23.609416906689273,14.174498263034844,3.1342358733533358,5.4773685063645425,18.67685193316562,16.30717452206102,21.02023802439284,10.839512418173982,51.44017507529243,51.85248176902529,38.061496610770824,38.9739182037127,38.184322931964104,47.422315982241315,44.90451731484274
66.99520491275882,66.99520491275882,60.860291563358494,61.12607891230654,61.57958292348247,7.616592252307946,8.685397801236707,4.199591432047344,66.71100825163997,65.94174471552635,65.30492822696345,65.54965555862194,63.626034861529746,12.965805370254545,12.965805370254545,1.1992045178496578,1.8582487455725087,1000.0,3.096457231359845,3.2026394752620506,12.275227536103275,18.091348120362856,17.920205162111742,40.45284604513062,41.365247001072056,44.300682304511014,42.02497946717399,45.51484362788872,48.93531952368828,49.42570680261625,37.71122176928638,37.71122176928638,7.393110972003599,13.529360912010167,7.393110972003599,16.991648459658983,10.873680534114692,10.873680534114692,10.873680534114692,10.873680534114692,10.873680534114692,10.873680534114692,10.873680534114692,54.36896272169484,47.90278126497922,50.456479615103724,50.456479615103724,41.808285759899015,42.02497946717399,50.63192957001741,67.09081415693846,70.92390299828944,75.19543985649543,70.26605749282515,74.7042634365384,2.772666648742777,16.910904682143634,8.257541080368362,61.20502555489192,65.30141958834906,64.09970582310385,79.23003974793072,64.38039898926104,4.404862713596142,8.713892067376557,1.3071429885538821,7.687104384701432,24.551574340761967,6.116039025933464,27.02584501129477,23.893516457236018,43.52370190341753,40.88151190295594,40.27387440860755,41.9758505581427,29.473751721241246,25.44652822549236,39.82644434186842,56.04708706038809,40.02822670133674,46.87111285733539,42.71278242955642,31.612285951497125,17.972864512174567,20.948149137063478,24.467665646983022,15.03274700676714,3.9924846188622354,6.335617251699148,19.535100675477608,17.16542326517076,21.878486765806237,11.697761162698555,50.58192635469845,50.99423304884547,37.20324787858977,38.11566947220781,37.32607419987308,46.56406725779023,44.04626858813974
64.89874778438855,64.89874778438855,58.763834416417865,59.029621766132124,59.48312577862338,5.520135021676212,6.588940570922622,6.296048662994873,64.61455112236858,63.84528758383566,63.20847109329205,63.45319842570935,61.52957772273199,10.869348141770551,10.869348141770551,3.2956617491983735,3.954705976870642,3.096457231359845,1000.0,1.1061822439078983,10.1787703072636,20.187805343748938,20.016662385648004,38.35638884971397,39.26878980738667,42.20422511667221,39.92852227476583,43.41838644259162,46.838862345940136,47.329249625997406,35.614764568912875,35.614764568912875,9.48956820204304,15.62581813891328,9.48956820204304,19.088105683985294,12.970137762599741,12.970137762599741,12.970137762599741,12.970137762599741,12.970137762599741,12.970137762599741,12.970137762599741,52.27250555711852,45.80632408489183,48.36002244089709,48.36002244089709,39.71182856706899,39.92852227476583,48.53547239622653,64.99435702887227,68.82744588278348,73.09898275583836,68.16960037511221,72.6078063341282,4.869123879935721,19.007361906536666,10.353998310076713,59.10856840894575,63.20496245466679,62.00324868573834,77.13358266212407,62.28394185274951,2.3084054823447344,10.810349296895472,2.789314242819338,9.783561614632346,22.45511712171489,4.019581794949679,24.92938779511237,21.797059237477402,45.620159088705805,42.97796909365972,38.1774172128561,39.87939336563869,27.377294508187425,23.35007100744692,37.7299871452868,53.95062990017258,37.931769505128294,44.77465567496293,40.616325238502526,33.708743158528925,20.069321735664772,23.044606357732768,26.564122863760968,17.12920423262286,6.088941849851528,8.432074482094208,21.63155789754019,19.261880489352396,23.97494398550532,13.794218390729378,48.485469180788904,48.897775875917944,35.106790677338246,36.019212272542404,35.229616998832704,44.467610074747775,41.949811399777495
64.7925655455234,64.7925655455234,58.65765217662883,58.92343952638116,59.3769435389378,5.413952777792917,6.482758327052514,6.402230906867508,64.50836888345856,63.73910534480521,63.102288854163,63.347016186618085,61.42339548334784,10.763165897981514,10.763165897981514,3.401843993099475,4.060888220767392,3.2026394752620506,1.1061822439078983,1000.0,10.07258806345842,20.29398758720088,20.122844629108016,38.25020660752511,39.162607565283004,42.0980428748567,39.82234003272507,43.31220420090154,46.732680104623114,47.223067384736254,35.50858232648039,35.50858232648039,9.595750445861007,15.73200038255574,9.595750445861007,19.19428792748784,13.076320006329533,13.076320006329533,13.076320006329533,13.076320006329533,13.076320006329533,13.076320006329533,13.076320006329533,52.166323316453884,45.70014184345916,48.2538401997553,48.2538401997553,39.60564632500745,39.82234003272507,48.42929015510535,64.88817479002225,68.72126364455924,72.99280051835458,68.06341813677795,72.50162409655694,4.9753061238246605,19.113544150042813,10.460180553875567,59.00238616920611,63.09878021553723,61.89706644642547,77.02740042538147,62.17775961347911,2.2022232384387754,10.916531540683494,2.8954964867230553,9.889743858444021,22.348934878372358,3.913399551052629,24.823205551908202,21.690876994100616,45.7263413301591,43.08415133539447,38.07123497065076,39.77321112359321,27.271112265135073,23.24388876415269,37.62380490304063,53.844447659724246,37.82558726290047,44.66847343341732,40.510142996528494,33.814925401115836,20.17550397912231,23.150788601039352,26.6703051068609,17.235386476208188,6.19512409372684,8.538256725933064,21.73774014092118,19.368062732847147,24.08112622876023,13.900400634433922,48.379286939661846,48.791593634839494,35.00060843486268,35.91303003014468,35.123434756367494,44.361427833169046,41.843629157936164
55.71997785122376,55.71997785122376,49.58506440932255,49.850851762071905,50.30435577977693,5.6586352878332455,4.58982973848091,15.474818962086829,55.435781185600014,54.666517637399714,54.02970113894954,54.27442847439501,52.35080774796327,1.6905778352340584,1.6905778352340584,12.474432053653613,13.133476280312177,12.275227536103275,10.1787703072636,10.07258806345842,1000.0,29.366575593035755,29.195432635798085,29.17761865491151,30.09001961906724,33.025454950421725,30.749752091245323,34.23961628600979,37.66009221829757,38.150479502709665,26.435994355703833,26.435994355703833,18.668338493320206,24.804588409082452,18.668338493320206,28.26687593871061,22.148908042887403,22.148908042887403,22.148908042887403,22.148908042887403,22.148908042887403,22.148908042887403,22.148908042887403,43.093735480613404,36.62755394824874,39.18125232693137,39.18125232693137,30.533058381961954,30.749752091245323,39.356702283870256,55.81558709692374,59.64867600121895,63.92021293415077,58.99083048467564,63.429036505355306,14.047894181817485,28.186132161651166,19.53276859886517,49.92979840578996,54.026192500280985,52.8244787166711,67.95481290060494,53.105171887083685,8.870364826016948,19.98911958430595,11.968084547990548,18.962331905080948,13.276346842568016,7.159188514297309,15.750617525533364,12.61828895600631,54.79892914061929,52.156739172459744,28.998647016802888,30.700623181757607,18.19852424936339,14.171300731609602,28.55121694613679,44.771859840742835,28.752999307369578,35.59588552955548,31.437555060084527,42.88751331995932,29.248091985549898,32.22337659169065,35.742893076450784,26.307974496399083,15.267712149375306,17.610844776199613,30.810328139296875,28.44065074323542,33.15371421409703,22.972988668037704,39.30669906797329,39.71900576690609,25.928020460895713,26.8404420619474,26.050846783166957,35.28883992677597,32.771041231541126
84.08655194249118,84.08655194249118,77.95163876781938,78.21742610951009,78.67093010823767,24.70794034156904,25.776745883843013,14.891756697123578,83.80235528979979,83.03309177633511,82.39627530634215,82.64100263088346,80.71738198908669,30.057153421660765,30.057153421660765,17.89214360318013,17.233099377551547,18.091348120362856,20.187805343748938,20.29398758720088,29.366575593035755,1000.0,1.1711429588245417,57.54419372241019,58.45659466076731,61.39202990537735,59.11632711394739,62.60619120341574,66.026667024663,66.51705429251918,54.80256949740438,54.80256949740438,11.698237161910502,5.561987219673959,11.698237161910502,2.099699664186443,8.217667600365402,8.217667600365402,8.217667600365402,8.217667600365402,8.217667600365402,8.217667600365402,8.217667600365402,71.46031009461986,64.99412878895183,67.54782708142085,67.54782708142085,58.89963341093587,59.11632711394739,67.72327703227761,84.1821611838284,88.01524990820297,92.28678662910716,87.35740442323346,91.79561022531088,16.318681477001668,2.180443441938632,10.833807054134379,78.29637274993435,82.39276666782963,81.1910529371825,96.32138638412937,81.47174609531018,21.496210820124755,10.3774560673175,18.39849110785758,11.404243749446097,41.64292227116798,23.207387123771912,44.117192908935806,40.984864395945735,26.4323539969161,23.790163962354026,57.36522208929737,59.06719820588437,46.56509958406611,42.53787614432866,56.91779203102792,73.13843439137887,57.11957438668648,63.96246040386083,59.8041300626731,14.520937913036244,1.1184836085865084,3.8568010279835603,7.376317556241037,4.058601122096183,15.098863509861458,12.755730881092063,2.4437525604133414,1.9259248581561845,4.78713866109749,7.393586971212834,67.6732738181161,68.08558050268921,54.29459561579777,55.20701719301471,54.41742193489259,63.65541481094569,61.13761619424099
