1000.0,5.6349529999484025,570.0742202122412,576.8868778344222,93.24336472870985,128.8489270063139,93.24336472870985,97.07077652352866,576.9219946476182,576.8868778344222,130.49928879169713,97.07077652352866,130.49928879169713,128.8489270063139,93.24336472870985,1263.110357008421,1383.225449577937,1415.8536377352368,1419.998027958054,1400.50537115251,1430.4292606411418,169.50623001065654,188.6133942201518,253.92662484016643,402.9559361813691,835.1768381157539,835.1768381157539,1415.2916867485433,1390.1093145493235,1386.3864069592942,1430.4292606411418,1691.6377130643796,149.00444168401503,149.00444168401503,147.98613001335974,116.3834437196601,116.3834437196601,15.536885522853353,1735.1560471305443,1756.6870315639997,1593.538270035527,1710.2181398505368,297.5745362188868,309.86483655615547,309.86483655615547,309.86483655615547,309.86483655615547,309.86483655615547,309.86483655615547,282.72086545542385,57.07620479521414,334.48063140140204,103.07525337314944,37.9741801393768,60.79762940179353,29.547037502667585,758.3383128828593,548.6881464226669,119.57881854905645,767.117799897017,216.1431815892034,415.2464618499065,782.5697296102062,298.66310461685896,473.89018903345595,1214.5382120738443,1456.8762081348289,1589.9908457068282,2107.3759514708295,2040.2853706630042,2056.443240014908,321.487973339355,420.1626794751779,599.9586700676647,462.30186018067906,1272.4876730358378,1207.162868040015,1207.162868040015,930.7698923955492,524.1065507024572,496.3645903708628,1589.9908457068282,889.7541041619372,63.95779215653744,191.76736293931194,515.4920758811261,569.9125529661328,193.87409029596657,1538.0090372991706,1617.7380845029209,1611.415917046624,1480.4081229407082,158.2043690890101,107.14650900154447,299.01425575649,159.11299016029042,55.17955799182848,9.181391786300782,173.65466198377808,71.12167676969325
5.6349529999484025,1000.0,574.7091732013008,581.5218308232209,97.87831772836,133.48388000569705,97.87831772836,101.70572952315419,581.5569476364154,581.5218308232209,135.1342417910659,101.70572952315419,135.1342417910659,133.48388000569705,97.87831772836,1267.7453099550971,1387.8604025140212,1420.4885906682784,1424.6329808907042,1405.1403240869918,1435.0642135728015,164.87127701163004,193.24834721889664,258.56157783794123,407.5908891758656,839.8117910923736,839.8117910923736,1419.9266396816379,1394.7442674847716,1391.021359895087,1435.0642135728015,1696.2726659688826,153.63939468320956,153.63939468320956,152.6210830125645,121.01839671914635,121.01839671914635,10.901932522909755,1739.791000030083,1761.3219844610364,1598.1732229507602,1714.8530927529355,302.2094892158548,314.49978955287327,314.49978955287327,314.49978955287327,314.49978955287327,314.49978955287327,314.49978955287327,287.35581845268064,61.711157795048926,339.11558439758863,107.71020637273432,33.33922713946831,56.16267640195522,24.912084502741966,762.9732658635662,553.3230994125262,124.21377154851727,771.7527528772769,220.7781345875741,419.8814148440664,787.2046825896666,303.2980576138052,478.5251420258719,1219.1731650245315,1461.5111610639449,1594.6257986224366,2112.0109043227826,2044.9203235242117,2061.078192873914,326.122926335827,424.79763246920055,604.593623055556,466.93681317345784,1277.1226259817217,1211.797820991297,1211.797820991297,935.4048453665362,528.7415036931977,500.99954336254984,1594.6257986224366,885.1191511882471,59.32283915671159,187.13240994054905,510.8571228899391,565.2775999769075,189.2391372972303,1542.6439902201942,1622.373037415566,1616.0508699599486,1485.0430758675222,162.83932208810953,102.51155600195577,303.6492087534292,154.47803716115214,50.54460499196968,4.546438786353351,178.28961498270502,75.75662976946668
570.0742202122412,574.7091732013008,1000.0,7.812657638233968,477.8308556636199,442.2252934368801,477.8308556636199,474.00344387476696,7.8477744515139225,7.812657638233968,440.57493165360256,474.00344387476696,440.57493165360256,442.2252934368801,477.8308556636199,694.0361403718441,814.1512339596175,846.77942241383,850.9238126749818,831.4311556903551,861.3550454551753,738.5804497138436,382.46082628507395,317.1475956993983,168.11828430579322,266.1026188080481,266.1026188080481,846.2174714219493,821.0350989929242,817.3121913693594,861.3550454551753,1122.5635005990325,422.06977878336863,422.06977878336863,423.08809045288143,454.69077670690785,454.69077670690785,584.6111057003535,1166.0818351724536,1187.6128198625777,1024.464056483267,1141.1439275998803,273.4996843241557,261.2093839850521,261.2093839850521,261.2093839850521,261.2093839850521,261.2093839850521,261.2093839850521,288.3533550881858,513.9980155348153,236.59358913241226,467.99896703426356,607.0484002598548,629.8718494600345,598.6212576450463,189.26409325386948,22.38607383750172,451.49540188189474,198.04358030229582,354.9310389347552,155.82775862482075,213.4955100773277,272.4111159260709,97.18403136492013,645.4639950589078,887.8019931990332,1020.9166321167315,1538.3017444808356,1471.2111626943083,1487.3690322785756,249.5862471989798,150.9115409942292,30.884449928660853,108.77236023501503,703.413456474523,638.0886509693095,638.0886509693095,361.69567355486566,46.96766960818002,74.7096299907955,1020.9166321167315,1458.8283190623167,633.0320122058245,760.8415825578371,1084.5662938089538,1138.9867705252657,762.948309906269,968.9348231663965,1048.6638712115073,1042.3417036866044,911.3339082323015,412.8698513883087,676.2207289202548,272.0599647864014,728.1872099016123,624.2537780657856,578.2556119792027,397.4195585086662,499.9525435858034
576.8868778344222,581.5218308232209,7.812657638233968,1000.0,484.6435132905588,449.03795106543237,484.6435132905588,480.81610150188516,1.0351168132799653,1.0,447.3875892822266,480.81610150188516,447.3875892822266,449.03795106543237,484.6435132905588,687.2234827568662,807.3385763534412,839.9667648102879,844.1111550717817,824.6184980855608,854.5423878528434,745.393107325177,389.2734839160547,323.96025333263253,174.93094194260422,259.28996117316444,259.28996117316444,839.4048138183609,814.2224413872952,810.4995337634341,854.5423878528434,1115.750843021902,428.88243641277916,428.88243641277916,429.90074808224955,461.50343433490946,461.50343433490946,591.4237633217083,1159.2691776001682,1180.8001622927572,1017.6513988958919,1134.331270024796,280.31234195866284,268.02204161988396,268.02204161988396,268.02204161988396,268.02204161988396,268.02204161988396,268.02204161988396,295.1660127222808,520.8106731599881,243.4062467678501,474.8116246616604,613.8610578798942,636.6845070786849,605.4339152655856,182.45143561730714,29.198731475706165,458.30805951003896,191.2309226658961,361.7436965667368,162.6404162618295,206.6828524412324,279.2237735606074,103.99668900266916,638.6513374407707,880.9893355989503,1014.1039745290034,1531.4890869575254,1464.3985051611742,1480.556374747767,256.39890483410517,157.72419863131296,24.071792290460625,115.58501787264444,696.6007988601815,631.2759933507126,631.2759933507126,354.8830159228764,53.780327246295236,81.52228762873894,1014.1039745290034,1465.6409765958358,639.8446698242785,767.6542401675289,1091.3789513892739,1145.7994280996363,769.760967515803,962.1221655736381,1041.8512136265724,1035.529046101026,904.5212506342768,419.6825090180976,683.0333865359273,278.87262242094744,734.9998675136956,631.0664356847826,585.0682696009212,404.232216139072,506.7652012116773
93.24336472870985,97.87831772836,477.8308556636199,484.6435132905588,1000.0,36.60556228062694,1.0,4.827411795062995,484.67863010377977,484.6435132905588,38.25592406619115,4.827411795062995,38.25592406619115,36.60556228062694,1.0,1170.8669932587095,1290.9820860312902,1323.6102742470434,1327.754664477386,1308.262007636645,1338.185897179515,261.7495947101772,96.37002950332285,161.68326013844032,310.7125715352987,742.933473797646,742.933473797646,1323.048323259331,1297.8659510148923,1294.143043418249,1338.185897179515,1599.3943501264096,56.76107696078549,56.76107696078549,55.74276528999312,24.14007899272332,24.14007899272332,107.7802502505322,1642.912684288569,1664.4436687704426,1501.2949068903313,1617.9747769532466,205.33117153040973,217.6214718718652,217.6214718718652,217.6214718718652,217.6214718718652,217.6214718718652,217.6214718718652,190.47750076215425,37.16715993484264,242.2372667261001,10.831888645106046,130.21754486491324,153.04099412446442,121.79040222908714,666.0949484883572,456.44478185950913,27.335453822420384,674.8744355108481,123.89981687805007,323.0030972097412,690.3263652389514,206.41973992874463,381.6468244242249,1122.2948482474321,1364.6328447221217,1497.7474825543763,2015.132589551944,1948.0420085642459,1964.1998779589278,229.2446086592085,327.91931483743076,507.71530554037173,370.05849556497367,1180.2443093012935,1114.9195042022288,1114.9195042022288,838.5265281833942,431.8631861233395,404.1212257746959,1497.7474825543763,981.9974683108816,156.20115687875693,284.01072763215416,607.7354404023623,662.1559174448274,286.11745498814264,1445.7656740423042,1525.4947214076649,1519.1725539382464,1388.1647595723073,65.96100436708154,199.3898737162658,206.77089106849303,251.35635486270343,147.42292271526895,101.42475651446493,81.41129726428713,23.121687960046795
128.8489270063139,133.48388000569705,442.2252934368801,449.03795106543237,36.60556228062694,1000.0,36.60556228062694,32.77815048559512,449.07306787866156,449.03795106543237,2.6503617855799617,32.77815048559512,2.6503617855799617,1.0,36.60556228062694,1135.2614313176343,1255.376524164661,1288.0047124019072,1292.1491026350186,1272.6564457813306,1302.580335344156,297.3551569709922,60.76446722415657,126.07769786296323,275.1070092764207,707.3279116511959,707.3279116511959,1287.44276141382,1262.2603891527522,1258.5374815536782,1302.580335344156,1563.7887884846198,21.155514680446565,21.155514680446565,20.13720300963466,13.465483287977545,13.465483287977545,143.3858125272619,1607.3071226824072,1628.838107182264,1465.6893451717674,1582.3692153265506,169.72560925861632,182.01590960128513,182.01590960128513,182.01590960128513,182.01590960128513,182.01590960128513,182.01590960128513,154.87193848899773,72.77272221480425,206.6317044581828,26.77367363558584,165.82310714008068,188.64655639777777,157.39596450487156,630.4893863149372,420.83921962785917,10.270108458269119,639.2688733403568,88.29425460017232,287.39753495273976,654.7208030737108,170.81417765705558,346.04126217724223,1086.6892862783425,1329.0272829047794,1462.1419208331286,1979.5270282898923,1912.4364472349625,1928.5943166456277,193.63904638984712,292.3137525812015,472.1097433208855,334.45293331587175,1144.6387473657658,1079.313942228991,1079.313942228991,802.9209660747085,396.2576238863349,368.5156635320192,1462.1419208331286,1017.6030303355732,191.80671915179255,319.61628988966174,643.3410025830219,697.7614796072831,321.72301724532406,1410.1601122824563,1489.889159707585,1483.5669922333088,1352.559197771295,30.3554420869433,234.99543598499181,171.16532879683783,286.9619171249755,183.0284849890635,137.03031879159022,45.80573498458348,58.727250240346436
93.24336472870985,97.87831772836,477.8308556636199,484.6435132905588,1.0,36.60556228062694,1000.0,4.827411795062995,484.67863010377977,484.6435132905588,38.25592406619115,4.827411795062995,38.25592406619115,36.60556228062694,1.0,1170.8669932587095,1290.9820860312902,1323.6102742470434,1327.754664477386,1308.262007636645,1338.185897179515,261.7495947101772,96.37002950332285,161.68326013844032,310.7125715352987,742.933473797646,742.933473797646,1323.048323259331,1297.8659510148923,1294.143043418249,1338.185897179515,1599.3943501264096,56.76107696078549,56.76107696078549,55.74276528999312,24.14007899272332,24.14007899272332,107.7802502505322,1642.912684288569,1664.4436687704426,1501.2949068903313,1617.9747769532466,205.33117153040973,217.6214718718652,217.6214718718652,217.6214718718652,217.6214718718652,217.6214718718652,217.6214718718652,190.47750076215425,37.16715993484264,242.2372667261001,10.831888645106046,130.21754486491324,153.04099412446442,121.79040222908714,666.0949484883572,456.44478185950913,27.335453822420384,674.8744355108481,123.89981687805007,323.0030972097412,690.3263652389514,206.41973992874463,381.6468244242249,1122.2948482474321,1364.6328447221217,1497.7474825543763,2015.132589551944,1948.0420085642459,1964.1998779589278,229.2446086592085,327.91931483743076,507.71530554037173,370.05849556497367,1180.2443093012935,1114.9195042022288,1114.9195042022288,838.5265281833942,431.8631861233395,404.1212257746959,1497.7474825543763,981.9974683108816,156.20115687875693,284.01072763215416,607.7354404023623,662.1559174448274,286.11745498814264,1445.7656740423042,1525.4947214076649,1519.1725539382464,1388.1647595723073,65.96100436708154,199.3898737162658,206.77089106849303,251.35635486270343,147.42292271526895,101.42475651446493,81.41129726428713,23.121687960046795
97.07077652352866,101.70572952315419,474.00344387476696,480.81610150188516,4.827411795062995,32.77815048559512,4.827411795062995,1000.0,480.8512183151071,480.81610150188516,34.42851227116246,1.0,34.42851227116246,32.77815048559512,4.827411795062995,1167.039581501171,1287.1546742818591,1319.7828624999515,1323.9272527305952,1304.4345958884455,1334.358485433487,265.5770065033388,92.54261770850039,157.8558483440716,306.8851597428448,739.106062017656,739.106062017656,1319.2209115121982,1294.0385392659496,1290.3156316690417,1334.358485433487,1595.5669384014172,52.93366516580227,52.93366516580227,51.915353495006904,20.312667197672642,20.312667197672642,111.60766204526976,1639.085272567445,1660.6162570512708,1497.4674951570007,1614.147365229894,201.50375973647516,213.79406007807188,213.79406007807188,213.79406007807188,213.79406007807188,213.79406007807188,213.79406007807188,186.65008896806017,40.994571729865775,238.4098549326145,7.004476850044677,134.0449566595025,156.86840591887432,125.61781402373533,662.2675367054006,452.6173700701096,23.508042027373726,671.047023728214,120.07240508339018,319.1756854174997,686.4989534568953,202.59232813482225,377.81941263311177,1118.4674364868395,1360.805432978054,1493.920070820754,2011.305177868136,1944.2145968731515,1960.3724662695663,225.41719686555635,324.0919030452766,503.8878937523248,366.2310837736225,1176.4168975443595,1111.0920924411837,1111.0920924411837,834.6991164075471,428.03577433334294,400.29381398406525,1493.920070820754,985.8248800792919,160.02856867313977,287.8381394249797,611.5628521872105,665.9833292277667,289.944866780935,1441.9382623044871,1521.667309676342,1515.345142206396,1384.337347830015,62.13359257212795,203.21728551022323,202.94347927457463,255.18376665601258,151.25033450972566,105.25216830923944,77.58388546939379,26.949099755093975
576.9219946476182,581.5569476364154,7.8477744515139225,1.0351168132799653,484.67863010377977,449.07306787866156,484.67863010377977,480.8512183151071,1000.0,1.0351168132799653,447.4227060954563,480.8512183151071,447.4227060954563,449.07306787866156,484.67863010377977,687.188365943705,807.3034595403252,839.9316479971851,844.0760382586807,824.583381272452,854.5072710397471,745.4282241383171,389.3086007292965,323.9953701458862,174.9660587558765,259.2548443599013,259.2548443599013,839.3696970052581,814.1873245741817,810.4644169503192,854.5072710397471,1115.7157262089347,428.9175532260127,428.9175532260127,429.93586489548306,461.53855114813587,461.53855114813587,591.4588801349004,1159.234060787226,1180.7650454798281,1017.6162820828725,1134.2961532118397,280.34745877192313,268.05715843314607,268.05715843314607,268.05715843314607,268.05715843314607,268.05715843314607,268.05715843314607,295.20112953553894,520.8457899731999,243.44136358111524,474.84674147488374,613.8961746930794,636.719623891863,605.4690320787734,182.4163188040355,29.23384828898593,458.343176323266,191.19580585262526,361.7788133799839,162.67553307510286,206.64773562796307,279.2588903738678,104.03180581594643,638.6162206275932,880.9542187858654,1014.0688577159821,1531.4539701448355,1464.3633883484333,1480.5212579350384,256.4340216473687,157.7593154445867,24.036675477180793,115.6201346859211,696.5656820470233,631.2408765375328,631.2408765375328,354.847899109628,53.815444059574496,81.55740444201727,1014.0688577159821,1465.6760934085735,639.8797866374555,767.6893569806605,1091.4140682022532,1145.834544912585,769.7960843289338,962.087048760591,1041.8160968135653,1035.493929288016,904.4861338212022,419.7176258313334,683.06850334909,278.9077392342079,735.0349843268393,631.1015524979623,585.1033864141152,404.26733295231094,506.80031802489265
576.8868778344222,581.5218308232209,7.812657638233968,1.0,484.6435132905588,449.03795106543237,484.6435132905588,480.81610150188516,1.0351168132799653,1000.0,447.3875892822266,480.81610150188516,447.3875892822266,449.03795106543237,484.6435132905588,687.2234827568662,807.3385763534412,839.9667648102879,844.1111550717817,824.6184980855608,854.5423878528434,745.393107325177,389.2734839160547,323.96025333263253,174.93094194260422,259.28996117316444,259.28996117316444,839.4048138183609,814.2224413872952,810.4995337634341,854.5423878528434,1115.750843021902,428.88243641277916,428.88243641277916,429.90074808224955,461.50343433490946,461.50343433490946,591.4237633217083,1159.2691776001682,1180.8001622927572,1017.6513988958919,1134.331270024796,280.31234195866284,268.02204161988396,268.02204161988396,268.02204161988396,268.02204161988396,268.02204161988396,268.02204161988396,295.1660127222808,520.8106731599881,243.4062467678501,474.8116246616604,613.8610578798942,636.6845070786849,605.4339152655856,182.45143561730714,29.198731475706165,458.30805951003896,191.2309226658961,361.7436965667368,162.6404162618295,206.6828524412324,279.2237735606074,103.99668900266916,638.6513374407707,880.9893355989503,1014.1039745290034,1531.4890869575254,1464.3985051611742,1480.556374747767,256.39890483410517,157.72419863131296,24.071792290460625,115.58501787264444,696.6007988601815,631.2759933507126,631.2759933507126,354.8830159228764,53.780327246295236,81.52228762873894,1014.1039745290034,1465.6409765958358,639.8446698242785,767.6542401675289,1091.3789513892739,1145.7994280996363,769.760967515803,962.1221655736381,1041.8512136265724,1035.529046101026,904.5212506342768,419.6825090180976,683.0333865359273,278.87262242094744,734.9998675136956,631.0664356847826,585.0682696009212,404.232216139072,506.7652012116773
130.49928879169713,135.1342417910659,440.57493165360256,447.3875892822266,38.25592406619115,2.6503617855799617,38.25592406619115,34.42851227116246,447.4227060954563,447.3875892822266,1000.0,34.42851227116246,1.0,2.6503617855799617,38.25592406619115,1133.6110695472912,1253.7261623977151,1286.3543506359433,1290.4987408691811,1271.0060840149017,1300.9299735786387,299.00551875552276,59.114105438617855,124.42733607756665,273.4566474917275,705.6775498715225,705.6775498715225,1285.7923996478394,1260.6100273860116,1256.8871197868261,1300.9299735786387,1562.138426727959,19.50515289487104,19.50515289487104,18.486841224058676,15.115845073555416,15.115845073555416,145.03617431259823,1605.6567609273784,1627.1877454280598,1464.038983411592,1580.7188535705811,168.07524747337112,180.36554781609078,180.36554781609078,180.36554781609078,180.36554781609078,180.36554781609078,180.36554781609078,153.22157670369594,74.42308400032161,204.98134267310095,28.424035421157406,167.47346892533469,190.29691818293568,159.0463262901579,628.839024534048,419.1888578443635,11.920470243847877,637.6185115595994,86.64389281468115,285.7471731681281,653.0704412931898,169.16381587181476,344.390900393069,1085.0389245067222,1327.3769211400859,1460.4915590728294,1977.8766665506494,1910.7860854926323,1926.9439549040312,191.9886846047041,290.66339079662356,470.45938153793094,332.80257153160534,1142.9883855956753,1077.6635804571815,1077.6635804571815,801.2706042967434,394.607262102602,366.8653017480357,1460.4915590728294,1019.2533921088403,193.45708093693622,321.2666516740291,644.9913643636839,699.4118413870773,323.37337902967533,1408.5097505203914,1488.238797948255,1481.9166304737566,1350.9088360073474,28.705080301373,236.64579776991656,169.51496701159834,288.6122789095781,184.6788467742462,138.68068057694765,44.1553731990265,60.37761202588568
97.07077652352866,101.70572952315419,474.00344387476696,480.81610150188516,4.827411795062995,32.77815048559512,4.827411795062995,1.0,480.8512183151071,480.81610150188516,34.42851227116246,1000.0,34.42851227116246,32.77815048559512,4.827411795062995,1167.039581501171,1287.1546742818591,1319.7828624999515,1323.9272527305952,1304.4345958884455,1334.358485433487,265.5770065033388,92.54261770850039,157.8558483440716,306.8851597428448,739.106062017656,739.106062017656,1319.2209115121982,1294.0385392659496,1290.3156316690417,1334.358485433487,1595.5669384014172,52.93366516580227,52.93366516580227,51.915353495006904,20.312667197672642,20.312667197672642,111.60766204526976,1639.085272567445,1660.6162570512708,1497.4674951570007,1614.147365229894,201.50375973647516,213.79406007807188,213.79406007807188,213.79406007807188,213.79406007807188,213.79406007807188,213.79406007807188,186.65008896806017,40.994571729865775,238.4098549326145,7.004476850044677,134.0449566595025,156.86840591887432,125.61781402373533,662.2675367054006,452.6173700701096,23.508042027373726,671.047023728214,120.07240508339018,319.1756854174997,686.4989534568953,202.59232813482225,377.81941263311177,1118.4674364868395,1360.805432978054,1493.920070820754,2011.305177868136,1944.2145968731515,1960.3724662695663,225.41719686555635,324.0919030452766,503.8878937523248,366.2310837736225,1176.4168975443595,1111.0920924411837,1111.0920924411837,834.6991164075471,428.03577433334294,400.29381398406525,1493.920070820754,985.8248800792919,160.02856867313977,287.8381394249797,611.5628521872105,665.9833292277667,289.944866780935,1441.9382623044871,1521.667309676342,1515.345142206396,1384.337347830015,62.13359257212795,203.21728551022323,202.94347927457463,255.18376665601258,151.25033450972566,105.25216830923944,77.58388546939379,26.949099755093975
130.49928879169713,135.1342417910659,440.57493165360256,447.3875892822266,38.25592406619115,2.6503617855799617,38.25592406619115,34.42851227116246,447.4227060954563,447.3875892822266,1.0,34.42851227116246,1000.0,2.6503617855799617,38.25592406619115,1133.6110695472912,1253.7261623977151,1286.3543506359433,1290.4987408691811,1271.0060840149017,1300.9299735786387,299.00551875552276,59.114105438617855,124.42733607756665,273.4566474917275,705.6775498715225,705.6775498715225,1285.7923996478394,1260.6100273860116,1256.8871197868261,1300.9299735786387,1562.138426727959,19.50515289487104,19.50515289487104,18.486841224058676,15.115845073555416,15.115845073555416,145.03617431259823,1605.6567609273784,1627.1877454280598,1464.038983411592,1580.7188535705811,168.07524747337112,180.36554781609078,180.36554781609078,180.36554781609078,180.36554781609078,180.36554781609078,180.36554781609078,153.22157670369594,74.42308400032161,204.98134267310095,28.424035421157406,167.47346892533469,190.29691818293568,159.0463262901579,628.839024534048,419.1888578443635,11.920470243847877,637.6185115595994,86.64389281468115,285.7471731681281,653.0704412931898,169.16381587181476,344.390900393069,1085.0389245067222,1327.3769211400859,1460.4915590728294,1977.8766665506494,1910.7860854926323,1926.9439549040312,191.9886846047041,290.66339079662356,470.45938153793094,332.80257153160534,1142.9883855956753,1077.6635804571815,1077.6635804571815,801.2706042967434,394.607262102602,366.8653017480357,1460.4915590728294,1019.2533921088403,193.45708093693622,321.2666516740291,644.9913643636839,699.4118413870773,323.37337902967533,1408.5097505203914,1488.238797948255,1481.9166304737566,1350.9088360073474,28.705080301373,236.64579776991656,169.51496701159834,288.6122789095781,184.6788467742462,138.68068057694765,44.1553731990265,60.37761202588568
128.8489270063139,133.48388000569705,442.2252934368801,449.03795106543237,36.60556228062694,1.0,36.60556228062694,32.77815048559512,449.07306787866156,449.03795106543237,2.6503617855799617,32.77815048559512,2.6503617855799617,1000.0,36.60556228062694,1135.2614313176343,1255.376524164661,1288.0047124019072,1292.1491026350186,1272.6564457813306,1302.580335344156,297.3551569709922,60.76446722415657,126.07769786296323,275.1070092764207,707.3279116511959,707.3279116511959,1287.44276141382,1262.2603891527522,1258.5374815536782,1302.580335344156,1563.7887884846198,21.155514680446565,21.155514680446565,20.13720300963466,13.465483287977545,13.465483287977545,143.3858125272619,1607.3071226824072,1628.838107182264,1465.6893451717674,1582.3692153265506,169.72560925861632,182.01590960128513,182.01590960128513,182.01590960128513,182.01590960128513,182.01590960128513,182.01590960128513,154.87193848899773,72.77272221480425,206.6317044581828,26.77367363558584,165.82310714008068,188.64655639777777,157.39596450487156,630.4893863149372,420.83921962785917,10.270108458269119,639.2688733403568,88.29425460017232,287.39753495273976,654.7208030737108,170.81417765705558,346.04126217724223,1086.6892862783425,1329.0272829047794,1462.1419208331286,1979.5270282898923,1912.4364472349625,1928.5943166456277,193.63904638984712,292.3137525812015,472.1097433208855,334.45293331587175,1144.6387473657658,1079.313942228991,1079.313942228991,802.9209660747085,396.2576238863349,368.5156635320192,1462.1419208331286,1017.6030303355732,191.80671915179255,319.61628988966174,643.3410025830219,697.7614796072831,321.72301724532406,1410.1601122824563,1489.889159707585,1483.5669922333088,1352.559197771295,30.3554420869433,234.99543598499181,171.16532879683783,286.9619171249755,183.0284849890635,137.03031879159022,45.80573498458348,58.727250240346436
93.24336472870985,97.87831772836,477.8308556636199,484.6435132905588,1.0,36.60556228062694,1.0,4.827411795062995,484.67863010377977,484.6435132905588,38.25592406619115,4.827411795062995,38.25592406619115,36.60556228062694,1000.0,1170.8669932587095,1290.9820860312902,1323.6102742470434,1327.754664477386,1308.262007636645,1338.185897179515,261.7495947101772,96.37002950332285,161.68326013844032,310.7125715352987,742.933473797646,742.933473797646,1323.048323259331,1297.8659510148923,1294.143043418249,1338.185897179515,1599.3943501264096,56.76107696078549,56.76107696078549,55.74276528999312,24.14007899272332,24.14007899272332,107.7802502505322,1642.912684288569,1664.4436687704426,1501.2949068903313,1617.9747769532466,205.33117153040973,217.6214718718652,217.6214718718652,217.6214718718652,217.6214718718652,217.6214718718652,217.6214718718652,190.47750076215425,37.16715993484264,242.2372667261001,10.831888645106046,130.21754486491324,153.04099412446442,121.79040222908714,666.0949484883572,456.44478185950913,27.335453822420384,674.8744355108481,123.89981687805007,323.0030972097412,690.3263652389514,206.41973992874463,381.6468244242249,1122.2948482474321,1364.6328447221217,1497.7474825543763,2015.132589551944,1948.0420085642459,1964.1998779589278,229.2446086592085,327.91931483743076,507.71530554037173,370.05849556497367,1180.2443093012935,1114.9195042022288,1114.9195042022288,838.5265281833942,431.8631861233395,404.1212257746959,1497.7474825543763,981.9974683108816,156.20115687875693,284.01072763215416,607.7354404023623,662.1559174448274,286.11745498814264,1445.7656740423042,1525.4947214076649,1519.1725539382464,1388.1647595723073,65.96100436708154,199.3898737162658,206.77089106849303,251.35635486270343,147.42292271526895,101.42475651446493,81.41129726428713,23.121687960046795
1263.110357008421,1267.7453099550971,694.0361403718441,687.2234827568662,1170.8669932587095,1135.2614313176343,1170.8669932587095,1167.039581501171,687.188365943705,687.2234827568662,1133.6110695472912,1167.039581501171,1133.6110695472912,1135.2614313176343,1170.8669932587095,1000.0,121.11509407311932,153.7432826839084,157.88767296570458,138.39501588546386,168.31890579861366,1431.6165848313062,1075.4969646168904,1010.1837344834166,861.1544239623903,428.9335221279445,428.9335221279445,153.18133168924163,127.998959138581,124.27605149756803,168.31890579861366,429.52736261447507,1115.105916820225,1115.105916820225,1116.1242284819486,1147.7269144890902,1147.7269144890902,1277.6472423628845,473.04569753220994,494.5766823996266,331.4279177914214,448.10778976003337,966.5358233866622,954.2455231225479,954.2455231225479,954.2455231225479,954.2455231225479,954.2455231225479,954.2455231225479,981.3894940580534,1207.034152826785,929.6297284155728,1161.035104709499,1300.084536711963,1322.9079856929416,1291.6573941767756,505.7720475905932,715.4222141333385,1144.5315396894925,496.99256055559755,1047.9671774623632,848.8638983434992,481.5406308023409,965.4472549952801,790.2201713590919,49.57214546852116,194.76585368096397,327.8804934010968,845.2656105521253,778.1750279952545,794.3328977609756,942.6223864060084,843.9476807373187,664.1516905417654,801.8085001774641,10.377316135414173,56.94748957969482,56.94748957969482,333.34046741301296,740.0038098110252,767.7457700814647,327.8804934010968,2151.86444380524,1326.0681484079705,1453.8777174323225,1777.6024245903973,1832.0229005157603,1455.9844447575035,275.8986841164895,355.62773268527377,349.30556511654436,218.2977688432946,1105.9059894950706,1369.256864692013,965.0961038577703,1421.223345130821,1317.2899143531322,1271.291748700424,1090.4556967309272,1192.9886809970394
1383.225449577937,1387.8604025140212,814.1512339596175,807.3385763534412,1290.9820860312902,1255.376524164661,1290.9820860312902,1287.1546742818591,807.3034595403252,807.3385763534412,1253.7261623977151,1287.1546742818591,1253.7261623977151,1255.376524164661,1290.9820860312902,121.11509407311932,1000.0,33.6281886150764,37.77257889754817,18.279921814386974,48.2038117322886,1551.7316769918632,1195.612057583948,1130.2988275745884,981.2695173091633,549.0486159991508,549.0486159991508,33.06623762032027,7.883865066213739,4.160957424783948,48.2038117322886,309.412268655008,1235.2210097084221,1235.2210097084221,1236.2393213680823,1267.8420073103025,1267.8420073103025,1397.762334899057,352.9306036019417,374.46158848500767,211.31282377806997,327.9926958126349,1086.6509165566683,1074.360616314158,1074.360616314158,1074.360616314158,1074.360616314158,1074.360616314158,1074.360616314158,1101.5045872016008,1327.1492455215007,1049.744821649668,1281.1501975028557,1420.1996291959517,1443.0230781229552,1411.7724866804656,625.8871413921244,835.5373076929615,1264.6466325173474,617.107654365605,1168.0822704826344,968.9789917096389,601.6557246269437,1085.5623481672103,910.3352648140484,169.68723953459005,74.65075962012068,207.76539938610668,725.1505170044572,658.0599343610576,674.2178041469119,1062.7374796178096,964.0627741111321,784.2667841675535,921.9235936153409,111.73777793859865,177.062583644338,177.062583644338,453.45556135669113,860.1189033373163,887.8608635688852,207.76539938610668,2271.979533663309,1446.1832408304401,1573.992809535178,1897.7175157571473,1952.1379915073144,1576.0995368548536,155.78359007996795,235.5126386836781,229.19047111178037,98.18267478834028,1226.021082401826,1489.371957009643,1085.2111970303208,1541.3384373180243,1437.4050067965156,1391.4068412512195,1210.5707896685208,1313.1037737222628
1415.8536377352368,1420.4885906682784,846.77942241383,839.9667648102879,1323.6102742470434,1288.0047124019072,1323.6102742470434,1319.7828624999515,839.9316479971851,839.9667648102879,1286.3543506359433,1319.7828624999515,1286.3543506359433,1288.0047124019072,1323.6102742470434,153.7432826839084,33.6281886150764,1000.0,5.144390282507377,16.348266800751396,15.575623117372942,1584.3598650320594,1228.240245855933,1162.9270158826191,1013.8977056919448,581.6768045398176,581.6768045398176,1.56195099476034,26.744323548904067,30.467231190314216,15.575623117372942,276.78408005979594,1267.8491979575715,1267.8491979575715,1268.8675096166348,1300.470195540092,1300.470195540092,1430.3905230467803,320.3024150131079,341.8333998996564,178.68463517172222,295.36450722003804,1119.2791048876718,1106.9888046514684,1106.9888046514684,1106.9888046514684,1106.9888046514684,1106.9888046514684,1106.9888046514684,1134.132775524887,1359.777433714812,1082.373009999398,1313.7783857246036,1452.827817328699,1475.651266240226,1444.4006748188658,658.5153299111219,868.1654961387636,1297.2748207490554,649.7358428872184,1200.7104587700571,1001.6071800981201,634.2839131530732,1118.1905364987751,942.9634532287494,202.31542814173025,42.022571005750144,175.13721077944044,692.5223285062676,625.4317458417578,641.5896156325045,1095.3656679610199,996.6909625018734,816.894972633159,954.5517820249886,144.36596654996518,209.6907722508277,209.6907722508277,486.0837499204564,892.7470917731868,920.4890519932069,175.13721077944044,2304.607721052346,1478.8114289455486,1606.620997558905,1930.3457035150345,1984.7661792156687,1608.72772487701,123.15540146930832,202.88445007965998,196.56228250712726,65.55448617472948,1258.6492706563452,1522.0001450947316,1117.8393853620667,1573.966625365829,1470.0331949176189,1424.0350294031416,1243.1989779319683,1345.731961924362
1419.998027958054,1424.6329808907042,850.9238126749818,844.1111550717817,1327.754664477386,1292.1491026350186,1327.754664477386,1323.9272527305952,844.0760382586807,844.1111550717817,1290.4987408691811,1323.9272527305952,1290.4987408691811,1292.1491026350186,1327.754664477386,157.88767296570458,37.77257889754817,5.144390282507377,1000.0,20.492657083249888,11.431232834870073,1588.5042552398177,1232.384636093522,1167.0714061248582,1018.0420959438412,585.8211948122398,585.8211948122398,5.706341277267638,30.888713831388607,34.6116214727922,11.431232834870073,272.6396897795108,1271.9935881922165,1271.9935881922165,1273.0118998512035,1304.6145857722422,1304.6145857722422,1434.5349132683648,316.1580247335854,337.6890096205527,174.5402448901296,291.2201169400647,1123.4234951328758,1111.1331948974873,1111.1331948974873,1111.1331948974873,1111.1331948974873,1111.1331948974873,1111.1331948974873,1138.277165769095,1363.921823942264,1086.5174002470212,1317.922775955718,1456.9722075483573,1479.795656457894,1448.5450650392515,662.659720180708,872.3098863988237,1301.4192109814533,653.8802331571461,1204.8548490096368,1005.7515703507539,638.4283034235916,1122.334926744052,947.1078434847775,206.4598184230099,37.878180723287656,170.99282049781132,688.3779382378523,621.2873555707343,637.4452253620849,1099.510058207801,1000.8353527547997,821.0393628957903,958.696172280362,148.51035683184483,213.83516253201665,213.83516253201665,490.22814019591686,896.8914820319584,924.6334422504815,170.99282049781132,2308.75211117661,1482.955819162938,1610.7653877645475,1934.4900936865579,1988.9105693808408,1612.8721150824506,119.01101118722866,198.74005979833692,192.41789222573047,61.41009589233782,1262.7936608916825,1526.1445353082604,1121.9837756073666,1578.1110155745657,1474.1775851357793,1428.179419625267,1247.3433681684564,1349.876352152946
1400.50537115251,1405.1403240869918,831.4311556903551,824.6184980855608,1308.262007636645,1272.6564457813306,1308.262007636645,1304.4345958884455,824.583381272452,824.6184980855608,1271.0060840149017,1304.4345958884455,1271.0060840149017,1272.6564457813306,1308.262007636645,138.39501588546386,18.279921814386974,16.348266800751396,20.492657083249888,1000.0,30.923889918076394,1569.0115985047382,1212.891979218902,1147.5787492285083,998.5494390023883,566.3285377751711,566.3285377751711,15.78631580599197,11.396056748182085,15.118964389608541,30.923889918076394,292.132346851727,1252.5009313313576,1252.5009313313576,1253.5192429907038,1285.1219289230469,1285.1219289230469,1415.0422564685857,335.65068180212126,357.1816666870725,194.0329019687051,310.71277401077407,1103.9308382226716,1091.6405379834785,1091.6405379834785,1091.6405379834785,1091.6405379834785,1091.6405379834785,1091.6405379834785,1118.7845088635454,1344.429167115039,1067.0247433255186,1298.4301191113661,1437.4795507575918,1460.3029996764428,1429.0524082450836,643.1670631568145,852.8172294192852,1281.926554131102,634.3875761316639,1185.3621921257118,986.2589134058592,618.935646395365,1102.842269833509,927.6151865240436,186.96716134509435,57.37083780624742,190.4854775765664,707.8705952533487,640.7800125986416,656.937882387118,1080.0174012902326,981.3426958085399,801.5467059042679,939.2035153226814,129.01769975123116,194.3425054545118,194.3425054545118,470.735483144763,877.3988250584271,905.1407852839327,190.4854775765664,2289.2594548326974,1463.4631623827886,1591.2727310393727,1914.9974371211683,1969.4179128452058,1593.3794583582207,138.50366826821406,218.23271687559296,211.91054930334698,80.90275297491405,1243.301004027588,1506.6518785461744,1102.4911186967142,1558.618358834909,1454.6849283520216,1408.6867628229597,1227.8507112989819,1330.3836953204286
1430.4292606411418,1435.0642135728015,861.3550454551753,854.5423878528434,1338.185897179515,1302.580335344156,1338.185897179515,1334.358485433487,854.5072710397471,854.5423878528434,1300.9299735786387,1334.358485433487,1300.9299735786387,1302.580335344156,1338.185897179515,168.31890579861366,48.2038117322886,15.575623117372942,11.431232834870073,30.923889918076394,1000.0,1598.9354878848214,1242.8158688139943,1177.5026388571048,1028.4733287005572,596.2524276210897,596.2524276210897,16.13757411213239,41.319946666168676,45.04285430755171,1.0,262.2084569499381,1282.4248209052366,1282.4248209052366,1283.4431325640287,1315.0458184789481,1315.0458184789481,1444.966145948336,305.7267919058851,327.25777679388324,164.10901205737315,280.78888411125695,1133.8547278726344,1121.5644276393098,1121.5644276393098,1121.5644276393098,1121.5644276393098,1121.5644276393098,1121.5644276393098,1148.7083985063296,1374.3530566370803,1096.9486329929082,1328.3540086598014,1467.4034402234543,1490.2268891279555,1458.9762977161877,673.0909529823354,882.7411191762465,1311.8504436887843,664.3114659596436,1215.28608173515,1016.1828031093394,648.8595362275921,1132.7661594839942,957.5390762519703,216.89105125456618,27.446947888490428,160.56158766496657,677.9467054377033,610.8561227640937,627.0139925569466,1109.9412909515536,1011.2665855141264,831.470595679741,969.1274050458949,158.94158966497452,224.26639536333664,224.26639536333664,500.6593730125179,907.3227148061118,935.0646750208364,160.56158766496657,2319.183343610676,1493.387051832296,1621.1966204042003,1944.9213262399808,1999.341801918219,1623.3033477215931,108.57977835330662,188.30882696623237,181.98665939344716,50.978863057693225,1273.2248936064548,1536.5757679678559,1132.4150083473683,1588.5422482220415,1484.6088178070877,1438.6106523066044,1257.7746008861423,1360.3075848506255
