0.0,2.5809567151128547,2.5809567151128547,5.1728149428640124,6.861838585362099,6.637918976313443,2.8099143627038945,1.606218691768805,3.085249482749369,11.499172643927492,6.434065007709217,6.434065007709217,6.532672665043552,6.532672665043552,8.689541802213347,3.4307778247069813,3.4307778247069813,3.926302772901132,14.110422311683651,13.254100130821572,9.201671108616535,14.773333634705862,14.773333634705862,13.587858196935345,9.373782035790034,9.373782035790034,13.254100130821572,12.594098160399056,12.498439118678977,10.476200740227407,10.376361354146665,10.033815072679946,6.462041306837911,7.8828358720891085,6.636665692854399,10.037156995908951,14.708588325390128,10.037156995908951,9.804057459524836,11.827568893240159,9.982850723267518,11.14290688057576,10.069740738798298,11.598652765549359,5.259976277979389,2.054106351930061,6.619581226610156,5.249684597003438,5.471102139853286,5.020328688585247,1.2448286441650267,2.0094015514454178,2.334426049457349,3.324575083320596,4.460930999038733,2.2341569938771624,3.4331981557711093,2.06789381965583,7.656830829925777,8.615165872600736,18.42680116495147,18.1133753899819,12.400919786497031,17.99218447517819,12.40509843854535,6.989779509046916,5.460530933194571,6.701475933718606,11.291202162603636,10.522569610579916,12.90780875167315,11.533486720528257,13.045657158429178,13.496795456808334,3.9303554019024234,1.1395435792970823,15.798389915884652,13.96881660290264,13.200214132693286,8.868309392011813,7.836465212671073,10.305345802571097,7.1597006608627805,4.6781733634187335,7.038550744529681,12.093244314706805,9.933557300009774,3.2786191161370892,5.822862121299573,6.9842420917109775,12.820086893664257,15.873576813587658,17.65715287942956,14.315520325956104,7.807222438314449,8.807373496648193,8.448029247072046,5.334074009156578,4.92465905692527,7.82962728228314
2.5809567151128547,0.0,1.0,6.753771656024066,8.442795296925773,8.218875688115478,1.228957647624722,3.18717540677386,1.5042927677219844,9.918215936417829,4.85310829429752,4.85310829429752,4.951715951707033,4.951715951707033,7.1085850909158985,1.849821109762018,1.849821109762018,2.3453460581082295,15.691379011114945,14.83505683213278,10.782627817200648,16.35429033259959,16.35429033259959,15.16881489752808,10.954738744119732,10.954738744119732,14.83505683213278,14.17505486307748,14.07939582154966,12.057157446812965,11.957318060898341,11.614771779989221,8.042998018821438,9.46379258246238,8.217622404657744,11.618113703212876,16.28954502343719,11.618113703212876,11.385014167197383,13.408525597417219,11.563807430658114,12.723863586010312,11.650697446049987,13.179609470155372,3.679019563793896,1.526850363227937,5.038624513341203,6.830641310100931,7.0520588527652,6.601285401866555,2.3361280709744214,1.5715551637143337,3.9153827642538817,4.90553179769519,6.041887712732439,3.815113708707529,5.014154870089703,1.5130628955015615,9.237787540577195,7.034209161220407,16.845844472244345,16.532418696437347,10.819963080474281,16.41122778131409,10.824141732529794,5.408822796079498,3.8795742191254057,5.120519220514441,12.872158867772308,12.103526317087768,14.488765453710577,13.11444342525482,14.626613860179864,15.077752157598903,5.511312115940203,2.720500294390418,17.379346611259503,15.549773302653065,14.781170834118788,10.449266101074953,9.417421923102093,11.886302509439945,8.740657372096722,6.2591300769583365,8.61950745589948,13.6742010183753,11.514514007478624,4.859575830534797,7.403818833900244,8.5651988031409,14.401043595882543,17.454533508771,19.238109569798812,15.896477024919358,9.388179148781706,7.226416785483885,6.867072535508749,6.915030722184284,6.505615770280721,6.248670570082261
2.5809567151128547,1.0,0.0,6.753771656024066,8.442795296925773,8.218875688115478,1.228957647624722,3.18717540677386,1.5042927677219844,9.918215936417829,4.85310829429752,4.85310829429752,4.951715951707033,4.951715951707033,7.1085850909158985,1.849821109762018,1.849821109762018,2.3453460581082295,15.691379011114945,14.83505683213278,10.782627817200648,16.35429033259959,16.35429033259959,15.16881489752808,10.954738744119732,10.954738744119732,14.83505683213278,14.17505486307748,14.07939582154966,12.057157446812965,11.957318060898341,11.614771779989221,8.042998018821438,9.46379258246238,8.217622404657744,11.618113703212876,16.28954502343719,11.618113703212876,11.385014167197383,13.408525597417219,11.563807430658114,12.723863586010312,11.650697446049987,13.179609470155372,3.679019563793896,1.526850363227937,5.038624513341203,6.830641310100931,7.0520588527652,6.601285401866555,2.3361280709744214,1.5715551637143337,3.9153827642538817,4.90553179769519,6.041887712732439,3.815113708707529,5.014154870089703,1.5130628955015615,9.237787540577195,7.034209161220407,16.845844472244345,16.532418696437347,10.819963080474281,16.41122778131409,10.824141732529794,5.408822796079498,3.8795742191254057,5.120519220514441,12.872158867772308,12.103526317087768,14.488765453710577,13.11444342525482,14.626613860179864,15.077752157598903,5.511312115940203,2.720500294390418,17.379346611259503,15.549773302653065,14.781170834118788,10.449266101074953,9.417421923102093,11.886302509439945,8.740657372096722,6.2591300769583365,8.61950745589948,13.6742010183753,11.514514007478624,4.859575830534797,7.403818833900244,8.5651988031409,14.401043595882543,17.454533508771,19.238109569798812,15.896477024919358,9.388179148781706,7.226416785483885,6.867072535508749,6.915030722184284,6.505615770280721,6.248670570082261
5.1728149428640124,6.753771656024066,6.753771656024066,0.0,2.689023644625326,2.4651040352241234,6.982729303243397,4.566596251559481,7.258064422812087,15.671987553754864,10.606879939370979,10.606879939370979,10.705487596385096,10.705487596385096,12.862356725508754,7.603592764125358,7.603592764125358,8.099117711306082,9.937607394015924,9.081285209249678,5.028856172853932,10.600518720277586,10.600518720277586,9.415043276847536,5.20096710048633,5.20096710048633,9.081285209249678,8.42128323603373,8.325624193924355,6.3033858081655305,6.203546421769648,5.861000139254317,2.289226365486803,3.710020933233175,2.463850751763167,5.864342062493306,10.535773410637113,5.864342062493306,5.631242525424169,7.6547539658661226,5.810035789690191,6.970091950728363,5.896925805480273,7.425837837325887,9.43279121313377,6.226921293611192,10.792396157666019,1.0768696542096006,1.2982871972757768,1.1524862544104542,5.4176435867968165,6.182216493186397,3.838388894220043,2.8482398604661503,1.7118839443544946,3.9386579497656773,2.739616788002002,6.240708761318329,3.484015890614862,12.787980796206766,22.599616027151672,22.28619025477956,16.573734691285978,22.164999340968958,16.577913343310136,11.162594438849629,9.633345867794189,10.874290864502305,7.118387233274826,6.349754678665861,8.734993828612183,7.360671792067103,8.872842235954774,9.323980536310842,2.242459541743588,5.033271363687777,11.625575006838591,9.796001684567484,9.027399210886283,4.695494455396623,3.6636502737199983,6.132530869972531,2.9868857206283916,1.4946415798360861,2.8657358040863548,7.920429388346906,5.760742366286786,2.8941958276539,1.650047179109074,2.8114271511760363,8.647271970234282,11.700761904954224,13.484337981299463,10.142705409270388,3.6344074993038484,12.980188419446646,12.620844171367459,1.161259066442705,1.2481558861479494,12.002442209025249
6.861838585362099,8.442795296925773,8.442795296925773,2.689023644625326,0.0,1.223919609429752,8.67175294387793,6.255619894554534,8.94708806311327,17.36101117752844,12.295903574564546,12.295903574564546,12.394511231398779,12.394511231398779,14.55138035616608,9.292616403989587,9.292616403989587,9.788141350507498,8.248583755033,7.392261569123008,3.3398325290491795,8.911495082267946,8.911495082267946,7.7260196371514365,3.511943456779587,3.511943456779587,7.392261569123008,6.73225959511283,6.636600552894644,4.614362165208981,4.514522778736435,4.171976495971284,1.3997972791833762,2.0209972888486645,1.225172892890843,4.17531841921261,8.846749772529034,4.17531841921261,3.9422188819850303,5.965730324118153,4.121012146371736,5.281068308328286,4.20790216222248,5.736814195350791,11.121814850339572,7.915944935093118,12.481419792519759,2.612153990426508,2.3907364473856445,2.8415098990113488,7.1066672290760975,7.871240134715339,5.52741253772763,4.537263504522766,3.4009075888311227,5.627681593208164,4.428640432108471,7.929732402785688,1.794992246161403,14.477004427027731,24.288639628115682,23.97521385695471,18.262758312560468,23.85402294360787,18.266936964572714,12.851618073007415,11.322369504673201,12.563314499204134,5.429363591009061,4.660731035745507,7.045970188059318,5.671648150029021,7.1838185955690586,7.634956896495337,3.9314831860520556,6.722295006305917,9.936551370484949,8.106978045386594,7.3383755706919205,3.0064708114167145,1.9746266293206156,4.443507226885847,1.297862076054569,3.1836652243674384,1.1767121594897203,6.231405746873994,4.071718722934502,4.583219471688805,2.03897646557502,1.1224035065700058,6.958248329576777,10.011738268729264,11.795314348416687,8.453681770580392,1.94538385489528,14.66921204984275,14.30986780255267,2.5277645782040574,2.9371795307314503,13.69146584151606
6.637918976313443,8.218875688115478,8.218875688115478,2.4651040352241234,1.223919609429752,0.0,8.447833335106921,6.0317002854297455,8.72316845439111,17.13709157113962,12.071983966576127,12.071983966576127,12.170591623435872,12.170591623435872,14.327460748817167,9.068696795331194,9.068696795331194,9.564221741945355,8.47250336383724,7.616181178064403,3.5637521384096944,9.135414690954358,9.135414690954358,7.949939246041391,3.7358630661300176,3.7358630661300176,7.616181178064403,6.956179204148364,6.860520161942986,4.83828177447859,4.738442388014519,4.395896105276698,1.1758776697544355,2.2449168982637477,1.0012532834610943,4.399238028517772,9.070669381227406,4.399238028517772,4.166138491307256,6.189649933250378,4.344931755680985,5.504987917535389,4.431821771525156,5.960733804509258,10.897895242064534,7.692025326196995,12.257500184579525,2.3882343810225763,2.166816837974615,2.617590289615962,6.882747620060588,7.647320525812225,5.303492928522585,4.313343895228199,3.1769879794616656,5.403761984013445,4.204720822805459,7.705812793891728,2.0189118555818073,14.253084819655866,24.064720024867892,23.751294253541065,18.038838706518195,23.63010334013069,18.043017358532097,12.627698465165702,11.098449896444876,12.339394891285425,5.653283200200864,4.884650645011101,7.269889797051364,5.895567759194736,7.407738204541274,7.858876505399582,3.7075635767138606,6.498375397238985,10.160470978969146,8.330897654214684,7.562295179641379,3.2303904207948153,2.1985462387368875,4.66742683616982,1.5217816854825275,2.959745614987055,1.4006317689186552,6.455325355974242,4.295638332247401,4.359299862397893,1.8150568561550382,1.3463231159992686,7.182167938581211,10.23565787719767,12.019233956472158,8.677601379349262,2.169303464312275,14.445292442530459,14.085948195129694,2.3038449687972866,2.7132599213399864,13.46754623390954
2.8099143627038945,1.228957647624722,1.228957647624722,6.982729303243397,8.67175294387793,8.447833335106921,0.0,3.4161330543363735,1.2753351200988965,9.689258289704217,4.6241506468370766,4.6241506468370766,4.722758304255374,4.722758304255374,6.879627443713588,1.6208634621435052,1.6208634621435052,2.116388410501181,15.920336656155632,15.064014477463962,11.011585463671446,16.583247977403477,16.583247977403477,15.3977725427481,11.18369639055002,11.18369639055002,15.064014477463962,14.404012508620726,14.308353467122789,12.286115092967172,12.186275707078737,11.843729426257664,8.27195566584291,9.692750229220383,8.446580051649407,11.847071349480473,16.518502668264667,11.847071349480473,11.61397181352333,13.63748324319383,11.792765076939423,12.952821231983625,11.879655092309328,13.408567115998988,3.4500619162464004,1.7558080108479723,4.809666865897476,7.059598957309563,7.281016499942239,6.830243049106693,2.565085718574528,1.8005128113336704,4.144340411770682,5.134489445129788,6.270845360044221,4.044071356231365,5.243112517513878,1.7420205431218028,9.466745187380296,6.80525151400768,16.616886827526876,16.30346105160528,10.591005433956793,16.182270136438326,10.59518408601326,5.179865148671553,3.650616571590484,4.891561573078352,13.101116513703959,12.332483963229736,14.717723099154313,13.34340107111728,14.855571505579134,15.306709802849513,5.740269763313117,2.949457941975659,17.608304255676767,15.778730947742988,15.010128479467673,10.678223747622225,9.646379569869447,12.11526015563882,8.969615018994777,6.488087724243171,8.848465102819794,13.903158664072603,11.743471653772312,5.088533477973722,7.632776481024713,8.794156450071078,14.630001241354336,17.683491153158922,19.467067213451553,16.12543466988789,9.61713679555493,6.997459138298345,6.638114888273085,7.1439883693810105,6.734573417533635,6.019712922767436
1.606218691768805,3.18717540677386,3.18717540677386,4.566596251559481,6.255619894554534,6.0317002854297455,3.4161330543363735,0.0,3.6914681743432163,12.105391332064952,7.040283698455183,7.040283698455183,7.138891355753969,7.138891355753969,9.295760491994814,4.036996516245663,4.036996516245663,4.5325214643477185,13.504203625034005,12.647881443509458,8.595452418791943,14.167114948600592,14.167114948600592,12.98163950987597,8.767563346051254,8.767563346051254,12.647881443509458,11.987879472607684,11.892220430820405,9.869982051082253,9.77014266494462,9.427596383287451,5.855822615896614,7.276617181668385,6.030447001970285,9.430938306518275,14.102369639230476,9.430938306518275,9.197838770008707,11.221350204926404,9.376632033847311,10.536688191826503,9.463522049425432,10.992434077086731,5.866194969102126,2.660325043644301,7.225799917288739,4.643465905717655,4.864883448623566,4.414109997244619,1.8510473359273352,2.615620243163378,1.7282073577188481,2.7183563916763744,3.854712307578113,1.627938302132525,2.826979464140954,2.6741125113688975,7.050612139413808,9.221384562419054,19.033019846940523,18.719594072313438,13.00713847400285,18.59840315764052,13.01131712604812,7.595998199584634,6.066749624259026,7.3076946243667615,10.684983473946216,9.916350921461401,12.301590064106176,10.927268032023848,12.439438470962754,12.890576769679306,3.324136710346048,1.4666751124737534,15.192171230675346,13.362597916140272,12.593995445341022,8.262090702026267,7.230246522231369,9.699127113328963,6.553481970161339,4.071954672002393,6.432332053784409,11.487025626569938,9.32733861056292,2.672400424487138,5.216643430165214,6.378023400946354,12.213868206033913,15.267358128446665,17.050934196012918,13.709301639471938,7.201003747862843,9.413592186370574,9.05424793697192,4.727855317891801,4.318440365562736,8.43584597246966
3.085249482749369,1.5042927677219844,1.5042927677219844,7.258064422812087,8.94708806311327,8.72316845439111,1.2753351200988965,3.6914681743432163,0.0,9.41392317063897,4.348815526909865,4.348815526909865,4.447423184338026,4.447423184338026,6.604292324080706,1.3455283420476445,1.3455283420476445,1.8410532904155708,16.195671773040587,15.33934959470437,11.286920582311227,16.858583093998938,16.858583093998938,15.673107659852452,11.45903150913986,11.45903150913986,15.33934959470437,14.679347626120865,14.583688584659544,12.561450211217142,12.461610825360909,12.119064544648166,8.547290785164469,9.968085348214963,8.721915170933864,12.122406467869933,16.793837784888957,12.122406467869933,11.889306931984624,13.912818360980078,12.068100195345755,13.228156350011302,12.154990210688625,13.683902233867435,3.1747267962228873,2.0311431309358383,4.534331745989048,7.33493407686484,7.556351619457944,7.105578168701497,2.8404208386326544,2.0758479314203777,4.419675531717355,5.409824564970543,6.546180479729169,4.319406476187216,5.51844763734132,2.017355663210015,9.742080306430719,6.529916394362801,16.341551710812666,16.028125934755494,10.315670315120965,15.906935019536862,10.319848967178547,4.904530028803514,3.3752814515806606,4.616226453178525,13.376451631680471,12.607819081464656,14.993058216532543,13.618736189008859,15.13090662290291,15.582044919991297,6.01560488307537,3.224793062013163,17.88363937179997,16.05406606468816,15.285463596729748,10.953558866356353,9.921714688875603,12.390595273943724,9.244950138162933,6.763422843894166,9.12380022201558,14.178493781761578,12.01880677219389,5.363868597820008,7.9081116004746885,9.069491569279116,14.905336358766936,17.95882626924631,19.742402328642104,16.400769786684613,9.892471914568354,6.7221240186847915,6.362779768601815,7.419323488921368,7.009908537144484,5.744377803005382
11.499172643927492,9.918215936417829,9.918215936417829,15.671987553754864,17.36101117752844,17.13709157113962,9.689258289704217,12.105391332064952,9.41392317063897,0.0,6.065107651054524,6.065107651054524,5.966499993695173,5.966499993695173,3.80963085335676,9.068394829795722,9.068394829795722,8.572869882974832,24.60959478841841,23.753272624159155,19.700843669742724,25.272506098041532,25.272506098041532,24.08703068389643,19.87295459439896,19.87295459439896,23.753272624159155,23.09327066599046,22.99761162600723,20.975373281951644,20.87553389745426,20.532987621337927,16.961213903715215,18.382008451439745,17.13583828769531,20.536329544515343,25.207760790055474,20.536329544515343,20.30323001170028,22.326741412470444,20.482023272710666,21.642079411449796,20.568913286901104,22.097825288729258,7.239196380276695,10.445066297366674,5.87959143209783,15.748857207109138,15.9702747476617,15.519501301014692,11.25434400111651,10.489771097647967,12.833598684866578,13.823747711165852,14.960103616897202,12.733329629993296,13.932370782722074,10.431278829703183,18.15600341221049,3.884006783162078,7.927628586011387,7.614202806987803,1.9017471481074373,7.493011890644822,1.9059258001834518,5.509393149438935,7.038641725253495,5.797696724952964,21.790374690998778,21.021742151565114,23.406981251498994,22.032659244822113,23.544829655687813,23.995967945521173,14.42952802459755,11.638716222423854,26.297562357562697,24.467989082437807,23.699386627049044,19.367481957922443,18.33563779262822,20.804518346998357,17.65887324940687,15.177345979209022,17.537723334558642,22.592416829282044,20.432729850209675,13.77779174435686,16.32203472534931,17.483414682400415,23.319259395113054,26.372749253632254,28.15632527892606,24.81469279859625,18.30639501865288,3.6917991586044137,4.051143409102075,15.833246618392963,15.423831670307184,4.669545375151134
6.434065007709217,4.85310829429752,4.85310829429752,10.606879939370979,12.295903574564546,12.071983966576127,4.6241506468370766,7.040283698455183,4.348815526909865,6.065107651054524,0.0,1.0,1.098607657486625,1.098607657486625,3.255476799344248,4.003287185040753,4.003287185040753,3.5077622368571415,19.54448725138496,18.688165077905957,14.635736085059891,20.20739856840894,20.20739856840894,19.02192314119107,14.807847011173735,14.807847011173735,18.688165077905957,18.02816311289302,17.932504071936712,15.910265708429897,15.810426323027578,15.467880043846014,11.896106297913665,13.316900856101277,12.070730683122935,15.47122196705304,20.14265325968992,15.47122196705304,15.23812243218677,17.26163385171004,15.41691569476795,16.57697184410462,15.503805709727791,17.032717725739968,2.1740887311261696,5.379958657068574,1.1855162191919473,10.683749593212656,10.905167135186382,10.454393685673068,6.189236363899038,5.424663457511142,7.76849105464342,8.758640085990944,9.894995998145982,7.668221999287418,8.86726315813209,5.3661711893555575,13.090895815137175,3.1811008695267975,12.99273621550343,12.67931043799272,6.966854797764567,12.558119522221075,6.971033449833122,1.5557145022668006,1.97353407572695,1.267410926434969,16.725267125059048,15.956634578465428,18.341873701626326,16.967551681203332,18.47972210724844,18.930860401842036,9.364420402763235,6.573608586789056,21.232454839826868,19.40288154385326,18.634279080228506,14.302374370460386,13.27053019693163,15.739410771931162,12.59376564861136,10.112238361762536,12.47261573287559,17.52730927114279,15.367622271832222,8.712684118936336,11.256927115184354,12.418307080321988,18.254151844333467,21.307641736790696,23.09121778416644,19.749585263827978,13.24128742273102,3.3733084941099305,3.0139642435490503,10.768139005035112,10.358724054370875,2.3955622772340686
6.434065007709217,4.85310829429752,4.85310829429752,10.606879939370979,12.295903574564546,12.071983966576127,4.6241506468370766,7.040283698455183,4.348815526909865,6.065107651054524,1.0,0.0,1.098607657486625,1.098607657486625,3.255476799344248,4.003287185040753,4.003287185040753,3.5077622368571415,19.54448725138496,18.688165077905957,14.635736085059891,20.20739856840894,20.20739856840894,19.02192314119107,14.807847011173735,14.807847011173735,18.688165077905957,18.02816311289302,17.932504071936712,15.910265708429897,15.810426323027578,15.467880043846014,11.896106297913665,13.316900856101277,12.070730683122935,15.47122196705304,20.14265325968992,15.47122196705304,15.23812243218677,17.26163385171004,15.41691569476795,16.57697184410462,15.503805709727791,17.032717725739968,2.1740887311261696,5.379958657068574,1.1855162191919473,10.683749593212656,10.905167135186382,10.454393685673068,6.189236363899038,5.424663457511142,7.76849105464342,8.758640085990944,9.894995998145982,7.668221999287418,8.86726315813209,5.3661711893555575,13.090895815137175,3.1811008695267975,12.99273621550343,12.67931043799272,6.966854797764567,12.558119522221075,6.971033449833122,1.5557145022668006,1.97353407572695,1.267410926434969,16.725267125059048,15.956634578465428,18.341873701626326,16.967551681203332,18.47972210724844,18.930860401842036,9.364420402763235,6.573608586789056,21.232454839826868,19.40288154385326,18.634279080228506,14.302374370460386,13.27053019693163,15.739410771931162,12.59376564861136,10.112238361762536,12.47261573287559,17.52730927114279,15.367622271832222,8.712684118936336,11.256927115184354,12.418307080321988,18.254151844333467,21.307641736790696,23.09121778416644,19.749585263827978,13.24128742273102,3.3733084941099305,3.0139642435490503,10.768139005035112,10.358724054370875,2.3955622772340686
6.532672665043552,4.951715951707033,4.951715951707033,10.705487596385096,12.394511231398779,12.170591623435872,4.722758304255374,7.138891355753969,4.447423184338026,5.966499993695173,1.098607657486625,1.098607657486625,0.0,1.0,3.156869141882243,4.101894842480204,4.101894842480204,3.6063698943106695,19.643094907117792,18.78677273379677,14.73434374159702,20.306006224014354,20.306006224014354,19.120530797021196,14.906454667686809,14.906454667686809,18.78677273379677,18.12677076890049,18.031111727960717,16.00887336478177,15.909033979394556,15.56648770026406,11.994713954793093,13.41550851281271,12.169338339982822,15.569829623470593,20.24126091530798,15.569829623470593,15.336730088638403,17.360241507847434,15.515523351193487,16.675579500352995,15.602413366140535,17.131325381914998,2.2726963886052296,5.47856631445585,1.086908561705404,10.782357250219217,11.003774792170836,10.553001342701997,6.287844021246676,5.523271114896401,7.867098711894573,8.857247743168696,9.993603655227233,7.766829656545451,8.965870815301187,5.4647788467434495,13.189503471876705,3.08249321206316,12.894128558737929,12.580702781189894,6.868247140455077,12.45951186540408,6.872425792523884,1.4571068447814612,2.0721417332082908,1.1688032689485726,16.823874781283788,16.055242234810247,18.4404813575789,17.06615933738898,18.57832976317657,19.02946805768883,9.463028059891174,6.67221624411554,21.331062495226433,19.501489199612728,18.732886736129004,14.400982027043245,13.369137853648871,15.83801842830883,12.692373305410865,10.210846018823846,12.571223389689328,17.625916927235824,15.46622992826499,8.811291776117717,11.355534772132671,12.516914737142054,18.352759500301488,21.406249392174736,23.1898254391654,19.84819291952187,13.339895079451916,3.274700836650627,2.9153565860819475,10.866746662033309,10.457331711408978,2.296954619756604
6.532672665043552,4.951715951707033,4.951715951707033,10.705487596385096,12.394511231398779,12.170591623435872,4.722758304255374,7.138891355753969,4.447423184338026,5.966499993695173,1.098607657486625,1.098607657486625,1.0,0.0,3.156869141882243,4.101894842480204,4.101894842480204,3.6063698943106695,19.643094907117792,18.78677273379677,14.73434374159702,20.306006224014354,20.306006224014354,19.120530797021196,14.906454667686809,14.906454667686809,18.78677273379677,18.12677076890049,18.031111727960717,16.00887336478177,15.909033979394556,15.56648770026406,11.994713954793093,13.41550851281271,12.169338339982822,15.569829623470593,20.24126091530798,15.569829623470593,15.336730088638403,17.360241507847434,15.515523351193487,16.675579500352995,15.602413366140535,17.131325381914998,2.2726963886052296,5.47856631445585,1.086908561705404,10.782357250219217,11.003774792170836,10.553001342701997,6.287844021246676,5.523271114896401,7.867098711894573,8.857247743168696,9.993603655227233,7.766829656545451,8.965870815301187,5.4647788467434495,13.189503471876705,3.08249321206316,12.894128558737929,12.580702781189894,6.868247140455077,12.45951186540408,6.872425792523884,1.4571068447814612,2.0721417332082908,1.1688032689485726,16.823874781283788,16.055242234810247,18.4404813575789,17.06615933738898,18.57832976317657,19.02946805768883,9.463028059891174,6.67221624411554,21.331062495226433,19.501489199612728,18.732886736129004,14.400982027043245,13.369137853648871,15.83801842830883,12.692373305410865,10.210846018823846,12.571223389689328,17.625916927235824,15.46622992826499,8.811291776117717,11.355534772132671,12.516914737142054,18.352759500301488,21.406249392174736,23.1898254391654,19.84819291952187,13.339895079451916,3.274700836650627,2.9153565860819475,10.866746662033309,10.457331711408978,2.296954619756604
8.689541802213347,7.1085850909158985,7.1085850909158985,12.862356725508754,14.55138035616608,14.327460748817167,6.879627443713588,9.295760491994814,6.604292324080706,3.80963085335676,3.255476799344248,3.255476799344248,3.156869141882243,3.156869141882243,0.0,6.25876398255609,6.25876398255609,5.763239034818216,21.79996400598412,20.943641836332283,16.891212859281517,22.462875319928006,22.462875319928006,21.277399898146047,17.06332378480224,17.06332378480224,20.943641836332283,20.28363987415252,20.187980833598427,18.165742478095826,18.06590309306402,17.723356815136043,14.151583080648832,15.572377634639118,14.326207465367522,17.726698738330974,22.398130011514322,17.726698738330974,17.493599204302328,19.51711061613267,17.672392466242158,18.832448611236867,17.759282480887627,19.2881944910807,4.429565530004227,7.635435453046787,3.0699605801967538,12.939226379158384,13.160643920571243,12.709870472187756,8.444713158768526,7.680140253432071,10.023967846911718,11.014116876333132,12.150472785997108,9.923698791738076,11.122739948249126,7.621647985351341,15.346372594374072,1.074375929836225,10.737259429659296,10.423833651373025,4.711378000982183,10.30264273530757,4.715556653055419,2.699762297186787,4.229010874707255,2.98806587297082,18.980743891613656,18.21211134795849,20.597350461551827,19.223028446803184,20.735198866580507,21.18633715920103,11.619897191814784,8.829085381078729,23.48793158638155,21.658358299097085,20.889755838889947,16.557851145811227,15.526006975613866,17.994887542229733,14.84924242934414,12.36771514910329,14.728092513964212,19.782786034484587,17.62309904348399,10.968160909372958,13.512403899654762,14.673783861569008,20.509628604634297,23.563118482971607,25.346694521094104,22.005062017485134,15.496764201504066,1.1178316947980467,1.241512555851492,13.023615790768417,12.614200841119274,1.8599145222490798
3.4307778247069813,1.849821109762018,1.849821109762018,7.603592764125358,9.292616403989587,9.068696795331194,1.6208634621435052,4.036996516245663,1.3455283420476445,9.068394829795722,4.003287185040753,4.003287185040753,4.101894842480204,4.101894842480204,6.25876398255609,0.0,1.0,1.4955249483753263,16.541200110887395,15.684877933006693,11.632448922414357,17.20411143147514,17.20411143147514,16.01863599798034,11.804559849178412,11.804559849178412,15.684877933006693,15.024875964756408,14.929216923342091,12.906978550817028,12.807139165002306,12.464592884429289,8.892819126153388,10.313613688777881,9.0674435118743,12.46793480764971,17.139366122402045,12.46793480764971,12.234835271857122,14.258346699983116,12.413628535147307,13.57368468932487,12.500518550455288,14.02943057297616,2.8291984542458675,2.376671472958272,4.188803404141462,7.680462418160431,7.9018799607014305,7.451106510049217,3.185949180608843,2.4213762734408637,4.765203873536264,5.755352906645615,6.891708821196186,4.664934818018747,5.863975978998491,2.3628840052330347,10.087608647066206,6.184388052823948,15.996023372843444,15.682597596619587,9.97014197455568,15.561406681337433,9.974320626614617,4.559001687002531,3.029753109618609,4.270698111340831,13.721979970928196,12.953347421045141,15.338586555011638,13.964264528147325,15.476434961312146,15.927573258167177,6.361133224645246,3.570321403959235,18.229167708672218,16.399594402612102,15.630991935059855,11.299087206581556,10.267243029453562,12.73612361361443,9.590478478951658,7.108951185316177,9.469328562840312,14.524022120639618,12.364335112015116,5.709396939502526,8.253639941631812,9.415019910119817,15.25086469729013,18.304354606072778,20.08793066432344,16.74629812441844,10.238000255155756,6.37659567718313,6.0172514270316855,7.764851830197306,7.3554368785133954,5.398849461328147
3.4307778247069813,1.849821109762018,1.849821109762018,7.603592764125358,9.292616403989587,9.068696795331194,1.6208634621435052,4.036996516245663,1.3455283420476445,9.068394829795722,4.003287185040753,4.003287185040753,4.101894842480204,4.101894842480204,6.25876398255609,1.0,0.0,1.4955249483753263,16.541200110887395,15.684877933006693,11.632448922414357,17.20411143147514,17.20411143147514,16.01863599798034,11.804559849178412,11.804559849178412,15.684877933006693,15.024875964756408,14.929216923342091,12.906978550817028,12.807139165002306,12.464592884429289,8.892819126153388,10.313613688777881,9.0674435118743,12.46793480764971,17.139366122402045,12.46793480764971,12.234835271857122,14.258346699983116,12.413628535147307,13.57368468932487,12.500518550455288,14.02943057297616,2.8291984542458675,2.376671472958272,4.188803404141462,7.680462418160431,7.9018799607014305,7.451106510049217,3.185949180608843,2.4213762734408637,4.765203873536264,5.755352906645615,6.891708821196186,4.664934818018747,5.863975978998491,2.3628840052330347,10.087608647066206,6.184388052823948,15.996023372843444,15.682597596619587,9.97014197455568,15.561406681337433,9.974320626614617,4.559001687002531,3.029753109618609,4.270698111340831,13.721979970928196,12.953347421045141,15.338586555011638,13.964264528147325,15.476434961312146,15.927573258167177,6.361133224645246,3.570321403959235,18.229167708672218,16.399594402612102,15.630991935059855,11.299087206581556,10.267243029453562,12.73612361361443,9.590478478951658,7.108951185316177,9.469328562840312,14.524022120639618,12.364335112015116,5.709396939502526,8.253639941631812,9.415019910119817,15.25086469729013,18.304354606072778,20.08793066432344,16.74629812441844,10.238000255155756,6.37659567718313,6.0172514270316855,7.764851830197306,7.3554368785133954,5.398849461328147
3.926302772901132,2.3453460581082295,2.3453460581082295,8.099117711306082,9.788141350507498,9.564221741945355,2.116388410501181,4.5325214643477185,1.8410532904155708,8.572869882974832,3.5077622368571415,3.5077622368571415,3.6063698943106695,3.6063698943106695,5.763239034818216,1.4955249483753263,1.4955249483753263,0.0,17.03672505290542,16.180402875696313,12.12797386777332,17.699636372947488,17.699636372947488,16.51416094041267,12.30008479444108,12.30008479444108,16.180402875696313,15.520400907938038,15.424741866593186,13.402503495426993,13.302664109673938,12.960117829308638,9.38834407284135,10.809138634824478,9.56296845848899,12.963459752527065,17.634891063928674,12.963459752527065,12.730360216872434,14.753871643708198,12.90915348005705,14.069209633509944,12.996043495313137,14.524955516857709,2.3336735059326474,2.872196421267959,3.693278455984746,8.175987365314153,8.397404907775691,7.946631457282615,3.681474128834877,2.9169012217468007,5.26072882150292,6.250877854384785,7.387233768612648,5.16045976600565,6.3595009267096625,2.858408953543857,10.583133593221724,5.6888631050672505,15.50049842999585,15.18707265353966,9.474617028114103,15.065881738169006,9.478795680174894,4.063476738904718,2.5342281613225603,3.7751731631965453,14.217504915015674,13.448872365626288,15.83411149796218,14.459789472072924,15.971959904159563,16.42309820067027,6.856658172220584,4.065846352133846,18.724692649256472,16.895119344743776,16.126516877790483,11.794612152122726,10.762767975522717,13.231648558329626,10.086003425337573,7.604476132663442,9.964853509280461,15.019547064179749,12.859860056954124,6.204921887253363,8.749164888574684,9.910544856584037,15.746389640305804,18.79987954658977,20.583455603159987,17.24182306627004,10.733525201239084,5.8810707294756535,5.521726479233716,8.260376777321039,7.850961825779233,4.903324513389816
14.110422311683651,15.691379011114945,15.691379011114945,9.937607394015924,8.248583755033,8.47250336383724,15.920336656155632,13.504203625034005,16.195671773040587,24.60959478841841,19.54448725138496,19.54448725138496,19.643094907117792,19.643094907117792,21.79996400598412,16.541200110887395,16.541200110887395,17.03672505290542,0.0,1.8563221879578045,5.90875123027877,1.662911329197342,1.662911329197342,1.5225641191965231,5.736640302702703,5.736640302702703,1.8563221879578045,2.516324163171676,2.6119832055372676,4.634221594736571,4.734060981204593,5.07660726389755,8.648381033073289,7.227586468561628,8.47375664729472,5.073265340657352,1.5981660192522638,5.073265340657352,5.306364877786213,3.2828534351550895,5.1275716134788585,3.967515451456332,5.040681597658044,3.5117695641324604,18.370398539717844,15.164528653532358,19.73000346726205,9.860737740120173,9.639320197927615,10.090093647787697,14.355250953640747,15.119823853505686,12.77599627283936,11.785847245298408,10.64949133520543,12.876265327705545,11.677224173460944,15.17831612111634,7.453591510789787,21.72558807779653,31.537223117973888,31.22379735305771,25.51134190971297,31.102606442105984,25.515520561660153,20.100201743526256,18.570953191979047,19.811898173020907,3.8192201686945526,4.58785272419961,2.202613569693713,3.5769356095068443,2.0647651619271374,1.6136268600608474,11.180066929932233,13.970878733608847,2.687967621096848,1.141605710022934,1.910208186499394,6.242112947549298,7.273957127998593,4.8050765330474245,7.950721679752444,10.432248971702325,8.071871596010475,3.017178012106351,5.176865036896601,11.831803212217755,9.28756021738939,8.126180248789089,2.2903354283322894,2.7631545196422627,4.546730607714661,1.2050980161193756,7.303199902365662,21.917795698146108,21.55845145544299,9.776348328225358,10.185763279113557,20.940049502075315
13.254100130821572,14.83505683213278,14.83505683213278,9.081285209249678,7.392261569123008,7.616181178064403,15.064014477463962,12.647881443509458,15.33934959470437,23.753272624159155,18.688165077905957,18.688165077905957,18.78677273379677,18.78677273379677,20.943641836332283,15.684877933006693,15.684877933006693,16.180402875696313,1.8563221879578045,0.0,5.052429043200357,2.519233517110596,2.519233517110596,1.333758068768995,4.8803181155574356,4.8803181155574356,1.0,1.6600019752581308,1.755661017633333,3.7778994072251275,3.877738793721889,4.220285076520149,7.792058847411287,6.3712642820823495,7.617434461522668,4.216943153278873,2.4544882071715826,4.216943153278873,4.450042690485249,2.426531247341292,4.271249426118009,3.1111932637755486,4.1843594102691135,2.6554473763585253,17.51407636442361,14.308206473899265,18.87368129408096,9.004415555296408,8.782998012941079,9.233771463137094,13.49892877305539,14.263501673818483,11.91967409056185,10.929525062072052,9.793169150996635,12.019943145528936,10.820901990135756,14.32199394149997,6.597269324428594,20.869265908011368,30.680900969970033,30.36747520422757,24.655019747331362,30.246284292958656,24.65919839928742,19.243879570948696,17.7146310169863,18.955575999972293,2.9628979809814426,3.7315305366751184,1.3462913817543267,2.720613421745104,1.208442973979149,1.2426953279035435,10.32374474616798,13.11455655259141,3.5442898088646553,1.714716477939347,1.053885998543759,5.385790760607823,6.417634941543175,3.9487543455857,7.094399493666864,9.575926787318673,7.2155494099953685,2.160855824252099,4.320542849551982,10.975481029033526,8.43123803215316,7.269858062805995,1.434013240399252,3.6194767073957403,5.403052794981449,2.061420204067551,6.446877715925388,21.061473528706497,20.70212928535998,8.92002614333904,9.329441094536554,20.083727330911618
9.201671108616535,10.782627817200648,10.782627817200648,5.028856172853932,3.3398325290491795,3.5637521384096944,11.011585463671446,8.595452418791943,11.286920582311227,19.700843669742724,14.635736085059891,14.635736085059891,14.73434374159702,14.73434374159702,16.891212859281517,11.632448922414357,11.632448922414357,12.12797386777332,5.90875123027877,5.052429043200357,0.0,6.571662558539964,6.571662558539964,5.386187111663108,1.1721109277825654,1.1721109277825654,5.052429043200357,4.392427068410562,4.296768026088113,2.274529636715627,2.174690250185385,1.8321439672405713,3.7396298081004593,2.3188352403629393,3.5650054218703646,1.8354858904835138,6.50691724869614,1.8354858904835138,1.602386353149683,3.6258977966425365,1.7811796176167136,2.94123578028192,1.8680696335092806,3.396981667671746,13.461647364192899,10.255777456427738,14.821252302454214,4.951986518707397,4.73056897580917,5.181342427132028,9.446499751908478,10.211072656136809,7.8672450630288475,6.877096031065601,5.740740116507882,7.967514118370482,6.768472958773144,10.269564924093427,2.5448402830359154,16.816836930406005,26.62847208536585,26.31504631603498,20.602590800874616,26.19385540338947,20.60676945286834,15.191450581797897,13.662202017976389,14.903147008888357,3.0895310630767105,2.3208985072797685,4.70613766171449,3.3318156222943793,4.843986069388816,5.295124370885837,6.271315713238093,9.062127529794457,7.596718848553044,5.767145520426918,4.99854304470167,1.3333617177131574,2.3652058998890606,2.103674698295222,3.041970453067971,5.523497752225549,3.1631203696055636,3.8915732196503425,1.731886194156563,6.923051998179236,4.378808994200849,3.217429022511911,4.618415803129604,7.671905746939101,9.455481830389992,6.1138492461323235,2.3944486743129154,17.00904455253907,16.649700306516735,4.867597106540703,5.277012058781554,16.031298347589228
