1000.0,13.50109713495274,15.8698066905824,21.070057662337106,21.11481849928163,1.0,1.101823163870891,1.2405136218757193,60.40416908431682,61.68012542912545,60.55169821331602,62.091103456490465,42.764264085148135,42.061359960200754,95.11349507930721,94.93542106128812,95.59157447908525,46.31407888879529,46.015537765333086,40.34513029916293,56.475383589426144,55.38914691776859,58.61539044469867,55.68156067098824,46.345423841918155,43.114398564582935,43.114398564582935,36.771606579837204,36.771606579837204,33.22890112177002,33.41327769017323,36.771606579837204,33.41327769017323,33.41327769017323,84.53744549162576,84.8637917770045,84.82782353997432,84.82782353997432,84.8637917770045,93.16694986508828,67.00050594866043,67.00050594866043,67.00050594866043,67.00050594866043,80.0439677576629,79.6500579908781,80.02817629559314,75.95392107905907,79.6500579908781,79.6500579908781,13.187700537545878,14.338220103813155,22.658620007824908,7.290078279557629,13.539506581751333,1.8549663086676378,1.4336270403086513,4.52347703203197,68.31914509476765,61.021509246181196,61.75037800010166,71.14696881965556,39.11368835896699,63.2970243031392,104.93266349782401,101.93277437458497,102.9766025513752,39.92982433063284,40.9132146140934,35.144673006221645,59.107148676566105,65.49137700462589,60.52096296562305,58.67686013166262,44.615842759764554,26.616784587071052,20.780428380363553,34.8285952257787,27.313172782522038,26.90931775081654,9.676300799644821,35.58367107676116,4.260134954078454,14.399153355017146,100.25737043365501,92.31867247237031,92.16954356085951,89.3097474227689,89.49396913510931,93.25730383196971,87.08152323849373,74.5975650006566,74.86953910889896,70.73723181228065,83.3618908987233,94.32751154345384,80.85283921531871,80.30014012211166,78.93154273880046,78.93154273880046
13.50109713495274,1000.0,28.37090376683357,33.57115470297975,33.61591553958382,13.50109713495274,13.602920298638692,13.260583513501988,47.90307234962227,49.17902871412187,48.05060148087444,49.590006747928236,55.26536089275311,54.562456777495846,107.61459076091542,107.43651674808294,108.09267014672301,33.81298196760431,33.514440840805115,27.84403331610023,43.974286797022486,42.88805011018789,46.11429368318218,43.18046386745999,58.84652059792607,55.61549536730747,55.61549536730747,24.27050956461868,24.27050956461868,20.72780407828775,20.9121806480731,24.27050956461868,20.9121806480731,20.9121806480731,97.03854146518115,97.36488774204041,97.32891950595071,97.32891950595071,97.36488774204041,105.66804560288762,79.50160233428532,79.50160233428532,79.50160233428532,79.50160233428532,92.54506384535873,92.15115408829854,92.5292723836797,88.45501726552014,92.15115408829854,92.15115408829854,1.313396597956962,26.839317189061077,35.15971703602994,19.79117539747054,26.04060367142202,12.646130827719993,13.067470095398194,9.977620107478614,55.81804848972142,48.52041252095559,49.24928128619577,58.64587226526418,51.61478521533633,75.79812076431227,117.43375887906075,114.43386985058682,115.47769799470228,27.42872734364507,28.412117636479717,22.64357597757641,46.60605192233219,52.99028035120717,48.019866232711585,46.17576337105269,57.116939541157215,39.117881581108186,33.28152542319512,22.327498194613014,14.812075699872334,14.408220665859337,4.824796340088156,23.082574051664082,10.240962185215244,1.8980562217973191,112.75846596143406,104.81976823430992,104.67063932702125,101.81084326863835,101.99506497591632,105.75839956718532,99.5826191448096,87.09866121879222,87.3706353207263,83.23832811762713,95.86298690270927,106.82860724788463,93.35393528290348,92.80123620345894,91.43263885384245,91.43263885384245
15.8698066905824,28.37090376683357,1000.0,6.200250989691471,6.245011826830766,15.8698066905824,15.767983526969658,16.110320311834226,75.27397501985529,76.54993133525039,75.42150414548193,76.96090935302372,27.89445758782646,27.19155345465349,80.24368967552006,80.06561565216786,80.72176908967077,61.18388511233051,60.88534399423945,55.214936624321766,71.3451896120569,70.25895296355277,73.48519642054087,70.55136671057902,31.47561738915404,28.244592071422307,28.244592071422307,51.641412960024965,51.641412960024965,48.098707552212474,48.28308411810586,51.641412960024965,48.28308411810586,48.28308411810586,69.66763979023513,69.99398608421518,69.9580178462352,69.9580178462352,69.99398608421518,78.29714440360331,52.13069983946944,52.13069983946944,52.13069983946944,52.13069983946944,65.17416194160444,64.78025216510208,65.15837047914408,61.08411516472689,64.78025216510208,64.78025216510208,28.05750717155266,2.5315865902788173,7.788813342514106,9.579728420292641,3.330300113850887,16.724772996942136,16.303433729751855,19.393283711490593,83.1889508389257,75.89131516755772,76.6201839045911,86.01677449028206,24.24388182078308,48.42721812147556,90.06285840521515,87.06296918334132,88.10679739409605,54.79963066241061,55.78302093010316,50.01447941001983,73.97695464143666,80.36118281960039,75.39076889849218,73.54666610613788,29.746036284927428,11.74697794381589,5.910621706474229,49.6984016340591,42.18297928733191,41.779124260267515,24.546107455171793,50.45347747427745,19.12994163451567,29.268959980619698,85.38756518869064,77.44886698615419,77.2997380703215,74.43994185084881,74.62416356834594,78.38749837313375,72.21171760513698,59.72775905501726,59.99973316948606,55.867425781032686,68.49208516665614,79.45770611621043,65.9830334193837,65.4303343124018,64.06173689543792,64.06173689543792
21.070057662337106,33.57115470297975,6.200250989691471,1000.0,1.0447608371534232,21.070057662337106,20.968234498937473,21.310571283080623,80.47422565590051,81.75018195947007,80.62175478016978,82.16115997339324,22.69420663328036,21.991302498078632,75.04343904025724,74.86536501525471,75.52151845885764,66.38413586608979,66.08559475023723,60.4151874208208,76.54544028329904,75.45920364420239,78.68544707283881,75.75161738870995,26.27536644587078,23.04434111790905,23.04434111790905,56.84166378007921,56.84166378007921,53.298958394115125,53.4833349589084,56.84166378007921,53.4833349589084,53.4833349589084,64.46738906365209,64.79373536024657,64.75776712197779,64.75776712197779,64.79373536024657,73.0968937505105,46.930448991424925,46.930448991424925,46.930448991424925,46.930448991424925,59.973911180340195,59.58000140091459,59.95811971776227,55.88386437402809,59.58000140091459,59.58000140091459,33.257758108820354,7.731837579350168,2.5885623534715583,14.779979402875929,8.53055110248695,21.925023966858422,21.5036847005851,24.593534675104898,88.38920139849417,81.0915657979056,81.82043452815402,91.21702502072408,19.043630856350212,43.226967252553315,84.86260786693286,81.86271861418321,82.90654683555685,59.99988146172537,60.98327172271733,55.214730240293584,79.17720528930445,85.5614334073457,80.591019533463,78.74691675788362,24.545785336011132,6.546726957712064,1.289629283302811,54.89865246628165,47.38323016237813,46.979375137423965,29.746358404201136,55.65372830182477,24.33019259878987,34.46921091348696,80.18731460276632,72.24861632543565,72.09948740827141,69.23969116378751,69.42391288286579,73.18724772085834,67.0114668992779,54.52750825500584,54.7994823713241,50.66717495573887,63.29183443076298,74.25745547369259,60.78278266418128,60.23008355304874,58.861486125966756,58.861486125966756
21.11481849928163,33.61591553958382,6.245011826830766,1.0447608371534232,1000.0,21.11481849928163,21.012995335884103,21.35533212002011,80.51898648979407,81.79494279325837,80.66651561405124,82.20592080714728,22.649445796370518,21.946541661153233,74.99867820595341,74.82060418093715,75.47675762459083,66.42889670103483,66.13035558520237,60.45994825614996,76.59020111750624,75.5039644784935,78.73020790687713,75.79637822297857,26.230605609048165,22.999580281007148,22.999580281007148,56.88642461562081,56.88642461562081,53.343719229854415,53.5280957946377,56.88642461562081,53.5280957946377,53.5280957946377,64.42262822859098,64.74897452520705,64.71300628693588,64.71300628693588,64.74897452520705,73.0521329160585,46.88568815536596,46.88568815536596,46.88568815536596,46.88568815536596,59.92915034499274,59.53524056554304,59.91335888241386,55.839103538438415,59.53524056554304,59.53524056554304,33.30251894543492,7.776598416479967,2.543801516319405,14.824740239930733,8.575311939610833,21.96978480378479,21.548445537520507,24.638295511969776,88.43396223170795,81.13632663174843,81.86519536193647,91.2617858536795,18.99887001936519,43.182206416324696,84.81784703343713,81.81795778042986,82.86178600189206,60.04464229707989,61.0280325580115,55.25949107592757,79.22196612330326,85.60619424080969,80.63578036734701,78.79167759191702,24.501024499144716,6.501966120574454,1.334390120456184,54.94341330193327,47.42799099841876,47.024135973483844,29.791119240926477,55.6984891374341,24.37495343566115,34.51397175006036,80.1425537688732,72.20385549092032,72.05472657374499,69.19493032905359,69.379152048145,73.14248688641311,66.96670606438825,54.48274741933969,54.754721535673134,50.62241411986558,63.247073595624904,74.21269463932846,60.73802182888383,60.18532271771706,58.816725290551695,58.816725290551695
1.0,13.50109713495274,15.8698066905824,21.070057662337106,21.11481849928163,1000.0,1.101823163870891,1.2405136218757193,60.40416908431682,61.68012542912545,60.55169821331602,62.091103456490465,42.764264085148135,42.061359960200754,95.11349507930721,94.93542106128812,95.59157447908525,46.31407888879529,46.015537765333086,40.34513029916293,56.475383589426144,55.38914691776859,58.61539044469867,55.68156067098824,46.345423841918155,43.114398564582935,43.114398564582935,36.771606579837204,36.771606579837204,33.22890112177002,33.41327769017323,36.771606579837204,33.41327769017323,33.41327769017323,84.53744549162576,84.8637917770045,84.82782353997432,84.82782353997432,84.8637917770045,93.16694986508828,67.00050594866043,67.00050594866043,67.00050594866043,67.00050594866043,80.0439677576629,79.6500579908781,80.02817629559314,75.95392107905907,79.6500579908781,79.6500579908781,13.187700537545878,14.338220103813155,22.658620007824908,7.290078279557629,13.539506581751333,1.8549663086676378,1.4336270403086513,4.52347703203197,68.31914509476765,61.021509246181196,61.75037800010166,71.14696881965556,39.11368835896699,63.2970243031392,104.93266349782401,101.93277437458497,102.9766025513752,39.92982433063284,40.9132146140934,35.144673006221645,59.107148676566105,65.49137700462589,60.52096296562305,58.67686013166262,44.615842759764554,26.616784587071052,20.780428380363553,34.8285952257787,27.313172782522038,26.90931775081654,9.676300799644821,35.58367107676116,4.260134954078454,14.399153355017146,100.25737043365501,92.31867247237031,92.16954356085951,89.3097474227689,89.49396913510931,93.25730383196971,87.08152323849373,74.5975650006566,74.86953910889896,70.73723181228065,83.3618908987233,94.32751154345384,80.85283921531871,80.30014012211166,78.93154273880046,78.93154273880046
1.101823163870891,13.602920298638692,15.767983526969658,20.968234498937473,21.012995335884103,1.101823163870891,1000.0,1.3423367857465138,60.50599224404874,61.781948588678105,60.65352137302741,62.19292661598456,42.66244092332568,41.95953679830976,95.01167192588171,94.83359790782302,95.48975132576648,46.41590205025469,46.117360926824084,40.446953461214605,56.57720674968624,55.490970078168374,58.71721360467553,55.78338383135069,46.243600680463,43.01257540279506,43.01257540279506,36.87342974220364,36.87342974220364,33.33072428441909,33.51510085280832,36.87342974220364,33.51510085280832,33.51510085280832,84.43562233597876,84.76196862142207,84.72600038438479,84.72600038438479,84.76196862142207,93.0651267112339,66.89868278991653,66.89868278991653,66.89868278991653,66.89868278991653,79.94214460115269,79.54823483429453,79.92635313907998,75.8520979218049,79.54823483429453,79.54823483429453,13.289523701240944,14.236396940149792,22.55679684450308,7.188255115732473,13.437683418063761,1.956789472537568,1.53545020417927,4.62530019588786,68.42096825332649,61.12333240582686,61.85220115964434,71.24879197775995,39.01186519680135,63.19520114383472,104.83084034669986,101.83095122273329,102.87477939977424,40.03164749272262,41.01503777609228,35.24649616872152,59.20897183647635,65.59320016362055,60.622786125338706,58.778683291631175,44.51401959812821,26.514961423968966,20.678605216950373,34.93041838830377,27.414995945577648,27.01114091389691,9.77812396342629,35.685494239225626,4.361958117936474,14.500976518675698,100.1555472814064,92.21684931833184,92.06772040678887,89.2079242680913,89.39214598047025,93.15548067813505,86.9797000833568,74.49574184316451,74.76771595145424,70.63540865413535,83.26006774284586,94.2256883898541,80.75101605896035,80.1983169656494,78.82971958208398,78.82971958208398
1.2405136218757193,13.260583513501988,16.110320311834226,21.310571283080623,21.35533212002011,1.2405136218757193,1.3423367857465138,1000.0,60.16365547216122,61.43961181739207,60.311184601208794,61.85058984489499,43.00477770214562,42.30187357736079,95.35400867642075,95.17593465849542,95.83208807594625,46.07356527257263,45.77502414903608,40.10461668154701,56.23486997602672,55.148633304040224,58.37487683196625,55.44104705734779,46.58593745804468,43.35491218149843,43.35491218149843,36.53109296148113,36.53109296148113,32.988387502749745,33.17276407118581,36.53109296148113,33.17276407118581,33.17276407118581,84.77795909399669,85.10430537922261,85.06833714220932,85.06833714220932,85.10430537922261,93.40746346321676,67.24101955836316,67.24101955836316,67.24101955836316,67.24101955836316,80.28448136207707,79.89057159546596,80.26868990001427,76.19443468523436,79.89057159546596,79.89057159546596,12.947186916073887,14.578733725186003,22.899133628383137,7.5305919013193385,13.780020203182126,1.6144526867933757,1.1931134184331642,4.282963410188338,68.0786314853755,60.78099563422877,61.5098643883918,70.90645521133408,39.354201976778576,63.537537914169526,105.17317708949241,102.17328796797459,103.21711614417167,39.68931071292727,40.672700996601606,34.90415938755194,58.86663506399051,65.25086339420695,60.28044935350573,58.43634651894973,44.856356376320676,26.85729820710646,21.020942001139332,34.58808160704976,27.072659162547097,26.668804130783474,9.435787177972077,35.343157458174645,4.019621332230043,14.158639733630263,100.49788402798387,92.55918607093437,92.41005715949974,89.5502610228454,89.73448273509472,93.49781743005154,87.32203683965749,74.8380786073952,75.11005271552541,70.97774542056591,83.60240450163973,94.56802514097976,81.09335281937341,80.54065372641239,79.17205634370292,79.17205634370292
60.40416908431682,47.90307234962227,75.27397501985529,80.47422565590051,80.51898648979407,60.40416908431682,60.50599224404874,60.16365547216122,1000.0,2.2759563975251087,1.1475291349814445,2.686934442340265,102.1684302767355,101.46552622034022,154.51765424415197,154.3395802564806,154.99573356223667,15.090090630602909,15.388631760363555,21.059039323131618,4.9287856433284345,6.0150223523270965,2.7887787098009595,5.722608589212931,105.74958967366001,102.5185647217684,102.5185647217684,24.63256308084254,24.63256308084254,28.175268559786897,27.990891990719202,24.63256308084254,27.990891990719202,27.990891990719202,143.94160638239856,144.26795261684455,144.23198438543523,144.23198438543523,144.26795261684455,152.57110935927204,126.4046693590445,126.4046693590445,126.4046693590445,126.4046693590445,139.448129334692,139.0542196267298,139.43233787498454,135.35808325636606,139.0542196267298,139.0542196267298,48.21646893960887,73.74238852487592,82.06278789142362,66.69424708150787,72.94367504940372,59.54920280984184,59.97054206147539,56.88069218675746,8.914976373108463,1.6173401870940172,2.34620897146801,11.742800248163277,98.51785489916193,122.70118819109892,164.33682092094293,161.33693234406894,162.3807603321707,21.474345297016075,20.490955000496673,26.25949666616983,2.297020459072357,6.087208143643647,1.1167938860397288,2.7273090204973185,104.02000876750982,86.020952181575,80.1845963936019,26.575574448469595,34.09099689574632,34.49485192548627,51.72786858518372,25.8204985928255,57.1440342552487,47.00501615007703,159.66152870282215,151.72283210842653,151.57370322175373,148.7139075539913,148.89812923637692,152.66146331098295,146.48568372829462,134.00172737190567,134.27370144146363,130.14139472154721,142.76605197173808,153.73167084191488,140.2570006708837,139.70430166077097,138.3357044813934,138.3357044813934
61.68012542912545,49.17902871412187,76.54993133525039,81.75018195947007,81.79494279325837,61.68012542912545,61.781948588678105,61.43961181739207,2.2759563975251087,1000.0,2.128427262546091,1.4109780448252616,103.44438652234815,102.74148246804909,155.79361029238015,155.6155363055186,156.27168960828587,16.366047024969397,16.664588154600402,22.334995714411274,6.204742040555389,7.290978749392162,4.064735107246143,6.998564986324964,107.02554590836549,103.79452096633142,103.79452096633142,25.90851946977547,25.90851946977547,29.451224946024382,29.266848377106022,25.90851946977547,29.266848377106022,29.266848377106022,145.21756247708362,145.54390871014607,145.5079404788893,145.5079404788893,145.54390871014607,153.8470654163015,127.6806255234114,127.6806255234114,127.6806255234114,127.6806255234114,140.72408544810492,140.3301757417557,140.7082939884622,136.63403938630205,140.3301757417557,140.3301757417557,49.49242530367098,75.01834484360178,83.33874419122148,67.97020341466957,74.21963136983909,60.82515915614362,61.24649840704404,58.15664853758126,7.639019976349051,1.6586162104370186,1.0702525739442792,10.46684385211987,99.79381115550198,123.97714436901032,165.6127769230465,162.6128883605702,163.65671634369272,22.750301688042192,21.76691139211497,27.535453053910537,3.5729768565488134,4.811251746401103,2.159162511487353,4.003265417946797,105.29596500753054,87.29690847165077,81.46055269785106,27.851530835969694,35.36695327666343,35.77080830600277,53.00382494414664,27.096454980895537,58.41999060563558,48.28097251581433,160.9374847272471,152.99878816925604,152.84965928324917,149.98986362812687,150.17408530970553,153.93741936760642,147.76163981210942,135.277683507211,135.54965757569673,131.41735087183443,144.0420080713808,155.00762689371052,141.53295678096987,140.9802577731324,139.61166059934968,139.61166059934968
60.55169821331602,48.05060148087444,75.42150414548193,80.62175478016978,80.66651561405124,60.55169821331602,60.65352137302741,60.311184601208794,1.1475291349814445,2.128427262546091,1000.0,2.5394053073631975,102.3159593943449,101.61305533819065,154.66518333903886,154.48710935146076,155.14326265687254,15.237619765245944,15.536160894992168,21.2065684574291,5.076314778282877,6.162551487264887,2.9363078447765654,5.870137724155598,105.8971187900151,102.66609383925706,102.66609383925706,24.780092214875484,24.780092214875484,28.322797693514925,28.138421124464145,24.780092214875484,28.138421124464145,28.138421124464145,144.08913548263675,144.4154817169235,144.37951348553165,144.37951348553165,144.4154817169235,152.71863845517282,126.55219846730616,126.55219846730616,126.55219846730616,126.55219846730616,139.59565843708705,139.20174872931057,139.57986697738704,135.50561236066378,139.20174872931057,139.20174872931057,48.36399807081105,73.88991765088475,82.2103170152598,66.84177620917242,73.09120417560872,59.69673193901207,60.11807119056166,57.02822131644546,8.767447238230602,1.4698110521130618,2.1986798364892848,11.595271113373583,98.6653840180047,122.84871730091957,164.4843500105154,161.48446143530046,162.52828942282844,21.621874431285033,20.638484134832233,26.407025800068027,2.4445495940506428,5.939679008704548,1.0307352489417216,2.874838155473304,104.16753788447618,86.1684813042946,80.33212551794917,26.723103582340567,34.23852602887044,34.642381058564844,51.87539771580299,25.968027726760933,57.29156338488669,47.152545281470594,159.8090577949666,151.87036120476506,151.72123231816903,148.86143665186265,149.04565833415526,152.80899240683704,146.63321282728083,134.14925647682162,134.4212305462561,130.28892382818802,142.9135810725473,153.87919993721272,140.40452977289564,139.85183076304492,138.48323358431168,138.48323358431168
62.091103456490465,49.590006747928236,76.96090935302372,82.16115997339324,82.20592080714728,62.091103456490465,62.19292661598456,61.85058984489499,2.686934442340265,1.4109780448252616,2.5394053073631975,1000.0,103.85536451743195,103.15246046381361,156.20458822347294,156.02651423687365,156.682667538673,16.777025068655586,17.07556619824247,22.745973757055935,6.615720085243393,7.70195679401942,4.475713152021388,7.409543030969667,107.43652389990775,104.20549896107434,104.20549896107434,26.31949751163596,26.31949751163596,29.862202986988624,29.67782641811984,26.31949751163596,29.67782641811984,29.67782641811984,145.62854042322365,145.95488665583787,145.91891842463062,145.91891842463062,145.95488665583787,154.25804335024458,128.09160349213445,128.09160349213445,128.09160349213445,128.09160349213445,141.1350634003127,140.74115369448612,141.1192719406909,137.04501734386417,140.74115369448612,140.74115369448612,49.90340333733394,75.42932286246003,83.74972220391724,68.38118143823334,74.63060938925429,61.236137183996334,61.657476434657255,58.56762656691162,7.228041931717836,2.0695942552589726,1.340725470881095,10.055865807696879,100.20478915406991,124.38812234212531,166.02375483920505,163.0238662813899,164.06769426290043,23.161279730601905,22.17788943487322,27.94643109537414,3.983954901338027,4.400273701636669,2.5701405563040702,4.414243462723912,105.70694300079856,87.70788648118376,81.87153071199543,28.262508877353298,35.777931315867164,36.18178634507427,53.414802976139384,27.5074330224687,58.83096863482311,48.69195055002645,161.34846265063223,153.40976610442985,153.2606372186386,150.4008415676102,150.58506324892755,154.34839730141803,148.17261775472812,135.6886614665133,135.9606355346515,131.82832883599292,144.452986019127,155.41860482595854,141.9439347320997,141.39123572499943,140.02263855302965,140.02263855302965
42.764264085148135,55.26536089275311,27.89445758782646,22.69420663328036,22.649445796370518,42.764264085148135,42.66244092332568,43.00477770214562,102.1684302767355,103.44438652234815,102.3159593943449,103.85536451743195,1000.0,1.7029041389147337,53.349233385153966,53.17115935447026,53.827312819086465,88.0783410732258,87.77979996872938,82.10939284659722,98.23964507751931,97.15340848500956,100.37965177356539,97.44582221703352,4.581159835373389,1.3501344865711227,1.3501344865711227,78.53586932827365,78.53586932827365,74.99316405739887,75.17754061635654,78.53586932827365,75.17754061635654,75.17754061635654,42.77318309905975,43.09952940435525,43.063561165124845,43.063561165124845,43.09952940435525,51.40268803418023,25.2362426386456,25.2362426386456,25.2362426386456,25.2362426386456,38.27970510143468,37.885795312476134,38.26391363847306,34.18965819997079,37.885795312476134,37.885795312476134,54.95196430539048,29.426044164547093,21.105644287837798,36.474185913372054,30.224757680469928,43.619230376221786,43.19789111662138,46.28774104014305,110.08340564679405,102.78577039080035,103.51463908781766,112.91122912840403,4.650575793503348,21.532760837706732,63.16840255004764,60.1685131887658,61.212341447384404,81.69408690205518,82.67747712844776,76.90893584211678,100.87140996822592,107.25563779230372,102.2852241490265,100.44112145589112,2.8515787137032325,17.147479698088507,22.983835914982723,76.5928580783709,69.07743600390963,68.67358099048825,51.4405646735695,77.34793388930701,46.024398968360714,56.16341708351203,58.493109118727304,50.55441058302569,50.40528166131434,47.54548533181725,47.72970705624678,51.49304200732749,45.317261003947,32.833302051265356,33.10527617346095,28.972968672615842,41.597628435275766,52.56324979363512,39.0885766050977,38.535877480385,37.16728002034223,37.16728002034223
42.061359960200754,54.562456777495846,27.19155345465349,21.991302498078632,21.946541661153233,42.061359960200754,41.95953679830976,42.30187357736079,101.46552622034022,102.74148246804909,101.61305533819065,103.15246046381361,1.7029041389147337,1000.0,54.05213750133488,53.874063470804785,54.530216934852426,87.37543699542252,87.07689589050706,81.40648876068828,97.53674101483384,96.45050442062869,99.67674771427541,96.74291815310724,5.284063974162864,2.0530386254828463,2.0530386254828463,77.83296523778668,77.83296523778668,74.29025996257658,74.4746365217549,77.83296523778668,74.4746365217549,74.4746365217549,43.47608722345818,43.80243352852763,43.76646528932221,43.76646528932221,43.80243352852763,52.10559215201178,25.93914677262002,25.93914677262002,25.93914677262002,25.93914677262002,38.98260922876784,38.58869944005075,38.966817765815975,34.89256232968692,38.58869944005075,38.58869944005075,54.249060189859364,28.723140032055454,20.402740152104034,35.77128178450705,29.521853548348727,42.91632625185643,42.494986991967714,45.58483691767059,109.38050160382375,102.08286633541601,102.81173503363478,112.20832509047386,3.9476716546764354,22.235664973058306,63.87130665695068,60.871417298671915,61.9152455562624,80.9911828156036,81.97457304328555,76.20603174961374,100.16850590972659,106.55273374442162,101.58232009282202,99.73821739669977,3.554482852579353,16.44457556120777,22.280931779882415,75.88995398548116,68.37453190229954,67.97067688843538,50.73766055507869,76.64502979734377,45.32149484569631,55.46051296904833,59.196013230246024,51.25731470155704,51.108185779967506,48.24838945273543,48.43261117702311,52.19594612508379,46.02016512653676,33.53620618171108,33.808180303762796,29.67587280497291,42.30053256047401,53.26615391049005,39.79148073192707,39.23878160755977,37.87018414835072,37.87018414835072
95.11349507930721,107.61459076091542,80.24368967552006,75.04343904025724,74.99867820595341,95.11349507930721,95.01167192588171,95.35400867642075,154.51765424415197,155.79361029238015,154.66518333903886,156.20458822347294,53.349233385153966,54.05213750133488,1000.0,1.1780740363634354,1.4780794493733087,140.4275670907248,140.12902602709238,134.45861966082117,150.58886964046823,149.50263320935233,152.72887601441846,149.79504689806816,49.768073656276236,52.99909890968299,52.99909890968299,130.8850965990254,130.8850965990254,127.34239176560445,127.5267683021672,130.8850965990254,127.5267683021672,127.5267683021672,11.57605055604058,11.249704244463723,11.285672484392824,11.285672484392824,11.249704244463723,2.946545410949279,29.11299116244105,29.11299116244105,29.11299116244105,29.11299116244105,16.069528626901374,16.463438421102246,16.085320090076785,20.159575573553912,16.463438421102246,16.463438421102246,107.30119420408461,81.77527615196233,73.45487678581624,88.82341740273473,82.57398961446411,95.96846129938116,95.54712207488072,98.6369717360223,162.43262835838632,155.13499426296033,155.86386284692534,165.2604513731697,56.99980905404728,32.81647294616389,10.819169538292014,7.819280050379223,8.863108351806378,134.04331377012284,135.02670386868522,129.25816331563448,153.2206341342893,159.60486096116006,154.63444809845643,152.79034568741133,51.49765472846006,69.49671240950589,75.33306830503847,128.9420855909128,121.42666440897128,121.02280944158863,103.78979490625574,129.69716130842522,98.37362968705143,108.51264686352812,6.143875914426497,3.794822886787243,3.9439518127468314,6.803748218438922,6.6195264894030394,2.8561914351209072,9.031972598732544,21.515931732729253,21.24395760861449,25.376265128873086,12.751605241370473,1.7859836162951503,15.260657111878475,15.813356244439928,17.18195372230967,17.18195372230967
94.93542106128812,107.43651674808294,80.06561565216786,74.86536501525471,74.82060418093715,94.93542106128812,94.83359790782302,95.17593465849542,154.3395802564806,155.6155363055186,154.48710935146076,156.02651423687365,53.17115935447026,53.874063470804785,1.1780740363634354,1000.0,1.6561534857360898,140.24949309455104,139.9509520307472,134.28054566128958,150.41079565034477,149.324559218562,152.55080202562286,149.6169729074569,49.589999624841724,52.821024878923545,52.821024878923545,130.70702259755316,130.70702259755316,127.16431776225976,127.34869429891873,130.70702259755316,127.34869429891873,127.34869429891873,11.397976519906349,11.071630208315453,11.107598448246078,11.107598448246078,11.071630208315453,2.7684713745930214,28.934917127712925,28.934917127712925,28.934917127712925,28.934917127712925,15.891454591005544,16.28536438523132,15.90724605418195,19.981501537948134,16.28536438523132,16.28536438523132,107.12312019111423,81.59720212911738,73.27680276033178,88.64534338234873,82.39591559188756,95.79038728169637,95.36904805703081,98.45889771940017,162.25455437584552,154.95692027567998,155.68578886010854,165.0823773925237,56.821735024183525,32.63839891189616,10.997243574450627,7.997354086643112,9.0411823880379,133.86523977036302,134.84862986946692,129.08008931329599,153.04256014580147,159.42678697675706,154.45637411085895,152.61227169865413,51.319580697381554,69.31863838286597,75.1549942801249,128.76401158840727,121.24859040261434,120.84473543503121,103.61172089176827,129.5190873063194,98.19555567032312,108.3345728510929,6.321949950732827,3.6167488504390573,3.765877776400375,6.6256741821435545,6.441452453103353,2.678117398763967,8.853898562500603,21.337857697235016,21.065883573097278,25.198191093738174,12.573531205290497,1.6079095799327114,15.082583075933535,15.635282208528254,17.00387968648584,17.00387968648584
95.59157447908525,108.09267014672301,80.72176908967077,75.52151845885764,75.47675762459083,95.59157447908525,95.48975132576648,95.83208807594625,154.99573356223667,156.27168960828587,155.14326265687254,156.682667538673,53.827312819086465,54.530216934852426,1.4780794493733087,1.6561534857360898,1000.0,140.90564643168784,140.60710536851664,134.93669901082086,151.0669489651504,149.98071253582881,153.20695533552794,150.27312622406293,50.24615309223759,53.47717834382011,53.47717834382011,131.36317595424836,131.36317595424836,127.82047112586739,128.00484766217124,131.36317595424836,128.00484766217124,128.00484766217124,12.05413000475968,11.72778369322172,11.76375193314659,11.76375193314659,11.72778369322172,3.4246248602961646,29.591070607320706,29.591070607320706,29.591070607320706,29.591070607320706,16.547608074963907,16.94151786909647,16.563399538136622,20.63765502082275,16.94151786909647,16.94151786909647,107.77927359026344,82.25335556474546,73.93295620571627,89.30149680889053,83.05206902652382,96.44654069825862,96.025201474203,99.11505113203702,162.91070766266762,155.61307357999303,156.34194216271055,165.73853067235362,57.477888485764986,33.29455238979396,10.341090089432525,7.341200601248116,8.385028902758336,134.52139312073672,135.50478321784166,129.73624267318905,153.6987134545707,160.0829402704514,155.11252741634246,153.26842500841747,51.97573416345933,69.97479183252264,75.8111477233989,129.420164948917,121.90474377734314,121.50088881050009,104.26787429652049,130.17524066535353,98.85170908335215,108.99072624826584,5.6657964651876025,4.272902336109345,4.422031262063743,7.281827667608164,7.097605938584551,3.3342708844699582,9.51005204772331,21.994011179693633,21.722037055641568,25.854344574858597,13.229684689939607,2.2640630656628966,15.738736560075857,16.291435692545964,17.660033170174827,17.660033170174827
46.31407888879529,33.81298196760431,61.18388511233051,66.38413586608979,66.42889670103483,46.31407888879529,46.41590205025469,46.07356527257263,15.090090630602909,16.366047024969397,15.237619765245944,16.777025068655586,88.0783410732258,87.37543699542252,140.4275670907248,140.24949309455104,140.90564643168784,1000.0,1.2985411304532608,6.968948711839813,11.1613049937077,10.07506828561029,13.301311924347461,10.367482048519232,91.6595005817308,88.42847552898287,88.42847552898287,10.542472486618953,10.542472486618953,14.08517798655854,13.900801416298057,10.542472486618953,13.900801416298057,13.900801416298057,129.85151874213892,130.1778649910559,130.1418967580499,130.1418967580499,130.1778649910559,138.48102211347233,112.31458099271659,112.31458099271659,112.31458099271659,112.31458099271659,125.35804149874878,124.96413177394942,125.34225003836532,121.26799524808713,124.96413177394942,124.96413177394942,34.12637856164626,59.65229858436201,67.97269813933019,52.60415699903001,58.85358509198938,45.459112599948305,45.880451858634906,42.7906019335341,23.00506697566248,15.707430816234154,16.436299598723167,25.832890835810385,84.42776558622886,108.61109968437023,150.24673425255176,147.24684552411415,148.29067356461596,7.384254687496007,6.400864386871595,12.169406081084139,13.793070174204052,20.177298758532917,15.206884516375306,13.362781613546353,89.92991962116673,71.93086252704191,66.09450659700319,12.485483865258473,20.0009063666253,20.404761399789336,37.63777825483778,11.73040800518983,43.05394400619844,32.91492575661467,145.57144179951473,137.6327448227633,137.48361592910697,134.6238201288421,134.8080418196819,138.57137606944337,132.39559620177448,119.91163930769159,120.18361338841706,116.05130650144739,128.6759642796427,139.64158365103867,126.16691286967476,125.61421383580486,124.24561659803263,124.24561659803263
46.015537765333086,33.514440840805115,60.88534399423945,66.08559475023723,66.13035558520237,46.015537765333086,46.117360926824084,45.77502414903608,15.388631760363555,16.664588154600402,15.536160894992168,17.07556619824247,87.77979996872938,87.07689589050706,140.12902602709238,139.9509520307472,140.60710536851664,1.2985411304532608,1000.0,6.670407581502307,11.459846123797776,10.37360941577286,13.59985305427116,10.666023178663083,91.36095947942253,88.12993442469653,88.12993442469653,10.24393135646743,10.24393135646743,13.786636856677722,13.602260286401028,10.24393135646743,13.602260286401028,13.602260286401028,129.55297766871132,129.8793239179189,129.84335568488078,129.84335568488078,129.8793239179189,138.18248104797843,112.01603990476706,112.01603990476706,112.01603990476706,112.01603990476706,125.05950042139591,124.66559069625914,125.04370896099888,120.96945416728386,124.66559069625914,124.66559069625914,33.8278374349176,59.353757465647256,67.6741570241987,52.3056158776538,58.55504397295581,45.160571476223616,45.58191073503894,42.492060809022504,23.303608104439764,16.005971945933464,16.734840728346708,26.131431964132815,84.12922447959343,108.31255859362797,149.94819319871362,146.94830446721213,147.99213250877284,7.085713557175626,6.102323256512576,11.870864951046256,14.091611304085104,20.47583988771056,15.505425646124547,13.661322743464819,89.6313785177906,71.63232141378298,65.79596548102106,12.186942735244768,19.702365237388236,20.106220270604965,37.339237128945406,11.431866875119495,42.75540288176232,32.616384629617144,145.272900740929,137.33420375646642,137.18507486266947,134.32527905973765,134.5095007507476,138.27283500403522,132.0970551306318,119.6130982257698,119.88507230671853,115.75276541641247,128.37742320517458,139.34304258665136,125.86837179301807,125.31567275867197,123.94707551972975,123.94707551972975
40.34513029916293,27.84403331610023,55.214936624321766,60.4151874208208,60.45994825614996,40.34513029916293,40.446953461214605,40.10461668154701,21.059039323131618,22.334995714411274,21.2065684574291,22.745973757055935,82.10939284659722,81.40648876068828,134.45861966082117,134.28054566128958,134.93669901082086,6.968948711839813,6.670407581502307,1000.0,17.130253694346276,16.0440169881194,19.270260620829742,16.336430750540643,85.69055239746265,82.45952730641753,82.45952730641753,4.573523777112031,4.573523777112031,8.116229281090337,7.931852710577259,4.573523777112031,7.931852710577259,7.931852710577259,123.88257112049446,124.20891737509444,124.17294914146134,124.17294914146134,124.20891737509444,132.51207464710495,106.34563308752455,106.34563308752455,106.34563308752455,106.34563308752455,119.38909380036576,118.9951840689736,119.3733023397176,115.29904748230354,118.9951840689736,118.9951840689736,28.157429911430622,53.68335008447729,62.003749707862106,46.63520844866523,52.88463658603983,39.49016400539934,39.911503266496325,36.82165332428674,28.974015645461087,21.676379507297103,22.405248287988638,31.80183949541835,78.4588173182488,102.64215172477635,144.27778701466522,141.27789822613252,142.32172628740184,1.4153059758375532,1.5680843251780712,6.200457373218496,19.762018869642958,26.146247437432653,21.175833208630696,19.331730309900028,83.96097141621787,65.96191413147824,60.12555814925558,6.516535157753745,14.03195767173441,14.435812705795472,31.66882961998135,5.761459296845608,37.084995398358004,26.945977101493266,139.6024944685188,131.66379734067115,131.51466844426082,128.65487259178366,128.83909428595246,132.6024286047568,126.42664862482644,113.94269152007122,114.21466560515482,110.08235865308028,122.70701663765027,133.67263620634785,120.19796518489757,119.64526614172101,118.27666888108686,118.27666888108686
56.475383589426144,43.974286797022486,71.3451896120569,76.54544028329904,76.59020111750624,56.475383589426144,56.57720674968624,56.23486997602672,4.9287856433284345,6.204742040555389,5.076314778282877,6.615720085243393,98.23964507751931,97.53674101483384,150.58886964046823,150.41079565034477,151.0669489651504,11.1613049937077,11.459846123797776,17.130253694346276,1000.0,2.086236709243315,3.140006933699363,1.7938229460528632,101.82080450719121,98.58977952570231,98.58977952570231,20.703777458447984,20.703777458447984,24.246482944864024,24.062106375379557,20.703777458447984,24.062106375379557,24.062106375379557,140.01282163814096,140.339167876771,140.30319964489996,140.30319964489996,140.339167876771,148.642324728943,122.47588440432806,122.47588440432806,122.47588440432806,122.47588440432806,135.51934453381975,135.12543482098295,135.50355307391655,131.42929840557346,135.12543482098295,135.12543482098295,44.28768338828295,69.81360310717979,78.13400253006427,62.765461621009464,69.01488962663053,55.62041731055343,56.04175656434599,52.95190667416886,12.843762012229739,5.546125830296446,6.274994614477629,15.671585884419136,94.58906966776809,118.77240319554318,160.40803645698645,157.40814783648185,158.45197583967104,17.54555966891438,16.562169370801364,22.330711047066043,3.631765184409348,10.015993784913306,5.045579529346948,3.2014766230018648,100.09122358507896,82.09216684922593,76.25581101897546,22.646788830032815,30.16221129582304,30.566066326702124,47.79908304873812,21.891712972810254,53.21524874394396,43.07623059387613,155.73274417122857,147.7940474665949,147.64491857790682,144.78512287189258,144.96934455671956,148.73267868188304,142.55689901691292,130.0729425048972,130.34491657769323,126.2126098093101,138.83726721249025,149.80288622743018,136.3282158800658,135.77551686307643,134.4069196667917,134.4069196667917
