0.0,1.0,1.0,62.6404484320886,41.88301104237446,41.88301104237446,42.020860400071236,42.020860400071236,41.14802020466471,41.88301104237446,15.284126397442183,1.0,1.0,2.320756331525221,1.2131251683183808,1.0,1.0,1.0,1.0,1.0,32.24625538567747,34.71584250987538,32.24625538567747,27.696068772260404,34.338609246222845,22.063358895281993,27.522479638285162,19.971127111833205,21.334134047272478,25.89601292575198,21.562348568911347,9.950384345001067,11.535181438099501,9.950384345001067,30.139569897872537,29.658649707188474,30.387241539952996,30.387241539952996,30.387241539952996,24.495326512414785,34.37515075818582,34.82536785192259,11.535181438099501,12.187162029813305,15.248391660323911,55.923199873281675,56.54284921965095,55.874280347323875,37.35803256108395,38.56450338209211,5.114482680434304,4.913902340198229,1.4977082283555831,73.39774224499656,38.94426931637146,39.25130597125959,44.470788546349084,43.06725630433101,40.98698570338338,34.958975506325764,9.270168408321053,13.215293685171574,7.598309717455485,9.295239908087826,13.165140682566594,10.09958492664927,10.030626647675438,8.927300484766253,6.26306745559425,7.065464478497947,42.75396523657997,30.472201665444054,28.59847686770219,27.194727512521577,30.465935084351244,19.64924573068042,18.376987749571178,16.801296888671224,25.340501166013652,21.78554787757704,15.07724124976658,21.766738928339887,21.553571077931743,16.939222590783032,36.60807135938042,36.31335566432359,32.90851015876976,31.729694939283817,29.898796013598563,31.40991229375395,33.42894884508694,35.592246361343854,12.38150319970869,11.804749834423633,7.416515148570475,55.68487419743229,54.63123047073038,55.415190547253516,36.15032181353395,21.78554787757704
1.0,0.0,1.0,62.6404484320886,41.88301104237446,41.88301104237446,42.020860400071236,42.020860400071236,41.14802020466471,41.88301104237446,15.284126397442183,1.0,1.0,2.320756331525221,1.2131251683183808,1.0,1.0,1.0,1.0,1.0,32.24625538567747,34.71584250987538,32.24625538567747,27.696068772260404,34.338609246222845,22.063358895281993,27.522479638285162,19.971127111833205,21.334134047272478,25.89601292575198,21.562348568911347,9.950384345001067,11.535181438099501,9.950384345001067,30.139569897872537,29.658649707188474,30.387241539952996,30.387241539952996,30.387241539952996,24.495326512414785,34.37515075818582,34.82536785192259,11.535181438099501,12.187162029813305,15.248391660323911,55.923199873281675,56.54284921965095,55.874280347323875,37.35803256108395,38.56450338209211,5.114482680434304,4.913902340198229,1.4977082283555831,73.39774224499656,38.94426931637146,39.25130597125959,44.470788546349084,43.06725630433101,40.98698570338338,34.958975506325764,9.270168408321053,13.215293685171574,7.598309717455485,9.295239908087826,13.165140682566594,10.09958492664927,10.030626647675438,8.927300484766253,6.26306745559425,7.065464478497947,42.75396523657997,30.472201665444054,28.59847686770219,27.194727512521577,30.465935084351244,19.64924573068042,18.376987749571178,16.801296888671224,25.340501166013652,21.78554787757704,15.07724124976658,21.766738928339887,21.553571077931743,16.939222590783032,36.60807135938042,36.31335566432359,32.90851015876976,31.729694939283817,29.898796013598563,31.40991229375395,33.42894884508694,35.592246361343854,12.38150319970869,11.804749834423633,7.416515148570475,55.68487419743229,54.63123047073038,55.415190547253516,36.15032181353395,21.78554787757704
1.0,1.0,0.0,62.6404484320886,41.88301104237446,41.88301104237446,42.020860400071236,42.020860400071236,41.14802020466471,41.88301104237446,15.284126397442183,1.0,1.0,2.320756331525221,1.2131251683183808,1.0,1.0,1.0,1.0,1.0,32.24625538567747,34.71584250987538,32.24625538567747,27.696068772260404,34.338609246222845,22.063358895281993,27.522479638285162,19.971127111833205,21.334134047272478,25.89601292575198,21.562348568911347,9.950384345001067,11.535181438099501,9.950384345001067,30.139569897872537,29.658649707188474,30.387241539952996,30.387241539952996,30.387241539952996,24.495326512414785,34.37515075818582,34.82536785192259,11.535181438099501,12.187162029813305,15.248391660323911,55.923199873281675,56.54284921965095,55.874280347323875,37.35803256108395,38.56450338209211,5.114482680434304,4.913902340198229,1.4977082283555831,73.39774224499656,38.94426931637146,39.25130597125959,44.470788546349084,43.06725630433101,40.98698570338338,34.958975506325764,9.270168408321053,13.215293685171574,7.598309717455485,9.295239908087826,13.165140682566594,10.09958492664927,10.030626647675438,8.927300484766253,6.26306745559425,7.065464478497947,42.75396523657997,30.472201665444054,28.59847686770219,27.194727512521577,30.465935084351244,19.64924573068042,18.376987749571178,16.801296888671224,25.340501166013652,21.78554787757704,15.07724124976658,21.766738928339887,21.553571077931743,16.939222590783032,36.60807135938042,36.31335566432359,32.90851015876976,31.729694939283817,29.898796013598563,31.40991229375395,33.42894884508694,35.592246361343854,12.38150319970869,11.804749834423633,7.416515148570475,55.68487419743229,54.63123047073038,55.415190547253516,36.15032181353395,21.78554787757704
62.6404484320886,62.6404484320886,62.6404484320886,0.0,103.52345360905584,103.52345360905584,103.66130293900173,103.66130293900173,102.78846291840206,103.52345360905584,48.35632297732884,62.6404484320886,62.6404484320886,61.31969221169524,62.42732328203393,62.6404484320886,62.6404484320886,62.6404484320886,62.6404484320886,62.6404484320886,93.88669975922676,96.35628644538707,93.88669975922676,89.33651390781479,95.97905324975987,83.70380489326391,89.16292480175342,43.66932244794517,42.30631555479604,37.74443678015855,42.07810103973133,53.690064744560985,52.1052677445117,53.690064744560985,33.50087985255478,33.98180004071422,33.25320821152323,33.25320821152323,33.25320821152323,39.14512316778584,29.26529898666851,28.815081889403928,52.1052677445117,51.45328718903881,48.39205771280088,7.717249071377319,7.097599682952182,7.766168600610025,26.282417149890946,25.07594630815272,66.75493073497023,66.55435041424073,63.13815661729733,11.75729489350248,100.5847124618747,100.89174905743056,106.11123058310774,104.70769863085532,102.62742844913622,96.59941939778103,70.91061603331036,50.42515558841528,56.0421392210551,70.93568753033851,50.47530858841883,53.540864171972444,53.60982244676678,54.7131485409951,57.377381390276675,56.57498442364206,104.39440762702363,92.11264634303619,90.23892185677633,88.83517272846213,92.10637976300164,81.28969207092699,80.01743426359276,46.83915255270174,38.29994853035479,41.85490173735475,48.563208115424175,41.87371068606729,42.086878530460766,46.70122685632586,27.032378362441058,27.32709406133226,30.731939593665846,31.910754814905914,33.741653735645315,32.23053746024466,30.211500905343573,28.048203372675374,51.2589460297161,51.83569936331589,56.22393377762062,7.955574763118916,9.009218558196086,8.225258431091284,27.49012791413928,41.85490173735475
41.88301104237446,41.88301104237446,41.88301104237446,103.52345360905584,0.0,1.0,1.13784936298548,1.13784936298548,1.7349908653065427,1.0,56.167136705840505,41.88301104237446,41.88301104237446,43.203767321930926,42.09613620252627,41.88301104237446,41.88301104237446,41.88301104237446,41.88301104237446,41.88301104237446,10.636755938115733,8.167168758383262,10.636755938115733,15.186942623958915,8.544402031257903,20.81965253696075,15.360531759930131,60.8541370969448,62.21714393073571,66.77902244400168,62.44535843501908,50.833394971768314,52.41819197577976,50.833394971768314,71.02257904185136,70.54165889525491,71.27025066106026,71.27025066106026,71.27025066106026,65.37833614689504,75.25815949543079,75.70837654398727,52.41819197577976,53.07017252949094,56.13140197103071,96.80620602939051,97.42585528890349,96.75728651025973,78.24104099202175,79.44751168447877,37.76852850304316,37.96910883713068,41.38530283276129,114.28074568165131,3.9387418302704527,3.6317051652462826,3.587777609205823,2.184245308553818,1.8960253724989133,7.924035755847805,33.612842885695066,54.09830412331987,48.4813204678502,33.5877713864976,54.04815112376181,50.982595545228115,50.91363727004397,49.81031116656953,47.1460782716011,47.94847525547292,1.8709542282194978,12.410809691195213,14.28453451723291,15.688283889308659,12.417076272393608,23.233765698853876,24.506023674157387,57.684307096876495,66.22351073079443,62.66855772661744,55.960251571497004,62.649748778822115,62.43658094470879,57.8222327896683,77.49107986887489,77.19636420440493,73.79151904060149,72.61270393444937,70.78180517970335,72.29292131922172,74.31195767606636,76.4752549755895,53.26451368790607,52.687760356486905,48.299525908093,96.5678803867595,95.51423680566695,96.29819677404409,77.03333037046681,62.66855772661744
41.88301104237446,41.88301104237446,41.88301104237446,103.52345360905584,1.0,0.0,1.13784936298548,1.13784936298548,1.7349908653065427,1.0,56.167136705840505,41.88301104237446,41.88301104237446,43.203767321930926,42.09613620252627,41.88301104237446,41.88301104237446,41.88301104237446,41.88301104237446,41.88301104237446,10.636755938115733,8.167168758383262,10.636755938115733,15.186942623958915,8.544402031257903,20.81965253696075,15.360531759930131,60.8541370969448,62.21714393073571,66.77902244400168,62.44535843501908,50.833394971768314,52.41819197577976,50.833394971768314,71.02257904185136,70.54165889525491,71.27025066106026,71.27025066106026,71.27025066106026,65.37833614689504,75.25815949543079,75.70837654398727,52.41819197577976,53.07017252949094,56.13140197103071,96.80620602939051,97.42585528890349,96.75728651025973,78.24104099202175,79.44751168447877,37.76852850304316,37.96910883713068,41.38530283276129,114.28074568165131,3.9387418302704527,3.6317051652462826,3.587777609205823,2.184245308553818,1.8960253724989133,7.924035755847805,33.612842885695066,54.09830412331987,48.4813204678502,33.5877713864976,54.04815112376181,50.982595545228115,50.91363727004397,49.81031116656953,47.1460782716011,47.94847525547292,1.8709542282194978,12.410809691195213,14.28453451723291,15.688283889308659,12.417076272393608,23.233765698853876,24.506023674157387,57.684307096876495,66.22351073079443,62.66855772661744,55.960251571497004,62.649748778822115,62.43658094470879,57.8222327896683,77.49107986887489,77.19636420440493,73.79151904060149,72.61270393444937,70.78180517970335,72.29292131922172,74.31195767606636,76.4752549755895,53.26451368790607,52.687760356486905,48.299525908093,96.5678803867595,95.51423680566695,96.29819677404409,77.03333037046681,62.66855772661744
42.020860400071236,42.020860400071236,42.020860400071236,103.66130293900173,1.13784936298548,1.13784936298548,0.0,1.0,1.8728402282899936,1.13784936298548,56.30498605921463,42.020860400071236,42.020860400071236,43.34161667928161,42.23398556016792,42.020860400071236,42.020860400071236,42.020860400071236,42.020860400071236,42.020860400071236,10.774605300803469,8.305018121203219,10.774605300803469,15.324791986302232,8.682251394060154,20.957501898696872,15.498381122257726,60.99198644862255,62.354993281894394,66.9168717933388,62.58320778608972,50.97124432690589,52.556041330411944,50.97124432690589,71.16042838937757,70.67950824299197,71.4081000084773,71.4081000084773,71.4081000084773,65.51618549680528,75.39600884103766,75.84622588938352,52.556041330411944,53.208021883910654,56.26925132441724,96.94405536350682,97.56370462264678,96.89513584440539,78.37889033620992,79.58536102807743,37.90637786174795,38.1069581957888,41.52315219058564,114.41859500433766,4.07659119322734,3.7695545282087117,3.4499282462404013,2.0463959455722582,2.0338747354814632,8.061885118678696,33.75069224531016,54.2361534773991,48.61916982370889,33.72562074611785,54.18600047785782,51.12044490031877,51.05148662515633,49.94816052202503,47.28392762785376,48.08632461149017,1.7331048652360377,12.548659053764203,14.42238387965492,15.826133251606045,12.554925634962144,23.371615060268574,24.643873035387923,57.822156449716516,66.3613600803603,62.80640707760167,56.098100924942834,62.787598129813624,62.57443029578281,57.96008214245906,77.62892921342494,77.33421354909628,73.92936838688557,72.75055328126811,70.91965452733531,72.43077066618397,74.44980702211166,76.61310432062416,53.402363042261925,52.825609711031554,48.43737526400599,96.70572972101866,95.65208614055335,96.4360461084644,77.17117971523606,62.80640707760167
42.020860400071236,42.020860400071236,42.020860400071236,103.66130293900173,1.13784936298548,1.13784936298548,1.0,0.0,1.8728402282899936,1.13784936298548,56.30498605921463,42.020860400071236,42.020860400071236,43.34161667928161,42.23398556016792,42.020860400071236,42.020860400071236,42.020860400071236,42.020860400071236,42.020860400071236,10.774605300803469,8.305018121203219,10.774605300803469,15.324791986302232,8.682251394060154,20.957501898696872,15.498381122257726,60.99198644862255,62.354993281894394,66.9168717933388,62.58320778608972,50.97124432690589,52.556041330411944,50.97124432690589,71.16042838937757,70.67950824299197,71.4081000084773,71.4081000084773,71.4081000084773,65.51618549680528,75.39600884103766,75.84622588938352,52.556041330411944,53.208021883910654,56.26925132441724,96.94405536350682,97.56370462264678,96.89513584440539,78.37889033620992,79.58536102807743,37.90637786174795,38.1069581957888,41.52315219058564,114.41859500433766,4.07659119322734,3.7695545282087117,3.4499282462404013,2.0463959455722582,2.0338747354814632,8.061885118678696,33.75069224531016,54.2361534773991,48.61916982370889,33.72562074611785,54.18600047785782,51.12044490031877,51.05148662515633,49.94816052202503,47.28392762785376,48.08632461149017,1.7331048652360377,12.548659053764203,14.42238387965492,15.826133251606045,12.554925634962144,23.371615060268574,24.643873035387923,57.822156449716516,66.3613600803603,62.80640707760167,56.098100924942834,62.787598129813624,62.57443029578281,57.96008214245906,77.62892921342494,77.33421354909628,73.92936838688557,72.75055328126811,70.91965452733531,72.43077066618397,74.44980702211166,76.61310432062416,53.402363042261925,52.825609711031554,48.43737526400599,96.70572972101866,95.65208614055335,96.4360461084644,77.17117971523606,62.80640707760167
41.14802020466471,41.14802020466471,41.14802020466471,102.78846291840206,1.7349908653065427,1.7349908653065427,1.8728402282899936,1.8728402282899936,0.0,1.7349908653065427,55.43214589096813,41.14802020466471,41.14802020466471,42.468776486046984,41.36114536510719,41.14802020466471,41.14802020466471,41.14802020466471,41.14802020466471,41.14802020466471,9.901765074254861,7.432177893853767,9.901765074254861,14.451951761867432,7.809411166817253,20.08466167802383,14.625540897919944,60.11914629104825,61.48215312758664,66.04403165049774,61.71036763233608,50.09840414757198,51.683201154254796,50.09840414757198,70.28758825794048,69.80666811022681,70.53525987772775,70.53525987772775,70.53525987772775,64.64334535035604,74.52316872169122,74.97338577136385,51.683201154254796,52.33518170908928,55.396411156092725,96.07121531659959,96.69086457809235,96.02229579731309,77.50605022580244,78.71252092138491,37.03353766001932,37.23411799435278,40.65031199437863,113.54575502954603,3.203750965073105,2.896714300023904,4.322768474367328,2.9192361738220267,1.1610345071948036,7.189044891263587,32.87785203787881,53.363313304718375,47.746329639843594,32.85278053865417,53.31316030507169,50.24760472127969,50.17864644598089,49.07532034069316,46.411087441513615,47.21348442662878,2.6059450935024504,11.675818827941354,13.549543654735151,14.95329302745472,11.682085409142083,22.498774841595214,23.7710328178619,56.9493162848295,65.48851993607896,61.933566924391954,55.225260756245305,61.914757976558,61.701590142007824,57.08724197788196,76.75608910073706,76.46137343551827,73.05652826327255,71.8777131542872,70.04681439523219,71.55793053829893,73.57696690000293,75.74026420488275,52.52952286784197,51.95276953542465,47.5645350797996,95.83288967321056,94.77924608878902,95.56320605963954,76.29833960116714,61.933566924391954
41.88301104237446,41.88301104237446,41.88301104237446,103.52345360905584,1.0,1.0,1.13784936298548,1.13784936298548,1.7349908653065427,0.0,56.167136705840505,41.88301104237446,41.88301104237446,43.203767321930926,42.09613620252627,41.88301104237446,41.88301104237446,41.88301104237446,41.88301104237446,41.88301104237446,10.636755938115733,8.167168758383262,10.636755938115733,15.186942623958915,8.544402031257903,20.81965253696075,15.360531759930131,60.8541370969448,62.21714393073571,66.77902244400168,62.44535843501908,50.833394971768314,52.41819197577976,50.833394971768314,71.02257904185136,70.54165889525491,71.27025066106026,71.27025066106026,71.27025066106026,65.37833614689504,75.25815949543079,75.70837654398727,52.41819197577976,53.07017252949094,56.13140197103071,96.80620602939051,97.42585528890349,96.75728651025973,78.24104099202175,79.44751168447877,37.76852850304316,37.96910883713068,41.38530283276129,114.28074568165131,3.9387418302704527,3.6317051652462826,3.587777609205823,2.184245308553818,1.8960253724989133,7.924035755847805,33.612842885695066,54.09830412331987,48.4813204678502,33.5877713864976,54.04815112376181,50.982595545228115,50.91363727004397,49.81031116656953,47.1460782716011,47.94847525547292,1.8709542282194978,12.410809691195213,14.28453451723291,15.688283889308659,12.417076272393608,23.233765698853876,24.506023674157387,57.684307096876495,66.22351073079443,62.66855772661744,55.960251571497004,62.649748778822115,62.43658094470879,57.8222327896683,77.49107986887489,77.19636420440493,73.79151904060149,72.61270393444937,70.78180517970335,72.29292131922172,74.31195767606636,76.4752549755895,53.26451368790607,52.687760356486905,48.299525908093,96.5678803867595,95.51423680566695,96.29819677404409,77.03333037046681,62.66855772661744
15.284126397442183,15.284126397442183,15.284126397442183,48.35632297732884,56.167136705840505,56.167136705840505,56.30498605921463,56.30498605921463,55.43214589096813,56.167136705840505,0.0,15.284126397442183,15.284126397442183,13.96337007147124,15.071001230096734,15.284126397442183,15.284126397442183,15.284126397442183,15.284126397442183,15.284126397442183,46.53038132047786,48.999968380935854,46.53038132047786,41.980194814055636,48.62273512727793,36.34748505078799,41.80660568389424,5.687000743198183,7.050007689682234,11.61188661386407,7.278222213287799,6.333742067919022,4.748944972146457,6.333742067919022,15.8554436405664,15.374523443112547,16.103115286191503,16.103115286191503,16.103115286191503,10.211200185063662,20.09102456694693,20.541241668386498,4.748944972146457,4.096964378859967,1.0357347372832881,41.639074197014004,42.25872356260545,41.590154669549165,23.073906423314,24.280377267576856,19.398609053308824,19.198028714525545,15.781834623410786,59.113617205159805,53.22839506902696,53.5354317148614,58.75491412658982,57.35138193025559,55.27111139464312,49.24310137089518,23.554294745209305,3.0688327204620776,8.685816696431848,23.579366244724874,3.1189857232312166,6.184541486088484,6.253499765148379,7.356825929015383,10.021058957245604,9.21866193511005,57.03809087252555,44.756327643570266,42.88260288935382,41.47885356527784,44.750061062626855,33.9333719285809,32.661113968284155,2.5171704989976345,11.05637484784138,7.501421523909537,1.2068851486194885,7.482612574506308,7.269444722231927,2.6550962018895703,22.323945207627606,22.029229507175078,18.624383943344327,17.445568705423984,15.614669752884456,17.125786055047893,19.144822638085355,21.308120191229158,3.9026232084425114,4.479376575205481,8.867611265242253,41.4007485138371,40.34710475517677,41.13106485541063,21.866195653424615,7.501421523909537
1.0,1.0,1.0,62.6404484320886,41.88301104237446,41.88301104237446,42.020860400071236,42.020860400071236,41.14802020466471,41.88301104237446,15.284126397442183,0.0,1.0,2.320756331525221,1.2131251683183808,1.0,1.0,1.0,1.0,1.0,32.24625538567747,34.71584250987538,32.24625538567747,27.696068772260404,34.338609246222845,22.063358895281993,27.522479638285162,19.971127111833205,21.334134047272478,25.89601292575198,21.562348568911347,9.950384345001067,11.535181438099501,9.950384345001067,30.139569897872537,29.658649707188474,30.387241539952996,30.387241539952996,30.387241539952996,24.495326512414785,34.37515075818582,34.82536785192259,11.535181438099501,12.187162029813305,15.248391660323911,55.923199873281675,56.54284921965095,55.874280347323875,37.35803256108395,38.56450338209211,5.114482680434304,4.913902340198229,1.4977082283555831,73.39774224499656,38.94426931637146,39.25130597125959,44.470788546349084,43.06725630433101,40.98698570338338,34.958975506325764,9.270168408321053,13.215293685171574,7.598309717455485,9.295239908087826,13.165140682566594,10.09958492664927,10.030626647675438,8.927300484766253,6.26306745559425,7.065464478497947,42.75396523657997,30.472201665444054,28.59847686770219,27.194727512521577,30.465935084351244,19.64924573068042,18.376987749571178,16.801296888671224,25.340501166013652,21.78554787757704,15.07724124976658,21.766738928339887,21.553571077931743,16.939222590783032,36.60807135938042,36.31335566432359,32.90851015876976,31.729694939283817,29.898796013598563,31.40991229375395,33.42894884508694,35.592246361343854,12.38150319970869,11.804749834423633,7.416515148570475,55.68487419743229,54.63123047073038,55.415190547253516,36.15032181353395,21.78554787757704
1.0,1.0,1.0,62.6404484320886,41.88301104237446,41.88301104237446,42.020860400071236,42.020860400071236,41.14802020466471,41.88301104237446,15.284126397442183,1.0,0.0,2.320756331525221,1.2131251683183808,1.0,1.0,1.0,1.0,1.0,32.24625538567747,34.71584250987538,32.24625538567747,27.696068772260404,34.338609246222845,22.063358895281993,27.522479638285162,19.971127111833205,21.334134047272478,25.89601292575198,21.562348568911347,9.950384345001067,11.535181438099501,9.950384345001067,30.139569897872537,29.658649707188474,30.387241539952996,30.387241539952996,30.387241539952996,24.495326512414785,34.37515075818582,34.82536785192259,11.535181438099501,12.187162029813305,15.248391660323911,55.923199873281675,56.54284921965095,55.874280347323875,37.35803256108395,38.56450338209211,5.114482680434304,4.913902340198229,1.4977082283555831,73.39774224499656,38.94426931637146,39.25130597125959,44.470788546349084,43.06725630433101,40.98698570338338,34.958975506325764,9.270168408321053,13.215293685171574,7.598309717455485,9.295239908087826,13.165140682566594,10.09958492664927,10.030626647675438,8.927300484766253,6.26306745559425,7.065464478497947,42.75396523657997,30.472201665444054,28.59847686770219,27.194727512521577,30.465935084351244,19.64924573068042,18.376987749571178,16.801296888671224,25.340501166013652,21.78554787757704,15.07724124976658,21.766738928339887,21.553571077931743,16.939222590783032,36.60807135938042,36.31335566432359,32.90851015876976,31.729694939283817,29.898796013598563,31.40991229375395,33.42894884508694,35.592246361343854,12.38150319970869,11.804749834423633,7.416515148570475,55.68487419743229,54.63123047073038,55.415190547253516,36.15032181353395,21.78554787757704
2.320756331525221,2.320756331525221,2.320756331525221,61.31969221169524,43.203767321930926,43.203767321930926,43.34161667928161,43.34161667928161,42.468776486046984,43.203767321930926,13.96337007147124,2.320756331525221,2.320756331525221,0.0,2.107631163213928,2.320756331525221,2.320756331525221,2.320756331525221,2.320756331525221,2.320756331525221,33.56701168657519,36.0365988058398,33.56701168657519,29.016825081281926,35.65936554296472,23.38411521262734,28.843235947591825,18.65037079034837,20.013377727338867,24.575256611818006,20.241592249248328,8.629628015524998,10.214425109486928,8.629628015524998,28.81881359063544,28.337893399138423,29.06648523313996,29.06648523313996,29.06648523313996,23.174570196506387,33.05439445870449,33.50461155332855,10.214425109486928,10.866405701599664,13.927635334323815,54.60244362979502,55.22209297818257,54.55352410367887,36.0372762677064,37.2437470913339,6.435239011287804,6.234658671108066,2.818464559853626,72.07698606715117,40.26502560303195,40.57206225720235,45.7915448192165,44.38801258087675,42.30774198516131,36.279731801784536,10.590924737463055,11.894537357638765,6.277553386975394,10.61599623721635,11.844384354999105,8.778828597248074,8.709870318239474,7.606544154812704,4.942311124691814,5.744708147836493,44.07472151393046,31.79295796965801,29.919233175212057,28.515483822361638,31.786691388576568,20.97000205100699,19.697744071327428,15.480540564008527,24.019744851282596,20.46479155818167,13.756484923627914,20.445982608921852,20.232814758258254,15.6184662662461,35.287315064418344,34.992599368748024,31.587753856481772,30.408938634832957,28.578039705952737,30.089155988730635,32.10819254378022,34.27149006428899,11.060746871618893,10.483993505972915,6.095758818026594,54.36411795317544,53.31047422310887,54.094434302129194,34.82956551762122,20.46479155818167
1.2131251683183808,1.2131251683183808,1.2131251683183808,62.42732328203393,42.09613620252627,42.09613620252627,42.23398556016792,42.23398556016792,41.36114536510719,42.09613620252627,15.071001230096734,1.2131251683183808,1.2131251683183808,2.107631163213928,0.0,1.2131251683183808,1.2131251683183808,1.2131251683183808,1.2131251683183808,1.2131251683183808,32.45938054922131,34.92896767263641,32.45938054922131,27.90919393709073,34.551734409107304,22.27648406142527,27.73560480316057,19.758001945236817,21.121008880933715,25.682887760405837,21.34922340261748,9.737259177061386,11.322056270307664,9.737259177061386,29.92644473362982,29.445524542811995,30.174116375780034,30.174116375780034,30.174116375780034,24.282201346742518,34.16202559521736,34.61224268909972,11.322056270307664,11.974036862089342,15.035266492973568,55.71007471946447,56.32972406616277,55.66115519348087,37.14490739911644,38.35137822055374,5.327607848666373,5.127027508438314,1.7108333966722498,73.18461710186541,39.15739447765383,39.464431132427805,44.68391370543539,43.28038146400334,41.20011086388884,35.172100669006504,9.483293576299248,13.002168517562989,7.385184549341164,9.508365076063981,12.952015514952144,9.88645975872247,9.81750147974266,8.714175316744031,6.049942287404611,6.8523393103515,42.96709039638049,30.6853268295135,28.811602032293425,27.407852677481298,30.679060248422484,19.86237089729181,18.590112916406444,16.588171721545024,25.12737600053591,21.572422711327555,14.864116082392957,21.55361376208665,21.340445911636134,16.726097423677864,36.39494619715318,36.10023050199578,32.69538499534053,31.516569775499235,29.6856708492886,31.196787129875283,33.21582368181884,35.37912119877346,12.168378032005753,11.591624666659358,7.203389980444886,55.471749043489545,54.41810531623904,55.202065393169335,35.937196651150856,21.572422711327555
1.0,1.0,1.0,62.6404484320886,41.88301104237446,41.88301104237446,42.020860400071236,42.020860400071236,41.14802020466471,41.88301104237446,15.284126397442183,1.0,1.0,2.320756331525221,1.2131251683183808,0.0,1.0,1.0,1.0,1.0,32.24625538567747,34.71584250987538,32.24625538567747,27.696068772260404,34.338609246222845,22.063358895281993,27.522479638285162,19.971127111833205,21.334134047272478,25.89601292575198,21.562348568911347,9.950384345001067,11.535181438099501,9.950384345001067,30.139569897872537,29.658649707188474,30.387241539952996,30.387241539952996,30.387241539952996,24.495326512414785,34.37515075818582,34.82536785192259,11.535181438099501,12.187162029813305,15.248391660323911,55.923199873281675,56.54284921965095,55.874280347323875,37.35803256108395,38.56450338209211,5.114482680434304,4.913902340198229,1.4977082283555831,73.39774224499656,38.94426931637146,39.25130597125959,44.470788546349084,43.06725630433101,40.98698570338338,34.958975506325764,9.270168408321053,13.215293685171574,7.598309717455485,9.295239908087826,13.165140682566594,10.09958492664927,10.030626647675438,8.927300484766253,6.26306745559425,7.065464478497947,42.75396523657997,30.472201665444054,28.59847686770219,27.194727512521577,30.465935084351244,19.64924573068042,18.376987749571178,16.801296888671224,25.340501166013652,21.78554787757704,15.07724124976658,21.766738928339887,21.553571077931743,16.939222590783032,36.60807135938042,36.31335566432359,32.90851015876976,31.729694939283817,29.898796013598563,31.40991229375395,33.42894884508694,35.592246361343854,12.38150319970869,11.804749834423633,7.416515148570475,55.68487419743229,54.63123047073038,55.415190547253516,36.15032181353395,21.78554787757704
1.0,1.0,1.0,62.6404484320886,41.88301104237446,41.88301104237446,42.020860400071236,42.020860400071236,41.14802020466471,41.88301104237446,15.284126397442183,1.0,1.0,2.320756331525221,1.2131251683183808,1.0,0.0,1.0,1.0,1.0,32.24625538567747,34.71584250987538,32.24625538567747,27.696068772260404,34.338609246222845,22.063358895281993,27.522479638285162,19.971127111833205,21.334134047272478,25.89601292575198,21.562348568911347,9.950384345001067,11.535181438099501,9.950384345001067,30.139569897872537,29.658649707188474,30.387241539952996,30.387241539952996,30.387241539952996,24.495326512414785,34.37515075818582,34.82536785192259,11.535181438099501,12.187162029813305,15.248391660323911,55.923199873281675,56.54284921965095,55.874280347323875,37.35803256108395,38.56450338209211,5.114482680434304,4.913902340198229,1.4977082283555831,73.39774224499656,38.94426931637146,39.25130597125959,44.470788546349084,43.06725630433101,40.98698570338338,34.958975506325764,9.270168408321053,13.215293685171574,7.598309717455485,9.295239908087826,13.165140682566594,10.09958492664927,10.030626647675438,8.927300484766253,6.26306745559425,7.065464478497947,42.75396523657997,30.472201665444054,28.59847686770219,27.194727512521577,30.465935084351244,19.64924573068042,18.376987749571178,16.801296888671224,25.340501166013652,21.78554787757704,15.07724124976658,21.766738928339887,21.553571077931743,16.939222590783032,36.60807135938042,36.31335566432359,32.90851015876976,31.729694939283817,29.898796013598563,31.40991229375395,33.42894884508694,35.592246361343854,12.38150319970869,11.804749834423633,7.416515148570475,55.68487419743229,54.63123047073038,55.415190547253516,36.15032181353395,21.78554787757704
1.0,1.0,1.0,62.6404484320886,41.88301104237446,41.88301104237446,42.020860400071236,42.020860400071236,41.14802020466471,41.88301104237446,15.284126397442183,1.0,1.0,2.320756331525221,1.2131251683183808,1.0,1.0,0.0,1.0,1.0,32.24625538567747,34.71584250987538,32.24625538567747,27.696068772260404,34.338609246222845,22.063358895281993,27.522479638285162,19.971127111833205,21.334134047272478,25.89601292575198,21.562348568911347,9.950384345001067,11.535181438099501,9.950384345001067,30.139569897872537,29.658649707188474,30.387241539952996,30.387241539952996,30.387241539952996,24.495326512414785,34.37515075818582,34.82536785192259,11.535181438099501,12.187162029813305,15.248391660323911,55.923199873281675,56.54284921965095,55.874280347323875,37.35803256108395,38.56450338209211,5.114482680434304,4.913902340198229,1.4977082283555831,73.39774224499656,38.94426931637146,39.25130597125959,44.470788546349084,43.06725630433101,40.98698570338338,34.958975506325764,9.270168408321053,13.215293685171574,7.598309717455485,9.295239908087826,13.165140682566594,10.09958492664927,10.030626647675438,8.927300484766253,6.26306745559425,7.065464478497947,42.75396523657997,30.472201665444054,28.59847686770219,27.194727512521577,30.465935084351244,19.64924573068042,18.376987749571178,16.801296888671224,25.340501166013652,21.78554787757704,15.07724124976658,21.766738928339887,21.553571077931743,16.939222590783032,36.60807135938042,36.31335566432359,32.90851015876976,31.729694939283817,29.898796013598563,31.40991229375395,33.42894884508694,35.592246361343854,12.38150319970869,11.804749834423633,7.416515148570475,55.68487419743229,54.63123047073038,55.415190547253516,36.15032181353395,21.78554787757704
1.0,1.0,1.0,62.6404484320886,41.88301104237446,41.88301104237446,42.020860400071236,42.020860400071236,41.14802020466471,41.88301104237446,15.284126397442183,1.0,1.0,2.320756331525221,1.2131251683183808,1.0,1.0,1.0,0.0,1.0,32.24625538567747,34.71584250987538,32.24625538567747,27.696068772260404,34.338609246222845,22.063358895281993,27.522479638285162,19.971127111833205,21.334134047272478,25.89601292575198,21.562348568911347,9.950384345001067,11.535181438099501,9.950384345001067,30.139569897872537,29.658649707188474,30.387241539952996,30.387241539952996,30.387241539952996,24.495326512414785,34.37515075818582,34.82536785192259,11.535181438099501,12.187162029813305,15.248391660323911,55.923199873281675,56.54284921965095,55.874280347323875,37.35803256108395,38.56450338209211,5.114482680434304,4.913902340198229,1.4977082283555831,73.39774224499656,38.94426931637146,39.25130597125959,44.470788546349084,43.06725630433101,40.98698570338338,34.958975506325764,9.270168408321053,13.215293685171574,7.598309717455485,9.295239908087826,13.165140682566594,10.09958492664927,10.030626647675438,8.927300484766253,6.26306745559425,7.065464478497947,42.75396523657997,30.472201665444054,28.59847686770219,27.194727512521577,30.465935084351244,19.64924573068042,18.376987749571178,16.801296888671224,25.340501166013652,21.78554787757704,15.07724124976658,21.766738928339887,21.553571077931743,16.939222590783032,36.60807135938042,36.31335566432359,32.90851015876976,31.729694939283817,29.898796013598563,31.40991229375395,33.42894884508694,35.592246361343854,12.38150319970869,11.804749834423633,7.416515148570475,55.68487419743229,54.63123047073038,55.415190547253516,36.15032181353395,21.78554787757704
1.0,1.0,1.0,62.6404484320886,41.88301104237446,41.88301104237446,42.020860400071236,42.020860400071236,41.14802020466471,41.88301104237446,15.284126397442183,1.0,1.0,2.320756331525221,1.2131251683183808,1.0,1.0,1.0,1.0,0.0,32.24625538567747,34.71584250987538,32.24625538567747,27.696068772260404,34.338609246222845,22.063358895281993,27.522479638285162,19.971127111833205,21.334134047272478,25.89601292575198,21.562348568911347,9.950384345001067,11.535181438099501,9.950384345001067,30.139569897872537,29.658649707188474,30.387241539952996,30.387241539952996,30.387241539952996,24.495326512414785,34.37515075818582,34.82536785192259,11.535181438099501,12.187162029813305,15.248391660323911,55.923199873281675,56.54284921965095,55.874280347323875,37.35803256108395,38.56450338209211,5.114482680434304,4.913902340198229,1.4977082283555831,73.39774224499656,38.94426931637146,39.25130597125959,44.470788546349084,43.06725630433101,40.98698570338338,34.958975506325764,9.270168408321053,13.215293685171574,7.598309717455485,9.295239908087826,13.165140682566594,10.09958492664927,10.030626647675438,8.927300484766253,6.26306745559425,7.065464478497947,42.75396523657997,30.472201665444054,28.59847686770219,27.194727512521577,30.465935084351244,19.64924573068042,18.376987749571178,16.801296888671224,25.340501166013652,21.78554787757704,15.07724124976658,21.766738928339887,21.553571077931743,16.939222590783032,36.60807135938042,36.31335566432359,32.90851015876976,31.729694939283817,29.898796013598563,31.40991229375395,33.42894884508694,35.592246361343854,12.38150319970869,11.804749834423633,7.416515148570475,55.68487419743229,54.63123047073038,55.415190547253516,36.15032181353395,21.78554787757704
32.24625538567747,32.24625538567747,32.24625538567747,93.88669975922676,10.636755938115733,10.636755938115733,10.774605300803469,10.774605300803469,9.901765074254861,10.636755938115733,46.53038132047786,32.24625538567747,32.24625538567747,33.56701168657519,32.45938054922131,32.24625538567747,32.24625538567747,32.24625538567747,32.24625538567747,32.24625538567747,0.0,3.4695871836415577,1.0,5.550186700092501,3.09235391034402,11.1828966433759,5.723775836788141,51.21738182004879,52.58038868718204,57.14226731793613,52.808603197127276,41.19663947464638,42.78143651056595,41.19663947464638,61.385824033217695,60.90490387291871,61.63349565952262,61.63349565952262,61.63349565952262,55.74158098379056,65.62140461182615,66.07162167413136,42.78143651056595,43.43341707772285,46.494646584877934,87.16945190252481,87.78910118677652,87.12053238144807,68.60428620115104,69.81075693221425,28.131772784763935,28.332353121681464,31.748547168220448,104.6439923160879,7.698014112193861,8.005050776942301,13.224533540329936,11.821001243837623,9.740730567347331,3.712720186416279,23.976087112754463,44.461548693132336,38.84456492539684,23.951015613250217,44.411395692510844,41.34584005106333,41.276881774511224,40.17355564943236,37.5093227044908,38.31171970308634,11.507710164312833,2.7740537575488773,4.647778589814623,6.051527967570658,2.780320338765522,13.59700982252503,14.86926780795465,48.04755174557433,56.58675558993692,53.03180249428507,46.32349618156768,53.012993546020404,52.79982570659879,48.18547744151241,67.85432505432482,67.5596093806164,64.15476411281992,62.975948971838925,61.1450501641969,62.65616634726734,64.67520276385387,66.83850012935554,43.627758240181805,43.05100489680983,38.6627703622367,86.93112625042322,85.87748262775558,86.66144262702075,67.39657554158387,53.03180249428507
34.71584250987538,34.71584250987538,34.71584250987538,96.35628644538707,8.167168758383262,8.167168758383262,8.305018121203219,8.305018121203219,7.432177893853767,8.167168758383262,48.999968380935854,34.71584250987538,34.71584250987538,36.0365988058398,34.92896767263641,34.71584250987538,34.71584250987538,34.71584250987538,34.71584250987538,34.71584250987538,3.4695871836415577,0.0,3.4695871836415577,8.019773881928174,1.3772332733421853,13.652483819736265,8.193363018508585,53.68696885461155,55.04997571375313,59.61185431624932,55.27819022233999,43.666226561581055,45.25102358996648,43.666226561581055,63.85541100315829,63.374490846175725,64.10308262774521,64.10308262774521,64.10308262774521,58.21116799102745,68.09099155144399,68.54120861040849,45.25102358996648,45.90300415394215,48.964233645523926,89.63903865695582,90.25868793511914,89.59011913635794,71.07387311821418,72.28034383987325,30.60135992307435,30.80194025934801,34.218134294226594,107.11357888251023,5.2284269301549084,5.535463595098557,10.754946363438904,9.351414065311264,7.2711433868079185,1.2431330028120309,26.445674263387094,46.93113576423828,41.31415202299438,26.420602763951297,46.88098276386898,43.815427137300695,43.746468861071186,42.64314274108128,39.97890980786548,40.781306803013294,9.038122985451933,5.243640940764707,7.11736577219447,8.521115149064252,5.249907521979216,16.066596995442513,17.33885497879322,50.51713879791916,59.05634259181547,55.50138951816362,48.79308324311203,55.482580570011606,55.26941273186386,50.6550644931069,70.32391197715198,70.02919630569153,66.62435106316394,65.44553593063027,63.614637135801104,65.12575330832352,67.14478971041916,69.30808705989017,46.097345315443626,45.52059197490082,41.132357460632555,89.40071300718455,88.34706939474388,89.13102938641143,69.86616246789839,55.50138951816362
