0.0,29.82360843939619,29.77304546826088,25.45276559426823,35.52367374944201,35.52367374944201,35.52367374944201,5.408129762469029,8.487263874171258,7.2712170108161605,7.2712170108161605,11.389404644004667,3.701630057269333,3.701630057269333,3.701630057269333,3.701630057269333,3.701630057269333,3.701630057269333,24.742007692443014,24.742007692443014,24.742007692443014,24.742007692443014,3.701630057269333,3.701630057269333,3.701630057269333,3.701630057269333,3.701630057269333,3.701630057269333,3.701630057269333,3.701630057269333,1.359221029866859,28.38571240487816,18.428662164730557,19.920247175488186,37.504181468717604,32.24691397009505,33.3626913565868,7.211480466562906,7.015143940240222,13.582279848556453,13.147793372026014,13.52379112371473,7.9383482547765345,7.9383482547765345,4.04092334448799,1.9105798719192406,1.1629027937598808,3.2514398718092328,24.762899941690225,25.57352413721182,27.75891452155286,27.75891452155286,10.419782670965741,4.529655773563314,6.81463062249495,1.7476788582942675,6.88564568866164,1.5931313842770052,3.464385431844648,6.438669735459638
29.82360843939619,0.0,1.0505629732894755,5.370843003458858,6.700065601237972,6.700065601237972,6.700065601237972,25.415478836723107,22.336344802329446,23.552391638522426,23.552391638522426,19.434204079556665,32.52523837011163,32.52523837011163,32.52523837011163,32.52523837011163,32.52523837011163,32.52523837011163,6.081600925694513,6.081600925694513,6.081600925694513,6.081600925694513,32.52523837011163,32.52523837011163,32.52523837011163,32.52523837011163,32.52523837011163,32.52523837011163,32.52523837011163,32.52523837011163,30.18282945369024,2.4378960928331805,12.394946569101128,10.903361541655906,8.680573444106127,3.4233056427864423,4.539083086711528,23.61212818132805,23.80846470281807,17.241328893970593,17.675815367877338,17.299817618491765,22.88526041000783,22.88526041000783,26.782685211333167,30.734188271092048,29.98651122614163,27.572168656433018,6.0607086758686615,5.250084456899081,3.0646939996680485,3.0646939996680485,20.403826039656302,26.29395279840061,24.008978015509513,30.57128726484451,23.937962951146396,30.416739797753227,32.28799375667211,24.384938892746575
29.77304546826088,1.0505629732894755,0.0,5.320280030218296,6.750628574442635,6.750628574442635,6.750628574442635,25.36491586497804,22.28578183021865,23.50182866655015,23.50182866655015,19.383641107146406,32.47467539940024,32.47467539940024,32.47467539940024,32.47467539940024,32.47467539940024,32.47467539940024,6.0310379524712685,6.0310379524712685,6.0310379524712685,6.0310379524712685,32.47467539940024,32.47467539940024,32.47467539940024,32.47467539940024,32.47467539940024,32.47467539940024,32.47467539940024,32.47467539940024,30.1322664826091,2.387333119548871,12.344383596146765,10.852798568619344,8.731136417241995,3.4738686160604004,4.589646059968125,23.561565209362787,23.75790173087595,17.19076592136318,17.62525239530699,17.249254645889284,22.8346974379586,22.8346974379586,26.73212223976637,30.683625300095372,29.935948255030812,27.521605684973593,6.01014570264487,5.19952148365584,3.0141310263893417,3.0141310263893417,20.353263067341217,26.243389826768972,23.95841504359125,30.520724293822703,23.887399979219655,30.366176826707726,32.23743078592196,24.334375920873597
25.45276559426823,5.370843003458858,5.320280030218296,0.0,11.070908591851143,11.070908591851143,11.070908591851143,21.044635943149242,17.96550188011845,19.18154872711018,19.18154872711018,15.063361134267598,28.154395559014738,28.154395559014738,28.154395559014738,28.154395559014738,28.154395559014738,28.154395559014738,1.7107579230448569,1.7107579230448569,1.7107579230448569,1.7107579230448569,28.154395559014738,28.154395559014738,28.154395559014738,28.154395559014738,28.154395559014738,28.154395559014738,28.154395559014738,28.154395559014738,25.811986612896995,3.932946911570147,8.024103583587316,6.532518550479196,13.051416426856706,7.79414864255967,8.909926083904578,19.241285270463475,19.43762179376481,12.870485933759864,13.304972410451144,12.928974658650933,18.514417492588755,18.514417492588755,22.411842331846323,26.363345437065508,25.61566838297219,23.201325785464974,1.689865673191989,1.1207585466747516,3.3061490048572337,3.3061490048572337,16.032983101655596,21.923109913781207,19.63813510832406,26.20044442880441,19.567120043297354,26.045896959813923,27.917150942454573,20.01409598911213
35.52367374944201,6.700065601237972,6.750628574442635,11.070908591851143,0.0,1.0,1.0,31.115544222903026,28.036410234904782,29.25245705344108,29.25245705344108,25.134269550757594,38.22530362783722,38.22530362783722,38.22530362783722,38.22530362783722,38.22530362783722,38.22530362783722,11.781666510942634,11.781666510942634,11.781666510942634,11.781666510942634,38.22530362783722,38.22530362783722,38.22530362783722,38.22530362783722,38.22530362783722,38.22530362783722,38.22530362783722,38.22530362783722,35.88289475702739,8.137961691076944,18.095012113447606,16.60342709777112,2.9805078473012365,4.276759960767031,3.1609825167563144,29.31219359535694,29.508530113907756,22.94139439107577,23.375880860074233,22.999883114942666,28.585325834720727,28.585325834720727,32.4827505751239,36.43425356398426,35.68657653315457,33.27223400679404,11.760774261213415,10.950150045796214,8.764759596228727,8.764759596228727,26.103891498502744,31.994018170321137,29.709043423574077,36.271352560841365,29.638028360285055,36.11680509668108,37.988059019164616,30.08500429507531
35.52367374944201,6.700065601237972,6.750628574442635,11.070908591851143,1.0,0.0,1.0,31.115544222903026,28.036410234904782,29.25245705344108,29.25245705344108,25.134269550757594,38.22530362783722,38.22530362783722,38.22530362783722,38.22530362783722,38.22530362783722,38.22530362783722,11.781666510942634,11.781666510942634,11.781666510942634,11.781666510942634,38.22530362783722,38.22530362783722,38.22530362783722,38.22530362783722,38.22530362783722,38.22530362783722,38.22530362783722,38.22530362783722,35.88289475702739,8.137961691076944,18.095012113447606,16.60342709777112,2.9805078473012365,4.276759960767031,3.1609825167563144,29.31219359535694,29.508530113907756,22.94139439107577,23.375880860074233,22.999883114942666,28.585325834720727,28.585325834720727,32.4827505751239,36.43425356398426,35.68657653315457,33.27223400679404,11.760774261213415,10.950150045796214,8.764759596228727,8.764759596228727,26.103891498502744,31.994018170321137,29.709043423574077,36.271352560841365,29.638028360285055,36.11680509668108,37.988059019164616,30.08500429507531
35.52367374944201,6.700065601237972,6.750628574442635,11.070908591851143,1.0,1.0,0.0,31.115544222903026,28.036410234904782,29.25245705344108,29.25245705344108,25.134269550757594,38.22530362783722,38.22530362783722,38.22530362783722,38.22530362783722,38.22530362783722,38.22530362783722,11.781666510942634,11.781666510942634,11.781666510942634,11.781666510942634,38.22530362783722,38.22530362783722,38.22530362783722,38.22530362783722,38.22530362783722,38.22530362783722,38.22530362783722,38.22530362783722,35.88289475702739,8.137961691076944,18.095012113447606,16.60342709777112,2.9805078473012365,4.276759960767031,3.1609825167563144,29.31219359535694,29.508530113907756,22.94139439107577,23.375880860074233,22.999883114942666,28.585325834720727,28.585325834720727,32.4827505751239,36.43425356398426,35.68657653315457,33.27223400679404,11.760774261213415,10.950150045796214,8.764759596228727,8.764759596228727,26.103891498502744,31.994018170321137,29.709043423574077,36.271352560841365,29.638028360285055,36.11680509668108,37.988059019164616,30.08500429507531
5.408129762469029,25.415478836723107,25.36491586497804,21.044635943149242,31.115544222903026,31.115544222903026,31.115544222903026,0.0,4.079134116949561,2.863087251006819,2.863087251006819,6.981274895675025,8.109759815361517,8.109759815361517,8.109759815361517,8.109759815361517,8.109759815361517,8.109759815361517,20.333878034262185,20.333878034262185,20.333878034262185,20.333878034262185,8.109759815361517,8.109759815361517,8.109759815361517,8.109759815361517,8.109759815361517,8.109759815361517,8.109759815361517,8.109759815361517,5.767350791945761,23.977582785315093,14.020532453855353,15.512117475434337,33.09605197205999,27.838784397998666,28.954561799459754,2.8033507066437817,2.607014179971705,9.174150109483438,8.739663630945493,9.115661384366478,3.5302184963035255,3.5302184963035255,2.367206418927804,6.318709633284908,5.571032556059282,3.1566898917656276,20.354770283713712,21.165394487315357,23.350784894919446,23.350784894919446,6.01165291923945,1.8784739896117728,2.406500861887707,6.155808619885089,2.477515928172272,6.00126114607025,7.872515190454513,2.0305399742665875
8.487263874171258,22.336344802329446,22.28578183021865,17.96550188011845,28.036410234904782,28.036410234904782,28.036410234904782,4.079134116949561,0.0,2.2160468663026913,2.2160468663026913,3.9021407814820375,11.188893920790509,11.188893920790509,11.188893920790509,11.188893920790509,11.188893920790509,11.188893920790509,17.25474396714466,17.25474396714466,17.25474396714466,17.25474396714466,11.188893920790509,11.188893920790509,11.188893920790509,11.188893920790509,11.188893920790509,11.188893920790509,11.188893920790509,11.188893920790509,8.846484902947875,20.89844874083519,10.9413983574454,12.432983384807681,30.016918002576706,24.759650382078576,25.875427792667725,2.275783410671305,2.4721199373537215,6.095015999145974,5.66052951972296,6.036527273906383,1.5489156208666786,1.5489156208666786,5.446340534911203,9.397843743132492,8.650166667449106,6.235824006920353,17.275636216714037,18.086260424994748,20.271650846246942,20.271650846246942,2.932518803828075,4.957608106008809,2.672633255435638,9.234942730083858,2.601618189153272,9.080395256594386,10.95164929652752,3.048594143018417
7.2712170108161605,23.552391638522426,23.50182866655015,19.18154872711018,29.25245705344108,29.25245705344108,29.25245705344108,2.863087251006819,2.2160468663026913,0.0,1.0,5.11818764703533,9.972847060228728,9.972847060228728,9.972847060228728,9.972847060228728,9.972847060228728,9.972847060228728,18.470790815667282,18.470790815667282,18.470790815667282,18.470790815667282,9.972847060228728,9.972847060228728,9.972847060228728,9.972847060228728,9.972847060228728,9.972847060228728,9.972847060228728,9.972847060228728,7.630438039911266,22.114495580843446,12.157445216798498,13.649030242051136,31.23296481403239,25.97569721125904,27.091474618373667,1.0597365443733948,1.2560730710746792,7.311062863432944,6.87657638430868,7.252574138234947,1.6671312454589835,1.6671312454589835,4.230293669509853,8.181796880616297,7.434119804236429,5.019777141938564,18.491683065192557,19.30230727172012,21.48769768783772,21.48769768783772,4.148565669749198,3.741561240386969,1.4565863891808575,8.018895867409928,1.3855713228893212,7.86434839377389,9.735602435683663,1.8325472768227278
7.2712170108161605,23.552391638522426,23.50182866655015,19.18154872711018,29.25245705344108,29.25245705344108,29.25245705344108,2.863087251006819,2.2160468663026913,1.0,0.0,5.11818764703533,9.972847060228728,9.972847060228728,9.972847060228728,9.972847060228728,9.972847060228728,9.972847060228728,18.470790815667282,18.470790815667282,18.470790815667282,18.470790815667282,9.972847060228728,9.972847060228728,9.972847060228728,9.972847060228728,9.972847060228728,9.972847060228728,9.972847060228728,9.972847060228728,7.630438039911266,22.114495580843446,12.157445216798498,13.649030242051136,31.23296481403239,25.97569721125904,27.091474618373667,1.0597365443733948,1.2560730710746792,7.311062863432944,6.87657638430868,7.252574138234947,1.6671312454589835,1.6671312454589835,4.230293669509853,8.181796880616297,7.434119804236429,5.019777141938564,18.491683065192557,19.30230727172012,21.48769768783772,21.48769768783772,4.148565669749198,3.741561240386969,1.4565863891808575,8.018895867409928,1.3855713228893212,7.86434839377389,9.735602435683663,1.8325472768227278
11.389404644004667,19.434204079556665,19.383641107146406,15.063361134267598,25.134269550757594,25.134269550757594,25.134269550757594,6.981274895675025,3.9021407814820375,5.11818764703533,5.11818764703533,0.0,14.09103468229266,14.09103468229266,14.09103468229266,14.09103468229266,14.09103468229266,14.09103468229266,14.352603218078297,14.352603218078297,14.352603218078297,14.352603218078297,14.09103468229266,14.09103468229266,14.09103468229266,14.09103468229266,14.09103468229266,14.09103468229266,14.09103468229266,14.09103468229266,11.748625671799818,17.9963080098432,8.039257586422355,9.530842617900177,27.114777334107185,21.857509674548023,22.973287092741668,5.177924191355721,5.374260717872114,3.192875219334681,2.758388739466447,3.1343864940318715,4.451056402065262,4.451056402065262,8.348481311502056,12.299984510402671,11.552307436842232,9.13796478202339,14.373495467740044,15.184119679705164,17.369510111864482,17.369510111864482,1.9696219779342665,7.859748883427061,5.57477403577256,12.137083497830877,5.50375896955584,11.982536024786418,13.853790058849059,5.950734922982625
3.701630057269333,32.52523837011163,32.47467539940024,28.154395559014738,38.22530362783722,38.22530362783722,38.22530362783722,8.109759815361517,11.188893920790509,9.972847060228728,9.972847060228728,14.09103468229266,0.0,1.0,1.0,1.0,1.0,1.0,27.44363766222328,27.44363766222328,27.44363766222328,27.44363766222328,1.0,1.0,1.0,1.0,1.0,1.0,1.0,1.0,3.3424090275200475,31.08734234737274,21.130292173074384,22.621877175718893,40.20581132683285,34.94854387966471,36.06432125587428,9.913110516102071,9.716773990188463,16.283909878993985,15.8494234041253,16.225421154379013,10.639978302707704,10.639978302707704,6.742553399318229,2.791050185577988,3.5387272635672375,5.95306992752084,27.46452991132452,28.275154101089186,30.46054446900303,30.46054446900303,13.121412712298193,7.2312858277607655,9.516260672849878,2.9539511991792073,9.587275738873819,3.1084986731670785,1.2372446255063982,9.140299786546883
3.701630057269333,32.52523837011163,32.47467539940024,28.154395559014738,38.22530362783722,38.22530362783722,38.22530362783722,8.109759815361517,11.188893920790509,9.972847060228728,9.972847060228728,14.09103468229266,1.0,0.0,1.0,1.0,1.0,1.0,27.44363766222328,27.44363766222328,27.44363766222328,27.44363766222328,1.0,1.0,1.0,1.0,1.0,1.0,1.0,1.0,3.3424090275200475,31.08734234737274,21.130292173074384,22.621877175718893,40.20581132683285,34.94854387966471,36.06432125587428,9.913110516102071,9.716773990188463,16.283909878993985,15.8494234041253,16.225421154379013,10.639978302707704,10.639978302707704,6.742553399318229,2.791050185577988,3.5387272635672375,5.95306992752084,27.46452991132452,28.275154101089186,30.46054446900303,30.46054446900303,13.121412712298193,7.2312858277607655,9.516260672849878,2.9539511991792073,9.587275738873819,3.1084986731670785,1.2372446255063982,9.140299786546883
3.701630057269333,32.52523837011163,32.47467539940024,28.154395559014738,38.22530362783722,38.22530362783722,38.22530362783722,8.109759815361517,11.188893920790509,9.972847060228728,9.972847060228728,14.09103468229266,1.0,1.0,0.0,1.0,1.0,1.0,27.44363766222328,27.44363766222328,27.44363766222328,27.44363766222328,1.0,1.0,1.0,1.0,1.0,1.0,1.0,1.0,3.3424090275200475,31.08734234737274,21.130292173074384,22.621877175718893,40.20581132683285,34.94854387966471,36.06432125587428,9.913110516102071,9.716773990188463,16.283909878993985,15.8494234041253,16.225421154379013,10.639978302707704,10.639978302707704,6.742553399318229,2.791050185577988,3.5387272635672375,5.95306992752084,27.46452991132452,28.275154101089186,30.46054446900303,30.46054446900303,13.121412712298193,7.2312858277607655,9.516260672849878,2.9539511991792073,9.587275738873819,3.1084986731670785,1.2372446255063982,9.140299786546883
3.701630057269333,32.52523837011163,32.47467539940024,28.154395559014738,38.22530362783722,38.22530362783722,38.22530362783722,8.109759815361517,11.188893920790509,9.972847060228728,9.972847060228728,14.09103468229266,1.0,1.0,1.0,0.0,1.0,1.0,27.44363766222328,27.44363766222328,27.44363766222328,27.44363766222328,1.0,1.0,1.0,1.0,1.0,1.0,1.0,1.0,3.3424090275200475,31.08734234737274,21.130292173074384,22.621877175718893,40.20581132683285,34.94854387966471,36.06432125587428,9.913110516102071,9.716773990188463,16.283909878993985,15.8494234041253,16.225421154379013,10.639978302707704,10.639978302707704,6.742553399318229,2.791050185577988,3.5387272635672375,5.95306992752084,27.46452991132452,28.275154101089186,30.46054446900303,30.46054446900303,13.121412712298193,7.2312858277607655,9.516260672849878,2.9539511991792073,9.587275738873819,3.1084986731670785,1.2372446255063982,9.140299786546883
3.701630057269333,32.52523837011163,32.47467539940024,28.154395559014738,38.22530362783722,38.22530362783722,38.22530362783722,8.109759815361517,11.188893920790509,9.972847060228728,9.972847060228728,14.09103468229266,1.0,1.0,1.0,1.0,0.0,1.0,27.44363766222328,27.44363766222328,27.44363766222328,27.44363766222328,1.0,1.0,1.0,1.0,1.0,1.0,1.0,1.0,3.3424090275200475,31.08734234737274,21.130292173074384,22.621877175718893,40.20581132683285,34.94854387966471,36.06432125587428,9.913110516102071,9.716773990188463,16.283909878993985,15.8494234041253,16.225421154379013,10.639978302707704,10.639978302707704,6.742553399318229,2.791050185577988,3.5387272635672375,5.95306992752084,27.46452991132452,28.275154101089186,30.46054446900303,30.46054446900303,13.121412712298193,7.2312858277607655,9.516260672849878,2.9539511991792073,9.587275738873819,3.1084986731670785,1.2372446255063982,9.140299786546883
3.701630057269333,32.52523837011163,32.47467539940024,28.154395559014738,38.22530362783722,38.22530362783722,38.22530362783722,8.109759815361517,11.188893920790509,9.972847060228728,9.972847060228728,14.09103468229266,1.0,1.0,1.0,1.0,1.0,0.0,27.44363766222328,27.44363766222328,27.44363766222328,27.44363766222328,1.0,1.0,1.0,1.0,1.0,1.0,1.0,1.0,3.3424090275200475,31.08734234737274,21.130292173074384,22.621877175718893,40.20581132683285,34.94854387966471,36.06432125587428,9.913110516102071,9.716773990188463,16.283909878993985,15.8494234041253,16.225421154379013,10.639978302707704,10.639978302707704,6.742553399318229,2.791050185577988,3.5387272635672375,5.95306992752084,27.46452991132452,28.275154101089186,30.46054446900303,30.46054446900303,13.121412712298193,7.2312858277607655,9.516260672849878,2.9539511991792073,9.587275738873819,3.1084986731670785,1.2372446255063982,9.140299786546883
24.742007692443014,6.081600925694513,6.0310379524712685,1.7107579230448569,11.781666510942634,11.781666510942634,11.781666510942634,20.333878034262185,17.25474396714466,18.470790815667282,18.470790815667282,14.352603218078297,27.44363766222328,27.44363766222328,27.44363766222328,27.44363766222328,27.44363766222328,27.44363766222328,0.0,1.0,1.0,1.0,27.44363766222328,27.44363766222328,27.44363766222328,27.44363766222328,27.44363766222328,27.44363766222328,27.44363766222328,27.44363766222328,25.101228711710167,4.643704834225593,7.313345662160151,5.821760628407311,13.762174344302968,8.504906563747353,9.620684004466113,18.53052735909857,18.7268638826581,12.159728015550082,12.594214492613725,12.218216740490469,17.803659580292578,17.803659580292578,21.701084424996886,25.65258753687696,24.90491048143531,22.490567879854645,1.0208922498533932,1.8315164697159483,4.016906927648554,4.016906927648554,15.32222518647197,21.212352006187622,18.927377197483967,25.48968652831859,18.8563621323625,25.335139059047883,27.206393045199572,19.303338078779877
24.742007692443014,6.081600925694513,6.0310379524712685,1.7107579230448569,11.781666510942634,11.781666510942634,11.781666510942634,20.333878034262185,17.25474396714466,18.470790815667282,18.470790815667282,14.352603218078297,27.44363766222328,27.44363766222328,27.44363766222328,27.44363766222328,27.44363766222328,27.44363766222328,1.0,0.0,1.0,1.0,27.44363766222328,27.44363766222328,27.44363766222328,27.44363766222328,27.44363766222328,27.44363766222328,27.44363766222328,27.44363766222328,25.101228711710167,4.643704834225593,7.313345662160151,5.821760628407311,13.762174344302968,8.504906563747353,9.620684004466113,18.53052735909857,18.7268638826581,12.159728015550082,12.594214492613725,12.218216740490469,17.803659580292578,17.803659580292578,21.701084424996886,25.65258753687696,24.90491048143531,22.490567879854645,1.0208922498533932,1.8315164697159483,4.016906927648554,4.016906927648554,15.32222518647197,21.212352006187622,18.927377197483967,25.48968652831859,18.8563621323625,25.335139059047883,27.206393045199572,19.303338078779877
24.742007692443014,6.081600925694513,6.0310379524712685,1.7107579230448569,11.781666510942634,11.781666510942634,11.781666510942634,20.333878034262185,17.25474396714466,18.470790815667282,18.470790815667282,14.352603218078297,27.44363766222328,27.44363766222328,27.44363766222328,27.44363766222328,27.44363766222328,27.44363766222328,1.0,1.0,0.0,1.0,27.44363766222328,27.44363766222328,27.44363766222328,27.44363766222328,27.44363766222328,27.44363766222328,27.44363766222328,27.44363766222328,25.101228711710167,4.643704834225593,7.313345662160151,5.821760628407311,13.762174344302968,8.504906563747353,9.620684004466113,18.53052735909857,18.7268638826581,12.159728015550082,12.594214492613725,12.218216740490469,17.803659580292578,17.803659580292578,21.701084424996886,25.65258753687696,24.90491048143531,22.490567879854645,1.0208922498533932,1.8315164697159483,4.016906927648554,4.016906927648554,15.32222518647197,21.212352006187622,18.927377197483967,25.48968652831859,18.8563621323625,25.335139059047883,27.206393045199572,19.303338078779877
24.742007692443014,6.081600925694513,6.0310379524712685,1.7107579230448569,11.781666510942634,11.781666510942634,11.781666510942634,20.333878034262185,17.25474396714466,18.470790815667282,18.470790815667282,14.352603218078297,27.44363766222328,27.44363766222328,27.44363766222328,27.44363766222328,27.44363766222328,27.44363766222328,1.0,1.0,1.0,0.0,27.44363766222328,27.44363766222328,27.44363766222328,27.44363766222328,27.44363766222328,27.44363766222328,27.44363766222328,27.44363766222328,25.101228711710167,4.643704834225593,7.313345662160151,5.821760628407311,13.762174344302968,8.504906563747353,9.620684004466113,18.53052735909857,18.7268638826581,12.159728015550082,12.594214492613725,12.218216740490469,17.803659580292578,17.803659580292578,21.701084424996886,25.65258753687696,24.90491048143531,22.490567879854645,1.0208922498533932,1.8315164697159483,4.016906927648554,4.016906927648554,15.32222518647197,21.212352006187622,18.927377197483967,25.48968652831859,18.8563621323625,25.335139059047883,27.206393045199572,19.303338078779877
3.701630057269333,32.52523837011163,32.47467539940024,28.154395559014738,38.22530362783722,38.22530362783722,38.22530362783722,8.109759815361517,11.188893920790509,9.972847060228728,9.972847060228728,14.09103468229266,1.0,1.0,1.0,1.0,1.0,1.0,27.44363766222328,27.44363766222328,27.44363766222328,27.44363766222328,0.0,1.0,1.0,1.0,1.0,1.0,1.0,1.0,3.3424090275200475,31.08734234737274,21.130292173074384,22.621877175718893,40.20581132683285,34.94854387966471,36.06432125587428,9.913110516102071,9.716773990188463,16.283909878993985,15.8494234041253,16.225421154379013,10.639978302707704,10.639978302707704,6.742553399318229,2.791050185577988,3.5387272635672375,5.95306992752084,27.46452991132452,28.275154101089186,30.46054446900303,30.46054446900303,13.121412712298193,7.2312858277607655,9.516260672849878,2.9539511991792073,9.587275738873819,3.1084986731670785,1.2372446255063982,9.140299786546883
3.701630057269333,32.52523837011163,32.47467539940024,28.154395559014738,38.22530362783722,38.22530362783722,38.22530362783722,8.109759815361517,11.188893920790509,9.972847060228728,9.972847060228728,14.09103468229266,1.0,1.0,1.0,1.0,1.0,1.0,27.44363766222328,27.44363766222328,27.44363766222328,27.44363766222328,1.0,0.0,1.0,1.0,1.0,1.0,1.0,1.0,3.3424090275200475,31.08734234737274,21.130292173074384,22.621877175718893,40.20581132683285,34.94854387966471,36.06432125587428,9.913110516102071,9.716773990188463,16.283909878993985,15.8494234041253,16.225421154379013,10.639978302707704,10.639978302707704,6.742553399318229,2.791050185577988,3.5387272635672375,5.95306992752084,27.46452991132452,28.275154101089186,30.46054446900303,30.46054446900303,13.121412712298193,7.2312858277607655,9.516260672849878,2.9539511991792073,9.587275738873819,3.1084986731670785,1.2372446255063982,9.140299786546883
3.701630057269333,32.52523837011163,32.47467539940024,28.154395559014738,38.22530362783722,38.22530362783722,38.22530362783722,8.109759815361517,11.188893920790509,9.972847060228728,9.972847060228728,14.09103468229266,1.0,1.0,1.0,1.0,1.0,1.0,27.44363766222328,27.44363766222328,27.44363766222328,27.44363766222328,1.0,1.0,0.0,1.0,1.0,1.0,1.0,1.0,3.3424090275200475,31.08734234737274,21.130292173074384,22.621877175718893,40.20581132683285,34.94854387966471,36.06432125587428,9.913110516102071,9.716773990188463,16.283909878993985,15.8494234041253,16.225421154379013,10.639978302707704,10.639978302707704,6.742553399318229,2.791050185577988,3.5387272635672375,5.95306992752084,27.46452991132452,28.275154101089186,30.46054446900303,30.46054446900303,13.121412712298193,7.2312858277607655,9.516260672849878,2.9539511991792073,9.587275738873819,3.1084986731670785,1.2372446255063982,9.140299786546883
3.701630057269333,32.52523837011163,32.47467539940024,28.154395559014738,38.22530362783722,38.22530362783722,38.22530362783722,8.109759815361517,11.188893920790509,9.972847060228728,9.972847060228728,14.09103468229266,1.0,1.0,1.0,1.0,1.0,1.0,27.44363766222328,27.44363766222328,27.44363766222328,27.44363766222328,1.0,1.0,1.0,0.0,1.0,1.0,1.0,1.0,3.3424090275200475,31.08734234737274,21.130292173074384,22.621877175718893,40.20581132683285,34.94854387966471,36.06432125587428,9.913110516102071,9.716773990188463,16.283909878993985,15.8494234041253,16.225421154379013,10.639978302707704,10.639978302707704,6.742553399318229,2.791050185577988,3.5387272635672375,5.95306992752084,27.46452991132452,28.275154101089186,30.46054446900303,30.46054446900303,13.121412712298193,7.2312858277607655,9.516260672849878,2.9539511991792073,9.587275738873819,3.1084986731670785,1.2372446255063982,9.140299786546883
3.701630057269333,32.52523837011163,32.47467539940024,28.154395559014738,38.22530362783722,38.22530362783722,38.22530362783722,8.109759815361517,11.188893920790509,9.972847060228728,9.972847060228728,14.09103468229266,1.0,1.0,1.0,1.0,1.0,1.0,27.44363766222328,27.44363766222328,27.44363766222328,27.44363766222328,1.0,1.0,1.0,1.0,0.0,1.0,1.0,1.0,3.3424090275200475,31.08734234737274,21.130292173074384,22.621877175718893,40.20581132683285,34.94854387966471,36.06432125587428,9.913110516102071,9.716773990188463,16.283909878993985,15.8494234041253,16.225421154379013,10.639978302707704,10.639978302707704,6.742553399318229,2.791050185577988,3.5387272635672375,5.95306992752084,27.46452991132452,28.275154101089186,30.46054446900303,30.46054446900303,13.121412712298193,7.2312858277607655,9.516260672849878,2.9539511991792073,9.587275738873819,3.1084986731670785,1.2372446255063982,9.140299786546883
3.701630057269333,32.52523837011163,32.47467539940024,28.154395559014738,38.22530362783722,38.22530362783722,38.22530362783722,8.109759815361517,11.188893920790509,9.972847060228728,9.972847060228728,14.09103468229266,1.0,1.0,1.0,1.0,1.0,1.0,27.44363766222328,27.44363766222328,27.44363766222328,27.44363766222328,1.0,1.0,1.0,1.0,1.0,0.0,1.0,1.0,3.3424090275200475,31.08734234737274,21.130292173074384,22.621877175718893,40.20581132683285,34.94854387966471,36.06432125587428,9.913110516102071,9.716773990188463,16.283909878993985,15.8494234041253,16.225421154379013,10.639978302707704,10.639978302707704,6.742553399318229,2.791050185577988,3.5387272635672375,5.95306992752084,27.46452991132452,28.275154101089186,30.46054446900303,30.46054446900303,13.121412712298193,7.2312858277607655,9.516260672849878,2.9539511991792073,9.587275738873819,3.1084986731670785,1.2372446255063982,9.140299786546883
3.701630057269333,32.52523837011163,32.47467539940024,28.154395559014738,38.22530362783722,38.22530362783722,38.22530362783722,8.109759815361517,11.188893920790509,9.972847060228728,9.972847060228728,14.09103468229266,1.0,1.0,1.0,1.0,1.0,1.0,27.44363766222328,27.44363766222328,27.44363766222328,27.44363766222328,1.0,1.0,1.0,1.0,1.0,1.0,0.0,1.0,3.3424090275200475,31.08734234737274,21.130292173074384,22.621877175718893,40.20581132683285,34.94854387966471,36.06432125587428,9.913110516102071,9.716773990188463,16.283909878993985,15.8494234041253,16.225421154379013,10.639978302707704,10.639978302707704,6.742553399318229,2.791050185577988,3.5387272635672375,5.95306992752084,27.46452991132452,28.275154101089186,30.46054446900303,30.46054446900303,13.121412712298193,7.2312858277607655,9.516260672849878,2.9539511991792073,9.587275738873819,3.1084986731670785,1.2372446255063982,9.140299786546883
3.701630057269333,32.52523837011163,32.47467539940024,28.154395559014738,38.22530362783722,38.22530362783722,38.22530362783722,8.109759815361517,11.188893920790509,9.972847060228728,9.972847060228728,14.09103468229266,1.0,1.0,1.0,1.0,1.0,1.0,27.44363766222328,27.44363766222328,27.44363766222328,27.44363766222328,1.0,1.0,1.0,1.0,1.0,1.0,1.0,0.0,3.3424090275200475,31.08734234737274,21.130292173074384,22.621877175718893,40.20581132683285,34.94854387966471,36.06432125587428,9.913110516102071,9.716773990188463,16.283909878993985,15.8494234041253,16.225421154379013,10.639978302707704,10.639978302707704,6.742553399318229,2.791050185577988,3.5387272635672375,5.95306992752084,27.46452991132452,28.275154101089186,30.46054446900303,30.46054446900303,13.121412712298193,7.2312858277607655,9.516260672849878,2.9539511991792073,9.587275738873819,3.1084986731670785,1.2372446255063982,9.140299786546883
1.359221029866859,30.18282945369024,30.1322664826091,25.811986612896995,35.88289475702739,35.88289475702739,35.88289475702739,5.767350791945761,8.846484902947875,7.630438039911266,7.630438039911266,11.748625671799818,3.3424090275200475,3.3424090275200475,3.3424090275200475,3.3424090275200475,3.3424090275200475,3.3424090275200475,25.101228711710167,25.101228711710167,25.101228711710167,25.101228711710167,3.3424090275200475,3.3424090275200475,3.3424090275200475,3.3424090275200475,3.3424090275200475,3.3424090275200475,3.3424090275200475,3.3424090275200475,0.0,28.744933420675856,18.78788318885054,20.279468198594326,37.863402473692666,32.60613498168293,33.72191236685607,7.570701495672245,7.374364969395409,13.941500875403205,13.50701439907481,13.883012150589089,8.297569283703702,8.297569283703702,4.400144374162875,1.5513588420617073,1.1963182361075722,3.6106609015669506,25.12212096093887,25.932745155730277,28.11813553798219,28.11813553798219,10.779003699123502,4.8888768031753305,7.173851651695486,1.3884578284328033,7.244866717846287,1.2339103544127232,3.105164402074172,6.797890764741185
28.38571240487816,2.4378960928331805,2.387333119548871,3.932946911570147,8.137961691076944,8.137961691076944,8.137961691076944,23.977582785315093,20.89844874083519,22.114495580843446,22.114495580843446,17.9963080098432,31.08734234737274,31.08734234737274,31.08734234737274,31.08734234737274,31.08734234737274,31.08734234737274,4.643704834225593,4.643704834225593,4.643704834225593,4.643704834225593,31.08734234737274,31.08734234737274,31.08734234737274,31.08734234737274,31.08734234737274,31.08734234737274,31.08734234737274,31.08734234737274,28.744933420675856,0.0,10.957050484633676,9.465465455003198,10.118469531786461,4.861201734930783,5.976979178248157,22.17423212384216,22.370568645970472,15.803432818874441,16.23791929379111,15.861921543529935,21.44736435020861,21.44736435020861,25.344789164854852,29.296292240422876,28.548615192303114,26.134272612927763,4.62281258438634,3.8121883649464534,1.6267979069301886,1.6267979069301886,18.965929972550047,24.85605675012821,22.571081959319706,29.133391233477717,22.50006689472294,28.978843765728254,30.85009773285534,22.9470428378062
18.428662164730557,12.394946569101128,12.344383596146765,8.024103583587316,18.095012113447606,18.095012113447606,18.095012113447606,14.020532453855353,10.9413983574454,12.157445216798498,12.157445216798498,8.039257586422355,21.130292173074384,21.130292173074384,21.130292173074384,21.130292173074384,21.130292173074384,21.130292173074384,7.313345662160151,7.313345662160151,7.313345662160151,7.313345662160151,21.130292173074384,21.130292173074384,21.130292173074384,21.130292173074384,21.130292173074384,21.130292173074384,21.130292173074384,21.130292173074384,18.78788318885054,10.957050484633676,0.0,2.491585036084718,20.07551992768647,14.818252192329814,15.934029624947312,12.217181760786637,12.413518286192762,5.846382370938094,6.280868850320388,5.904871096183459,11.490313975362868,11.490313975362868,15.387738859577548,19.33924202162973,18.591564955913114,16.177222323644912,7.334237911970661,8.14486212995105,10.330252580690146,10.330252580690146,9.0088795615421,14.899006435270772,12.614031602930416,19.176341010801593,12.543016537128857,19.02179353939352,20.893047552473252,12.98999248788153
19.920247175488186,10.903361541655906,10.852798568619344,6.532518550479196,16.60342709777112,16.60342709777112,16.60342709777112,15.512117475434337,12.432983384807681,13.649030242051136,13.649030242051136,9.530842617900177,22.621877175718893,22.621877175718893,22.621877175718893,22.621877175718893,22.621877175718893,22.621877175718893,5.821760628407311,5.821760628407311,5.821760628407311,5.821760628407311,22.621877175718893,22.621877175718893,22.621877175718893,22.621877175718893,22.621877175718893,22.621877175718893,22.621877175718893,22.621877175718893,20.279468198594326,9.465465455003198,2.491585036084718,0.0,18.58393491725913,13.326667169281997,14.44244460422561,13.70876678592978,13.905103310972148,7.337967404666944,7.772453883661917,7.396456129861858,12.981899001801043,12.981899001801043,16.87932387812058,20.830827029778664,20.08314996621344,17.66880734030369,5.842652878235668,6.653277096960148,8.838667550205967,8.838667550205967,10.500464591788964,16.390591454932128,14.105616627332184,20.66792601942661,14.034601561665077,20.513378548466424,22.384632555875324,14.481577511558585
37.504181468717604,8.680573444106127,8.731136417241995,13.051416426856706,2.9805078473012365,2.9805078473012365,2.9805078473012365,33.09605197205999,30.016918002576706,31.23296481403239,31.23296481403239,27.114777334107185,40.20581132683285,40.20581132683285,40.20581132683285,40.20581132683285,40.20581132683285,40.20581132683285,13.762174344302968,13.762174344302968,13.762174344302968,13.762174344302968,40.20581132683285,40.20581132683285,40.20581132683285,40.20581132683285,40.20581132683285,40.20581132683285,40.20581132683285,40.20581132683285,37.863402473692666,10.118469531786461,20.07551992768647,18.58393491725913,0.0,6.257267806324378,5.141490363151677,31.29270135559264,31.48903787296953,24.921902185131334,25.35638865208649,24.980390908725408,30.565833599233915,30.565833599233915,34.46325831543836,38.41476127659159,37.6670842512497,35.252741741828295,13.741282094623577,12.930657881071106,10.745267435865973,10.745267435865973,28.084399276805627,33.97452591384042,31.689551181428808,38.25186027465412,31.618536118568226,38.09731281163239,39.96856672000106,32.06551205064471
32.24691397009505,3.4233056427864423,3.4738686160604004,7.79414864255967,4.276759960767031,4.276759960767031,4.276759960767031,27.838784397998666,24.759650382078576,25.97569721125904,25.97569721125904,21.857509674548023,34.94854387966471,34.94854387966471,34.94854387966471,34.94854387966471,34.94854387966471,34.94854387966471,8.504906563747353,8.504906563747353,8.504906563747353,8.504906563747353,34.94854387966471,34.94854387966471,34.94854387966471,34.94854387966471,34.94854387966471,34.94854387966471,34.94854387966471,34.94854387966471,32.60613498168293,4.861201734930783,14.818252192329814,13.326667169281997,6.257267806324378,0.0,2.1157774444147455,26.03543375371067,26.231770274030875,19.66463449908399,20.09912097108055,19.723123223350772,25.308565986637333,25.308565986637333,29.205990763645666,33.15749379486819,32.40981675561727,29.995474203356753,8.484014313954098,7.67339009616547,5.487999641304729,5.487999641304729,22.827131629789204,28.71725835397085,26.432283585517688,32.99459278987436,26.361268521582353,32.84004532396638,34.711299268155415,26.808244460468963
33.3626913565868,4.539083086711528,4.589646059968125,8.909926083904578,3.1609825167563144,3.1609825167563144,3.1609825167563144,28.954561799459754,25.875427792667725,27.091474618373667,27.091474618373667,22.973287092741668,36.06432125587428,36.06432125587428,36.06432125587428,36.06432125587428,36.06432125587428,36.06432125587428,9.620684004466113,9.620684004466113,9.620684004466113,9.620684004466113,36.06432125587428,36.06432125587428,36.06432125587428,36.06432125587428,36.06432125587428,36.06432125587428,36.06432125587428,36.06432125587428,33.72191236685607,5.976979178248157,15.934029624947312,14.44244460422561,5.141490363151677,2.1157774444147455,0.0,27.151211160650224,27.347547680392143,20.78041192238129,21.21489839341053,20.838900646519114,26.424343395679184,26.424343395679184,30.321768160703567,34.27327117798846,33.525594141512904,31.111251597773954,9.599791754692088,8.78916753761101,6.603777084283227,6.603777084283227,23.942909045549907,29.833035752627474,27.54806099128377,34.11037017360482,27.477045927559764,33.95582270827288,35.827076645301666,27.924021865106617
7.211480466562906,23.61212818132805,23.561565209362787,19.241285270463475,29.31219359535694,29.31219359535694,29.31219359535694,2.8033507066437817,2.275783410671305,1.0597365443733948,1.0597365443733948,5.177924191355721,9.913110516102071,9.913110516102071,9.913110516102071,9.913110516102071,9.913110516102071,9.913110516102071,18.53052735909857,18.53052735909857,18.53052735909857,18.53052735909857,9.913110516102071,9.913110516102071,9.913110516102071,9.913110516102071,9.913110516102071,9.913110516102071,9.913110516102071,9.913110516102071,7.570701495672245,22.17423212384216,12.217181760786637,13.70876678592978,31.29270135559264,26.03543375371067,27.151211160650224,0.0,1.1963365267014396,7.370799407682507,6.936312928574628,7.312310682486784,1.7268677898308837,1.7268677898308837,4.170557125168035,8.122060336400676,7.374383259989531,4.9600405976142525,18.551419608621597,19.36204381505985,21.547434230916625,21.547434230916625,4.208302214091471,3.6818246960362417,1.396849844808021,7.959159323187194,1.3258347785163136,7.804611849544564,9.675865891544083,1.7728107324513165
7.015143940240222,23.80846470281807,23.75790173087595,19.43762179376481,29.508530113907756,29.508530113907756,29.508530113907756,2.607014179971705,2.4721199373537215,1.2560730710746792,1.2560730710746792,5.374260717872114,9.716773990188463,9.716773990188463,9.716773990188463,9.716773990188463,9.716773990188463,9.716773990188463,18.7268638826581,18.7268638826581,18.7268638826581,18.7268638826581,9.716773990188463,9.716773990188463,9.716773990188463,9.716773990188463,9.716773990188463,9.716773990188463,9.716773990188463,9.716773990188463,7.374364969395409,22.370568645970472,12.413518286192762,13.905103310972148,31.48903787296953,26.231770274030875,27.347547680392143,1.1963365267014396,0.0,7.567135933960423,7.132649454907519,7.508647208772323,1.9232043165255261,1.9232043165255261,3.9742205985621566,7.925723810199306,7.178046733687316,4.763704071063863,18.74775613217369,19.55838033831631,21.743770753310177,21.743770753310177,4.404638740682297,3.485488169402346,1.2005133181073877,7.762822796962886,1.1294982518153016,7.608275323298991,9.479529365588615,1.5764742057543901
