1000.0,61.52957772273199,61.42339548334784,52.35080774796327,73.49971487382821,73.49971487382821,73.49971487382821,10.25707250118496,16.723254135759646,14.169555722713936,14.169555722713936,22.8177497524098,6.673423120265599,6.673423120265599,6.673423120265599,6.673423120265599,6.673423120265599,6.673423120265599,50.85821615413033,50.85821615413033,50.85821615413033,50.85821615413033,6.673423120265599,6.673423120265599,6.673423120265599,6.673423120265599,6.673423120265599,6.673423120265599,6.673423120265599,6.673423120265599,1.7543641627204039,58.509996050244126,37.60019054593417,40.732519068525185,77.65878108430697,66.6185193371996,68.96165184883228,14.044108979782102,13.631802274504466,27.422787681968547,26.510366081254627,27.299961359800932,15.570531335030724,15.570531335030724,7.385939023424779,2.912217731030405,1.34209586689575,5.728023730799388,50.90208987754947,52.604400688144814,57.193720495261005,57.193720495261005,20.781543609028052,8.412277124482959,13.210724307239394,2.5701256024179617,13.359855946189443,2.2455759069817107,6.175209406873761,12.42120644446524
61.52957772273199,1000.0,1.1061822439078983,10.1787703072636,12.970137762599741,12.970137762599741,12.970137762599741,52.27250555711852,45.80632408489183,48.36002244089709,48.36002244089709,39.71182856706899,67.20300057723442,67.20300057723442,67.20300057723442,67.20300057723442,67.20300057723442,67.20300057723442,11.671361943958477,11.671361943958477,11.671361943958477,11.671361943958477,67.20300057723442,67.20300057723442,67.20300057723442,67.20300057723442,67.20300057723442,67.20300057723442,67.20300057723442,67.20300057723442,62.28394185274951,4.019581794949679,24.92938779511237,21.797059237477402,17.12920423262286,6.088941849851528,8.432074482094208,48.485469180788904,48.897775875917944,35.106790677338246,36.019212272542404,35.229616998832704,46.95904686101644,46.95904686101644,55.14363894379965,63.4417953692933,61.871673574897414,56.801554178509335,11.627488219324189,9.925177359488071,5.335857399302901,5.335857399302901,41.748034683278235,54.11730087664128,49.31885383256998,63.09970325617347,49.169722197407424,62.77515357528178,66.70478688901143,50.1083716747678
61.42339548334784,1.1061822439078983,1000.0,10.07258806345842,13.076320006329533,13.076320006329533,13.076320006329533,52.166323316453884,45.70014184345916,48.2538401997553,48.2538401997553,39.60564632500745,67.09681833874049,67.09681833874049,67.09681833874049,67.09681833874049,67.09681833874049,67.09681833874049,11.565179700189663,11.565179700189663,11.565179700189663,11.565179700189663,67.09681833874049,67.09681833874049,67.09681833874049,67.09681833874049,67.09681833874049,67.09681833874049,67.09681833874049,67.09681833874049,62.17775961347911,3.913399551052629,24.823205551908202,21.690876994100616,17.235386476208188,6.19512409372684,8.538256725933064,48.379286939661846,48.791593634839494,35.00060843486268,35.91303003014468,35.123434756367494,46.85286461971305,46.85286461971305,55.03745670350937,63.33561313020028,61.765491335564704,56.69537193844454,11.521305975554226,9.818995115677263,5.229675155417618,5.229675155417618,41.641852441416546,54.01111863621483,49.21267159154162,62.99352101702767,49.063539956361275,62.668971336086216,66.59860465043612,50.00218943383456
52.35080774796327,10.1787703072636,10.07258806345842,1000.0,22.148908042887403,22.148908042887403,22.148908042887403,43.093735480613404,36.62755394824874,39.18125232693137,39.18125232693137,30.533058381961954,58.024230673930944,58.024230673930944,58.024230673930944,58.024230673930944,58.024230673930944,58.024230673930944,2.4925916383941993,2.4925916383941993,2.4925916383941993,2.4925916383941993,58.024230673930944,58.024230673930944,58.024230673930944,58.024230673930944,58.024230673930944,58.024230673930944,58.024230673930944,58.024230673930944,53.105171887083685,7.159188514297309,15.750617525533364,12.61828895600631,26.307974496399083,15.267712149375306,17.610844776199613,39.30669906797329,39.71900576690609,25.928020460895713,26.8404420619474,26.050846783166957,37.780276734436384,37.780276734436384,45.96486889687727,54.26302541783756,52.69290360424159,47.62278414947644,2.4487179137031774,1.253592948016978,5.842912910200191,5.842912910200191,32.56926451347675,44.93853081894053,40.14008372748053,53.92093330048926,39.990952090924445,53.59638361560924,57.526016979154605,40.929601577135465
73.49971487382821,12.970137762599741,13.076320006329533,22.148908042887403,1000.0,1.0,1.0,64.24264286809635,57.77646149330004,60.33015981222626,60.33015981222626,51.681966056590944,79.17313761845816,79.17313761845816,79.17313761845816,79.17313761845816,79.17313761845816,79.17313761845816,23.64149967297953,23.64149967297953,23.64149967297953,23.64149967297953,79.17313761845816,79.17313761845816,79.17313761845816,79.17313761845816,79.17313761845816,79.17313761845816,79.17313761845816,79.17313761845816,74.2540789897575,15.98971955126158,36.89952543823997,33.76719690531935,5.159066479332597,7.881195917610763,5.53806328518826,60.45560655024958,60.86791323920629,47.07692822125912,47.989349806155886,47.19975454137959,58.92918425291353,58.92918425291353,67.11377620776018,75.41193248436693,73.8418107196246,68.77169141426747,23.59762594854817,21.895315096172048,17.305995152080325,17.305995152080325,53.71817214685576,66.08743815767438,61.28899118950556,75.06984037776687,61.139859556598616,74.74529070303025,78.67492394024569,62.07850901965815
73.49971487382821,12.970137762599741,13.076320006329533,22.148908042887403,1.0,1000.0,1.0,64.24264286809635,57.77646149330004,60.33015981222626,60.33015981222626,51.681966056590944,79.17313761845816,79.17313761845816,79.17313761845816,79.17313761845816,79.17313761845816,79.17313761845816,23.64149967297953,23.64149967297953,23.64149967297953,23.64149967297953,79.17313761845816,79.17313761845816,79.17313761845816,79.17313761845816,79.17313761845816,79.17313761845816,79.17313761845816,79.17313761845816,74.2540789897575,15.98971955126158,36.89952543823997,33.76719690531935,5.159066479332597,7.881195917610763,5.53806328518826,60.45560655024958,60.86791323920629,47.07692822125912,47.989349806155886,47.19975454137959,58.92918425291353,58.92918425291353,67.11377620776018,75.41193248436693,73.8418107196246,68.77169141426747,23.59762594854817,21.895315096172048,17.305995152080325,17.305995152080325,53.71817214685576,66.08743815767438,61.28899118950556,75.06984037776687,61.139859556598616,74.74529070303025,78.67492394024569,62.07850901965815
73.49971487382821,12.970137762599741,13.076320006329533,22.148908042887403,1.0,1.0,1000.0,64.24264286809635,57.77646149330004,60.33015981222626,60.33015981222626,51.681966056590944,79.17313761845816,79.17313761845816,79.17313761845816,79.17313761845816,79.17313761845816,79.17313761845816,23.64149967297953,23.64149967297953,23.64149967297953,23.64149967297953,79.17313761845816,79.17313761845816,79.17313761845816,79.17313761845816,79.17313761845816,79.17313761845816,79.17313761845816,79.17313761845816,74.2540789897575,15.98971955126158,36.89952543823997,33.76719690531935,5.159066479332597,7.881195917610763,5.53806328518826,60.45560655024958,60.86791323920629,47.07692822125912,47.989349806155886,47.19975454137959,58.92918425291353,58.92918425291353,67.11377620776018,75.41193248436693,73.8418107196246,68.77169141426747,23.59762594854817,21.895315096172048,17.305995152080325,17.305995152080325,53.71817214685576,66.08743815767438,61.28899118950556,75.06984037776687,61.139859556598616,74.74529070303025,78.67492394024569,62.07850901965815
10.25707250118496,52.27250555711852,52.166323316453884,43.093735480613404,64.24264286809635,64.24264286809635,64.24264286809635,1000.0,7.466181645594079,4.912483227114319,4.912483227114319,13.56067728091755,15.930495612259186,15.930495612259186,15.930495612259186,15.930495612259186,15.930495612259186,15.930495612259186,41.60114387195058,41.60114387195058,41.60114387195058,41.60114387195058,15.930495612259186,15.930495612259186,15.930495612259186,15.930495612259186,15.930495612259186,15.930495612259186,15.930495612259186,15.930495612259186,11.011436663086098,49.25292384916169,28.34311815309624,31.475446698412107,68.40170914132597,57.36144723579719,59.70457977886547,4.787036483951941,4.374729777940581,18.165715229915218,17.253293624985535,18.0428889071696,6.313458842237403,6.313458842237403,3.871133479748388,12.169290229898307,10.599168367724491,5.529048772707817,41.64501759579879,43.34732842336224,47.93664827933083,47.93664827933083,11.524471130402844,2.844795378184723,3.953651809964184,11.827198101758686,4.102783449161771,11.502648406747523,15.432281899954475,3.164133945959833
16.723254135759646,45.80632408489183,45.70014184345916,36.62755394824874,57.77646149330004,57.77646149330004,57.77646149330004,7.466181645594079,1000.0,3.5536984192356518,3.5536984192356518,7.094495641112279,22.396677233660068,22.396677233660068,22.396677233660068,22.396677233660068,22.396677233660068,22.396677233660068,35.13496233100378,35.13496233100378,35.13496233100378,35.13496233100378,22.396677233660068,22.396677233660068,22.396677233660068,22.396677233660068,22.396677233660068,22.396677233660068,22.396677233660068,22.396677233660068,17.477618296190535,42.786742355753894,21.876936550635342,25.00926510809613,61.935527805411084,50.89526580236501,53.238398364602226,3.679145162409741,4.091451868442816,11.699533598206544,10.787111991418216,11.576707275203406,2.1527228038200246,2.1527228038200246,10.337315123313523,18.63547186057823,17.065350001643125,11.995230414532742,35.17883605509948,36.88114689248897,41.470466777118574,41.470466777118574,5.058289488038958,9.310977022618498,4.512529836414839,18.2933797331761,4.363398197221871,17.968830038848207,21.898463522707793,5.302047700338676
14.169555722713936,48.36002244089709,48.2538401997553,39.18125232693137,60.33015981222626,60.33015981222626,60.33015981222626,4.912483227114319,3.5536984192356518,1000.0,1.0,9.648194058774191,19.842978826480326,19.842978826480326,19.842978826480326,19.842978826480326,19.842978826480326,19.842978826480326,37.68866071290129,37.68866071290129,37.68866071290129,37.68866071290129,19.842978826480326,19.842978826480326,19.842978826480326,19.842978826480326,19.842978826480326,19.842978826480326,19.842978826480326,19.842978826480326,14.92391988381366,45.34044071977123,24.430634955276847,27.562963508307384,64.48922610946802,53.44896414364398,55.7920966985847,1.125446743184129,1.5377534492568268,14.25323201320918,13.340810407048227,14.13040569029339,2.4009756154638655,2.4009756154638655,7.78361670597069,16.08177344929422,14.5116515888965,9.441531998070984,37.732534436904366,39.43484527061226,44.02416514445921,44.02416514445921,7.611987906473316,6.757278604812634,1.9588314172798005,15.739681321560845,1.8096997780675745,15.415131626925167,19.344765114935694,2.7483492813277284
14.169555722713936,48.36002244089709,48.2538401997553,39.18125232693137,60.33015981222626,60.33015981222626,60.33015981222626,4.912483227114319,3.5536984192356518,1.0,1000.0,9.648194058774191,19.842978826480326,19.842978826480326,19.842978826480326,19.842978826480326,19.842978826480326,19.842978826480326,37.68866071290129,37.68866071290129,37.68866071290129,37.68866071290129,19.842978826480326,19.842978826480326,19.842978826480326,19.842978826480326,19.842978826480326,19.842978826480326,19.842978826480326,19.842978826480326,14.92391988381366,45.34044071977123,24.430634955276847,27.562963508307384,64.48922610946802,53.44896414364398,55.7920966985847,1.125446743184129,1.5377534492568268,14.25323201320918,13.340810407048227,14.13040569029339,2.4009756154638655,2.4009756154638655,7.78361670597069,16.08177344929422,14.5116515888965,9.441531998070984,37.732534436904366,39.43484527061226,44.02416514445921,44.02416514445921,7.611987906473316,6.757278604812634,1.9588314172798005,15.739681321560845,1.8096997780675745,15.415131626925167,19.344765114935694,2.7483492813277284
22.8177497524098,39.71182856706899,39.60564632500745,30.533058381961954,51.681966056590944,51.681966056590944,51.681966056590944,13.56067728091755,7.094495641112279,9.648194058774191,9.648194058774191,1000.0,28.49117283281458,28.49117283281458,28.49117283281458,28.49117283281458,28.49117283281458,28.49117283281458,29.040466757964417,29.040466757964417,29.040466757964417,29.040466757964417,28.49117283281458,28.49117283281458,28.49117283281458,28.49117283281458,28.49117283281458,28.49117283281458,28.49117283281458,28.49117283281458,23.572113910779617,36.692246820670725,15.782440931486944,18.91476949759037,55.84103240162508,44.800770316550846,47.143902894757495,9.773640801847012,10.18594750753144,5.6050379606028295,4.692616352879538,5.48221163746693,8.24721844433705,8.24721844433705,16.43181075415432,24.72996747184561,23.15984561736869,18.08972604224912,29.084340482254092,30.78665132738084,35.375971234915404,35.375971234915404,3.0362061536619596,15.405472655196826,10.607025475122374,24.38787534544484,10.457893836067264,24.063325652051475,27.992959123583024,11.396543338263514
6.673423120265599,67.20300057723442,67.09681833874049,58.024230673930944,79.17313761845816,79.17313761845816,79.17313761845816,15.930495612259186,22.396677233660068,19.842978826480326,19.842978826480326,28.49117283281458,1000.0,1.0,1.0,1.0,1.0,1.0,56.53163909066889,56.53163909066889,56.53163909066889,56.53163909066889,1.0,1.0,1.0,1.0,1.0,1.0,1.0,1.0,5.9190589577921,64.18341892948274,43.27361356345621,46.40594206900967,83.33220378634898,72.29194214729588,74.63507463733599,19.717532083814348,19.305225379395768,33.09621074588736,32.183789148663124,32.973384424195935,21.243954435686177,21.243954435686177,13.05936213856828,4.7612053897137745,6.3313272534911995,11.401446847793764,56.575512813781486,58.277823612287285,62.867143384906356,62.867143384906356,26.4549666958262,14.085700238297607,18.884147412984742,5.103297518276335,19.033279051635017,5.427847213650865,1.4982137135634366,18.094629551748454
6.673423120265599,67.20300057723442,67.09681833874049,58.024230673930944,79.17313761845816,79.17313761845816,79.17313761845816,15.930495612259186,22.396677233660068,19.842978826480326,19.842978826480326,28.49117283281458,1.0,1000.0,1.0,1.0,1.0,1.0,56.53163909066889,56.53163909066889,56.53163909066889,56.53163909066889,1.0,1.0,1.0,1.0,1.0,1.0,1.0,1.0,5.9190589577921,64.18341892948274,43.27361356345621,46.40594206900967,83.33220378634898,72.29194214729588,74.63507463733599,19.717532083814348,19.305225379395768,33.09621074588736,32.183789148663124,32.973384424195935,21.243954435686177,21.243954435686177,13.05936213856828,4.7612053897137745,6.3313272534911995,11.401446847793764,56.575512813781486,58.277823612287285,62.867143384906356,62.867143384906356,26.4549666958262,14.085700238297607,18.884147412984742,5.103297518276335,19.033279051635017,5.427847213650865,1.4982137135634366,18.094629551748454
6.673423120265599,67.20300057723442,67.09681833874049,58.024230673930944,79.17313761845816,79.17313761845816,79.17313761845816,15.930495612259186,22.396677233660068,19.842978826480326,19.842978826480326,28.49117283281458,1.0,1.0,1000.0,1.0,1.0,1.0,56.53163909066889,56.53163909066889,56.53163909066889,56.53163909066889,1.0,1.0,1.0,1.0,1.0,1.0,1.0,1.0,5.9190589577921,64.18341892948274,43.27361356345621,46.40594206900967,83.33220378634898,72.29194214729588,74.63507463733599,19.717532083814348,19.305225379395768,33.09621074588736,32.183789148663124,32.973384424195935,21.243954435686177,21.243954435686177,13.05936213856828,4.7612053897137745,6.3313272534911995,11.401446847793764,56.575512813781486,58.277823612287285,62.867143384906356,62.867143384906356,26.4549666958262,14.085700238297607,18.884147412984742,5.103297518276335,19.033279051635017,5.427847213650865,1.4982137135634366,18.094629551748454
6.673423120265599,67.20300057723442,67.09681833874049,58.024230673930944,79.17313761845816,79.17313761845816,79.17313761845816,15.930495612259186,22.396677233660068,19.842978826480326,19.842978826480326,28.49117283281458,1.0,1.0,1.0,1000.0,1.0,1.0,56.53163909066889,56.53163909066889,56.53163909066889,56.53163909066889,1.0,1.0,1.0,1.0,1.0,1.0,1.0,1.0,5.9190589577921,64.18341892948274,43.27361356345621,46.40594206900967,83.33220378634898,72.29194214729588,74.63507463733599,19.717532083814348,19.305225379395768,33.09621074588736,32.183789148663124,32.973384424195935,21.243954435686177,21.243954435686177,13.05936213856828,4.7612053897137745,6.3313272534911995,11.401446847793764,56.575512813781486,58.277823612287285,62.867143384906356,62.867143384906356,26.4549666958262,14.085700238297607,18.884147412984742,5.103297518276335,19.033279051635017,5.427847213650865,1.4982137135634366,18.094629551748454
6.673423120265599,67.20300057723442,67.09681833874049,58.024230673930944,79.17313761845816,79.17313761845816,79.17313761845816,15.930495612259186,22.396677233660068,19.842978826480326,19.842978826480326,28.49117283281458,1.0,1.0,1.0,1.0,1000.0,1.0,56.53163909066889,56.53163909066889,56.53163909066889,56.53163909066889,1.0,1.0,1.0,1.0,1.0,1.0,1.0,1.0,5.9190589577921,64.18341892948274,43.27361356345621,46.40594206900967,83.33220378634898,72.29194214729588,74.63507463733599,19.717532083814348,19.305225379395768,33.09621074588736,32.183789148663124,32.973384424195935,21.243954435686177,21.243954435686177,13.05936213856828,4.7612053897137745,6.3313272534911995,11.401446847793764,56.575512813781486,58.277823612287285,62.867143384906356,62.867143384906356,26.4549666958262,14.085700238297607,18.884147412984742,5.103297518276335,19.033279051635017,5.427847213650865,1.4982137135634366,18.094629551748454
6.673423120265599,67.20300057723442,67.09681833874049,58.024230673930944,79.17313761845816,79.17313761845816,79.17313761845816,15.930495612259186,22.396677233660068,19.842978826480326,19.842978826480326,28.49117283281458,1.0,1.0,1.0,1.0,1.0,1000.0,56.53163909066889,56.53163909066889,56.53163909066889,56.53163909066889,1.0,1.0,1.0,1.0,1.0,1.0,1.0,1.0,5.9190589577921,64.18341892948274,43.27361356345621,46.40594206900967,83.33220378634898,72.29194214729588,74.63507463733599,19.717532083814348,19.305225379395768,33.09621074588736,32.183789148663124,32.973384424195935,21.243954435686177,21.243954435686177,13.05936213856828,4.7612053897137745,6.3313272534911995,11.401446847793764,56.575512813781486,58.277823612287285,62.867143384906356,62.867143384906356,26.4549666958262,14.085700238297607,18.884147412984742,5.103297518276335,19.033279051635017,5.427847213650865,1.4982137135634366,18.094629551748454
50.85821615413033,11.671361943958477,11.565179700189663,2.4925916383941993,23.64149967297953,23.64149967297953,23.64149967297953,41.60114387195058,35.13496233100378,37.68866071290129,37.68866071290129,29.040466757964417,56.53163909066889,56.53163909066889,56.53163909066889,56.53163909066889,56.53163909066889,56.53163909066889,1000.0,1.0,1.0,1.0,56.53163909066889,56.53163909066889,56.53163909066889,56.53163909066889,56.53163909066889,56.53163909066889,56.53163909066889,56.53163909066889,51.612580294591346,8.651780151873744,14.258025890536317,11.125697319655353,27.800566123036234,16.76030378386944,19.10343640937884,37.814107454106995,38.22641415358201,24.43542883265517,25.34785043448882,24.558255155029983,36.28768511861441,36.28768511861441,44.47227729249345,52.770433827441614,51.20031201101415,46.13019254769475,1.0438737246921257,2.7461845864034915,7.335504548061964,7.335504548061964,31.076672891591134,43.445939212994006,38.647492114716336,52.42834170946903,38.49836047796124,52.10379202400055,56.03342539491909,39.43700996543774
50.85821615413033,11.671361943958477,11.565179700189663,2.4925916383941993,23.64149967297953,23.64149967297953,23.64149967297953,41.60114387195058,35.13496233100378,37.68866071290129,37.68866071290129,29.040466757964417,56.53163909066889,56.53163909066889,56.53163909066889,56.53163909066889,56.53163909066889,56.53163909066889,1.0,1000.0,1.0,1.0,56.53163909066889,56.53163909066889,56.53163909066889,56.53163909066889,56.53163909066889,56.53163909066889,56.53163909066889,56.53163909066889,51.612580294591346,8.651780151873744,14.258025890536317,11.125697319655353,27.800566123036234,16.76030378386944,19.10343640937884,37.814107454106995,38.22641415358201,24.43542883265517,25.34785043448882,24.558255155029983,36.28768511861441,36.28768511861441,44.47227729249345,52.770433827441614,51.20031201101415,46.13019254769475,1.0438737246921257,2.7461845864034915,7.335504548061964,7.335504548061964,31.076672891591134,43.445939212994006,38.647492114716336,52.42834170946903,38.49836047796124,52.10379202400055,56.03342539491909,39.43700996543774
50.85821615413033,11.671361943958477,11.565179700189663,2.4925916383941993,23.64149967297953,23.64149967297953,23.64149967297953,41.60114387195058,35.13496233100378,37.68866071290129,37.68866071290129,29.040466757964417,56.53163909066889,56.53163909066889,56.53163909066889,56.53163909066889,56.53163909066889,56.53163909066889,1.0,1.0,1000.0,1.0,56.53163909066889,56.53163909066889,56.53163909066889,56.53163909066889,56.53163909066889,56.53163909066889,56.53163909066889,56.53163909066889,51.612580294591346,8.651780151873744,14.258025890536317,11.125697319655353,27.800566123036234,16.76030378386944,19.10343640937884,37.814107454106995,38.22641415358201,24.43542883265517,25.34785043448882,24.558255155029983,36.28768511861441,36.28768511861441,44.47227729249345,52.770433827441614,51.20031201101415,46.13019254769475,1.0438737246921257,2.7461845864034915,7.335504548061964,7.335504548061964,31.076672891591134,43.445939212994006,38.647492114716336,52.42834170946903,38.49836047796124,52.10379202400055,56.03342539491909,39.43700996543774
50.85821615413033,11.671361943958477,11.565179700189663,2.4925916383941993,23.64149967297953,23.64149967297953,23.64149967297953,41.60114387195058,35.13496233100378,37.68866071290129,37.68866071290129,29.040466757964417,56.53163909066889,56.53163909066889,56.53163909066889,56.53163909066889,56.53163909066889,56.53163909066889,1.0,1.0,1.0,1000.0,56.53163909066889,56.53163909066889,56.53163909066889,56.53163909066889,56.53163909066889,56.53163909066889,56.53163909066889,56.53163909066889,51.612580294591346,8.651780151873744,14.258025890536317,11.125697319655353,27.800566123036234,16.76030378386944,19.10343640937884,37.814107454106995,38.22641415358201,24.43542883265517,25.34785043448882,24.558255155029983,36.28768511861441,36.28768511861441,44.47227729249345,52.770433827441614,51.20031201101415,46.13019254769475,1.0438737246921257,2.7461845864034915,7.335504548061964,7.335504548061964,31.076672891591134,43.445939212994006,38.647492114716336,52.42834170946903,38.49836047796124,52.10379202400055,56.03342539491909,39.43700996543774
6.673423120265599,67.20300057723442,67.09681833874049,58.024230673930944,79.17313761845816,79.17313761845816,79.17313761845816,15.930495612259186,22.396677233660068,19.842978826480326,19.842978826480326,28.49117283281458,1.0,1.0,1.0,1.0,1.0,1.0,56.53163909066889,56.53163909066889,56.53163909066889,56.53163909066889,1000.0,1.0,1.0,1.0,1.0,1.0,1.0,1.0,5.9190589577921,64.18341892948274,43.27361356345621,46.40594206900967,83.33220378634898,72.29194214729588,74.63507463733599,19.717532083814348,19.305225379395768,33.09621074588736,32.183789148663124,32.973384424195935,21.243954435686177,21.243954435686177,13.05936213856828,4.7612053897137745,6.3313272534911995,11.401446847793764,56.575512813781486,58.277823612287285,62.867143384906356,62.867143384906356,26.4549666958262,14.085700238297607,18.884147412984742,5.103297518276335,19.033279051635017,5.427847213650865,1.4982137135634366,18.094629551748454
6.673423120265599,67.20300057723442,67.09681833874049,58.024230673930944,79.17313761845816,79.17313761845816,79.17313761845816,15.930495612259186,22.396677233660068,19.842978826480326,19.842978826480326,28.49117283281458,1.0,1.0,1.0,1.0,1.0,1.0,56.53163909066889,56.53163909066889,56.53163909066889,56.53163909066889,1.0,1000.0,1.0,1.0,1.0,1.0,1.0,1.0,5.9190589577921,64.18341892948274,43.27361356345621,46.40594206900967,83.33220378634898,72.29194214729588,74.63507463733599,19.717532083814348,19.305225379395768,33.09621074588736,32.183789148663124,32.973384424195935,21.243954435686177,21.243954435686177,13.05936213856828,4.7612053897137745,6.3313272534911995,11.401446847793764,56.575512813781486,58.277823612287285,62.867143384906356,62.867143384906356,26.4549666958262,14.085700238297607,18.884147412984742,5.103297518276335,19.033279051635017,5.427847213650865,1.4982137135634366,18.094629551748454
6.673423120265599,67.20300057723442,67.09681833874049,58.024230673930944,79.17313761845816,79.17313761845816,79.17313761845816,15.930495612259186,22.396677233660068,19.842978826480326,19.842978826480326,28.49117283281458,1.0,1.0,1.0,1.0,1.0,1.0,56.53163909066889,56.53163909066889,56.53163909066889,56.53163909066889,1.0,1.0,1000.0,1.0,1.0,1.0,1.0,1.0,5.9190589577921,64.18341892948274,43.27361356345621,46.40594206900967,83.33220378634898,72.29194214729588,74.63507463733599,19.717532083814348,19.305225379395768,33.09621074588736,32.183789148663124,32.973384424195935,21.243954435686177,21.243954435686177,13.05936213856828,4.7612053897137745,6.3313272534911995,11.401446847793764,56.575512813781486,58.277823612287285,62.867143384906356,62.867143384906356,26.4549666958262,14.085700238297607,18.884147412984742,5.103297518276335,19.033279051635017,5.427847213650865,1.4982137135634366,18.094629551748454
6.673423120265599,67.20300057723442,67.09681833874049,58.024230673930944,79.17313761845816,79.17313761845816,79.17313761845816,15.930495612259186,22.396677233660068,19.842978826480326,19.842978826480326,28.49117283281458,1.0,1.0,1.0,1.0,1.0,1.0,56.53163909066889,56.53163909066889,56.53163909066889,56.53163909066889,1.0,1.0,1.0,1000.0,1.0,1.0,1.0,1.0,5.9190589577921,64.18341892948274,43.27361356345621,46.40594206900967,83.33220378634898,72.29194214729588,74.63507463733599,19.717532083814348,19.305225379395768,33.09621074588736,32.183789148663124,32.973384424195935,21.243954435686177,21.243954435686177,13.05936213856828,4.7612053897137745,6.3313272534911995,11.401446847793764,56.575512813781486,58.277823612287285,62.867143384906356,62.867143384906356,26.4549666958262,14.085700238297607,18.884147412984742,5.103297518276335,19.033279051635017,5.427847213650865,1.4982137135634366,18.094629551748454
6.673423120265599,67.20300057723442,67.09681833874049,58.024230673930944,79.17313761845816,79.17313761845816,79.17313761845816,15.930495612259186,22.396677233660068,19.842978826480326,19.842978826480326,28.49117283281458,1.0,1.0,1.0,1.0,1.0,1.0,56.53163909066889,56.53163909066889,56.53163909066889,56.53163909066889,1.0,1.0,1.0,1.0,1000.0,1.0,1.0,1.0,5.9190589577921,64.18341892948274,43.27361356345621,46.40594206900967,83.33220378634898,72.29194214729588,74.63507463733599,19.717532083814348,19.305225379395768,33.09621074588736,32.183789148663124,32.973384424195935,21.243954435686177,21.243954435686177,13.05936213856828,4.7612053897137745,6.3313272534911995,11.401446847793764,56.575512813781486,58.277823612287285,62.867143384906356,62.867143384906356,26.4549666958262,14.085700238297607,18.884147412984742,5.103297518276335,19.033279051635017,5.427847213650865,1.4982137135634366,18.094629551748454
6.673423120265599,67.20300057723442,67.09681833874049,58.024230673930944,79.17313761845816,79.17313761845816,79.17313761845816,15.930495612259186,22.396677233660068,19.842978826480326,19.842978826480326,28.49117283281458,1.0,1.0,1.0,1.0,1.0,1.0,56.53163909066889,56.53163909066889,56.53163909066889,56.53163909066889,1.0,1.0,1.0,1.0,1.0,1000.0,1.0,1.0,5.9190589577921,64.18341892948274,43.27361356345621,46.40594206900967,83.33220378634898,72.29194214729588,74.63507463733599,19.717532083814348,19.305225379395768,33.09621074588736,32.183789148663124,32.973384424195935,21.243954435686177,21.243954435686177,13.05936213856828,4.7612053897137745,6.3313272534911995,11.401446847793764,56.575512813781486,58.277823612287285,62.867143384906356,62.867143384906356,26.4549666958262,14.085700238297607,18.884147412984742,5.103297518276335,19.033279051635017,5.427847213650865,1.4982137135634366,18.094629551748454
6.673423120265599,67.20300057723442,67.09681833874049,58.024230673930944,79.17313761845816,79.17313761845816,79.17313761845816,15.930495612259186,22.396677233660068,19.842978826480326,19.842978826480326,28.49117283281458,1.0,1.0,1.0,1.0,1.0,1.0,56.53163909066889,56.53163909066889,56.53163909066889,56.53163909066889,1.0,1.0,1.0,1.0,1.0,1.0,1000.0,1.0,5.9190589577921,64.18341892948274,43.27361356345621,46.40594206900967,83.33220378634898,72.29194214729588,74.63507463733599,19.717532083814348,19.305225379395768,33.09621074588736,32.183789148663124,32.973384424195935,21.243954435686177,21.243954435686177,13.05936213856828,4.7612053897137745,6.3313272534911995,11.401446847793764,56.575512813781486,58.277823612287285,62.867143384906356,62.867143384906356,26.4549666958262,14.085700238297607,18.884147412984742,5.103297518276335,19.033279051635017,5.427847213650865,1.4982137135634366,18.094629551748454
6.673423120265599,67.20300057723442,67.09681833874049,58.024230673930944,79.17313761845816,79.17313761845816,79.17313761845816,15.930495612259186,22.396677233660068,19.842978826480326,19.842978826480326,28.49117283281458,1.0,1.0,1.0,1.0,1.0,1.0,56.53163909066889,56.53163909066889,56.53163909066889,56.53163909066889,1.0,1.0,1.0,1.0,1.0,1.0,1.0,1000.0,5.9190589577921,64.18341892948274,43.27361356345621,46.40594206900967,83.33220378634898,72.29194214729588,74.63507463733599,19.717532083814348,19.305225379395768,33.09621074588736,32.183789148663124,32.973384424195935,21.243954435686177,21.243954435686177,13.05936213856828,4.7612053897137745,6.3313272534911995,11.401446847793764,56.575512813781486,58.277823612287285,62.867143384906356,62.867143384906356,26.4549666958262,14.085700238297607,18.884147412984742,5.103297518276335,19.033279051635017,5.427847213650865,1.4982137135634366,18.094629551748454
1.7543641627204039,62.28394185274951,62.17775961347911,53.105171887083685,74.2540789897575,74.2540789897575,74.2540789897575,11.011436663086098,17.477618296190535,14.92391988381366,14.92391988381366,23.572113910779617,5.9190589577921,5.9190589577921,5.9190589577921,5.9190589577921,5.9190589577921,5.9190589577921,51.612580294591346,51.612580294591346,51.612580294591346,51.612580294591346,5.9190589577921,5.9190589577921,5.9190589577921,5.9190589577921,5.9190589577921,5.9190589577921,5.9190589577921,5.9190589577921,1000.0,59.26436018341929,38.354554696586135,41.48688321704808,78.41314519475459,67.37288346153414,69.71601597039773,14.798473140911716,14.386166435730358,28.177151838346727,27.2647302380571,28.054325516237085,16.32489549577777,16.32489549577777,8.140303185742038,2.1578535683295854,1.4122682958259014,6.482387893290596,51.656454017971626,53.35876482703358,57.9480846297626,57.9480846297626,21.535907768159355,9.166641286668192,13.96508846856052,1.8157614397088868,14.114220107477202,1.4912117442667188,5.420845244355761,13.175570605956487
58.509996050244126,4.019581794949679,3.913399551052629,7.159188514297309,15.98971955126158,15.98971955126158,15.98971955126158,49.25292384916169,42.786742355753894,45.34044071977123,45.34044071977123,36.692246820670725,64.18341892948274,64.18341892948274,64.18341892948274,64.18341892948274,64.18341892948274,64.18341892948274,8.651780151873744,8.651780151873744,8.651780151873744,8.651780151873744,64.18341892948274,64.18341892948274,64.18341892948274,64.18341892948274,64.18341892948274,64.18341892948274,64.18341892948274,64.18341892948274,59.26436018341929,1000.0,21.90980601773072,18.777477455506716,20.148786016751565,9.108523643354644,11.45165627432113,45.46588746006854,45.878194156537994,32.087208919636325,32.99963051696133,32.21003524141286,43.93946513543808,43.93946513543808,52.124057246195186,60.42221370488804,58.85209190383654,53.7819724871483,8.607906427211315,6.905595566387552,2.316275604553396,2.316275604553396,38.7284529423551,51.09771917526924,46.29927211457138,60.08012159030321,46.150140478918175,59.755571908029324,63.685205238996204,47.08878995939302
37.60019054593417,24.92938779511237,24.823205551908202,15.750617525533364,36.89952543823997,36.89952543823997,36.89952543823997,28.34311815309624,21.876936550635342,24.430634955276847,24.430634955276847,15.782440931486944,43.27361356345621,43.27361356345621,43.27361356345621,43.27361356345621,43.27361356345621,43.27361356345621,14.258025890536317,14.258025890536317,14.258025890536317,14.258025890536317,43.27361356345621,43.27361356345621,43.27361356345621,43.27361356345621,43.27361356345621,43.27361356345621,43.27361356345621,43.27361356345621,38.354554696586135,21.90980601773072,1000.0,4.1323285757779065,41.05859184814159,30.018329603892607,32.361462212389355,24.556081697651933,24.9683884010048,11.177402978969997,12.089824585672813,11.300229301985263,23.029659348262022,23.029659348262022,31.21425160511285,39.51240824542243,37.942286407417534,32.87216687965431,14.301899615138387,16.004210472897206,20.59353041944931,20.59353041944931,17.81864707923841,30.187913514068622,25.389466366153876,39.17031612268334,25.2403347279706,38.84576643272639,42.77539986019383,26.178984224551215
40.732519068525185,21.797059237477402,21.690876994100616,12.61828895600631,33.76719690531935,33.76719690531935,33.76719690531935,31.475446698412107,25.00926510809613,27.562963508307384,27.562963508307384,18.91476949759037,46.40594206900967,46.40594206900967,46.40594206900967,46.40594206900967,46.40594206900967,46.40594206900967,11.125697319655353,11.125697319655353,11.125697319655353,11.125697319655353,46.40594206900967,46.40594206900967,46.40594206900967,46.40594206900967,46.40594206900967,46.40594206900967,46.40594206900967,46.40594206900967,41.48688321704808,18.777477455506716,4.1323285757779065,1000.0,37.92626332624417,26.886001055492194,29.22913366887378,27.688410250452538,28.10071695304151,14.309731549800581,15.222153155690023,14.4325578727099,26.16198790378219,26.16198790378219,34.34658014405322,42.644736762535196,41.074614929048224,36.004495414637745,11.169571044294905,12.871881903616309,17.46120185543253,17.46120185543253,20.950975642756823,33.32024205535747,28.52179491739759,42.302644640795876,28.37266327949666,41.97809495177948,45.90772836733818,29.311312774273027
77.65878108430697,17.12920423262286,17.235386476208188,26.307974496399083,5.159066479332597,5.159066479332597,5.159066479332597,68.40170914132597,61.935527805411084,64.48922610946802,64.48922610946802,55.84103240162508,83.33220378634898,83.33220378634898,83.33220378634898,83.33220378634898,83.33220378634898,83.33220378634898,27.800566123036234,27.800566123036234,27.800566123036234,27.800566123036234,83.33220378634898,83.33220378634898,83.33220378634898,83.33220378634898,83.33220378634898,83.33220378634898,83.33220378634898,83.33220378634898,78.41314519475459,20.148786016751565,41.05859184814159,37.92626332624417,1000.0,12.040262393281191,9.697129762618522,64.61467284674454,65.026979533236,51.235994588775796,52.148416169381626,51.35882090832336,63.088250558391216,63.088250558391216,71.27284246242056,79.57099868084234,78.00087692762436,72.93075765783941,27.75669239870951,26.05438155024932,21.46506161531854,21.46506161531854,57.87723848129181,70.24650441906486,65.44805748100049,79.22890657677364,65.29892584899328,78.90435690442803,82.83399011200221,66.23757530635389
66.6185193371996,6.088941849851528,6.19512409372684,15.267712149375306,7.881195917610763,7.881195917610763,7.881195917610763,57.36144723579719,50.89526580236501,53.44896414364398,53.44896414364398,44.800770316550846,72.29194214729588,72.29194214729588,72.29194214729588,72.29194214729588,72.29194214729588,72.29194214729588,16.76030378386944,16.76030378386944,16.76030378386944,16.76030378386944,72.29194214729588,72.29194214729588,72.29194214729588,72.29194214729588,72.29194214729588,72.29194214729588,72.29194214729588,72.29194214729588,67.37288346153414,9.108523643354644,30.018329603892607,26.886001055492194,12.040262393281191,1000.0,3.343132633270966,53.57441088279241,53.98671757546484,40.195732448076384,41.108154039269145,40.31855876903662,52.0479885719384,52.0479885719384,60.2325806036559,68.53073696922318,66.96061518679626,61.89049582704918,16.716430059303605,15.014119201947485,10.42479924673993,10.42479924673993,46.83697642255733,59.206242543338774,54.40779552958714,68.18864485873615,54.25866389532294,67.86409518032939,71.79372846312637,55.197313366984815
68.96165184883228,8.432074482094208,8.538256725933064,17.610844776199613,5.53806328518826,5.53806328518826,5.53806328518826,59.70457977886547,53.238398364602226,55.7920966985847,55.7920966985847,47.143902894757495,74.63507463733599,74.63507463733599,74.63507463733599,74.63507463733599,74.63507463733599,74.63507463733599,19.10343640937884,19.10343640937884,19.10343640937884,19.10343640937884,74.63507463733599,74.63507463733599,74.63507463733599,74.63507463733599,74.63507463733599,74.63507463733599,74.63507463733599,74.63507463733599,69.71601597039773,11.45165627432113,32.361462212389355,29.22913366887378,9.697129762618522,3.343132633270966,1000.0,55.91754343736547,56.329850128823495,42.538865037000704,43.45128662616211,42.66169135769013,54.39112113092628,54.39112113092628,62.575713137477486,70.87386947377577,69.30374769717709,64.2336283553253,19.059562684853386,17.35725182898312,12.767931876994776,12.767931876994776,49.1801089956548,61.54937508051769,56.75092808169591,70.53177736457012,56.6017964478755,70.20722768737306,74.13686095513349,57.54044591672389
14.044108979782102,48.485469180788904,48.379286939661846,39.30669906797329,60.45560655024958,60.45560655024958,60.45560655024958,4.787036483951941,3.679145162409741,1.125446743184129,1.125446743184129,9.773640801847012,19.717532083814348,19.717532083814348,19.717532083814348,19.717532083814348,19.717532083814348,19.717532083814348,37.814107454106995,37.814107454106995,37.814107454106995,37.814107454106995,19.717532083814348,19.717532083814348,19.717532083814348,19.717532083814348,19.717532083814348,19.717532083814348,19.717532083814348,19.717532083814348,14.798473140911716,45.46588746006854,24.556081697651933,27.688410250452538,64.61467284674454,53.57441088279241,55.91754343736547,1000.0,1.412306706073023,14.378678756133263,13.466257150006719,14.255852433222245,2.526422358644856,2.526422358644856,7.658169962852874,15.956326706441416,14.386204845978016,9.316085254989929,37.85798117810535,39.56029201162568,44.14961188492491,44.14961188492491,7.73743464959209,6.631831861676107,1.8333846740968442,15.614234578693106,1.6842530348842586,15.289684884043584,19.219318372242572,2.6229025381477644
13.631802274504466,48.897775875917944,48.791593634839494,39.71900576690609,60.86791323920629,60.86791323920629,60.86791323920629,4.374729777940581,4.091451868442816,1.5377534492568268,1.5377534492568268,10.18594750753144,19.305225379395768,19.305225379395768,19.305225379395768,19.305225379395768,19.305225379395768,19.305225379395768,38.22641415358201,38.22641415358201,38.22641415358201,38.22641415358201,19.305225379395768,19.305225379395768,19.305225379395768,19.305225379395768,19.305225379395768,19.305225379395768,19.305225379395768,19.305225379395768,14.386166435730358,45.878194156537994,24.9683884010048,28.10071695304151,65.026979533236,53.98671757546484,56.329850128823495,1.412306706073023,1000.0,14.790985461316886,13.878563855305789,14.668159138421878,2.9387290647036046,2.9387290647036046,7.245863256980528,15.544020001418541,13.973898140743364,8.903778549234113,38.27028787756475,39.97259871046425,44.56191858195137,44.56191858195137,8.149741355432823,6.219525155744927,1.4210779680255141,15.20192787362206,1.2719463288121333,14.87737817892788,18.80701166773609,2.2105958320842194
