0.0,1.040099065512191,1.0338335880729832,1.0,1.0338335880729832,1.0091893712561792,1.0,1.0350866836090988,1.0329982069545458,51.87414339892123,50.294504287812785,50.294504287812785,51.913436289219206,67.3359653643428,63.46568808934343,67.0353494073449,63.52840013932315,60.94680157881041,60.94680157881041,63.60281851316942,67.60731525463355,67.42251290128722,60.94680157881041,64.03511561060546,56.59739401374507,44.098775087297554,44.74285735856049,5.954921640732603,5.954921640732603,5.124063762018923,77.22692473381137,74.94754968242982,70.93593355304071,57.72485231301076,57.76289442598093,52.27292548165773,52.25327893051084,52.25327893051084,52.25327893051084,52.25327893051084,52.25327893051084,52.25327893051084,57.435565728012094,58.013722073713566,57.435565728012094,9.032400175690901,9.032400175690901,8.577056633179012,29.549397121643153,29.549397121643153,2.382179030025312,7.211044186231251,11.062684405990579,4.320367701317423,10.770252922693146,11.334229045237258,8.088296752991052,9.491924253878457,6.329625553655613,57.79675610475936,60.30089457463544,59.06344575139699,62.236543507726445,62.24072423420505,53.14406758824427,56.9481289586297,53.87142121802852,60.509925300552425,61.872821281593,66.06619596383582,61.67632846920144,64.97079314522574,68.5330069488717,67.64243612028106,43.93159054370919,49.051802446698275,46.47283967807289,1.5425927906425674,1.70967380821621,3.4807576788159302,73.3247277285567,71.95742241956341,72.33374225801245,46.47283967807289,51.69356359737528,48.18656423571151,52.29131800273867,55.43065935241148,56.584434830902744,53.36979719796559,53.59552755208347,57.650440328978306,46.23041381460244,51.03311375105135,54.009368468002,14.233557446035366,12.549926718482793,15.340682113477403,24.566024844436587,24.566024844436587
1.040099065512191,0.0,1.006265477439208,1.040099065512191,1.006265477439208,1.030909694256012,1.040099065512191,1.0050123819030925,1.0730972724667316,51.91424245909339,50.3346033483104,50.3346033483104,51.95353534938314,67.37606442079314,63.505787146816544,67.07544846387685,63.56849919678019,60.98690063691651,60.98690063691651,63.64291757060734,67.64741431100991,67.462611957714,60.98690063691651,64.07521466793192,56.63749307288343,44.138874148973386,44.782956420121145,5.995020706193506,5.995020706193506,5.164162827495525,77.26702378737215,74.9876487366916,70.9760326084852,57.76495137188893,57.802993484850234,52.313024541746124,52.29337799060337,52.29337799060337,52.29337799060337,52.29337799060337,52.29337799060337,52.29337799060337,57.475664786957516,58.05382113252424,57.475664786957516,9.072499241068773,9.072499241068773,8.61715569857164,29.589496185468427,29.589496185468427,2.4222780955334278,7.251143251662997,11.102783471292225,4.360466766806487,10.810351988006826,11.37432811052742,8.128395818398564,9.532023319240567,6.369724619108504,57.836855163620775,60.34099363289971,59.103544809959516,62.27664256551165,62.28082329198919,53.18416664814741,56.98822801768769,53.91152027777463,60.55002435876568,61.912920339469395,66.10629502062842,61.71642752712685,65.01089220230834,68.5731060049934,67.68253517664785,43.97168960541465,49.09190150744478,46.512938739315786,1.5826918561541028,1.7497728737272977,3.520856744315158,73.36482678330475,71.99752147471293,72.37384131305221,46.512938739315786,51.733662657585164,48.226663296627585,52.33141706282319,55.47075841181366,56.62453389004406,53.40989625782022,53.63562661188939,57.690539387873805,46.2705128758906,51.07321281139806,54.049467527718065,14.27365651118389,12.590025783717795,15.380781178562687,24.606123908798395,24.606123908798395
1.0338335880729832,1.006265477439208,0.0,1.0338335880729832,1.0,1.0246442168168044,1.0338335880729832,1.0012530955361156,1.0668317950275252,51.90797698248912,50.32833787165527,50.32833787165527,51.94726987278015,67.3697989447706,63.49952167063413,67.06918298784154,63.56223372060028,60.98063516063516,60.98063516063516,63.63665209443042,67.64114883499892,67.45634648169512,60.98063516063516,64.06894919177242,56.631227596440745,44.132608672134076,44.776690943299855,5.988755228762366,5.988755228762366,5.157897350061923,77.26075831180118,74.98138326101108,70.96976713261984,57.75868589548691,57.7967280084496,52.30675906515495,52.28711251401155,52.28711251401155,52.28711251401155,52.28711251401155,52.28711251401155,52.28711251401155,57.46939931054498,58.047555656132765,57.46939931054498,9.066233763650642,9.066233763650642,8.610890221151198,29.58323070829311,29.58323070829311,2.4160126180948716,7.244877774236428,11.096517993886025,4.3542012893709305,10.804086510598742,11.368062633123017,8.12213034097579,9.525757841824902,6.36345914167862,57.83058968722136,60.33472815659364,59.097279333606835,62.270377089280444,62.274557815758165,53.177901171585184,56.98196254125755,53.90525480123694,60.54375888246759,61.906654863223956,66.10002954455236,61.710162050873755,65.00462672618696,68.5668405290222,67.67626970063833,43.96542412857071,49.085636030750734,46.50667326254414,1.5764263787150035,1.74350739628827,3.514591266878004,73.35856130754823,71.99125599889365,72.3675758372501,46.50667326254414,51.72739718097498,48.22039781990703,52.32515158623262,55.46449293532974,56.618268413600916,53.40363078126557,53.62936113534237,57.68427391146908,46.26424739911189,51.06694733476652,54.04320205118508,14.26739103380165,12.583760306322024,15.37451570119034,24.599858431539193,24.599858431539193
1.0,1.040099065512191,1.0338335880729832,0.0,1.0338335880729832,1.0091893712561792,1.0,1.0350866836090988,1.0329982069545458,51.87414339892123,50.294504287812785,50.294504287812785,51.913436289219206,67.3359653643428,63.46568808934343,67.0353494073449,63.52840013932315,60.94680157881041,60.94680157881041,63.60281851316942,67.60731525463355,67.42251290128722,60.94680157881041,64.03511561060546,56.59739401374507,44.098775087297554,44.74285735856049,5.954921640732603,5.954921640732603,5.124063762018923,77.22692473381137,74.94754968242982,70.93593355304071,57.72485231301076,57.76289442598093,52.27292548165773,52.25327893051084,52.25327893051084,52.25327893051084,52.25327893051084,52.25327893051084,52.25327893051084,57.435565728012094,58.013722073713566,57.435565728012094,9.032400175690901,9.032400175690901,8.577056633179012,29.549397121643153,29.549397121643153,2.382179030025312,7.211044186231251,11.062684405990579,4.320367701317423,10.770252922693146,11.334229045237258,8.088296752991052,9.491924253878457,6.329625553655613,57.79675610475936,60.30089457463544,59.06344575139699,62.236543507726445,62.24072423420505,53.14406758824427,56.9481289586297,53.87142121802852,60.509925300552425,61.872821281593,66.06619596383582,61.67632846920144,64.97079314522574,68.5330069488717,67.64243612028106,43.93159054370919,49.051802446698275,46.47283967807289,1.5425927906425674,1.70967380821621,3.4807576788159302,73.3247277285567,71.95742241956341,72.33374225801245,46.47283967807289,51.69356359737528,48.18656423571151,52.29131800273867,55.43065935241148,56.584434830902744,53.36979719796559,53.59552755208347,57.650440328978306,46.23041381460244,51.03311375105135,54.009368468002,14.233557446035366,12.549926718482793,15.340682113477403,24.566024844436587,24.566024844436587
1.0338335880729832,1.006265477439208,1.0,1.0338335880729832,0.0,1.0246442168168044,1.0338335880729832,1.0012530955361156,1.0668317950275252,51.90797698248912,50.32833787165527,50.32833787165527,51.94726987278015,67.3697989447706,63.49952167063413,67.06918298784154,63.56223372060028,60.98063516063516,60.98063516063516,63.63665209443042,67.64114883499892,67.45634648169512,60.98063516063516,64.06894919177242,56.631227596440745,44.132608672134076,44.776690943299855,5.988755228762366,5.988755228762366,5.157897350061923,77.26075831180118,74.98138326101108,70.96976713261984,57.75868589548691,57.7967280084496,52.30675906515495,52.28711251401155,52.28711251401155,52.28711251401155,52.28711251401155,52.28711251401155,52.28711251401155,57.46939931054498,58.047555656132765,57.46939931054498,9.066233763650642,9.066233763650642,8.610890221151198,29.58323070829311,29.58323070829311,2.4160126180948716,7.244877774236428,11.096517993886025,4.3542012893709305,10.804086510598742,11.368062633123017,8.12213034097579,9.525757841824902,6.36345914167862,57.83058968722136,60.33472815659364,59.097279333606835,62.270377089280444,62.274557815758165,53.177901171585184,56.98196254125755,53.90525480123694,60.54375888246759,61.906654863223956,66.10002954455236,61.710162050873755,65.00462672618696,68.5668405290222,67.67626970063833,43.96542412857071,49.085636030750734,46.50667326254414,1.5764263787150035,1.74350739628827,3.514591266878004,73.35856130754823,71.99125599889365,72.3675758372501,46.50667326254414,51.72739718097498,48.22039781990703,52.32515158623262,55.46449293532974,56.618268413600916,53.40363078126557,53.62936113534237,57.68427391146908,46.26424739911189,51.06694733476652,54.04320205118508,14.26739103380165,12.583760306322024,15.37451570119034,24.599858431539193,24.599858431539193
1.0091893712561792,1.030909694256012,1.0246442168168044,1.0091893712561792,1.0246442168168044,0.0,1.0091893712561792,1.0258973123529198,1.0421875782107244,51.883332768954396,50.30369365792052,50.30369365792052,51.92262565925049,67.34515473352327,63.474877458758236,67.04453877654407,63.53758950873427,60.955990948370236,60.955990948370236,63.61200788257617,67.6165046237971,67.4317022704623,60.955990948370236,64.04430497998666,56.6065833835414,44.1079644576752,44.75204672891176,5.9641110119771,5.9641110119771,5.133253133267007,77.23611410232981,74.95673905110887,70.94512292199074,57.734041682747474,57.772083795715616,52.282114851671714,52.262468300525754,52.262468300525754,52.262468300525754,52.262468300525754,52.262468300525754,52.262468300525754,57.44475509776421,58.02291144343482,57.44475509776421,9.041589546916418,9.041589546916418,8.586246004407904,29.558586492513168,29.558586492513168,2.3913684012805776,7.220233557469087,11.071873777198654,4.329557072568351,10.77944229390398,11.343418416442706,8.097486124223348,9.501113625100366,6.338814924898282,57.80594547449222,60.31008394423151,59.072635121061396,62.245732877212774,62.24991360369109,53.15325695821581,56.95731832840761,53.88061058796408,60.51911467013681,61.88201065110021,66.07538533309472,61.685517838719875,64.97998251455107,68.5421963179769,67.65162548944241,43.940779914093625,49.06099181686302,46.48202904835136,1.5517821618986045,1.7188631794721467,3.489947050069176,73.33391709734715,71.96661178844585,72.34293162686973,46.48202904835136,51.7027529674171,48.195753605915115,52.30050737275177,55.43984872226825,56.59362420069976,53.37898656792601,53.60471692203274,57.65962969871899,46.23960318489127,51.04230312112451,54.01855783793067,14.242746817208397,12.55911608967562,15.34987148463596,24.575214215429483,24.575214215429483
1.0,1.040099065512191,1.0338335880729832,1.0,1.0338335880729832,1.0091893712561792,0.0,1.0350866836090988,1.0329982069545458,51.87414339892123,50.294504287812785,50.294504287812785,51.913436289219206,67.3359653643428,63.46568808934343,67.0353494073449,63.52840013932315,60.94680157881041,60.94680157881041,63.60281851316942,67.60731525463355,67.42251290128722,60.94680157881041,64.03511561060546,56.59739401374507,44.098775087297554,44.74285735856049,5.954921640732603,5.954921640732603,5.124063762018923,77.22692473381137,74.94754968242982,70.93593355304071,57.72485231301076,57.76289442598093,52.27292548165773,52.25327893051084,52.25327893051084,52.25327893051084,52.25327893051084,52.25327893051084,52.25327893051084,57.435565728012094,58.013722073713566,57.435565728012094,9.032400175690901,9.032400175690901,8.577056633179012,29.549397121643153,29.549397121643153,2.382179030025312,7.211044186231251,11.062684405990579,4.320367701317423,10.770252922693146,11.334229045237258,8.088296752991052,9.491924253878457,6.329625553655613,57.79675610475936,60.30089457463544,59.06344575139699,62.236543507726445,62.24072423420505,53.14406758824427,56.9481289586297,53.87142121802852,60.509925300552425,61.872821281593,66.06619596383582,61.67632846920144,64.97079314522574,68.5330069488717,67.64243612028106,43.93159054370919,49.051802446698275,46.47283967807289,1.5425927906425674,1.70967380821621,3.4807576788159302,73.3247277285567,71.95742241956341,72.33374225801245,46.47283967807289,51.69356359737528,48.18656423571151,52.29131800273867,55.43065935241148,56.584434830902744,53.36979719796559,53.59552755208347,57.650440328978306,46.23041381460244,51.03311375105135,54.009368468002,14.233557446035366,12.549926718482793,15.340682113477403,24.566024844436587,24.566024844436587
1.0350866836090988,1.0050123819030925,1.0012530955361156,1.0350866836090988,1.0012530955361156,1.0258973123529198,1.0350866836090988,0.0,1.0680848905636406,51.90923007785826,50.32959096703458,50.32959096703458,51.94852296814904,67.37105204002337,63.500774765918905,67.07043608309691,63.56348681588456,60.981888255939715,60.981888255939715,63.63790518971409,67.6424019302494,67.45759957694719,60.981888255939715,64.07020228705261,56.63248069177759,44.133861767550236,44.77794403871239,5.99000832429687,5.99000832429687,5.159150445596919,77.26201140696367,74.98263635619547,70.97102022784121,57.759938990815606,57.797981103778014,52.30801216052147,52.2883656093782,52.2883656093782,52.2883656093782,52.2883656093782,52.2883656093782,52.2883656093782,57.47065240587578,58.04880875145936,57.47065240587578,9.067486859182544,9.067486859182544,8.612143316683563,29.58448380377646,29.58448380377646,2.4172657136308575,7.246130869770019,11.097771089415543,4.3554543849063165,10.805339606128637,11.369315728652175,8.123383436508622,9.52701093735631,6.364712237212873,57.83184278254953,60.33598125190315,59.09853242892568,62.271630184574995,62.27581091105266,53.17915426694592,56.98321563659187,53.90650789659278,60.54501197777549,61.90790795852132,66.10128263981588,61.711415146172655,65.00587982145953,68.56809362426475,67.67752279588852,43.966677223987794,49.086889126137834,46.50792635794676,1.5776794742510978,1.74476049182435,3.515844362413709,73.35981440274783,71.99250909410581,72.36882893245883,46.50792635794676,51.72865027634533,48.221650915299435,52.326404681599016,55.465746030674815,56.61952150893783,53.4048838766248,53.63061423070006,57.68552700679833,46.26550049451592,51.06820043014111,54.04445514653997,14.268644129326374,12.585013401849453,15.375768796713091,24.601111527039315,24.601111527039315
1.0329982069545458,1.0730972724667316,1.0668317950275252,1.0329982069545458,1.0668317950275252,1.0421875782107244,1.0329982069545458,1.0680848905636406,0.0,51.84114519635474,50.261506084978684,50.261506084978684,51.88043808665948,67.30296716483713,63.432689888996585,67.0023512077721,63.49540193898954,60.91380337794297,60.91380337794297,63.569820312851505,67.57431705518873,67.38951470180092,60.91380337794297,64.00211741037923,56.56439581202872,44.065776883494635,44.70985915485228,5.921923433819644,5.921923433819644,5.0910655550931505,77.19392653668237,74.91455148472421,70.90293535436233,57.69185411150839,57.729896224485856,52.23992727916014,52.22028072800982,52.22028072800982,52.22028072800982,52.22028072800982,52.22028072800982,52.22028072800982,57.402567526454405,57.98072387226671,57.402567526454405,8.99940196884589,8.99940196884589,8.54405842632191,29.51639891607325,29.51639891607325,2.3491808230739473,7.178045979342131,11.029686199208037,4.287369494381492,10.737254715900747,11.301230838464136,8.055298546121765,9.458926047046353,6.296627346749203,57.76375790327078,60.267896373637946,59.03044755015421,62.20354530712292,62.20772603360238,53.111069385899,56.91513075697945,53.838423015812396,60.47692709959687,61.83982308091449,66.03319776404865,61.64333026848259,64.93779494520007,68.50000874963631,67.60943792084414,43.898592339881915,49.0188042436595,46.43984147462594,1.5095945836884934,1.6766756012624833,3.447759471871742,73.29172953045111,71.92442422112765,72.30074405966693,46.43984147462594,51.66056539477777,48.15356603253331,52.258319800244266,55.397661150478164,56.551436629183954,53.3367989956602,53.562529349818156,57.61744212746168,46.19741561111828,51.000115548341334,53.97637026581056,14.200559239378432,12.51692851175491,15.307683906872374,24.533026638425774,24.533026638425774
51.87414339892123,51.91424245909339,51.90797698248912,51.87414339892123,51.90797698248912,51.883332768954396,51.87414339892123,51.90923007785826,51.84114519635474,0.0,2.579639313654794,2.579639313654794,1.0392928955007625,16.461824628268566,12.59154657107346,16.16120860775353,12.65425863311275,10.07265959291121,10.07265959291121,12.72867702129598,16.73317457629206,16.548372183585805,10.07265959291121,13.16097420257981,5.723251297407725,8.775369183903948,8.131286852281704,46.919222352971765,46.919222352971765,47.75008014095445,26.352786346617435,24.0734107093951,20.061793613710556,6.850709776645849,6.888751895802991,1.3987821359100154,1.379135582124184,1.379135582124184,1.379135582124184,1.379135582124184,1.379135582124184,1.379135582124184,6.561423144843457,7.139579584515944,6.561423144843457,43.8417441225004,43.8417441225004,44.29708762309394,23.324747939016138,23.324747939016138,50.49196454779167,45.663099937759625,41.8114600658693,48.55377611044023,42.10389152548508,41.53991544821132,44.78584745707655,43.382220085513154,46.544518479780656,6.922613580094796,9.426752474092693,8.189303437226194,11.362401757181841,11.366582484437279,2.269924361514568,6.0739862975758125,2.997278093677279,9.635783236875573,10.99867946380761,15.192054962638151,10.802186615374382,14.096651921978937,17.658866470331393,16.768295449439616,8.94255374280816,3.82234130503858,6.401304360001715,51.331550679704634,51.164469683813394,49.39338603402457,22.450588354673368,21.083282718440945,21.459602645997546,6.401304360001715,1.1805798253538837,4.687579615930625,1.4171746594632468,4.556516456742687,5.710292112534913,2.495654002715752,2.7213843885769933,6.7762977805330005,6.643730248616855,1.8410297573161163,3.1352253633759495,38.64058725382697,40.32421786687869,37.533462653586575,28.30812023328816,28.30812023328816
50.294504287812785,50.3346033483104,50.32833787165527,50.294504287812785,50.32833787165527,50.30369365792052,50.294504287812785,50.32959096703458,50.261506084978684,2.579639313654794,0.0,1.0,2.618932209150448,18.041463920800545,14.171185872483779,17.740847901060874,14.2338979343983,11.652298898812909,11.652298898812909,14.308316322432653,18.312813868111775,18.128011475891885,11.652298898812909,14.74061350283412,7.302890608673107,7.195729874121157,6.551647541808766,45.33958320366824,45.33958320366824,46.17044099777602,27.932425605595782,25.65304997748888,21.641432895836267,8.430349086811868,8.468391205928363,2.9784214495014556,2.9587748957193427,2.9587748957193427,2.9587748957193427,2.9587748957193427,2.9587748957193427,2.9587748957193427,8.141062455310987,8.719218894367506,8.141062455310987,42.262104951490166,42.262104951490166,42.71744845519813,21.745108662646533,21.745108662646533,48.912325425625646,44.0834607794097,40.23182088138345,46.97413697329382,40.52425234289881,39.96027626197403,43.20620829256133,41.80258091139415,44.964879327751646,8.502252890183794,11.006391780982504,9.768942745822466,12.942041060910665,12.946221788158626,3.849563674878803,7.653625608521035,4.576917406758497,11.215422543452917,12.578318768176162,16.771694258346855,12.381825920079724,15.6762912202211,19.23850575963276,18.34793474116628,7.36291443321543,2.2427019916655304,4.821665048005582,49.751911564218204,49.58483056698851,47.81374690329229,24.030227628752524,22.662921997237195,23.039241923525257,4.821665048005582,2.399059488321199,3.107940302900315,2.9968139730511485,6.136155768931156,7.289931423811744,4.075293316001241,4.3010237017755575,8.355937090777857,5.064090936805157,1.738609556388567,4.714864676393914,37.060948049637396,38.74457867294745,35.95382344290259,26.7284809762291,26.7284809762291
50.294504287812785,50.3346033483104,50.32833787165527,50.294504287812785,50.32833787165527,50.30369365792052,50.294504287812785,50.32959096703458,50.261506084978684,2.579639313654794,1.0,0.0,2.618932209150448,18.041463920800545,14.171185872483779,17.740847901060874,14.2338979343983,11.652298898812909,11.652298898812909,14.308316322432653,18.312813868111775,18.128011475891885,11.652298898812909,14.74061350283412,7.302890608673107,7.195729874121157,6.551647541808766,45.33958320366824,45.33958320366824,46.17044099777602,27.932425605595782,25.65304997748888,21.641432895836267,8.430349086811868,8.468391205928363,2.9784214495014556,2.9587748957193427,2.9587748957193427,2.9587748957193427,2.9587748957193427,2.9587748957193427,2.9587748957193427,8.141062455310987,8.719218894367506,8.141062455310987,42.262104951490166,42.262104951490166,42.71744845519813,21.745108662646533,21.745108662646533,48.912325425625646,44.0834607794097,40.23182088138345,46.97413697329382,40.52425234289881,39.96027626197403,43.20620829256133,41.80258091139415,44.964879327751646,8.502252890183794,11.006391780982504,9.768942745822466,12.942041060910665,12.946221788158626,3.849563674878803,7.653625608521035,4.576917406758497,11.215422543452917,12.578318768176162,16.771694258346855,12.381825920079724,15.6762912202211,19.23850575963276,18.34793474116628,7.36291443321543,2.2427019916655304,4.821665048005582,49.751911564218204,49.58483056698851,47.81374690329229,24.030227628752524,22.662921997237195,23.039241923525257,4.821665048005582,2.399059488321199,3.107940302900315,2.9968139730511485,6.136155768931156,7.289931423811744,4.075293316001241,4.3010237017755575,8.355937090777857,5.064090936805157,1.738609556388567,4.714864676393914,37.060948049637396,38.74457867294745,35.95382344290259,26.7284809762291,26.7284809762291
51.913436289219206,51.95353534938314,51.94726987278015,51.913436289219206,51.94726987278015,51.92262565925049,51.913436289219206,51.94852296814904,51.88043808665948,1.0392928955007625,2.618932209150448,2.618932209150448,0.0,16.422531733243222,12.552253675839788,16.12191571270987,12.614965737881978,10.033366697573966,10.033366697573966,12.689384126068672,16.693881681283557,16.509079288565808,10.033366697573966,13.12168130737305,5.6839584019511245,8.814662079283252,8.170579747680257,46.95851524423586,46.95851524423586,47.7893730320635,26.313493452394738,24.03411781495303,20.022500718932417,6.811416881212948,6.849459000370978,1.3594892404095393,1.3398426866236788,1.3398426866236788,1.3398426866236788,1.3398426866236788,1.3398426866236788,1.3398426866236788,6.522130249403991,7.1002866890899305,6.522130249403991,43.88103701431439,43.88103701431439,44.33638051482899,23.36404083351724,23.36404083351724,50.53125743836918,45.702392829252815,41.850752958025055,48.59306900139663,42.14318441759264,41.57920834041151,44.825140348725924,43.42151297740596,46.58381137111376,6.883320684663579,9.387459578732955,8.150010541828012,11.323108861894472,11.32728958915008,2.2306314660169266,6.034693402126042,2.9579851981843257,9.596490341522932,10.959386568505506,15.1527620675379,10.762893720064534,14.057359026819205,17.61957357538254,16.729002554433315,8.981846638182196,3.861634200523207,6.440597255443752,51.37084357011327,51.20376257425586,49.43267892481873,22.411295460087665,21.04398982374233,21.420309751329267,6.440597255443752,1.2198727208545668,4.726872511403928,1.3778817639627992,4.5172235612668965,5.670999217078068,2.456361107219339,2.6820914930820123,6.737004885098379,6.68302314405352,1.8803226528154,3.0959324678841225,38.67988014648309,40.36351075927422,37.57275554640784,28.34741312729282,28.34741312729282
67.3359653643428,67.37606442079314,67.3697989447706,67.3359653643428,67.3697989447706,67.34515473352327,67.3359653643428,67.37105204002337,67.30296716483713,16.461824628268566,18.041463920800545,18.041463920800545,16.422531733243222,0.0,4.870278092345032,1.3006160240845686,4.807566029923027,7.389165080787401,7.389165080787401,4.733147641277654,1.2713499513668591,1.0865475563711087,7.389165080787401,4.300850457137775,11.738573370631746,24.23719367030095,23.593111354046624,62.381044758510676,62.381044758510676,63.21190247542958,10.890961914517433,8.611586218551015,4.599969039162067,10.611114895709138,10.573072776662826,16.063042497070906,16.082689050630428,16.082689050630428,16.082689050630428,16.082689050630428,16.082689050630428,16.082689050630428,10.900401526594454,10.3222450886238,10.900401526594454,59.30356678166052,59.30356678166052,59.75891024568061,38.786571903805246,38.786571903805246,65.95378663992938,61.124922448643254,57.27328288407996,64.01559837512596,57.56571432119197,57.00173828719641,60.2476700400378,58.844042781247296,62.006340917007655,10.539211092467765,8.035072200640764,9.272521237663367,6.0994229124945685,6.095242185221855,15.191900280891268,11.38783837201987,14.464546555684455,7.826041437594543,6.463145207266931,2.2697696797454947,6.659638056369251,3.365172730555178,2.1970418576780024,1.3064708249555588,24.404378225109237,19.284165892809245,21.863128899809173,66.79337269523442,66.62629171467826,64.8552082247005,6.988763826943493,5.621458162822729,5.997778097763927,21.863128899809173,16.642404451406343,20.149404188776582,16.044649973728994,12.905308204730654,11.75153255544336,14.966170641937742,14.740440258244119,10.68552689159863,22.10555478337733,17.302854374826826,14.326599287211264,54.10241030730202,55.78604079743005,52.995285785434675,43.769943942424746,43.769943942424746
63.46568808934343,63.505787146816544,63.49952167063413,63.46568808934343,63.49952167063413,63.474877458758236,63.46568808934343,63.500774765918905,63.432689888996585,12.59154657107346,14.171185872483779,14.171185872483779,12.552253675839788,4.870278092345032,0.0,4.569662068470557,1.0627120624687711,3.518886991595411,3.518886991595411,1.1371304511676423,5.141628043491877,4.956825648649095,3.518886991595411,1.5694276355753753,7.868295292743972,20.366915666294,19.722833344728684,58.510767362080614,58.510767362080614,59.34162509867644,14.761239980244618,12.481864293800758,8.47024712624426,6.740836814178048,6.702794695017513,12.192764437789675,12.212410991450511,12.212410991450511,12.212410991450511,12.212410991450511,12.212410991450511,12.212410991450511,7.030123445950565,6.451967006239579,7.030123445950565,55.43328931474998,55.43328931474998,55.888632788959974,34.91629406343851,34.91629406343851,62.083509330069305,57.2546450229886,53.4030053727417,60.14532101766899,53.695436816151464,53.13146077004075,56.37739259434699,54.9737653041372,58.13606351179387,6.668933010721255,4.164794112658104,5.402243152454771,2.229144821377366,2.224964094099472,11.321622217270471,7.51756029294522,10.594268488668991,3.955763349202603,2.592867116626622,3.600508413246095,2.7893599660081536,2.5051053624869746,6.067319948835648,5.176748917049992,20.534100222507607,15.413887852167369,17.992850877035906,62.923095406458884,62.75601442168434,60.984930887677756,10.859041907736968,9.491736247488642,9.868056181436888,17.992850877035906,12.772126395176473,16.279126153837517,12.174371914353053,9.035030131138843,7.881254477600366,11.095892577241171,10.870162192491808,6.815248810292613,18.235276762418497,13.432576322236484,10.456321219575448,50.23213272986589,51.91576325459059,49.12500818586399,39.89966617737971,39.89966617737971
67.0353494073449,67.07544846387685,67.06918298784154,67.0353494073449,67.06918298784154,67.04453877654407,67.0353494073449,67.07043608309691,67.0023512077721,16.16120860775353,17.740847901060874,17.740847901060874,16.12191571270987,1.3006160240845686,4.569662068470557,0.0,4.506950006041517,7.0885490572945695,7.0885490572945695,4.43253161738795,1.5719659754490687,1.3871635804551676,7.0885490572945695,4.000234433203799,11.43795734825305,23.93657765433928,23.292495337637472,62.08042879181191,62.08042879181191,62.91128651030429,11.191577937071438,8.912202241720932,4.900585063033278,10.310498872986255,10.272456753929005,15.76242647637219,15.782073029940651,15.782073029940651,15.782073029940651,15.782073029940651,15.782073029940651,15.782073029940651,10.599785503956184,10.021629065818972,10.599785503956184,59.00295080932027,59.00295080932027,59.458294274156565,38.48595590134381,38.48595590134381,65.6531706801487,60.82430647960635,56.972666908178674,63.7149824115431,57.265098345795714,56.70112231082853,59.94705406939702,58.543426808089876,61.7057249496063,10.238595069724246,7.734456177276929,8.971905214582176,5.798806888782188,5.7946261615088455,14.891284259808195,11.087222349529947,14.16393053429822,7.52542541418757,6.162529183611337,1.9691536556796352,6.35902203274601,3.0645567065448547,2.4976578817353237,1.6070868490372994,24.103762209265803,18.983549873733153,21.562512882260986,66.49275673713704,66.32567575624414,64.55459226275039,7.289379850455915,5.9220741865617095,6.2983941214462105,21.562512882260986,16.34178843097608,19.848788170190417,15.74403395302192,12.604692182748975,11.450916533068847,14.665554620758858,14.439824236970978,10.38491086889727,21.80493876598324,17.002238354715114,14.025983265769357,53.80179432609459,55.48542481900122,52.69466980244788,43.46932794608427,43.46932794608427
63.52840013932315,63.56849919678019,63.56223372060028,63.52840013932315,63.56223372060028,63.53758950873427,63.52840013932315,63.56348681588456,63.49540193898954,12.65425863311275,14.2338979343983,14.2338979343983,12.614965737881978,4.807566029923027,1.0627120624687711,4.506950006041517,0.0,3.5815990540435294,3.5815990540435294,1.0744183886989036,5.078915981076716,4.894113586229224,3.5815990540435294,1.5067155731075204,7.931007355061481,20.42962772756541,19.785545406078374,58.57347941396808,58.57347941396808,59.40433715025511,14.698527918373435,12.419152231747738,8.407535063951038,6.803548876540968,6.765506757381823,12.255476499857952,12.275123053517381,12.275123053517381,12.275123053517381,12.275123053517381,12.275123053517381,12.275123053517381,7.0928355083026045,6.514679068612831,7.0928355083026045,55.49600136774228,55.49600136774228,55.9513448417927,34.97900612223419,34.97900612223419,62.14622138059721,57.317357075334414,53.46571742642936,60.208033068944694,53.75814886974061,53.1941728238194,56.44010464700688,55.03647735728923,58.19877556381915,6.731645073086795,4.227506175094433,5.464955214861103,2.291856883841095,2.287676156563234,11.384334279398535,7.580272355277722,10.656980550843274,4.018475411643037,2.655579179087019,3.537796350798272,2.8520720284664005,2.4423933000250955,6.004607886447349,5.114036854635753,20.596812283758272,15.476599913972548,18.05556293858271,62.98580745665529,62.81872647194709,61.047642938632514,10.796329845574506,9.429024185246913,9.805344119215794,18.05556293858271,12.834838457202306,16.341838215560742,12.237083976422639,9.097742193400839,7.943966539917305,11.158604639383938,10.932874254648953,6.8779608726527846,18.297988823938827,13.495288384211323,10.519033281758112,50.29484478458625,51.97847530877072,49.187720240929636,39.962378235015116,39.962378235015116
60.94680157881041,60.98690063691651,60.98063516063516,60.94680157881041,60.98063516063516,60.955990948370236,60.94680157881041,60.981888255939715,60.91380337794297,10.07265959291121,11.652298898812909,11.652298898812909,10.033366697573966,7.389165080787401,3.518886991595411,7.0885490572945695,3.5815990540435294,0.0,1.0,3.6560174427165917,7.66051503156999,7.475712636977322,1.0,4.088314626946468,5.349408304962289,17.848028716413673,17.20394639191654,55.9918807765537,55.9918807765537,56.82273852527892,17.280126943305365,15.000751264916016,10.989134108328605,4.221949824943709,4.183907705739824,9.6738774585946,9.693524012305364,9.693524012305364,9.693524012305364,9.693524012305364,9.693524012305364,9.693524012305364,4.511236457057965,3.933080016685334,4.511236457057965,52.9144026858595,52.9144026858595,53.36974616633043,32.397407208206815,32.397407208206815,59.56462279797402,54.73575841946481,50.88411871659042,57.62643445617523,51.1765501638607,50.61257411032456,53.85850597849778,52.45487866898292,55.61717692085553,4.150046021405294,1.6459071213235519,2.883356161917531,2.2897421704203,2.293922897698159,8.802735235960782,4.998673304676819,8.075381505742524,1.4368763577719728,1.9260198751569848,6.119395403143721,1.729527025753813,5.023992353309911,8.586206935530026,7.69563590507959,18.015213273405713,12.89500088247913,15.473963916876034,60.40420888740199,60.237127900018116,58.46604433879916,13.377928883782328,12.010623227168209,12.386943160163636,15.473963916876034,10.253239417495312,13.760239187155936,9.65548493511132,6.516143145202575,5.362367489837269,8.577005595415237,8.351275210162662,4.296361821144135,15.716389803242015,10.913689346385972,7.9374342363576185,47.713246033279454,49.39687657914907,46.6061214757737,37.38077936710967,37.38077936710967
60.94680157881041,60.98690063691651,60.98063516063516,60.94680157881041,60.98063516063516,60.955990948370236,60.94680157881041,60.981888255939715,60.91380337794297,10.07265959291121,11.652298898812909,11.652298898812909,10.033366697573966,7.389165080787401,3.518886991595411,7.0885490572945695,3.5815990540435294,1.0,0.0,3.6560174427165917,7.66051503156999,7.475712636977322,1.0,4.088314626946468,5.349408304962289,17.848028716413673,17.20394639191654,55.9918807765537,55.9918807765537,56.82273852527892,17.280126943305365,15.000751264916016,10.989134108328605,4.221949824943709,4.183907705739824,9.6738774585946,9.693524012305364,9.693524012305364,9.693524012305364,9.693524012305364,9.693524012305364,9.693524012305364,4.511236457057965,3.933080016685334,4.511236457057965,52.9144026858595,52.9144026858595,53.36974616633043,32.397407208206815,32.397407208206815,59.56462279797402,54.73575841946481,50.88411871659042,57.62643445617523,51.1765501638607,50.61257411032456,53.85850597849778,52.45487866898292,55.61717692085553,4.150046021405294,1.6459071213235519,2.883356161917531,2.2897421704203,2.293922897698159,8.802735235960782,4.998673304676819,8.075381505742524,1.4368763577719728,1.9260198751569848,6.119395403143721,1.729527025753813,5.023992353309911,8.586206935530026,7.69563590507959,18.015213273405713,12.89500088247913,15.473963916876034,60.40420888740199,60.237127900018116,58.46604433879916,13.377928883782328,12.010623227168209,12.386943160163636,15.473963916876034,10.253239417495312,13.760239187155936,9.65548493511132,6.516143145202575,5.362367489837269,8.577005595415237,8.351275210162662,4.296361821144135,15.716389803242015,10.913689346385972,7.9374342363576185,47.713246033279454,49.39687657914907,46.6061214757737,37.38077936710967,37.38077936710967
63.60281851316942,63.64291757060734,63.63665209443042,63.60281851316942,63.63665209443042,63.61200788257617,63.60281851316942,63.63790518971409,63.569820312851505,12.72867702129598,14.308316322432653,14.308316322432653,12.689384126068672,4.733147641277654,1.1371304511676423,4.43253161738795,1.0744183886989036,3.6560174427165917,3.6560174427165917,0.0,5.004497592439325,4.819695197586338,3.6560174427165917,1.432297184409442,8.005425743577305,20.504046114833407,19.859963793439587,58.64789779008074,58.64789779008074,59.478755526000896,14.6241095303766,12.34473384353629,8.33311667545662,6.877967265111261,6.839925145953788,12.329894888075781,12.349541441733535,12.349541441733535,12.349541441733535,12.349541441733535,12.349541441733535,12.349541441733535,7.167253896859837,6.589097457195536,7.167253896859837,55.570419745167605,55.570419745167605,56.02576321902838,35.0534245065568,35.0534245065568,62.22063975509467,57.39177545199165,53.540135804680894,60.28245144433057,53.83256724787508,53.26859120217903,56.51452302403724,55.11089573490432,58.27319394009552,6.806063461660238,4.301924563753171,5.539373603483606,2.366275272533348,2.3620945452555286,11.458752667687767,7.654690743811519,10.731398939187722,4.092893800306754,2.729997567775129,3.4633779621229155,2.9264904171518586,2.3679749113336244,5.930189497841353,5.039618465999435,20.67123067100156,15.551018301876498,18.129981326178736,63.06022583075894,62.89314484612952,61.12206131363707,10.721911457234032,9.354605796813075,9.730925730806256,18.129981326178736,12.90925684536947,16.416256603367007,12.311502364642037,9.172160581850187,8.018384928432448,11.233023027690736,11.007292642972928,6.952379261219781,18.372407211503315,13.569706772317636,10.593451670112582,50.36926316406489,52.05289368760739,49.262138620818575,40.036796617958316,40.036796617958316
67.60731525463355,67.64741431100991,67.64114883499892,67.60731525463355,67.64114883499892,67.6165046237971,67.60731525463355,67.6424019302494,67.57431705518873,16.73317457629206,18.312813868111775,18.312813868111775,16.693881681283557,1.2713499513668591,5.141628043491877,1.5719659754490687,5.078915981076716,7.66051503156999,7.66051503156999,5.004497592439325,0.0,1.18480239499597,7.66051503156999,4.5722004083428,12.009923320374531,24.508543614153353,23.864461298307997,62.65239465759675,62.65239465759675,63.483252373088874,10.619611964454512,8.340236267950033,4.328619087959544,10.882464845771453,10.844422726735313,16.334392445263333,16.354038998814637,16.354038998814637,16.354038998814637,16.354038998814637,16.354038998814637,16.354038998814637,11.171751476578123,10.593595038762354,11.171751476578123,59.574916685863016,59.574916685863016,60.03026014914281,39.05792183535755,39.05792183535755,66.22513653274284,61.39627234984972,57.544632791512754,64.28694827138668,57.837064228166604,57.273088195052516,60.5190199426989,59.11539268619102,62.27769081673089,10.810561042549272,8.306422151301849,9.543871188059615,6.370772863485456,6.366592136213342,15.463250229437469,11.659188321865805,14.735896504510004,8.097391388296202,6.734495158203705,2.541119631085503,6.930988007275279,3.636522681836461,1.9256919063263438,1.035120873588847,24.675728168853613,19.555515839511727,22.13447884511226,67.06472258652191,66.89764160627098,65.12655811948083,6.717413876046084,5.350108211731546,5.726428146720969,22.13447884511226,16.913754399351898,20.42075413503005,16.315999921929098,13.176658154105919,12.02288250518227,15.2375205905722,15.011790206965427,10.95687684164094,22.376904728539426,17.57420432247967,14.597949236088148,54.373760219549276,56.05739070715596,53.26663569929676,44.04129386841286,44.04129386841286
67.42251290128722,67.462611957714,67.45634648169512,67.42251290128722,67.45634648169512,67.4317022704623,67.42251290128722,67.45759957694719,67.38951470180092,16.548372183585805,18.128011475891885,18.128011475891885,16.509079288565808,1.0865475563711087,4.956825648649095,1.3871635804551676,4.894113586229224,7.475712636977322,7.475712636977322,4.819695197586338,1.18480239499597,0.0,7.475712636977322,4.387398013459936,11.825120926493534,24.3237412242941,23.6796589081697,62.46759229825637,62.46759229825637,63.29845001472086,10.804414358570215,8.52503866243034,4.513421482846286,10.697662451671931,10.659620332628835,16.14959005244171,16.169236605998627,16.169236605998627,16.169236605998627,16.169236605998627,16.169236605998627,16.169236605998627,10.986949082532396,10.40879264461068,10.986949082532396,59.39011432303562,59.39011432303562,59.84545778681997,38.87311945388702,38.87311945388702,66.0403341776773,61.21146998906422,57.359830426483725,64.10214591397184,57.652261863449844,57.08828582973497,60.33421758092202,58.93059032285844,62.09288845695628,10.625758648436621,8.121619756792455,9.359068793731586,6.185970468749884,6.181789741477358,15.278447836374202,11.474385927914277,14.551094111255901,7.912588993759004,6.549692763505281,2.3563172361090663,6.7461856125979525,3.4517202869009047,2.11049430131271,1.2199232685847452,24.490925779068068,19.370713447707427,21.949676454263106,66.87992023249632,66.71283925203737,64.94175576307487,6.902216270726959,5.534910606543284,5.911230541500168,21.949676454263106,16.72895200669887,20.235951743532254,16.131197529102224,12.991855760476167,11.838080111303926,15.052718197448643,14.826987813782534,10.772074447555104,22.19210233778649,17.389401930026523,14.413146842798964,54.188957851238804,55.872588340564,53.08183332988561,43.856491490735834,43.856491490735834
