0.0,1.0,16.904220409955435,16.904220409955435,16.904220409955435,1.9837501946438563,1.0545480140474697,1.0545480140474697,1.0545480140474697,1.8696371966015075,1.8840580629765902,15.609252492121788,14.346952076141262,13.479717418389345,10.966471379792461,17.95894095620941,19.962520843159226,22.153647968080026,33.2931233884671,24.040036433388696,24.70855875029097,24.70855875029097,24.70855875029097,22.625868955423584,7.637518410241496,7.637518410241496,7.637518410241496,30.45012807977235,25.736435984079506,23.00904056954297,24.235701051091063,30.349781128918508,30.349781128918508,24.235701051091063,23.659369479776498,24.218141390679325,35.65659855738588,35.65659855738588,35.65659855738588,1.0526670485244365,1.0,4.8070055927788555,8.230807504616863,68.2212779305405,64.09517717881926,64.19731349034114,68.29709387096165,68.2212779305405,68.2212779305405,15.876388102378174,5.086167566738257,6.741497335037883,13.816732437015691,13.985998143546015,8.832672616317716,2.0740262527528657,1.5436007584178975,1.5436007584178975,1.5436007584178975,1.0269605163142612,5.541179658460536,13.607638772727084,14.15318751477545,6.7603080540010065,7.93284967382443,38.22292465095457,28.532891116848642,27.849292223756187,20.812878306579144,26.03056504257969,20.317462703659572,36.27857272530606,32.904268731245764,35.017899704717564,3.4245944578798984,1.8796615641549868,8.954915595176468,35.293866604562965,29.341926881409126,34.44088040230756,30.29521751555457,20.148143995205597,26.889752833234787,19.95374137806975,24.205598777934753,15.727143239106773,20.336394974291096,18.28650725863762,20.963263776355024,1.9235503969751493,1.453311925757915,2.732355527842537,4.500418967342645,64.76564067974846,69.47755963355168,71.82717240173625,69.45249680731519,70.31716077456245,67.23441243821735,3.5035358796073304
1.0,0.0,16.904220409955435,16.904220409955435,16.904220409955435,1.9837501946438563,1.0545480140474697,1.0545480140474697,1.0545480140474697,1.8696371966015075,1.8840580629765902,15.609252492121788,14.346952076141262,13.479717418389345,10.966471379792461,17.95894095620941,19.962520843159226,22.153647968080026,33.2931233884671,24.040036433388696,24.70855875029097,24.70855875029097,24.70855875029097,22.625868955423584,7.637518410241496,7.637518410241496,7.637518410241496,30.45012807977235,25.736435984079506,23.00904056954297,24.235701051091063,30.349781128918508,30.349781128918508,24.235701051091063,23.659369479776498,24.218141390679325,35.65659855738588,35.65659855738588,35.65659855738588,1.0526670485244365,1.0,4.8070055927788555,8.230807504616863,68.2212779305405,64.09517717881926,64.19731349034114,68.29709387096165,68.2212779305405,68.2212779305405,15.876388102378174,5.086167566738257,6.741497335037883,13.816732437015691,13.985998143546015,8.832672616317716,2.0740262527528657,1.5436007584178975,1.5436007584178975,1.5436007584178975,1.0269605163142612,5.541179658460536,13.607638772727084,14.15318751477545,6.7603080540010065,7.93284967382443,38.22292465095457,28.532891116848642,27.849292223756187,20.812878306579144,26.03056504257969,20.317462703659572,36.27857272530606,32.904268731245764,35.017899704717564,3.4245944578798984,1.8796615641549868,8.954915595176468,35.293866604562965,29.341926881409126,34.44088040230756,30.29521751555457,20.148143995205597,26.889752833234787,19.95374137806975,24.205598777934753,15.727143239106773,20.336394974291096,18.28650725863762,20.963263776355024,1.9235503969751493,1.453311925757915,2.732355527842537,4.500418967342645,64.76564067974846,69.47755963355168,71.82717240173625,69.45249680731519,70.31716077456245,67.23441243821735,3.5035358796073304
16.904220409955435,16.904220409955435,0.0,1.0,1.0,17.88797059861806,16.849672396219255,16.849672396219255,16.849672396219255,17.773857601305206,17.78827846758862,31.51347274175144,30.251172345669808,29.383937700926833,26.87069169698279,33.86316116575681,35.86674101540374,38.05786809623876,49.19734323938656,39.94425652084004,40.61277882270481,40.61277882270481,40.61277882270481,38.530089073630975,23.54173876635298,23.54173876635298,23.54173876635298,46.35434800987776,41.64065603274896,38.913260679558306,40.1399211341743,46.25400106171337,46.25400106171337,40.1399211341743,39.56358957564756,40.12236147415569,19.752378382032337,19.752378382032337,19.752378382032337,16.85155336173159,16.904220409955435,13.097214833763019,9.67341292793151,52.31705876887959,48.1909578459969,48.29309416160569,52.392874712562055,52.31705876887959,52.31705876887959,31.78060834765025,20.99038794729254,22.645717700266278,4.08748798720109,3.918222280067107,9.071547816413974,15.830194162937875,17.447821165154256,17.447821165154256,17.447821165154256,16.877259893795294,12.363040770080278,29.511859053379602,30.057407787257347,22.664528419043933,23.837070026804607,54.127144350886695,44.43711109709478,43.75351222124486,36.717098462122514,41.93478508431558,36.22168286899594,52.182792486859846,48.80848859333676,50.92211950478399,19.32881485183774,16.024558850559345,24.859135936836555,51.19808639629578,45.246146840817225,50.34510021962312,46.19943744980881,36.05236416384863,42.79397285436253,35.85796155048399,40.1098188616918,31.631363486819676,4.432174588265253,2.3822868572966653,5.059043395618636,15.980670017962035,16.450908486719406,15.171864890953476,13.403801458249637,48.86142137389331,53.573340526472684,55.92295339983555,53.548277699136015,54.412941704604364,51.3301932344881,14.400684542429653
16.904220409955435,16.904220409955435,1.0,0.0,1.0,17.88797059861806,16.849672396219255,16.849672396219255,16.849672396219255,17.773857601305206,17.78827846758862,31.51347274175144,30.251172345669808,29.383937700926833,26.87069169698279,33.86316116575681,35.86674101540374,38.05786809623876,49.19734323938656,39.94425652084004,40.61277882270481,40.61277882270481,40.61277882270481,38.530089073630975,23.54173876635298,23.54173876635298,23.54173876635298,46.35434800987776,41.64065603274896,38.913260679558306,40.1399211341743,46.25400106171337,46.25400106171337,40.1399211341743,39.56358957564756,40.12236147415569,19.752378382032337,19.752378382032337,19.752378382032337,16.85155336173159,16.904220409955435,13.097214833763019,9.67341292793151,52.31705876887959,48.1909578459969,48.29309416160569,52.392874712562055,52.31705876887959,52.31705876887959,31.78060834765025,20.99038794729254,22.645717700266278,4.08748798720109,3.918222280067107,9.071547816413974,15.830194162937875,17.447821165154256,17.447821165154256,17.447821165154256,16.877259893795294,12.363040770080278,29.511859053379602,30.057407787257347,22.664528419043933,23.837070026804607,54.127144350886695,44.43711109709478,43.75351222124486,36.717098462122514,41.93478508431558,36.22168286899594,52.182792486859846,48.80848859333676,50.92211950478399,19.32881485183774,16.024558850559345,24.859135936836555,51.19808639629578,45.246146840817225,50.34510021962312,46.19943744980881,36.05236416384863,42.79397285436253,35.85796155048399,40.1098188616918,31.631363486819676,4.432174588265253,2.3822868572966653,5.059043395618636,15.980670017962035,16.450908486719406,15.171864890953476,13.403801458249637,48.86142137389331,53.573340526472684,55.92295339983555,53.548277699136015,54.412941704604364,51.3301932344881,14.400684542429653
16.904220409955435,16.904220409955435,1.0,1.0,0.0,17.88797059861806,16.849672396219255,16.849672396219255,16.849672396219255,17.773857601305206,17.78827846758862,31.51347274175144,30.251172345669808,29.383937700926833,26.87069169698279,33.86316116575681,35.86674101540374,38.05786809623876,49.19734323938656,39.94425652084004,40.61277882270481,40.61277882270481,40.61277882270481,38.530089073630975,23.54173876635298,23.54173876635298,23.54173876635298,46.35434800987776,41.64065603274896,38.913260679558306,40.1399211341743,46.25400106171337,46.25400106171337,40.1399211341743,39.56358957564756,40.12236147415569,19.752378382032337,19.752378382032337,19.752378382032337,16.85155336173159,16.904220409955435,13.097214833763019,9.67341292793151,52.31705876887959,48.1909578459969,48.29309416160569,52.392874712562055,52.31705876887959,52.31705876887959,31.78060834765025,20.99038794729254,22.645717700266278,4.08748798720109,3.918222280067107,9.071547816413974,15.830194162937875,17.447821165154256,17.447821165154256,17.447821165154256,16.877259893795294,12.363040770080278,29.511859053379602,30.057407787257347,22.664528419043933,23.837070026804607,54.127144350886695,44.43711109709478,43.75351222124486,36.717098462122514,41.93478508431558,36.22168286899594,52.182792486859846,48.80848859333676,50.92211950478399,19.32881485183774,16.024558850559345,24.859135936836555,51.19808639629578,45.246146840817225,50.34510021962312,46.19943744980881,36.05236416384863,42.79397285436253,35.85796155048399,40.1098188616918,31.631363486819676,4.432174588265253,2.3822868572966653,5.059043395618636,15.980670017962035,16.450908486719406,15.171864890953476,13.403801458249637,48.86142137389331,53.573340526472684,55.92295339983555,53.548277699136015,54.412941704604364,51.3301932344881,14.400684542429653
1.9837501946438563,1.9837501946438563,17.88797059861806,17.88797059861806,17.88797059861806,0.0,2.0382982086900663,2.0382982086900663,2.0382982086900663,1.1141129980445559,1.0996921316692265,14.62550230190061,13.363201885163969,12.495967226933537,9.98272118713839,16.97519076758384,18.97877065608751,21.16989778291119,32.3093732162575,23.056286250028375,23.724808567609372,23.724808567609372,23.724808567609372,21.6421187706927,6.6537682164319145,6.6537682164319145,6.6537682164319145,29.466377903733925,24.75268580248004,22.0252903851747,23.251950867927345,29.366030952751448,29.366030952751448,23.251950867927345,22.67561929603854,23.234391207497893,36.64034872448494,36.64034872448494,36.64034872448494,2.0364172431670786,1.9837501946438563,5.790755787016929,9.21455769793885,69.20502802269111,65.07892728310871,65.18106359433938,69.28084396288203,69.20502802269111,69.20502802269111,14.892637912326068,4.102417372376282,5.757747141001351,14.800482627721586,14.96974833415091,9.816422809424692,3.0577764473475604,1.4401494362312803,1.4401494362312803,1.4401494362312803,2.0107107109575115,6.524929852546146,12.623888581339761,13.169437323688351,5.7765578599688725,6.949099480097467,37.23917448623024,27.5491409384298,26.865542044527896,19.82912812022067,25.046814861298486,19.33371251688167,35.294822557501384,31.920518558491384,34.0341495350048,2.440844263313731,2.863411758762382,7.971165401765327,34.310116435261904,28.358176703974944,33.45713023174487,29.31146733931777,19.16439380828684,25.90600265290518,18.969991190990836,23.221848594740678,14.743393048959822,21.320145160182804,19.270257446247555,21.947013961683805,2.9073005915798236,2.4370621203872815,3.716105722381723,5.484169161637282,65.74939078211773,70.46130972185368,72.81092248264883,70.43624689569468,71.30091086025261,68.21816253334123,4.4872860740569624
1.0545480140474697,1.0545480140474697,16.849672396219255,16.849672396219255,16.849672396219255,2.0382982086900663,0.0,1.0,1.0,1.9241852106479862,1.9386060770230364,15.663800505905314,14.401500089968335,13.53426543224406,11.02101939371684,18.013488969901456,20.017068856762542,22.20819598157503,33.347671401229256,24.094584446781,24.76310676364478,24.76310676364478,24.76310676364478,22.680416968893702,7.692066424234205,7.692066424234205,7.692066424234205,30.50467609275047,25.790983997372,23.063588582992487,24.290249064472214,30.40432914190387,30.40432914190387,24.290249064472214,23.71391749319023,24.272689404061484,35.602050544821374,35.602050544821374,35.602050544821374,1.0018809655230334,1.0545480140474697,4.752457578749011,8.17625949063343,68.16672992209011,64.04062916970105,64.14276548123894,68.24254586252393,68.16672992209011,68.16672992209011,15.930936116151981,5.140715580764865,6.796045349044325,13.762184423170163,13.93145012970587,8.778124602345432,2.0194782387067463,1.5981487724649663,1.5981487724649663,1.5981487724649663,1.0275874977332096,5.486631644438206,13.662186786577838,14.207735528608858,6.814856068007181,7.987397687812181,38.27747266329536,28.58743912996119,27.903840236914498,20.86742632014182,26.08511305585416,20.37201071724614,36.33312073782015,32.95881674403863,35.07244771733907,3.4791424719199555,1.8251135501084126,9.009463609145397,35.34841461716129,29.39647489446604,34.49542841497693,30.34976552854387,20.20269200880019,26.944300846455395,20.008289391673475,24.26014679131763,15.781691252886034,20.28184696070417,18.23195924495804,20.908715762798508,1.8690023829286695,1.3987639117106683,2.677807513798653,4.445870953310057,64.71109267073587,69.4230116253131,71.77262439390437,69.39794879907232,70.2626127664676,67.17986442960336,3.448987865567424
1.0545480140474697,1.0545480140474697,16.849672396219255,16.849672396219255,16.849672396219255,2.0382982086900663,1.0,0.0,1.0,1.9241852106479862,1.9386060770230364,15.663800505905314,14.401500089968335,13.53426543224406,11.02101939371684,18.013488969901456,20.017068856762542,22.20819598157503,33.347671401229256,24.094584446781,24.76310676364478,24.76310676364478,24.76310676364478,22.680416968893702,7.692066424234205,7.692066424234205,7.692066424234205,30.50467609275047,25.790983997372,23.063588582992487,24.290249064472214,30.40432914190387,30.40432914190387,24.290249064472214,23.71391749319023,24.272689404061484,35.602050544821374,35.602050544821374,35.602050544821374,1.0018809655230334,1.0545480140474697,4.752457578749011,8.17625949063343,68.16672992209011,64.04062916970105,64.14276548123894,68.24254586252393,68.16672992209011,68.16672992209011,15.930936116151981,5.140715580764865,6.796045349044325,13.762184423170163,13.93145012970587,8.778124602345432,2.0194782387067463,1.5981487724649663,1.5981487724649663,1.5981487724649663,1.0275874977332096,5.486631644438206,13.662186786577838,14.207735528608858,6.814856068007181,7.987397687812181,38.27747266329536,28.58743912996119,27.903840236914498,20.86742632014182,26.08511305585416,20.37201071724614,36.33312073782015,32.95881674403863,35.07244771733907,3.4791424719199555,1.8251135501084126,9.009463609145397,35.34841461716129,29.39647489446604,34.49542841497693,30.34976552854387,20.20269200880019,26.944300846455395,20.008289391673475,24.26014679131763,15.781691252886034,20.28184696070417,18.23195924495804,20.908715762798508,1.8690023829286695,1.3987639117106683,2.677807513798653,4.445870953310057,64.71109267073587,69.4230116253131,71.77262439390437,69.39794879907232,70.2626127664676,67.17986442960336,3.448987865567424
1.0545480140474697,1.0545480140474697,16.849672396219255,16.849672396219255,16.849672396219255,2.0382982086900663,1.0,1.0,0.0,1.9241852106479862,1.9386060770230364,15.663800505905314,14.401500089968335,13.53426543224406,11.02101939371684,18.013488969901456,20.017068856762542,22.20819598157503,33.347671401229256,24.094584446781,24.76310676364478,24.76310676364478,24.76310676364478,22.680416968893702,7.692066424234205,7.692066424234205,7.692066424234205,30.50467609275047,25.790983997372,23.063588582992487,24.290249064472214,30.40432914190387,30.40432914190387,24.290249064472214,23.71391749319023,24.272689404061484,35.602050544821374,35.602050544821374,35.602050544821374,1.0018809655230334,1.0545480140474697,4.752457578749011,8.17625949063343,68.16672992209011,64.04062916970105,64.14276548123894,68.24254586252393,68.16672992209011,68.16672992209011,15.930936116151981,5.140715580764865,6.796045349044325,13.762184423170163,13.93145012970587,8.778124602345432,2.0194782387067463,1.5981487724649663,1.5981487724649663,1.5981487724649663,1.0275874977332096,5.486631644438206,13.662186786577838,14.207735528608858,6.814856068007181,7.987397687812181,38.27747266329536,28.58743912996119,27.903840236914498,20.86742632014182,26.08511305585416,20.37201071724614,36.33312073782015,32.95881674403863,35.07244771733907,3.4791424719199555,1.8251135501084126,9.009463609145397,35.34841461716129,29.39647489446604,34.49542841497693,30.34976552854387,20.20269200880019,26.944300846455395,20.008289391673475,24.26014679131763,15.781691252886034,20.28184696070417,18.23195924495804,20.908715762798508,1.8690023829286695,1.3987639117106683,2.677807513798653,4.445870953310057,64.71109267073587,69.4230116253131,71.77262439390437,69.39794879907232,70.2626127664676,67.17986442960336,3.448987865567424
1.8696371966015075,1.8696371966015075,17.773857601305206,17.773857601305206,17.773857601305206,1.1141129980445559,1.9241852106479862,1.9241852106479862,1.9241852106479862,0.0,1.0144208663753331,14.739615299462715,13.47731488281095,12.610080224634078,10.09683418497229,17.08930376496613,19.09288365329405,21.284010779901916,32.42348621176997,23.170399246813545,23.83892156431731,23.83892156431731,23.83892156431731,21.75623176763368,6.7678812143923786,6.7678812143923786,6.7678812143923786,29.58049089968416,24.866798799064764,22.13940338207448,23.36606386469015,29.480143948716382,29.480143948716382,23.36606386469015,22.78973229286666,23.348504204262714,36.526235729715474,36.526235729715474,36.526235729715474,1.922304245124989,1.8696371966015075,5.676642789030192,9.100444700066058,69.09091503668857,64.96481429568887,65.06695060695353,69.16673097690636,69.09091503668857,69.09091503668857,15.006750909869158,4.2165303703951,5.871860138986133,14.686369630164785,14.855635336606207,9.702309811578191,2.9436634493133234,1.3260364381870948,1.3260364381870948,1.3260364381870948,1.8965977129152936,6.410816854578742,12.738001579032646,13.283550321347635,5.890670857953187,7.063212478049012,37.3532874808855,27.66325393465185,26.979655040842317,19.943241117346385,25.160927857846954,19.447825514054927,35.40893555250959,32.03463155406619,34.14826253023152,2.5549572613525076,2.749298760726236,8.085278399682531,34.42422943044148,28.4722897000846,33.571243227068884,29.42558033529066,19.278506805476056,26.02011564934519,19.084104188198193,23.335961591506933,14.857506046513576,21.206032163199065,19.15614444905991,21.832900964766772,2.7931875935440913,2.32294912234763,3.6019927243554024,5.370056163643296,65.63527779492212,70.3471967363004,72.69680949795799,70.32213391013234,71.18679787500419,68.10404954699158,4.373173076042759
1.8840580629765902,1.8840580629765902,17.78827846758862,17.78827846758862,17.78827846758862,1.0996921316692265,1.9386060770230364,1.9386060770230364,1.9386060770230364,1.0144208663753331,0.0,14.725194433148799,13.462894016486267,12.595659358302596,10.082413318623873,17.07488289867501,19.07846278702521,21.26958991366042,32.409065345715646,23.155978380598086,23.824500698111635,23.824500698111635,23.824500698111635,21.74181090139848,6.753460348027861,6.753460348027861,6.753460348027861,29.56607003357442,24.852377932874692,22.124982515844504,23.351642998477523,29.465723082604786,29.465723082604786,23.351642998477523,22.77531142664576,23.334083338049833,36.54065659567809,36.54065659567809,36.54065659567809,1.9367251115000403,1.8840580629765902,5.691063655398371,9.11486556641995,69.10533590154434,64.97923516072359,65.08137147198397,69.18115184175873,69.10533590154434,69.10533590154434,14.992330043557654,4.202109504023123,5.857439272618512,14.700790496478923,14.870056202918825,9.716730677928778,2.958084315687416,1.3404573045623915,1.3404573045623915,1.3404573045623915,1.9110185792903605,6.4252377209445,12.723580712702136,13.269129455021387,5.876249991585626,7.04879161168563,37.33886661493967,27.6488330685077,26.965234174686472,19.92882025108778,25.14650699166147,19.433404647790304,35.394514686519095,32.02021068800398,34.13384166421336,2.5405363949779556,2.7637196271005635,8.070857533323522,34.40980856442929,28.45786883395468,33.55682236103841,29.411159469178056,19.26408593920941,26.005694783173443,19.069683321929247,23.321540725293872,14.843085180200722,21.220453029441,19.170565315327543,21.847321831000293,2.807608459918368,2.3373699887223864,3.6164135907285155,5.3844770300123805,65.64969865992853,70.36161760109944,72.71123036264811,70.33655477493251,71.2012187397647,68.11847041189118,4.387593942414366
15.609252492121788,15.609252492121788,31.51347274175144,31.51347274175144,31.51347274175144,14.62550230190061,15.663800505905314,15.663800505905314,15.663800505905314,14.739615299462715,14.725194433148799,0.0,2.2623004215343077,3.129535082493609,5.642781127586504,3.349688477219752,5.35326837823764,7.544395521566537,18.683871084325563,9.430784005251958,10.099306329228163,10.099306329228163,10.099306329228163,8.016616513290852,8.971734099331355,8.971734099331355,8.971734099331355,15.84087573155181,11.127183574466034,8.399788131072636,9.626448624994335,15.74052877923903,15.74052877923903,9.626448624994335,9.050117047743,9.608888964398492,50.265850484644886,50.265850484644886,50.265850484644886,15.661919540391418,15.609252492121788,19.416258061759258,22.840059944600352,82.8305285983708,78.70442804546832,78.80656435220644,82.90634453503192,82.8305285983708,82.8305285983708,1.2671356115662409,11.523084939567767,9.867755173877027,28.425984813035903,28.5952505173054,23.441925050402364,16.68327873931603,15.065651736226801,15.065651736226801,15.065651736226801,15.63621300830584,20.150432121876126,3.001613727713918,2.4560649836597213,9.848944454933159,8.67640283584922,23.613672435810727,13.923638741897038,13.240039839857143,6.203625848426647,11.42131263637021,5.70821024150559,21.6693204731584,18.29501642076223,20.408647429901507,13.184658043988495,16.488914051780576,7.654336914401961,20.684614334620058,14.732674517443218,19.831628117463612,15.68596516508458,5.538891531721042,12.28050043729427,5.34448891308076,9.596346351522541,1.117890747557252,34.9456472495072,32.89575956858614,35.57251604039308,16.53280288436302,16.062564415626547,17.34160801062171,19.10967143854138,79.37489151486734,84.08681023858014,86.43642288646474,84.06174741360692,84.92641133702881,81.84366315463892,18.112788357589537
14.346952076141262,14.346952076141262,30.251172345669808,30.251172345669808,30.251172345669808,13.363201885163969,14.401500089968335,14.401500089968335,14.401500089968335,13.47731488281095,13.462894016486267,2.2623004215343077,0.0,1.8672346610118535,4.38048070649889,4.611988898512635,6.615568799076656,8.806695941647984,19.946171496340213,10.693084424462697,11.36160674808183,11.36160674808183,11.36160674808183,9.2789169331733,7.709433679319699,7.709433679319699,7.709433679319699,17.103176146294285,12.38948399272118,9.662088550784304,10.888749044103193,17.002829194069417,17.002829194069417,10.888749044103193,10.312417467145725,10.87118938351658,49.003550130645735,49.003550130645735,49.003550130645735,14.399619124452931,14.346952076141262,18.1539576492255,21.577759535873625,81.56822836557112,77.44212779392133,77.54426410111161,81.64404430258594,81.56822836557112,81.56822836557112,2.529436033088925,10.260784520808286,8.605454754262848,27.16368441195938,27.33295011648857,22.179624642414122,15.420978324224093,13.803351319821639,13.803351319821639,13.803351319821639,14.37391259234682,18.88813171010229,1.7393133062217192,1.193764562133441,8.586644035310167,7.414102415716585,24.875972842009684,15.185939158220345,14.502340256693671,7.465926269004052,12.68361305444305,6.970510662240406,22.931620881815487,19.55731683317703,21.670947840037993,11.922357626244102,15.22661363652295,6.392036493889008,21.946914744440388,15.994974933124867,21.09392852824719,16.948265579962527,6.801191952506457,13.542800854806458,6.60678933392226,10.858646770647212,2.3801911690869306,33.68334685961907,31.633459174917707,34.31021565170907,15.270502469142617,14.800264000013035,16.07930759610699,17.847371025699395,78.11259126629959,82.82451001168441,85.17412267085662,82.79944718659249,83.66411111412977,80.58136291726561,16.85048794378246
13.479717418389345,13.479717418389345,29.383937700926833,29.383937700926833,29.383937700926833,12.495967226933537,13.53426543224406,13.53426543224406,13.53426543224406,12.610080224634078,12.595659358302596,3.129535082493609,1.8672346610118535,0.0,3.51324604565319,5.47922355920825,7.482803459377035,9.673930601336673,20.813406150023027,11.560319083474651,12.22884140682063,12.22884140682063,12.22884140682063,10.146151592705614,6.84219901907462,6.84219901907462,6.84219901907462,17.97041080196955,13.256718651005992,10.529323210183332,11.755983703037005,17.87006384980926,17.87006384980926,11.755983703037005,11.179652126305424,11.738424042457465,48.13631551403389,48.13631551403389,48.13631551403389,13.532384466727704,13.479717418389345,17.28672299368311,20.710524882804222,80.70099383087087,76.57489324651291,76.67702955400961,80.77680976812555,80.70099383087087,80.70099383087087,3.3966706940291185,9.39354986131727,7.738220094253543,26.296449763913333,26.465715468613894,21.312389989827032,14.553743667037946,12.936116661800611,12.936116661800611,12.936116661800611,13.506677934608552,18.020897055051424,1.1279213547919837,1.6734700988809639,7.719409375295587,6.546867755400682,25.743207491491734,16.053173815061502,15.369574913915883,8.3331609290893,13.550847712590368,7.83774532245442,23.798855533067282,20.424551487150946,22.538182492358654,11.0551229673813,14.35937897923106,5.5248018333543705,22.81414939653236,16.862209589491517,21.961163181036444,17.815500235737318,7.668426612762285,14.410035512532815,7.474023994224714,11.725881429593144,3.247425830038143,32.81611221898831,30.76622453177512,33.4429810118795,14.403267811874475,13.93302934249439,15.212072939289996,16.98013636995801,77.24535672091007,81.95727548098799,84.30688814781728,81.93221265581558,82.79687658614425,79.7141283794642,15.98325328741954
10.966471379792461,10.966471379792461,26.87069169698279,26.87069169698279,26.87069169698279,9.98272118713839,11.02101939371684,11.02101939371684,11.02101939371684,10.09683418497229,10.082413318623873,5.642781127586504,4.38048070649889,3.51324604565319,0.0,7.992469603086798,9.99604950172633,12.187176641493489,23.326652170640603,14.073565121308881,14.742087443735176,14.742087443735176,14.742087443735176,12.659397632318774,4.328952974524235,4.328952974524235,4.328952974524235,20.483656828905957,15.76996468640794,13.042569249336825,14.269229740607289,20.383309876952023,20.383309876952023,14.269229740607289,13.692898164640754,14.251670080051616,45.62306958802103,45.62306958802103,45.62306958802103,11.01913842819807,10.966471379792461,14.77347696076005,18.197278856391932,78.18774813599877,74.06164751560317,74.16378382396822,78.26356407393399,78.18774813599877,78.18774813599877,5.909916739015459,6.8803038184633385,5.224974050214758,23.783203750988495,23.952469456153253,18.79914396469714,12.040497629874883,10.422870622527993,10.422870622527993,10.422870622527993,10.99343189604605,15.507651023412135,3.641167400426024,4.186716144412518,5.206163331245126,4.033621710701636,28.25645349899098,18.56641984574398,17.88282094583364,10.846406970652211,16.064093747537513,10.350991364485429,26.312101546067776,22.937797508686643,25.051428508698265,8.541876926029598,11.846132941798805,3.011555788217243,25.32739541215634,19.375455618643848,24.474409198844587,20.328746262991814,10.181672654946903,16.923281546095424,9.987270036581702,14.239127467204316,5.76067187508501,30.30286622630388,28.252978532204157,30.92973502139678,11.89002177450263,11.419783304486684,12.698826903070628,14.466890336517011,74.7321109957226,79.44402979747838,81.79364248604776,79.41896697207748,80.28363091032998,77.2008826757941,13.4700072523683
17.95894095620941,17.95894095620941,33.86316116575681,33.86316116575681,33.86316116575681,16.97519076758384,18.013488969901456,18.013488969901456,18.013488969901456,17.08930376496613,17.07488289867501,3.349688477219752,4.611988898512635,5.47922355920825,7.992469603086798,0.0,3.0035799014795366,5.194707045799525,16.334182621443865,7.081095530744927,7.749617855257941,7.749617855257941,7.749617855257941,5.666928037803948,11.321422572192139,11.321422572192139,11.321422572192139,13.491187264136169,8.777495101413324,6.050099655830348,7.27676015063953,13.390840311678948,13.390840311678948,7.27676015063953,6.700428572951407,7.2592004900298575,52.61553882672995,52.61553882672995,52.61553882672995,18.011608004390716,17.95894095620941,21.765946518702837,25.18974839380257,85.18021670862291,81.05411619140646,81.15625249728336,85.25603264461111,85.18021670862291,85.18021670862291,3.082552865682966,13.872773409609739,12.217443645826563,30.775673246929408,30.94493895068313,25.791613498114835,19.0329672015442,17.41534020120884,17.41534020120884,17.41534020120884,17.98590147234829,22.500120577264738,5.351302204472463,4.805753460586047,12.198632926902704,11.026091308991688,21.263983982811677,11.573950271905487,10.890351369041,3.8539373719928744,9.071624163600593,3.3585217648735615,19.31963201595557,15.945327957210054,18.058958970186012,15.534346511823168,18.83860251435433,10.004025388447838,18.334925875440266,12.382986048491318,17.481939656653942,13.3362766974464,3.1892030550272077,9.93081196540395,2.9948004363197054,7.246657877144051,3.2317977296764306,37.29533566132736,35.24544798783512,37.92220444985191,18.882491346859084,18.4122528789443,19.691296471649505,21.459359896117334,81.72457965513163,86.43649833760225,88.78611096402626,86.41143551285471,87.27609942845066,84.19335127359331,20.46247681715261
19.962520843159226,19.962520843159226,35.86674101540374,35.86674101540374,35.86674101540374,18.97877065608751,20.017068856762542,20.017068856762542,20.017068856762542,19.09288365329405,19.07846278702521,5.35326837823764,6.615568799076656,7.482803459377035,9.99604950172633,3.0035799014795366,0.0,3.191127144734599,14.330602729177656,5.077515630383761,5.74603795522317,5.74603795522317,5.74603795522317,3.6633481368850904,13.325002467926913,13.325002467926913,13.325002467926913,11.487607368562442,6.773915201958967,4.046519755044789,5.273180250369725,11.387260416001764,11.387260416001764,5.273180250369725,4.696848672422389,5.255620589751714,54.61911860283914,54.61911860283914,54.61911860283914,20.015187891254868,19.962520843159226,23.76952639881296,27.193328266638947,87.18379628065006,83.05769579467376,83.15983209979623,87.25961221604958,87.18379628065006,87.18379628065006,5.086132766778454,15.876353302439647,14.221023540608275,32.77925310561456,32.94851880889523,27.79519336956265,21.036547086697436,19.41892008902812,19.41892008902812,19.41892008902812,19.98948135925428,24.5037004559047,7.35488210470382,6.809333361067655,14.202212821705167,13.029671205024677,19.260404098003836,9.570370374511954,8.88677147107865,1.850357470622824,7.068044264329839,1.3549418634317933,17.31605212794518,13.941748064448523,16.055379080280744,17.53792640244445,20.84218239984044,12.007605285451973,16.33134598593758,10.379406151825346,15.478359765929053,11.332696801713348,1.1856231535660053,7.927232066714171,1.0087794651606212,5.243077976859966,5.23537763072936,39.298915499909626,37.24902783315472,39.92578428629753,20.88607123227033,20.41583276514859,21.69487635564985,23.462939776826914,83.72815925342911,88.44007789980671,90.7896905074697,88.41501507525656,89.2796789840095,86.1969308532348,22.466056699752453
22.153647968080026,22.153647968080026,38.05786809623876,38.05786809623876,38.05786809623876,21.16989778291119,22.20819598157503,22.20819598157503,22.20819598157503,21.284010779901916,21.26958991366042,7.544395521566537,8.806695941647984,9.673930601336673,12.187176641493489,5.194707045799525,3.191127144734599,0.0,12.13947559176024,2.8863884860284426,3.5549108110864562,3.5549108110864562,3.5549108110864562,1.4722209922125142,15.516129603828535,15.516129603828535,15.516129603828535,9.29648022811622,4.582788058244294,1.8553926104387006,3.082053106073827,9.196133275463172,9.196133275463172,3.082053106073827,2.5057215279622778,3.0644934454503288,56.81024559937232,56.81024559937232,56.81024559937232,22.206315016071095,22.153647968080026,25.960653515466028,29.384455374628907,89.37492304725916,85.24882259630111,85.35095890057742,89.45073898199922,89.37492304725916,89.37492304725916,7.277259910247494,18.067480434636522,16.412150675282206,34.97038019697275,35.13964589970105,29.98632047590952,23.227674209431246,21.610047215012266,21.610047215012266,21.610047215012266,22.180608484121585,26.69482757079806,9.546009246758357,9.00046050350876,16.39333995640569,15.220798341313547,17.069276967722796,7.3792432324723265,6.695644328558418,2.3407696741680075,4.876917120755094,2.8361852813349513,15.124924994564163,11.750620926569892,13.864251945088368,19.729053531882133,23.033309522978488,14.198732423014391,14.14021885112836,8.18827901041397,13.287232629959725,9.141569661124942,3.005503991186955,5.736104923596983,3.1999066098942675,3.0519508325546814,7.426504774120973,41.490042567934026,39.44015490897128,42.11691135185555,23.07719835531743,22.606959889160276,23.886003476986605,25.65406689419901,85.91928604948272,90.63120465541375,92.98081724207331,90.60614183108464,91.47080573217505,88.3880576283752,24.657183819398046
33.2931233884671,33.2931233884671,49.19734323938656,49.19734323938656,49.19734323938656,32.3093732162575,33.347671401229256,33.347671401229256,33.347671401229256,32.42348621176997,32.409065345715646,18.683871084325563,19.946171496340213,20.813406150023027,23.326652170640603,16.334182621443865,14.330602729177656,12.13947559176024,0.0,10.253087110103102,9.584564786166224,9.584564786166224,9.584564786166224,11.667254600809372,26.655605102206742,26.655605102206742,26.655605102206742,3.8429953695481127,8.556687540295329,11.284082983524758,10.057422490409033,3.9433423223356687,3.9433423223356687,10.057422490409033,10.6337540674308,10.074982151001786,67.9497202513152,67.9497202513152,67.9497202513152,33.34579043575062,33.2931233884671,37.10012888110741,40.523930684794244,100.51439642154295,96.38829616239298,96.49043246202636,100.59021235267718,100.51439642154295,100.51439642154295,18.41673547461109,29.206955905660035,27.55162616442671,46.10985540392981,46.279121103284695,41.125795775711666,34.36714961511316,32.74952264262062,32.74952264262062,32.74952264262062,33.320083904146635,37.83430292504154,20.68548479635436,20.139936056891873,27.53281544574819,26.360273842646706,5.929801395780297,5.760232366890183,6.443831270964577,13.480245261736684,8.262558478055391,13.975660867126749,3.9854494133547864,1.3888546662365713,2.724776358880141,30.868528983329405,34.172784931364646,25.338207934235314,3.0007432659464883,4.9511965884563285,2.1477570417285223,3.997905936744923,14.14497957634324,7.403370675756543,14.339382194303159,10.087524763875383,18.565980337592535,52.62951763449235,50.57963002198967,53.256386403781626,34.21667376309461,33.74643530341166,35.02547887336762,36.793542264519644,97.05875958499917,101.77067796956874,104.1202904416027,101.74561514644707,102.61027900569454,99.5275310493268,35.79665920460599
24.040036433388696,24.040036433388696,39.94425652084004,39.94425652084004,39.94425652084004,23.056286250028375,24.094584446781,24.094584446781,24.094584446781,23.170399246813545,23.155978380598086,9.430784005251958,10.693084424462697,11.560319083474651,14.073565121308881,7.081095530744927,5.077515630383761,2.8863884860284426,10.253087110103102,0.0,1.6685223251304966,1.6685223251304966,1.6685223251304966,2.4141674938442717,17.402518079739767,17.402518079739767,17.402518079739767,7.410091744343631,2.696399572473755,2.030995875627171,1.1956646200626735,7.309744791628427,7.309744791628427,1.1956646200626735,1.3806669580904902,1.1781049594374915,58.69663394815036,58.69663394815036,58.69663394815036,24.092703481280616,24.040036433388696,27.847041972997836,31.270843824109814,91.26131119245379,87.13521077235788,87.23734707588805,91.337127126613,91.26131119245379,91.26131119245379,9.163648394099809,19.953868906916632,18.298539149981394,36.85676863116809,37.02603433339155,31.872708923871663,25.11406267267117,23.496435681330496,23.496435681330496,23.496435681330496,24.066996949379526,28.58121602668783,11.43239772900018,10.886848986177824,18.279728431131023,17.107186817609282,15.182888491356177,5.492854747659809,4.809255843450469,4.227158160012779,2.990528635054107,4.722573767073229,13.238536515865274,9.86423244458299,11.97786346504825,21.615442001499172,24.91969798660009,16.08512090058348,12.253830371370338,6.301890526002285,11.400844149350602,7.255181177256758,4.891892476884056,3.8497164381411952,5.08629509554109,1.1655623465406566,9.312893257880795,43.37643098091228,41.32654332901281,44.00329976260195,24.963586818853123,24.493348353607804,25.772391938909823,27.540455352402905,87.80567422062488,92.51759279091897,94.86720535908955,92.4925299667845,93.35719386112844,90.27444578108542,26.543572279731812
24.70855875029097,24.70855875029097,40.61277882270481,40.61277882270481,40.61277882270481,23.724808567609372,24.76310676364478,24.76310676364478,24.76310676364478,23.83892156431731,23.824500698111635,10.099306329228163,11.36160674808183,12.22884140682063,14.742087443735176,7.749617855257941,5.74603795522317,3.5549108110864562,9.584564786166224,1.6685223251304966,0.0,1.0,1.0,3.082689818930475,18.07104040065455,18.07104040065455,18.07104040065455,6.741569419766291,2.0278772473694753,2.699518200731318,1.472857705069214,6.641222467032915,6.641222467032915,1.472857705069214,2.049189283214981,1.4904173656943183,59.36515622242337,59.36515622242337,59.36515622242337,24.761225798145723,24.70855875029097,28.515564286997773,31.939366135125002,91.92983339332709,87.80373298432706,87.90586928758883,92.00564932727751,91.92983339332709,91.92983339332709,9.832170718145425,20.62239122644654,18.967061470432203,37.525290936551556,37.6945566385896,32.54123123432551,25.782584988799023,24.164957998611435,24.164957998611435,24.164957998611435,24.735519266262795,29.249738340077624,12.100920052387874,11.555371309737888,18.948250751591832,17.77570913867168,14.514366169104798,4.824332422787596,4.140733518499823,4.895680484954182,2.3220063099631747,5.391096091957857,12.570014192862063,9.195710120544186,11.309341141618159,22.283964320021465,25.588220302870674,16.75364322213641,11.585308048029619,5.633368201241035,10.73232182574103,6.586658852651492,5.560414801747587,3.181194113104146,5.754817420379331,1.5029599785910919,9.981415581887894,44.04495327852607,41.99506562920852,44.671822059400675,25.632109135091582,25.161870670187472,26.44091425454576,28.208977666652803,88.47419643082657,93.18611498831018,95.53572754983809,93.16105216424563,94.02571605616541,90.94296798466011,27.212094594774825
24.70855875029097,24.70855875029097,40.61277882270481,40.61277882270481,40.61277882270481,23.724808567609372,24.76310676364478,24.76310676364478,24.76310676364478,23.83892156431731,23.824500698111635,10.099306329228163,11.36160674808183,12.22884140682063,14.742087443735176,7.749617855257941,5.74603795522317,3.5549108110864562,9.584564786166224,1.6685223251304966,1.0,0.0,1.0,3.082689818930475,18.07104040065455,18.07104040065455,18.07104040065455,6.741569419766291,2.0278772473694753,2.699518200731318,1.472857705069214,6.641222467032915,6.641222467032915,1.472857705069214,2.049189283214981,1.4904173656943183,59.36515622242337,59.36515622242337,59.36515622242337,24.761225798145723,24.70855875029097,28.515564286997773,31.939366135125002,91.92983339332709,87.80373298432706,87.90586928758883,92.00564932727751,91.92983339332709,91.92983339332709,9.832170718145425,20.62239122644654,18.967061470432203,37.525290936551556,37.6945566385896,32.54123123432551,25.782584988799023,24.164957998611435,24.164957998611435,24.164957998611435,24.735519266262795,29.249738340077624,12.100920052387874,11.555371309737888,18.948250751591832,17.77570913867168,14.514366169104798,4.824332422787596,4.140733518499823,4.895680484954182,2.3220063099631747,5.391096091957857,12.570014192862063,9.195710120544186,11.309341141618159,22.283964320021465,25.588220302870674,16.75364322213641,11.585308048029619,5.633368201241035,10.73232182574103,6.586658852651492,5.560414801747587,3.181194113104146,5.754817420379331,1.5029599785910919,9.981415581887894,44.04495327852607,41.99506562920852,44.671822059400675,25.632109135091582,25.161870670187472,26.44091425454576,28.208977666652803,88.47419643082657,93.18611498831018,95.53572754983809,93.16105216424563,94.02571605616541,90.94296798466011,27.212094594774825
