0.0,1.0,1.0106541789916526,7.053902294948643,11.059559339762966,10.696725443033912,18.500817894174155,18.994585056586057,20.156307055698502,22.91832036503135,22.022929910529005,22.0680442420926,22.022929910529005,14.778062848389723,14.896496287111397,17.3409570043017,1.0106541789916526,1.2105765090913139,1.0106541789916526,10.696725443033912,4.461296552292369,4.336584110221776,4.654945219788685,4.607316455188584,4.652568428063298,9.298687924373757,11.336954835526104,11.930606118097169,11.381032860428139,15.995602209186172,15.995602209186172,3.226699369737257,3.226699369737257,3.226699369737257,3.226699369737257,18.336019441906224,18.456955214094243,17.986370138254024,5.504309920599426,3.1991244407698036,1.1240899308895178,4.713854450689137,1.1240899308895178,2.3198563439952746,2.4032085252571633,2.990432124521708,2.3198563439952746,2.4088488959838337,4.780283968364547,4.780283968364547,4.574852852748744,3.9982552609342212,4.662596248520765,15.097644830167365,12.083508530790086,7.446202897762215,38.40564713306125,36.68279053228729,43.56151425097238,20.2797470777111,19.465165509243615,18.074095881943645,18.600448769288167,5.522286224610971,14.1075640836791,6.073770912759519,7.778341213523764,1.4173923028438327,7.778341213523764,6.8821919746060845,3.767542501515936,7.151664246799364,14.088764989753894,12.8417507360231,7.696056911977443,3.622215098404847,9.764376950618535,9.200883725859091,15.379628105282485,15.81826721542962,15.410959532468942,6.600185350687826,11.086870093208017,7.533937651676395,6.373607459231181,16.714338427683643,11.939379213506326,12.923214441327591,18.782165210638695,19.089202604538833,8.580482147186586,8.217012813416886,18.74456873192711,12.860550058368563,11.381659513479558,12.33416773089899,8.969016908084498,10.529407825330292,7.0451287818911945,4.381706217305258
1.0,0.0,1.0106541789916526,7.053902294948643,11.059559339762966,10.696725443033912,18.500817894174155,18.994585056586057,20.156307055698502,22.91832036503135,22.022929910529005,22.0680442420926,22.022929910529005,14.778062848389723,14.896496287111397,17.3409570043017,1.0106541789916526,1.2105765090913139,1.0106541789916526,10.696725443033912,4.461296552292369,4.336584110221776,4.654945219788685,4.607316455188584,4.652568428063298,9.298687924373757,11.336954835526104,11.930606118097169,11.381032860428139,15.995602209186172,15.995602209186172,3.226699369737257,3.226699369737257,3.226699369737257,3.226699369737257,18.336019441906224,18.456955214094243,17.986370138254024,5.504309920599426,3.1991244407698036,1.1240899308895178,4.713854450689137,1.1240899308895178,2.3198563439952746,2.4032085252571633,2.990432124521708,2.3198563439952746,2.4088488959838337,4.780283968364547,4.780283968364547,4.574852852748744,3.9982552609342212,4.662596248520765,15.097644830167365,12.083508530790086,7.446202897762215,38.40564713306125,36.68279053228729,43.56151425097238,20.2797470777111,19.465165509243615,18.074095881943645,18.600448769288167,5.522286224610971,14.1075640836791,6.073770912759519,7.778341213523764,1.4173923028438327,7.778341213523764,6.8821919746060845,3.767542501515936,7.151664246799364,14.088764989753894,12.8417507360231,7.696056911977443,3.622215098404847,9.764376950618535,9.200883725859091,15.379628105282485,15.81826721542962,15.410959532468942,6.600185350687826,11.086870093208017,7.533937651676395,6.373607459231181,16.714338427683643,11.939379213506326,12.923214441327591,18.782165210638695,19.089202604538833,8.580482147186586,8.217012813416886,18.74456873192711,12.860550058368563,11.381659513479558,12.33416773089899,8.969016908084498,10.529407825330292,7.0451287818911945,4.381706217305258
1.0106541789916526,1.0106541789916526,0.0,7.043248115965896,11.048905160795929,10.686071264065129,18.490163715257086,18.983930877673252,20.145652876796227,22.907666186156735,22.012275731645012,22.057390063209073,22.012275731645012,14.767408669444274,14.885842108166747,17.33030282537506,1.0,1.1999223300996715,1.0,10.686071264065129,4.450642373303623,4.3259299312328245,4.644291040800273,4.596662276200091,4.663222607051695,9.309342103348639,11.34760901449175,11.919951939134585,11.370378681462704,15.984948030249262,15.984948030249262,3.216045190746805,3.216045190746805,3.216045190746805,3.216045190746805,18.325365262987752,18.446301035176795,17.975715959332625,5.514964099586134,3.1884702617793224,1.1347441098811661,4.703200271700833,1.1347441098811661,2.309202165004043,2.392554346265986,2.9797779455310143,2.309202165004043,2.398194716992661,4.7696297893763635,4.7696297893763635,4.585507031737279,4.00890943992368,4.673250427509144,15.086990651224083,12.07285435182832,7.4355487187806615,38.394992954410924,36.67213635360619,43.55086007242282,20.26909289880998,19.454511330335002,18.063441703022974,18.589794590371945,5.511632045624284,14.096909904729259,6.0631167337741205,7.767687034543281,1.4067381238522216,7.767687034543281,6.87153779562284,3.7568883225261396,7.141010067816909,14.078110810803937,12.831096557065571,7.7067110909581755,3.63286927739482,9.775031129591486,9.190229546883792,15.368973926341164,15.807613036491418,15.400305353527838,6.589531171703794,11.097524272174903,7.52328347269512,6.384261638215795,16.703684248752108,11.928725034543788,12.912560262370532,18.77151103172404,19.078548425626863,8.569827968208902,8.206358634437898,18.733914553012127,12.84989587941114,11.371005334514125,12.323513551938595,8.95836272910829,10.518753646360729,7.034474602908421,4.371052038316378
7.053902294948643,7.053902294948643,7.043248115965896,0.0,5.005657050392475,4.642823152975046,12.446915626973112,12.940682791399649,14.102404795519087,16.864418118261177,15.969027659179654,16.014141990968646,15.969027659179654,8.724160568177687,8.842594007254064,11.287054732634488,7.043248115965896,6.84332578602754,7.043248115965896,4.642823152975046,3.592605743897924,3.7173181859813433,3.3989570763731614,3.446585840981221,10.706470718109042,15.35259020285661,17.390857107055602,5.876703830528187,5.327130571698039,9.94169993280623,9.94169993280623,4.827202926390422,4.827202926390422,4.827202926390422,4.827202926390422,12.282117174047844,12.403052946717505,11.932467869025954,11.558212208971725,4.854777855351661,7.177992225732115,3.340047845461996,7.177992225732115,5.734045951817766,5.650693770594292,5.0634701715459105,5.734045951817766,5.645053399870151,3.2736183277733537,3.2736183277733537,10.628755142937198,10.052157552129376,10.716498538547972,9.043742550921372,6.02960624355904,1.3923006031635523,32.351745000787915,30.628888383974836,37.50761217164422,14.22584481808573,13.411263246040244,12.020193613056037,12.546546502488177,2.531616071296115,8.05366180153231,1.9801313828772864,1.7244389192547263,6.636509992430257,1.7244389192547263,1.1717103204823358,4.286359794691084,1.0977619519339508,8.034862707554659,6.787848450563631,13.749959195122265,9.676117390207041,15.818279227613786,3.1469814333475075,9.32572582691242,9.76436493846594,9.357057254197564,1.4537169446124425,17.140772365652357,1.4800353571618348,12.427509745688896,10.660436153758912,5.885476925956558,6.869312156067938,12.728262944577287,13.035300339746204,2.526579853839615,2.163110519630024,12.690666465712138,6.806647772955042,5.327757224750734,6.280265444235953,2.915114615248224,4.47550553496628,1.0087735130647904,3.672196078893718
11.059559339762966,11.059559339762966,11.048905160795929,5.005657050392475,0.0,1.3628338975385828,8.44125858439291,8.935025749697498,10.096747756059456,12.858761085129021,11.963370623842644,12.008484955739199,11.963370623842644,4.71850352041876,4.836936959620706,7.281397688167882,11.048905160795929,10.848982831148515,11.048905160795929,1.3628338975385828,7.598262792723092,7.722975234700086,7.404614125357938,7.452242889927378,14.712127756313754,19.358247229129564,21.396514126849674,1.8710467805251128,1.321473521433077,5.936042886461009,5.936042886461009,8.832859974036586,8.832859974036586,8.832859974036586,8.832859974036586,8.276460131184551,8.397395904061469,7.9268108255785625,15.563869245284376,8.860434902968304,11.183649270361935,7.345704894493966,11.183649270361935,9.739702998420167,9.656350817298911,9.069127218934634,9.739702998420167,9.650710446581641,7.2792753768577745,7.2792753768577745,14.634412181307948,14.057814591697506,14.722155576731181,5.038085503507183,2.0239491936386784,4.613356447358823,28.346088029144113,26.62323140330597,33.501955230281716,10.220187778878959,9.405606205216595,8.014536569753083,8.54088946008154,6.537273120911506,4.048004753111036,5.985788432821988,4.281218131355587,10.642167037844507,4.281218131355587,5.17736737080908,8.292016842888085,4.907895098493534,4.029205659116004,2.7821914011168074,17.755616225956565,13.681774430523324,19.82393625247335,2.858675617410708,5.320068779817972,5.758707891897881,5.351400207139543,5.459373994819514,21.14642938628218,4.525621693385736,16.43316677993375,6.654779108375968,1.8798198759581155,2.863655106678263,8.722605902491907,9.029643298217424,3.4790771968997016,3.842546531065448,8.685009423559794,2.800990723521299,1.3221001744860397,2.274608394460464,3.090542435511185,1.5301515155950849,5.014430563454038,7.677853127651296
10.696725443033912,10.696725443033912,10.686071264065129,4.642823152975046,1.3628338975385828,0.0,8.804092481448919,9.297859646688906,10.459581652882875,13.221594981462834,12.326204520349087,12.371318852237268,12.326204520349087,5.0813374178312625,5.199770857025417,7.644231585359682,10.686071264065129,10.486148934385316,10.686071264065129,1.0,7.235428895526045,7.360141337516451,7.041780228140578,7.089408992714954,14.349293860293878,18.99541333433099,21.033680232699613,2.2338806780547684,1.6843074189698328,6.298876783782283,6.298876783782283,8.470026076983673,8.470026076983673,8.470026076983673,8.470026076983673,8.639294028261219,8.760229801123021,8.289644722697565,15.201035349461641,8.497601005918902,10.820815373653346,6.982870997270546,10.820815373653346,9.376869101489227,9.29351692035619,8.70629332191219,9.376869101489227,9.28787654963813,6.916441479627597,6.916441479627597,14.271578285270678,13.694980695534337,14.359321680713554,5.4009194008981245,2.3867830911654666,4.250522549917763,28.708921920376707,26.986065295303955,33.86478911892736,10.583021675683206,9.768440102142662,8.377370466861656,8.903723357124841,6.17443922361079,4.410838650563257,5.622954535474762,3.9183842338965134,10.279333141048488,3.9183842338965134,4.814533473402799,7.929182945768921,4.545061201069976,4.392039556569228,3.145025298623636,17.392782330696356,13.318940534281014,19.46110235781689,2.495841719895213,5.682902677188482,6.1215417892339765,5.714234104507699,5.0965400974326025,20.78359549204885,4.162787795939738,16.070332884324614,7.0176130056318184,2.2426537734876177,3.2264890041823793,9.085439799511601,9.392477195195992,3.116243299404683,3.4797126335853945,9.04784332058442,3.163824621027511,1.68493407202279,2.637442291981711,2.7277085380025943,1.1673176180572389,4.651596666037166,7.315019230462778
18.500817894174155,18.500817894174155,18.490163715257086,12.446915626973112,8.44125858439291,8.804092481448919,0.0,1.4937671659727345,2.65548917423488,5.417502509672135,4.522112046036109,4.567226378044502,4.522112046036109,4.722755066334072,4.604321627129842,2.1598608974672815,18.490163715257086,18.290241386540057,18.490163715257086,8.804092481448919,15.039521361335778,15.164233802871843,14.845872694644804,14.893501459049606,22.153386291322725,26.79950573291168,28.8377726146208,7.570211804843223,8.119785063349926,3.5052157000401825,3.5052157000401825,16.274118538051205,16.274118538051205,16.274118538051205,16.274118538051205,1.1647984534128395,1.043862680386772,1.514447759421983,23.00512777511732,16.301693466874305,18.624907824188362,14.786963463983389,18.624907824188362,17.180961558727173,17.09760937795837,16.510385782010214,17.180961558727173,17.091969007264865,14.720533946574198,14.720533946574198,22.075670716776926,21.499073130515395,22.163414111680645,4.403173083228527,7.41730939187421,12.054615024945887,20.904829537708284,19.181972898464505,26.060696785043557,2.778929197283362,1.9643476222060379,1.426722015150232,1.0996308758167468,13.978531693061438,5.393253833564555,13.427047006659244,11.722476709753778,18.083425594184224,11.722476709753778,12.618625946932722,15.7332754089808,12.349153675329877,5.412052927555214,6.6590671849952034,25.196874741337865,21.123032971464433,27.265194752721598,10.299934198858057,4.1211898068737085,3.682550694671414,4.089858379545571,12.900632570170847,28.587687876093614,11.96688027119071,23.874425304229977,2.7864794777393707,7.561438709418729,6.577603479486462,1.2813473184695052,1.5883847146301928,10.920335777101966,11.283805110477385,1.243750839486319,6.640267862603078,8.119158410297688,7.166650191272161,10.531801016508538,8.97141009926778,12.45568914001157,15.119111695983193
18.994585056586057,18.994585056586057,18.983930877673252,12.940682791399649,8.935025749697498,9.297859646688906,1.4937671659727345,0.0,2.161722008283923,4.923735343895709,4.028344880184167,4.073459212195931,4.028344880184167,5.216522232129136,5.098088792935388,2.653628063418303,18.983930877673252,18.784008549035914,18.983930877673252,9.297859646688906,15.533288525000811,15.658000966496415,15.339639858371958,15.38726862276156,22.64715345211922,27.293272891218933,29.33153977168263,8.063978970290744,8.613552228709263,3.9989828659278697,3.9989828659278697,16.76788570130027,16.76788570130027,16.76788570130027,16.76788570130027,1.658565619384345,1.5376298463592395,2.0082149253888453,23.49889493549388,16.795460630113695,19.118674986550314,15.280730627729275,19.118674986550314,17.674728721648798,17.59137654091087,17.00415294517576,17.674728721648798,17.585736170219448,15.21430111034111,15.21430111034111,22.569437877610927,21.99284029162338,22.65718127247229,4.896940249051148,7.911076557345053,12.548382189474431,20.411062376116504,18.688205736137885,25.566929626054296,2.2851620313365157,1.470580456238442,1.9204891811185192,1.3941362901564323,14.47229885705645,5.887020999294291,13.920814170815737,12.216243874365967,18.577192756761566,12.216243874365967,13.112393111313517,16.227042572416327,12.842920839782158,5.90582009328297,7.152834350573886,25.69064190055869,21.61680013274707,27.75896191075255,10.793701363800302,4.614956972718728,4.176317860547698,4.583625545392968,13.39439973447507,29.081455033313276,12.460647435741588,24.368192464161094,3.2802466436659903,8.055205874867605,7.071370645075955,1.2124198475039059,1.0946175486580887,11.414102941905888,11.777572275196228,1.2500163264871051,7.134035028184269,8.61292557565713,7.660417356780091,11.025568181400105,9.465177264476974,12.949456304435785,15.612878859622448
20.156307055698502,20.156307055698502,20.145652876796227,14.102404795519087,10.096747756059456,10.459581652882875,2.65548917423488,2.161722008283923,0.0,3.762013335900602,2.8666228720508795,2.911737204068583,2.8666228720508795,6.378244239809075,6.259810800645213,3.8153500715782083,20.145652876796227,19.94573054835519,20.145652876796227,10.459581652882875,16.695010527214258,16.819722968609177,16.5013618607401,16.548990625091847,23.8088754472699,28.454994880308092,30.493261757751675,9.225700977027415,9.775274235214214,5.160704873879432,5.160704873879432,17.929607702480606,17.929607702480606,17.929607702480606,17.929607702480606,2.820287627636332,2.699351854618823,3.1699369336144865,24.660616929618985,17.957182631270026,20.280396985539788,16.442452630144082,20.280396985539788,18.836450722018736,18.75309854135711,18.165874946149163,18.836450722018736,18.747458170670843,16.376023112808326,16.376023112808326,23.731159872853272,23.154562287535796,23.818903267611123,6.058662256810021,9.072798564143335,13.710104193851166,19.249340377283872,17.526483735652313,24.4052076331174,1.1234400230568196,1.6911415520541466,3.082211189351382,2.5558582984240186,15.63402086009306,7.048743006790952,15.082536174256596,13.377965878954148,19.738914756281684,13.377965878954148,14.27411511531776,17.388764574059195,14.004642843966478,7.067542100774151,8.314556357659328,26.852363891867935,22.778522129086976,28.92068389917108,11.955423369227777,5.776678980542734,5.338039868464609,5.745347553223951,14.556121738286727,30.24317701976471,13.622369440174745,25.529914457199826,4.441968651740849,9.216927881607845,8.233092652190429,2.374141855780053,2.067104459628524,12.575824946980553,12.939294280054694,2.4117383347616252,8.295757035276441,9.774647582162356,8.822139363676687,12.187290186698114,10.626899270591116,14.111178308549372,16.77460086177173
22.91832036503135,22.91832036503135,22.907666186156735,16.864418118261177,12.858761085129021,13.221594981462834,5.417502509672135,4.923735343895709,3.762013335900602,0.0,1.8953904639556438,1.8502761319350354,1.8953904639556438,9.140257572936612,9.021824133873249,6.577363406484032,22.907666186156735,22.70774385823211,22.907666186156735,13.221594981462834,19.45702384478027,19.581736285904807,19.26337517872207,19.311003942971944,26.570888746275504,31.217008163747238,33.25527503350374,11.987714307204415,12.537287564703668,7.922718207955448,7.922718207955448,20.691621017283456,20.691621017283456,20.691621017283456,20.691621017283456,5.582300963008465,5.461365190039082,5.9319502688370545,27.422630225974526,20.71919594600896,23.042410294549384,19.204465948251645,23.042410294549384,21.5984640346694,21.515111854209923,20.92788826040128,21.5984640346694,21.509471483537304,19.13803643105699,19.13803643105699,26.49317317209613,25.916575588515087,26.580916566586055,8.820675590204678,11.834811894504831,16.472117517302518,16.487327059316897,14.764470414183792,21.64319432788586,3.638573312864421,4.453154887803526,5.8442245246129305,5.317871633898978,18.396034179879933,9.810756339316054,17.84454949514168,16.139979202990794,22.50092806668752,16.139979202990794,17.03612843774329,20.150777890096197,16.766656166887135,9.829555433281543,11.076569688892052,29.614377180983837,25.540535431176153,31.68269718090004,14.717436695613497,8.538692314162347,8.100053202414152,8.50736088686794,17.31813506018427,33.005190296488095,16.38438276378206,28.291927750756383,7.203981986288689,11.978941211795506,10.99510598351243,5.13615519132054,4.829117795270229,15.337838272373238,15.701307604843,5.173751670288899,11.057770366529843,12.53666091165261,11.58415269433424,14.949303512718398,13.388912598939687,16.873191631275375,19.53661417916542
22.022929910529005,22.022929910529005,22.012275731645012,15.969027659179654,11.963370623842644,12.326204520349087,4.522112046036109,4.028344880184167,2.8666228720508795,1.8953904639556438,0.0,1.0451143320213967,1.0,8.244867110192116,8.126433671091629,5.681972943064765,22.012275731645012,21.812353403545313,22.012275731645012,12.326204520349087,18.561633387476157,18.68634582869313,18.367984721275686,18.415613485560407,25.67549829526113,30.321617717957373,32.35988459028404,11.092323845525621,11.641897103268837,7.02732774485678,7.02732774485678,19.796230560922453,19.796230560922453,19.796230560922453,19.796230560922453,4.686910499399868,4.565974726410246,5.036559805290353,26.527239775851903,19.823805489669734,22.14701984015659,18.309075490762286,22.14701984015659,20.70307357904086,20.619721398512667,20.032497804227873,20.70307357904086,20.6140810278354,18.24264597351934,18.24264597351934,25.59778272100185,25.021185136835783,25.685526115582007,7.925285127361331,10.939421432760366,15.57672705797602,17.382717518052743,15.6598608739887,22.53858478269085,2.743182849003275,3.5577644240293322,4.9488340610502295,4.422481170246908,17.50064372181517,8.91536587679257,16.949159036699754,15.244588743461819,21.605537611821322,15.244588743461819,16.14073797877098,19.255387433314368,15.871265707743978,8.934164970764519,10.181179226836072,28.71898673329222,24.64514497912262,30.787306735682442,13.822046235268447,7.64330185123526,7.204662739363287,7.611970423931749,16.422744601393934,32.10979985294392,15.488992304401641,27.39653730157448,6.3085915230095,11.083550750112924,10.099715521424383,4.240764727640258,3.9337273315453594,14.442447812373903,14.805917145053531,4.278361206614342,10.162379904466437,11.641270450217498,10.688762232484185,14.053913052500707,12.493522137907371,15.977801172199408,18.64122372192022
22.0680442420926,22.0680442420926,22.057390063209073,16.014141990968646,12.008484955739199,12.371318852237268,4.567226378044502,4.073459212195931,2.911737204068583,1.8502761319350354,1.0451143320213967,0.0,1.0451143320213967,8.289981442158867,8.171548003060149,5.727087275063258,22.057390063209073,21.857467735118018,22.057390063209073,12.371318852237268,18.606747719177875,18.7314601603903,18.4130990529844,18.460727817267408,25.7206126266522,30.366732049089297,32.40499892128826,11.137438177441183,11.687011435172591,7.072442076840304,7.072442076840304,19.841344892577737,19.841344892577737,19.841344892577737,19.841344892577737,4.732024831407024,4.611089058418315,5.081674137294699,26.572354107198795,19.86891982132395,22.19213417171478,18.354189822473113,22.19213417171478,20.748187910660043,20.664835730135234,20.077612135873913,20.748187910660043,20.6591953594582,18.287760305232545,18.287760305232545,25.64289705239688,25.066299468259785,25.730640446972565,7.970399459332781,10.984535764679102,15.62184138977701,17.337603186308762,15.614746542189346,22.49347045114947,2.788297181021444,3.6028787560438382,4.9939483930553035,4.467595502256021,17.54575805355428,8.960480208748773,16.994273368457378,15.289703075272717,21.650651943402885,15.289703075272717,16.185852310554615,19.300501764990376,15.916380039535989,8.979279302720414,10.226293558769834,28.76410106451855,24.690259310565146,30.83242106678594,13.867160567119212,7.6884161832106805,7.249777071344557,7.657084755907601,16.46785893316865,32.15491418396427,15.53410663620527,27.44165163287473,6.353705855001488,11.128665082028666,10.144829853359694,4.285879059650633,3.9788416635577106,14.487562144207795,14.851031476877164,4.3234755386244625,10.207494236400558,11.686384782121268,10.733876564408021,14.09902738434526,12.538636469791594,16.022915503988127,18.68633805361904
22.022929910529005,22.022929910529005,22.012275731645012,15.969027659179654,11.963370623842644,12.326204520349087,4.522112046036109,4.028344880184167,2.8666228720508795,1.8953904639556438,1.0,1.0451143320213967,0.0,8.244867110192116,8.126433671091629,5.681972943064765,22.012275731645012,21.812353403545313,22.012275731645012,12.326204520349087,18.561633387476157,18.68634582869313,18.367984721275686,18.415613485560407,25.67549829526113,30.321617717957373,32.35988459028404,11.092323845525621,11.641897103268837,7.02732774485678,7.02732774485678,19.796230560922453,19.796230560922453,19.796230560922453,19.796230560922453,4.686910499399868,4.565974726410246,5.036559805290353,26.527239775851903,19.823805489669734,22.14701984015659,18.309075490762286,22.14701984015659,20.70307357904086,20.619721398512667,20.032497804227873,20.70307357904086,20.6140810278354,18.24264597351934,18.24264597351934,25.59778272100185,25.021185136835783,25.685526115582007,7.925285127361331,10.939421432760366,15.57672705797602,17.382717518052743,15.6598608739887,22.53858478269085,2.743182849003275,3.5577644240293322,4.9488340610502295,4.422481170246908,17.50064372181517,8.91536587679257,16.949159036699754,15.244588743461819,21.605537611821322,15.244588743461819,16.14073797877098,19.255387433314368,15.871265707743978,8.934164970764519,10.181179226836072,28.71898673329222,24.64514497912262,30.787306735682442,13.822046235268447,7.64330185123526,7.204662739363287,7.611970423931749,16.422744601393934,32.10979985294392,15.488992304401641,27.39653730157448,6.3085915230095,11.083550750112924,10.099715521424383,4.240764727640258,3.9337273315453594,14.442447812373903,14.805917145053531,4.278361206614342,10.162379904466437,11.641270450217498,10.688762232484185,14.053913052500707,12.493522137907371,15.977801172199408,18.64122372192022
14.778062848389723,14.778062848389723,14.767408669444274,8.724160568177687,4.71850352041876,5.0813374178312625,4.722755066334072,5.216522232129136,6.378244239809075,9.140257572936612,8.244867110192116,8.289981442158867,8.244867110192116,0.0,1.1184334392406479,3.562894169120434,14.767408669444274,14.567486340198384,14.767408669444274,5.0813374178312625,11.316766307348821,11.441478749145029,11.12311764025915,11.170746404761424,18.43063125640332,23.076750715088092,25.1150176054537,3.847456740104837,4.397029999078666,2.2175393665541288,2.2175393665541288,12.551363486756134,12.551363486756134,12.551363486756134,12.551363486756134,4.557956612971269,4.6788923859610705,4.20830730705293,19.282372743057532,12.578938415642323,14.902152778735827,11.064208409477715,14.902152778735827,13.458206509574568,13.374854328603,12.787630731259862,13.458206509574568,13.36921395789582,10.997778891933896,10.997778891933896,18.352915681602738,17.77631809348293,18.440659076794187,1.319581983198332,3.6945543270150147,8.331859965522543,24.627584563849883,22.904727930766363,29.783451789708256,6.501684262782148,5.687102688154372,4.2960330513038585,4.822385942118321,10.255776636968365,1.6704987674817673,9.70429194954713,7.999721649819305,14.360670547302602,7.999721649819305,8.89587088842038,12.010520356474567,8.62639861637552,1.689297861480577,2.936312119595808,21.474119717203113,17.400277933250493,23.542439736813645,6.57717913694699,1.6015652596205512,2.040204371900728,1.6328966869553396,9.177877512134316,24.864932865826464,8.244125211630525,20.151670275215807,2.9362755888898446,3.8386836446733037,2.8548484140348576,5.004102384707442,5.311139780747796,7.197580716010552,7.561050049896631,4.966505905737885,2.9175127971915336,4.396403346025866,3.4438951262235404,6.809045954896131,5.248655035822075,8.732934081230484,11.396356642161953
14.896496287111397,14.896496287111397,14.885842108166747,8.842594007254064,4.836936959620706,5.199770857025417,4.604321627129842,5.098088792935388,6.259810800645213,9.021824133873249,8.126433671091629,8.171548003060149,8.126433671091629,1.1184334392406479,0.0,3.4444607298967878,14.885842108166747,14.685919778935727,14.885842108166747,5.199770857025417,11.435199746297588,11.55991218808674,11.241551079218704,11.289179843718346,18.54906469481507,23.19518415300142,25.233451043111575,3.9658901793225754,4.515463438286919,2.0991059273171118,2.0991059273171118,12.669796925631342,12.669796925631342,12.669796925631342,12.669796925631342,4.439523173763833,4.560458946755972,4.089873867839186,19.400806181386635,12.697371854515788,15.020586217448159,11.182641848440513,15.020586217448159,13.576639948390483,13.493287767424555,12.906064170120048,13.576639948390483,13.487647396717751,11.116212330900325,11.116212330900325,18.471349120021838,17.894751531955507,18.559092515204995,1.2011485439578586,3.8129877662351017,8.450293404615062,24.509151126119026,22.786294492822673,29.665018352711087,6.383250823621893,5.5686692489718475,4.177599612091635,4.703952502916099,10.374210075973753,1.7889322067209799,9.822725388579542,8.118155088924834,14.4791039860551,8.118155088924834,9.014304327489434,12.12895379538301,8.744832055455996,1.8077313007197144,3.0547455588256627,21.592553155301538,17.518711371756975,23.660873174670577,6.695612576101484,1.483131820380692,1.9217709326626817,1.5144632477155753,9.296310951190987,24.98336630351689,8.362558650726534,20.270103713456532,2.8178421496587482,3.9571170838911813,2.9732818532655756,4.885668945509023,5.192706341556208,7.316014155145038,7.679483489018428,4.848072466538664,3.0359462364215903,4.514836785234133,3.562328565447201,6.9274793940433925,5.3670884750123955,8.851367520306491,11.514790081106227
17.3409570043017,17.3409570043017,17.33030282537506,11.287054732634488,7.281397688167882,7.644231585359682,2.1598608974672815,2.653628063418303,3.8153500715782083,6.577363406484032,5.681972943064765,5.727087275063258,5.681972943064765,3.562894169120434,3.4444607298967878,0.0,17.33030282537506,17.130380496479642,17.33030282537506,7.644231585359682,13.87966046867192,14.00437291029753,13.68601180184353,13.733640566281949,20.993525405084235,25.639644852316113,27.677911736861123,6.4103509083207415,6.959924167010427,2.345354802662509,2.345354802662509,15.114257646310143,15.114257646310143,15.114257646310143,15.114257646310143,1.9950624440588025,2.115998217081811,1.6454131380541277,21.84526688982781,15.141832575154782,17.465046934427768,13.62710257114071,17.465046934427768,16.02110066771541,15.937748486877753,15.350524890454965,16.02110066771541,15.932108116179597,13.560673053685052,13.560673053685052,20.915809830453767,20.339212243573982,21.003553225453107,3.2433121859642053,6.257448495303672,10.894754130384896,22.06469042400938,20.34183378656751,27.220557665004602,3.938790094611606,3.1242085196188425,1.7331388823253684,2.2594917732806916,12.81867079966911,4.23339293647489,12.267186112911846,10.562615815010911,16.923564703941494,10.562615815010911,11.458765052693991,14.573414516825542,11.189292780935071,4.25219203046937,5.4992062882047,24.037013858666807,19.9631720841293,26.105333872754592,9.14007330340244,2.9613289095691746,2.5226897973127302,2.929997482236831,11.740771676099568,27.427826997974172,10.807019376581106,22.714564419948584,1.626618580301853,6.401577812893459,5.417742582674142,2.441208215926004,2.7482456120701197,9.76047488194399,10.123944215503276,2.4036117369445025,5.480406965807509,6.9592975139579725,6.006789294625528,9.371940121161769,7.811549203243516,11.295828245678006,13.95925080337639
1.0106541789916526,1.0106541789916526,1.0,7.043248115965896,11.048905160795929,10.686071264065129,18.490163715257086,18.983930877673252,20.145652876796227,22.907666186156735,22.012275731645012,22.057390063209073,22.012275731645012,14.767408669444274,14.885842108166747,17.33030282537506,0.0,1.1999223300996715,1.0,10.686071264065129,4.450642373303623,4.3259299312328245,4.644291040800273,4.596662276200091,4.663222607051695,9.309342103348639,11.34760901449175,11.919951939134585,11.370378681462704,15.984948030249262,15.984948030249262,3.216045190746805,3.216045190746805,3.216045190746805,3.216045190746805,18.325365262987752,18.446301035176795,17.975715959332625,5.514964099586134,3.1884702617793224,1.1347441098811661,4.703200271700833,1.1347441098811661,2.309202165004043,2.392554346265986,2.9797779455310143,2.309202165004043,2.398194716992661,4.7696297893763635,4.7696297893763635,4.585507031737279,4.00890943992368,4.673250427509144,15.086990651224083,12.07285435182832,7.4355487187806615,38.394992954410924,36.67213635360619,43.55086007242282,20.26909289880998,19.454511330335002,18.063441703022974,18.589794590371945,5.511632045624284,14.096909904729259,6.0631167337741205,7.767687034543281,1.4067381238522216,7.767687034543281,6.87153779562284,3.7568883225261396,7.141010067816909,14.078110810803937,12.831096557065571,7.7067110909581755,3.63286927739482,9.775031129591486,9.190229546883792,15.368973926341164,15.807613036491418,15.400305353527838,6.589531171703794,11.097524272174903,7.52328347269512,6.384261638215795,16.703684248752108,11.928725034543788,12.912560262370532,18.77151103172404,19.078548425626863,8.569827968208902,8.206358634437898,18.733914553012127,12.84989587941114,11.371005334514125,12.323513551938595,8.95836272910829,10.518753646360729,7.034474602908421,4.371052038316378
1.2105765090913139,1.2105765090913139,1.1999223300996715,6.84332578602754,10.848982831148515,10.486148934385316,18.290241386540057,18.784008549035914,19.94573054835519,22.70774385823211,21.812353403545313,21.857467735118018,21.812353403545313,14.567486340198384,14.685919778935727,17.130380496479642,1.1999223300996715,0.0,1.1999223300996715,10.486148934385316,4.250720043255184,4.126007601180638,4.444368710757933,4.396739946156218,4.863144937086767,9.509264433125656,11.547531344093448,11.72002960956987,11.170456351845,15.785025701162363,15.785025701162363,3.016122860667538,3.016122860667538,3.016122860667538,3.016122860667538,18.12544293424462,18.2463787064528,17.77579363053495,5.714886429588635,2.988547931699525,1.3346664399806318,4.503277941660414,1.3346664399806318,2.1092798349110033,2.1926320161738984,2.7798556154474348,2.1092798349110033,2.1982723869006406,4.5697074593381535,4.5697074593381535,4.785429361774991,4.208831769979275,4.87317275754387,14.88706832201861,11.872932022278842,7.235626388864316,38.195070630680064,36.472214029299764,43.35093775057778,20.069170570390533,19.25458900177568,17.86351937423888,18.389872261670817,5.311709715613468,13.896987575401614,5.863194403786923,7.5677647046466685,1.206815793752934,7.5677647046466685,6.671615465675291,3.556965992458663,6.9410877378839055,13.878188481474053,12.631174227594798,7.906633420846446,3.832791607460442,9.974953459331786,8.99030721708312,15.169051597172132,15.607690707380517,15.2003830243629,6.389608841741736,11.297446601800152,7.323361142783889,6.584183968178234,16.503761919765438,11.728802704979945,12.712637932908528,18.571588703052143,18.87862609700505,8.369905638364116,8.006436304568897,18.53399222433416,12.649973549942386,11.17108300489648,12.123591222414548,8.758440399290716,10.318831316666378,6.834552272969588,4.171129708265533
1.0106541789916526,1.0106541789916526,1.0,7.043248115965896,11.048905160795929,10.686071264065129,18.490163715257086,18.983930877673252,20.145652876796227,22.907666186156735,22.012275731645012,22.057390063209073,22.012275731645012,14.767408669444274,14.885842108166747,17.33030282537506,1.0,1.1999223300996715,0.0,10.686071264065129,4.450642373303623,4.3259299312328245,4.644291040800273,4.596662276200091,4.663222607051695,9.309342103348639,11.34760901449175,11.919951939134585,11.370378681462704,15.984948030249262,15.984948030249262,3.216045190746805,3.216045190746805,3.216045190746805,3.216045190746805,18.325365262987752,18.446301035176795,17.975715959332625,5.514964099586134,3.1884702617793224,1.1347441098811661,4.703200271700833,1.1347441098811661,2.309202165004043,2.392554346265986,2.9797779455310143,2.309202165004043,2.398194716992661,4.7696297893763635,4.7696297893763635,4.585507031737279,4.00890943992368,4.673250427509144,15.086990651224083,12.07285435182832,7.4355487187806615,38.394992954410924,36.67213635360619,43.55086007242282,20.26909289880998,19.454511330335002,18.063441703022974,18.589794590371945,5.511632045624284,14.096909904729259,6.0631167337741205,7.767687034543281,1.4067381238522216,7.767687034543281,6.87153779562284,3.7568883225261396,7.141010067816909,14.078110810803937,12.831096557065571,7.7067110909581755,3.63286927739482,9.775031129591486,9.190229546883792,15.368973926341164,15.807613036491418,15.400305353527838,6.589531171703794,11.097524272174903,7.52328347269512,6.384261638215795,16.703684248752108,11.928725034543788,12.912560262370532,18.77151103172404,19.078548425626863,8.569827968208902,8.206358634437898,18.733914553012127,12.84989587941114,11.371005334514125,12.323513551938595,8.95836272910829,10.518753646360729,7.034474602908421,4.371052038316378
10.696725443033912,10.696725443033912,10.686071264065129,4.642823152975046,1.3628338975385828,1.0,8.804092481448919,9.297859646688906,10.459581652882875,13.221594981462834,12.326204520349087,12.371318852237268,12.326204520349087,5.0813374178312625,5.199770857025417,7.644231585359682,10.686071264065129,10.486148934385316,10.686071264065129,0.0,7.235428895526045,7.360141337516451,7.041780228140578,7.089408992714954,14.349293860293878,18.99541333433099,21.033680232699613,2.2338806780547684,1.6843074189698328,6.298876783782283,6.298876783782283,8.470026076983673,8.470026076983673,8.470026076983673,8.470026076983673,8.639294028261219,8.760229801123021,8.289644722697565,15.201035349461641,8.497601005918902,10.820815373653346,6.982870997270546,10.820815373653346,9.376869101489227,9.29351692035619,8.70629332191219,9.376869101489227,9.28787654963813,6.916441479627597,6.916441479627597,14.271578285270678,13.694980695534337,14.359321680713554,5.4009194008981245,2.3867830911654666,4.250522549917763,28.708921920376707,26.986065295303955,33.86478911892736,10.583021675683206,9.768440102142662,8.377370466861656,8.903723357124841,6.17443922361079,4.410838650563257,5.622954535474762,3.9183842338965134,10.279333141048488,3.9183842338965134,4.814533473402799,7.929182945768921,4.545061201069976,4.392039556569228,3.145025298623636,17.392782330696356,13.318940534281014,19.46110235781689,2.495841719895213,5.682902677188482,6.1215417892339765,5.714234104507699,5.0965400974326025,20.78359549204885,4.162787795939738,16.070332884324614,7.0176130056318184,2.2426537734876177,3.2264890041823793,9.085439799511601,9.392477195195992,3.116243299404683,3.4797126335853945,9.04784332058442,3.163824621027511,1.68493407202279,2.637442291981711,2.7277085380025943,1.1673176180572389,4.651596666037166,7.315019230462778
4.461296552292369,4.461296552292369,4.450642373303623,3.592605743897924,7.598262792723092,7.235428895526045,15.039521361335778,15.533288525000811,16.695010527214258,19.45702384478027,18.561633387476157,18.606747719177875,18.561633387476157,11.316766307348821,11.435199746297588,13.87966046867192,4.450642373303623,4.250720043255184,4.450642373303623,7.235428895526045,0.0,1.1247124421035049,1.1936486675522973,1.146019902937878,8.113864978301592,12.759984468953924,14.798251376548764,8.469309572265953,7.91973631382034,12.534305670585974,12.534305670585974,2.2345971827725277,2.2345971827725277,2.2345971827725277,2.2345971827725277,14.874722908658216,14.995658681146415,14.525073604151187,8.965606470055626,2.2621721117420837,4.585386483146706,1.252557898470957,4.585386483146706,3.141440208520609,3.058088027263588,2.470864428002195,3.141440208520609,3.052447656537207,1.3189874161675574,1.3189874161675574,8.03614940305269,7.459551811695485,8.123892798750514,11.636348289744344,8.62221198518344,3.984906346992057,34.944350681449755,33.22149407115214,40.10021783068956,16.818450549568944,16.003868978888683,14.612799348053459,15.139152236699527,2.0609896726981325,10.646267541394497,2.6124743611143217,4.317044663010189,4.043904249549003,4.317044663010189,3.4208954234402307,1.693754050928285,3.690367695816283,10.627468447435447,9.380454191584864,11.157353458894374,7.08351164943606,13.225673494443686,5.739587176642095,11.918331565418107,12.3569706764593,11.949662992667411,3.1388887993430097,14.548166634702438,4.072641100972317,9.834904007771016,13.253041890634618,8.478082667687895,9.461917897020307,15.320868678509601,15.627906073198137,5.119185597364717,4.755716263268964,15.283272199702505,9.399253513960454,7.920362966872617,8.872871185668515,5.507720358634307,7.068111277613641,3.583832230834478,1.0795903350083997
