0.0,4.512054976912017,1.4009958832277838,1.3734007820590697,14.752942315209085,14.671839248859124,20.00562431039823,23.533661816786612,19.294142570264835,18.51660412286079,16.742445677994617,11.596958781243131,11.596958781243131,4.690829586008769,4.990619735239895,5.034940064268501,4.5106203705060635,1.4009958832277838,1.1170795332106924,1.3734007820590697,2.5688464179820434,1.1798003216686601,34.86228102155609,34.86228102155609,6.154616180441921,6.154616180441921,16.302661304274245,16.12917144393908,14.866235612928719,14.671839248859124,2.0215104285133187,1.23541288364082,6.970057084985924,1.763947565109099,20.312453752733514,21.96780411766916,21.86748099326636,17.71230236647103,16.537603498214384,14.397175057471378,16.035946590290177,6.390877388529821,7.168553645733485,7.168553645733485,10.458946229721166,15.300176471763343,15.630437901399782,2.611077660751267,3.2299087239491135,2.2807533833189972,2.356017283006673,3.9156339058410485,36.65937331720471,35.33036542223788,5.105011678532224,9.888996992402538,15.262551650777432,16.70900209869208,15.730770171900371,18.167963046397404
4.512054976912017,0.0,4.913050859861828,4.138654195060546,18.26499724999362,18.183894184089205,23.51767921133582,27.045716689466126,22.806197476362932,22.028659034392057,20.254500601116128,15.109013731638049,15.109013731638049,8.202884558209508,8.502674706845763,8.546995035783716,8.022675343049041,4.913050859861828,4.3949754437717345,4.138654195060546,6.080901393481767,4.6918552984630875,38.37433577341684,38.37433577341684,2.6425612050288665,2.6425612050288665,19.814716230095293,19.641226370806105,18.378290547086955,18.183894184089205,5.533565404604873,4.747467860396556,3.4580021106716328,3.7481074121747837,23.8245086513899,25.47985900343888,25.37953587984492,21.22435728339567,20.04965842260186,17.909229994192945,19.54800151771483,9.90293235693468,10.680608612059885,10.680608612059885,13.971001184875714,18.81223140348041,19.142492831213982,6.1231326362009115,6.741963698592395,5.792808359143473,5.868072258749149,7.427688879432149,40.171428045675796,38.84242016811792,1.5929567020511917,6.3769420239487005,18.774606582708813,20.2210570220213,19.24282510112879,21.68001796029485
1.4009958832277838,4.913050859861828,0.0,1.7743966652810026,14.351946435702768,14.27084336930836,19.60462843434071,23.132665943676287,18.893146693674428,18.115608245711584,16.341449799662485,11.195962900204258,11.195962900204258,4.289833703026783,4.589623852302104,4.63394418133755,4.109624487499264,1.0,1.5180754164372487,1.7743966652810026,2.1678505347913406,1.2211955615599284,34.461285161343866,34.461285161343866,6.55561206309058,6.55561206309058,15.901665425668703,15.728175565227836,14.465239733484948,14.27084336930836,1.6205145452983625,1.1655829995877525,7.371052967444587,2.1649434483188763,19.911457876912184,21.566808243188166,21.46648511870096,17.31130648876968,16.136607619753928,13.996179177772056,15.634950711522642,5.989881505846683,6.7675577632261055,6.7675577632261055,10.057950348228927,14.899180592563956,15.229442022391513,2.2100817775629387,2.828912840803874,1.8797575001140165,1.9550213998050983,3.51463802276167,36.2583774595208,34.929369562671454,5.506007561385895,10.289992873961044,14.861555771556548,16.308006220338882,15.329774292951042,17.76696716900562
1.3734007820590697,4.138654195060546,1.7743966652810026,0.0,15.126343093602115,15.045240027294732,20.379025085503145,23.907062589095695,19.667543345876364,18.890004899004012,17.11584645526524,11.970359561109301,11.970359561109301,5.064230367785105,5.364020516970705,5.408340845992293,4.884021152308134,1.7743966652810026,1.2563212488489428,1.0,2.9422471999836945,1.553201103725856,35.235681781689394,35.235681781689394,5.781215398846914,5.781215398846914,16.676062081805885,16.502572221571675,15.239636391261863,15.045240027294732,2.3949112105455392,1.6088136656971894,6.596656303555937,1.39054678305565,20.685854527614037,22.34120489127742,22.24088176695469,18.085703143140133,16.911004275607496,14.770575836049327,16.409347367976544,6.764278170003071,7.541954427031722,7.541954427031722,10.832347010026114,15.673577249862593,16.00383867931624,2.9844784427500892,3.603309505898783,2.6541541653381464,2.7294180650215525,4.289034687719385,37.032774074957466,35.70376618176298,4.731610896761627,9.515596211768175,15.63595242889724,17.082402875982808,16.104170949760476,18.541363822771586
14.752942315209085,18.26499724999362,14.351946435702768,15.126343093602115,0.0,1.081103067121833,6.252682064724764,9.780719639450519,5.541200312917547,4.763661853564265,2.9895033845927768,4.155983557238667,4.155983557238667,11.062112755023207,10.762322607058623,10.71800227820666,11.242321969704467,14.351946435702768,14.870021847291115,15.126343093602115,13.184095910515085,14.573141995236671,21.109339181449396,21.109339181449396,19.907558427951006,19.907558427951006,2.549719005576499,2.376229143226379,1.1132932988132274,1.081103067121833,13.731431895736018,14.517529433780082,20.722999318411038,15.516889872610742,6.559511512312661,8.214861907855415,8.114538781488648,3.9593600857021403,2.784661202312252,1.3557672610554863,2.2830042885120836,9.362064958030036,8.584388702015591,8.584388702015591,5.293996113748401,1.5472341620021433,1.877495595128518,13.141864668056328,12.52303360912377,13.472188942994135,13.396925043888148,11.837308431336922,22.906431547133934,21.577423599936484,18.85795394281355,23.641939167865562,1.5096093406282938,2.956059804878028,1.9778278667194658,4.4150207720170584
14.671839248859124,18.183894184089205,14.27084336930836,15.045240027294732,1.081103067121833,0.0,6.333785131731338,9.861822706252108,5.622303379953033,4.844764920626578,3.0706064516976697,4.07488049015672,4.07488049015672,10.98100968831382,10.681219540324943,10.636899211469453,11.161218903010042,14.27084336930836,14.788918780954385,15.045240027294732,13.102992843998715,14.49203892886662,21.190442246898108,21.190442246898108,19.826455362289582,19.826455362289582,2.630822072687939,2.4573322103399646,1.1943963659349697,1.0,13.650328829275413,14.436426367403866,20.641896252878432,15.435786806349117,6.640614579305481,8.295964974760647,8.19564184839983,4.040463152786966,2.8657642694203926,1.274664193934055,2.36410735562672,9.280961891192637,8.503285635127531,8.503285635127531,5.21289304670091,1.6283372291225624,1.9585986622468923,13.060761601535756,12.44193054254331,13.391085876506814,13.315821977393169,11.756205364693772,22.98753461227049,21.65852666530646,18.776850876994303,23.5608361028386,1.5907124077488888,3.037162871983474,2.058930933837041,4.496123839089785
20.00562431039823,23.51767921133582,19.60462843434071,20.379025085503145,6.252682064724764,6.333785131731338,0.0,4.528037582988002,1.7114817526685306,2.4890202126543244,4.263178681862151,9.40866561489519,9.40866561489519,16.31479477873596,16.01500463277086,15.970684304210454,16.495003992192338,19.60462843434071,20.12270384145723,20.379025085503145,18.43677791871152,19.825823991982745,15.856657196507346,15.856657196507346,25.16024037122138,25.16024037122138,4.702963060677529,4.876452922920049,6.139388766066676,6.333785131731338,18.984113899542727,19.77021143100425,25.975681252179385,20.76957186099361,1.3068294480426887,2.9621798469057223,2.86185672029609,3.293321980831514,4.4680208640619234,6.608449325248637,4.969677777569902,14.614746992449595,13.83707074082132,13.83707074082132,10.546678167556054,5.705447903408749,5.375186470619277,18.394546676584866,17.775715622410196,18.72487094889982,18.649607050396536,17.089990449658274,17.653749579854622,16.324741619428178,24.110635897796616,28.894621064738057,5.74307272474053,4.296622261565243,5.274854199119172,2.837661294380453
23.533661816786612,27.045716689466126,23.132665943676287,23.907062589095695,9.780719639450519,9.861822706252108,4.528037582988002,0.0,5.239519335115916,6.01705779430351,7.7912162608794,12.936703179909234,12.936703179909234,19.842832310088145,19.543042165937592,19.49872183764272,20.02304152243835,23.132665943676287,23.650741346974325,23.907062589095695,21.96481543630417,23.35386149969969,12.328619643737635,12.328619643737635,28.68827783462982,28.68827783462982,8.231000638868078,8.404490500765435,9.667426341074842,9.861822706252108,22.512151413326023,23.298248939129785,29.503718707923007,24.297609361608824,4.2212081351224775,2.5658577366331277,2.6661808632480772,6.821359561427184,7.996058442702726,10.13648689905772,8.497715355225367,18.142784533667253,17.365108286208265,17.365108286208265,14.074715728194906,9.23348547945613,8.90322404741243,21.922584194467,21.303753144461435,22.2529084645007,22.17764456652062,20.618027976169902,14.125712036121593,12.79670406890018,27.63867337072304,32.422658491108706,9.271110300700473,7.824659840522059,8.802891776131156,6.365698875601416
19.294142570264835,22.806197476362932,18.893146693674428,19.667543345876364,5.541200312917547,5.622303379953033,1.7114817526685306,5.239519335115916,0.0,1.7775384600276172,3.551696929494351,8.69718386456288,8.69718386456288,15.60331303413381,15.303522887848722,15.259202559241558,15.783522247785646,18.893146693674428,19.41122210148161,19.667543345876364,17.725296176559034,19.11434225160899,16.568138940805355,16.568138940805355,24.448758638965685,24.448758638965685,3.991481308409056,4.1649711706945975,5.427907014219869,5.622303379953033,18.272632158074583,19.058729690556614,25.264199521344455,20.058090121907416,2.01831120069993,3.673661599384666,3.5733384727914794,2.5818402282940167,3.756539111738651,5.896967573571764,4.258196025368465,13.90326524611843,13.12558899376852,13.12558899376852,9.835196417931686,4.993966151418862,4.663704718529601,17.683064934380464,17.06423387945986,18.013389207104858,17.93812530850759,16.37850870591351,18.365231322054868,17.03622336320238,23.399154163782313,28.183139339379355,5.03159097276251,3.5851405092045066,4.563372447000739,2.1261795417866796
18.51660412286079,22.028659034392057,18.115608245711584,18.890004899004012,4.763661853564265,4.844764920626578,2.4890202126543244,6.01705779430351,1.7775384600276172,0.0,2.7741584696453883,7.919645406635923,7.919645406635923,14.825774582063058,14.525984435445896,14.481664106790232,15.005983795917915,18.115608245711584,18.633683654243097,18.890004899004012,16.947757727040635,18.336803803952822,17.345677390770152,17.345677390770152,23.671220199867715,23.671220199867715,3.2139428486427892,3.3874327109651503,4.65036855482998,4.844764920626578,17.495093709271888,18.281191242822977,24.48666108375124,19.280551675602872,2.7958496606553505,4.451200059047928,4.35087693247861,1.8043017683166132,2.9790006519263077,5.119429114340017,3.4806575656597833,13.125726792258067,12.348050539165245,12.348050539165245,9.0576579607115,4.216427691898119,3.886166258919218,16.905526484807822,16.28669542910841,17.235850757960243,17.160586859264704,15.60097025473418,19.142769769621506,17.81376181256723,22.621615722824156,27.405600907599208,4.254052513252525,2.807602049361296,3.7858339873648275,1.3486410817745593
16.742445677994617,20.254500601116128,16.341449799662485,17.11584645526524,2.9895033845927768,3.0706064516976697,4.263178681862151,7.7912162608794,3.551696929494351,2.7741584696453883,0.0,6.1454869401938215,6.1454869401938215,13.05161612739662,12.751825980090613,12.707505651334486,13.231825341673302,16.341449799662485,16.85952520972773,17.11584645526524,15.173599277710503,16.562645358552686,19.119835833698836,19.119835833698836,21.89706177276968,21.89706177276968,1.4397843790850444,1.6132742414515548,2.8762100858009934,3.0706064516976697,15.720935261449068,16.50703279725886,22.712502659899314,17.506393233069975,4.570008129723372,6.2253585270689635,6.125035400577163,1.9698567013990036,1.2048421823174111,3.3452706455640953,1.7064990961721491,11.35156833389878,10.573892079289482,10.573892079289482,7.283499495620605,2.4422692226702596,2.112007789562706,15.131368035363618,14.512536978029322,15.461692309416803,15.3864284105143,13.82681180192363,20.91692820666524,19.587920254019423,20.847457291722787,25.631442496340647,2.4798940440405683,1.0334435797213497,2.011675517973118,2.4255173879155754
11.596958781243131,15.109013731638049,11.195962900204258,11.970359561109301,4.155983557238667,4.07488049015672,9.40866561489519,12.936703179909234,8.69718386456288,7.919645406635923,6.1454869401938215,0.0,1.0,7.906129208885876,7.6063390601233465,7.562018731155852,8.086338424060592,11.195962900204258,11.714038313782286,11.970359561109301,10.028112370845033,11.41715846057721,24.265322663691986,24.265322663691986,16.75157491824328,16.75157491824328,5.705702561648629,5.532212699467315,4.269276855992656,4.07488049015672,10.575448357966936,11.361545898908203,17.56701581331514,12.360906341706222,9.715495061796952,11.37084545311726,11.27052232703141,7.1153436400454035,5.940644758140424,3.8002162963425072,5.4389878448397475,6.206081407747365,5.428405150144039,5.428405150144039,2.1380125572908986,4.703217718916678,5.0334791518010595,9.985881128243566,9.367050067285037,10.316205404312772,10.240941504945937,8.681324887395784,26.062415016345927,24.733407078885254,15.701970427480838,20.48595568101006,4.665592897568182,6.112043360517072,5.133811423311577,7.571004325665365
11.596958781243131,15.109013731638049,11.195962900204258,11.970359561109301,4.155983557238667,4.07488049015672,9.40866561489519,12.936703179909234,8.69718386456288,7.919645406635923,6.1454869401938215,1.0,0.0,7.906129208885876,7.6063390601233465,7.562018731155852,8.086338424060592,11.195962900204258,11.714038313782286,11.970359561109301,10.028112370845033,11.41715846057721,24.265322663691986,24.265322663691986,16.75157491824328,16.75157491824328,5.705702561648629,5.532212699467315,4.269276855992656,4.07488049015672,10.575448357966936,11.361545898908203,17.56701581331514,12.360906341706222,9.715495061796952,11.37084545311726,11.27052232703141,7.1153436400454035,5.940644758140424,3.8002162963425072,5.4389878448397475,6.206081407747365,5.428405150144039,5.428405150144039,2.1380125572908986,4.703217718916678,5.0334791518010595,9.985881128243566,9.367050067285037,10.316205404312772,10.240941504945937,8.681324887395784,26.062415016345927,24.733407078885254,15.701970427480838,20.48595568101006,4.665592897568182,6.112043360517072,5.133811423311577,7.571004325665365
4.690829586008769,8.202884558209508,4.289833703026783,5.064230367785105,11.062112755023207,10.98100968831382,16.31479477873596,19.842832310088145,15.60331303413381,14.825774582063058,13.05161612739662,7.906129208885876,7.906129208885876,0.0,1.299790149454123,1.3441104785185394,1.1802092156206236,4.289833703026783,4.807909119136399,5.064230367785105,3.121983168647085,4.511029264457729,31.171451626629597,31.171451626629597,9.845445757960722,9.845445757960722,12.611831751429252,12.438341890227592,11.17540605324905,10.98100968831382,3.669319158003537,4.455416702519511,10.660886660256148,5.454777150483859,16.621624223056983,18.276974599314684,18.176651474196447,14.021472821084323,12.846773946560775,10.706345495727124,12.345117036117733,2.7000478042296097,3.4777240625743118,3.4777240625743118,6.768116653888598,11.609346914067002,11.93960834526013,3.0797519258818857,2.4609208626667662,3.410076203264951,3.334812303592064,1.775195680588963,32.96854394444778,31.639536032968614,8.795841258581365,13.579826557598354,11.571722092906333,13.018172547920663,12.039940616241717,14.477133503580724
4.990619735239895,8.502674706845763,4.589623852302104,5.364020516970705,10.762322607058623,10.681219540324943,16.01500463277086,19.543042165937592,15.303522887848722,14.525984435445896,12.751825980090613,7.6063390601233465,7.6063390601233465,1.299790149454123,0.0,1.0443203290646472,1.4799993650734367,4.589623852302104,5.107699268353705,5.364020516970705,3.42177331802339,4.810819413709273,30.871661490873333,30.871661490873333,10.145235906190809,10.145235906190809,12.312041603967305,12.138551742705745,10.875615905318739,10.681219540324943,3.9691093073376527,4.755206851777171,10.960676808254325,5.754567299617332,16.321834077234644,17.977184454311963,17.876861329141683,13.721682674143011,12.546983799181405,10.406555347657454,12.045326888564075,2.40025765481155,3.1779339132019473,3.1779339132019473,6.4683265049125405,11.309556766271568,11.639818197571184,3.3795420752610683,2.760711012081935,3.709866352620179,3.6346024529530396,2.0749858300304656,32.66875381038368,31.33974589764359,9.095631407080395,13.87961670460187,11.271931945098977,12.718382400602593,11.740150468585778,14.177343356820634
5.034940064268501,8.546995035783716,4.63394418133755,5.408340845992293,10.71800227820666,10.636899211469453,15.970684304210454,19.49872183764272,15.259202559241558,14.481664106790232,12.707505651334486,7.562018731155852,7.562018731155852,1.3441104785185394,1.0443203290646472,0.0,1.5243196941375203,4.63394418133755,5.152019597380177,5.408340845992293,3.4660936470746657,4.855139742741034,30.82734116381073,30.82734116381073,10.18955623506745,10.18955623506745,12.267721275188462,12.094231413918177,10.831295576471756,10.636899211469453,4.01342963638227,4.79952718080988,11.004997137096051,5.798887628630911,16.2775137486951,17.932864125892326,17.83254100071442,13.677362345440049,12.502663470414586,10.362235018790232,12.001006559771875,2.3559373257511558,3.133613584147709,3.133613584147709,6.424006175914357,11.265236437444193,11.595497868759297,3.423862404312803,2.8050313411394665,3.7541866816681178,3.6789227820018864,2.1193061590924183,32.624433483569845,31.295425570644376,9.139951735997608,13.923937033294305,11.227611616269868,12.674062071844707,11.695830139778696,14.133023028144116
4.5106203705060635,8.022675343049041,4.109624487499264,4.884021152308134,11.242321969704467,11.161218903010042,16.495003992192338,20.02304152243835,15.783522247785646,15.005983795917915,13.231825341673302,8.086338424060592,8.086338424060592,1.1802092156206236,1.4799993650734367,1.5243196941375203,0.0,4.109624487499264,4.627699903641489,4.884021152308134,2.941773953063966,4.330820048943535,31.35166083388433,31.35166083388433,9.665236543037231,9.665236543037231,12.792040965801599,12.618551104636703,11.355615267909213,11.161218903010042,3.489109942443387,4.275207487001882,10.4806774454685,5.274567935036516,16.801833436426207,18.457183812183978,18.356860687097473,14.201682035137543,13.026983160882459,10.886554710473108,12.52532625054637,2.8802570198211255,3.6579332781349603,3.6579332781349603,6.948325869196641,11.789556128644188,12.119817559771862,2.8995427102972213,2.2807116470631743,3.2298669876932427,3.154603088017228,1.5949864649725385,33.14875315067747,31.819745239962092,8.615632043500796,13.39961734339586,11.751931307490851,13.198381762204747,12.22014983073317,14.657342717523022
1.4009958832277838,4.913050859861828,1.0,1.7743966652810026,14.351946435702768,14.27084336930836,19.60462843434071,23.132665943676287,18.893146693674428,18.115608245711584,16.341449799662485,11.195962900204258,11.195962900204258,4.289833703026783,4.589623852302104,4.63394418133755,4.109624487499264,0.0,1.5180754164372487,1.7743966652810026,2.1678505347913406,1.2211955615599284,34.461285161343866,34.461285161343866,6.55561206309058,6.55561206309058,15.901665425668703,15.728175565227836,14.465239733484948,14.27084336930836,1.6205145452983625,1.1655829995877525,7.371052967444587,2.1649434483188763,19.911457876912184,21.566808243188166,21.46648511870096,17.31130648876968,16.136607619753928,13.996179177772056,15.634950711522642,5.989881505846683,6.7675577632261055,6.7675577632261055,10.057950348228927,14.899180592563956,15.229442022391513,2.2100817775629387,2.828912840803874,1.8797575001140165,1.9550213998050983,3.51463802276167,36.2583774595208,34.929369562671454,5.506007561385895,10.289992873961044,14.861555771556548,16.308006220338882,15.329774292951042,17.76696716900562
1.1170795332106924,4.3949754437717345,1.5180754164372487,1.2563212488489428,14.870021847291115,14.788918780954385,20.12270384145723,23.650741346974325,19.41122210148161,18.633683654243097,16.85952520972773,11.714038313782286,11.714038313782286,4.807909119136399,5.107699268353705,5.152019597380177,4.627699903641489,1.5180754164372487,0.0,1.2563212488489428,2.685925951177108,1.296879854879037,34.97936054794325,34.97936054794325,6.03753664738454,6.03753664738454,16.419740836088536,16.24625097578476,14.983315144992146,14.788918780954385,2.1385899617171393,1.3524924168510222,6.852977551981519,1.6468680319013258,20.429533283722623,22.08488364826186,21.984560523884006,17.829381898017008,16.6546830299856,14.51425458961085,16.15302612215258,6.507956921564995,7.285633178714958,7.285633178714958,10.576025762396176,15.417256003754089,15.747517433333712,2.728157193945508,3.3469882571288796,2.397832916519112,2.4730968162055627,4.032713438999487,36.77645284284817,35.447444948435056,4.987932145418197,9.771917459652023,15.379631182774565,16.826081630431446,15.847849703816786,18.285042577851602
1.3734007820590697,4.138654195060546,1.7743966652810026,1.0,15.126343093602115,15.045240027294732,20.379025085503145,23.907062589095695,19.667543345876364,18.890004899004012,17.11584645526524,11.970359561109301,11.970359561109301,5.064230367785105,5.364020516970705,5.408340845992293,4.884021152308134,1.7743966652810026,1.2563212488489428,0.0,2.9422471999836945,1.553201103725856,35.235681781689394,35.235681781689394,5.781215398846914,5.781215398846914,16.676062081805885,16.502572221571675,15.239636391261863,15.045240027294732,2.3949112105455392,1.6088136656971894,6.596656303555937,1.39054678305565,20.685854527614037,22.34120489127742,22.24088176695469,18.085703143140133,16.911004275607496,14.770575836049327,16.409347367976544,6.764278170003071,7.541954427031722,7.541954427031722,10.832347010026114,15.673577249862593,16.00383867931624,2.9844784427500892,3.603309505898783,2.6541541653381464,2.7294180650215525,4.289034687719385,37.032774074957466,35.70376618176298,4.731610896761627,9.515596211768175,15.63595242889724,17.082402875982808,16.104170949760476,18.541363822771586
2.5688464179820434,6.080901393481767,2.1678505347913406,2.9422471999836945,13.184095910515085,13.102992843998715,18.43677791871152,21.96481543630417,17.725296176559034,16.947757727040635,15.173599277710503,10.028112370845033,10.028112370845033,3.121983168647085,3.42177331802339,3.4660936470746657,2.941773953063966,2.1678505347913406,2.685925951177108,2.9422471999836945,0.0,2.389046096333159,33.293434690488255,33.293434690488255,7.723462595681561,7.723462595681561,14.733814902961088,14.560325042228445,13.297389208468937,13.102992843998715,1.5473359895129981,2.333433534366078,8.538903499406832,3.332793982950052,18.743607361942455,20.398957731968952,20.298634607245184,16.14345596856507,14.968757097447137,12.828328652055172,14.467100188367935,4.822030972180134,5.5997072299995265,5.5997072299995265,8.890099817654553,13.731330068219544,14.061591498573188,1.042231242774611,1.6610623060838137,1.2880930346922645,1.2128291349982243,2.346787488170013,35.090526995862454,33.76151909365342,6.673858094671007,11.457843403031776,13.693705247153021,15.140155698328627,14.161923769295097,16.599116649660466
1.1798003216686601,4.6918552984630875,1.2211955615599284,1.553201103725856,14.573141995236671,14.49203892886662,19.825823991982745,23.35386149969969,19.11434225160899,18.336803803952822,16.562645358552686,11.41715846057721,11.41715846057721,4.511029264457729,4.810819413709273,4.855139742741034,4.330820048943535,1.2211955615599284,1.296879854879037,1.553201103725856,2.389046096333159,0.0,34.68248071027521,34.68248071027521,6.334416501861256,6.334416501861256,16.122860984708836,15.949371124325932,14.686435292984582,14.49203892886662,1.8417101068524606,1.0556125619722787,7.149857406321704,1.9437478867712183,20.13265343442455,21.788003799964507,21.68768067552366,17.53250204731388,16.357803178714505,14.217374737411717,15.856146270651598,6.21107706711619,6.988753324400221,6.988753324400221,10.27914590884968,15.120376151929655,15.450637581652451,2.431277339103531,3.0501084023219405,2.100953061663132,2.1762169613524858,3.735833584244782,36.4795730070611,35.15056511124751,5.284812000041377,10.06879731334056,15.082751330934029,16.529201779240637,15.550969852179666,17.98816272737997
34.86228102155609,38.37433577341684,34.461285161343866,35.235681781689394,21.109339181449396,21.190442246898108,15.856657196507346,12.328619643737635,16.568138940805355,17.345677390770152,19.119835833698836,24.265322663691986,24.265322663691986,31.171451626629597,30.871661490873333,30.82734116381073,31.35166083388433,34.461285161343866,34.97936054794325,35.235681781689394,33.293434690488255,34.68248071027521,0.0,1.0,40.01689685723942,40.01689685723942,19.559620205266132,19.733110064569182,20.996045884950917,21.190442246898108,33.84077065059013,34.62686815149363,40.83233769893629,35.62622854129712,15.54982775183875,13.89447736872769,13.994800494500431,18.149979147621966,19.32467801255887,21.46510643506593,19.826334917620773,29.471403896448223,28.693727669037848,28.693727669037848,25.403335188181526,20.562105030385933,20.231843603565682,33.251203449942345,32.63237241862424,33.581527709821586,33.50626381416615,31.946647270528526,2.7970924060085407,1.4680844283515098,38.967292432885166,43.751277362803435,20.59972985102725,19.153279412860982,20.131511333846458,17.694318467706854
34.86228102155609,38.37433577341684,34.461285161343866,35.235681781689394,21.109339181449396,21.190442246898108,15.856657196507346,12.328619643737635,16.568138940805355,17.345677390770152,19.119835833698836,24.265322663691986,24.265322663691986,31.171451626629597,30.871661490873333,30.82734116381073,31.35166083388433,34.461285161343866,34.97936054794325,35.235681781689394,33.293434690488255,34.68248071027521,1.0,0.0,40.01689685723942,40.01689685723942,19.559620205266132,19.733110064569182,20.996045884950917,21.190442246898108,33.84077065059013,34.62686815149363,40.83233769893629,35.62622854129712,15.54982775183875,13.89447736872769,13.994800494500431,18.149979147621966,19.32467801255887,21.46510643506593,19.826334917620773,29.471403896448223,28.693727669037848,28.693727669037848,25.403335188181526,20.562105030385933,20.231843603565682,33.251203449942345,32.63237241862424,33.581527709821586,33.50626381416615,31.946647270528526,2.7970924060085407,1.4680844283515098,38.967292432885166,43.751277362803435,20.59972985102725,19.153279412860982,20.131511333846458,17.694318467706854
6.154616180441921,2.6425612050288665,6.55561206309058,5.781215398846914,19.907558427951006,19.826455362289582,25.16024037122138,28.68827783462982,24.448758638965685,23.671220199867715,21.89706177276968,16.75157491824328,16.75157491824328,9.845445757960722,10.145235906190809,10.18955623506745,9.665236543037231,6.55561206309058,6.03753664738454,5.781215398846914,7.723462595681561,6.334416501861256,40.01689685723942,40.01689685723942,0.0,1.0,21.45727740319909,21.283787544473146,20.020851724703075,19.826455362289582,7.176126607315066,6.390029063752895,1.8154409058086156,5.390668616204664,25.467069810077604,27.122420155393076,27.022097032220216,22.86691845173705,21.69221959493491,19.551791173208105,21.190562691682462,11.545493554185002,12.323169808006208,12.323169808006208,15.613562374192698,20.45479257976959,20.78505400647226,7.765693838359259,8.384524900109493,7.4353695616181135,7.510633461153313,9.070250080164477,41.81398911779221,40.48498124894359,2.049604503029183,4.734380820580756,20.417167759114292,21.863618193786262,20.88538627607029,23.32257912702596
6.154616180441921,2.6425612050288665,6.55561206309058,5.781215398846914,19.907558427951006,19.826455362289582,25.16024037122138,28.68827783462982,24.448758638965685,23.671220199867715,21.89706177276968,16.75157491824328,16.75157491824328,9.845445757960722,10.145235906190809,10.18955623506745,9.665236543037231,6.55561206309058,6.03753664738454,5.781215398846914,7.723462595681561,6.334416501861256,40.01689685723942,40.01689685723942,1.0,0.0,21.45727740319909,21.283787544473146,20.020851724703075,19.826455362289582,7.176126607315066,6.390029063752895,1.8154409058086156,5.390668616204664,25.467069810077604,27.122420155393076,27.022097032220216,22.86691845173705,21.69221959493491,19.551791173208105,21.190562691682462,11.545493554185002,12.323169808006208,12.323169808006208,15.613562374192698,20.45479257976959,20.78505400647226,7.765693838359259,8.384524900109493,7.4353695616181135,7.510633461153313,9.070250080164477,41.81398911779221,40.48498124894359,2.049604503029183,4.734380820580756,20.417167759114292,21.863618193786262,20.88538627607029,23.32257912702596
16.302661304274245,19.814716230095293,15.901665425668703,16.676062081805885,2.549719005576499,2.630822072687939,4.702963060677529,8.231000638868078,3.991481308409056,3.2139428486427892,1.4397843790850444,5.705702561648629,5.705702561648629,12.611831751429252,12.312041603967305,12.267721275188462,12.792040965801599,15.901665425668703,16.419740836088536,16.676062081805885,14.733814902961088,16.122860984708836,19.559620205266132,19.559620205266132,21.45727740319909,21.45727740319909,0.0,1.1734898623688839,2.436425706776059,2.630822072687939,15.281150887046254,16.06724842337711,22.272718291093103,17.066608859890245,5.009792508488936,6.665142905493225,6.564819779025595,2.4096410804535453,1.2349421967687069,2.9054862665787193,1.266714717091308,10.9117839571,10.134107702153214,10.134107702153214,6.843715117354136,2.0024848436174647,1.672223410494336,14.691583660588018,14.07275260287903,15.021907934848166,14.94664403589808,13.387027426378014,21.356712576684973,20.027704625197593,20.407672921211688,25.191658130511925,2.040109664989857,1.406340799363998,1.5718911389009793,2.865301766941291
16.12917144393908,19.641226370806105,15.728175565227836,16.502572221571675,2.376229143226379,2.4573322103399646,4.876452922920049,8.404490500765435,4.1649711706945975,3.3874327109651503,1.6132742414515548,5.532212699467315,5.532212699467315,12.438341890227592,12.138551742705745,12.094231413918177,12.618551104636703,15.728175565227836,16.24625097578476,16.502572221571675,14.560325042228445,15.949371124325932,19.733110064569182,19.733110064569182,21.283787544473146,21.283787544473146,1.1734898623688839,0.0,2.262935844423136,2.4573322103399646,15.107661026447383,15.893758562979547,22.0992284326643,16.893118999764233,5.18328237071015,6.838632767570863,6.738309641113308,2.5831309428027884,1.4084320591367463,2.7319964042388705,1.0932248547226429,10.738294095579533,9.960617840503803,9.960617840503803,6.670225255276634,1.8289949812558932,1.4987335481284019,14.518093799845266,13.899262741991814,14.84841807418528,14.773154175216833,13.213537565338543,21.530202435367833,20.20119448434462,20.234183062120394,25.01816827324196,1.8666198026289043,1.5798306617308087,1.3984012765341003,3.038791629276704
14.866235612928719,18.378290547086955,14.465239733484948,15.239636391261863,1.1132932988132274,1.1943963659349697,6.139388766066676,9.667426341074842,5.427907014219869,4.65036855482998,2.8762100858009934,4.269276855992656,4.269276855992656,11.17540605324905,10.875615905318739,10.831295576471756,11.355615267909213,14.465239733484948,14.983315144992146,15.239636391261863,13.297389208468937,14.686435292984582,20.996045884950917,20.996045884950917,20.020851724703075,20.020851724703075,2.436425706776059,2.262935844423136,0.0,1.1943963659349697,13.844725193611355,14.630822731536657,20.836292614982234,15.630183170206143,6.446218213673447,8.101568609336706,8.001245482961737,3.846066786937305,2.6713679035161606,1.469060559867755,2.169710989707477,9.475358256436596,8.697682000493788,8.697682000493788,5.407289412452985,1.43394086319028,1.7642022963191426,13.255157966016093,12.636326907167879,13.585482240907085,13.510218341811875,11.950601729469374,22.793138251069486,21.464130303547453,18.97124723978724,23.755232463727182,1.3963160418162266,2.842766506085508,1.864534567911094,4.301727473268617
14.671839248859124,18.183894184089205,14.27084336930836,15.045240027294732,1.081103067121833,1.0,6.333785131731338,9.861822706252108,5.622303379953033,4.844764920626578,3.0706064516976697,4.07488049015672,4.07488049015672,10.98100968831382,10.681219540324943,10.636899211469453,11.161218903010042,14.27084336930836,14.788918780954385,15.045240027294732,13.102992843998715,14.49203892886662,21.190442246898108,21.190442246898108,19.826455362289582,19.826455362289582,2.630822072687939,2.4573322103399646,1.1943963659349697,0.0,13.650328829275413,14.436426367403866,20.641896252878432,15.435786806349117,6.640614579305481,8.295964974760647,8.19564184839983,4.040463152786966,2.8657642694203926,1.274664193934055,2.36410735562672,9.280961891192637,8.503285635127531,8.503285635127531,5.21289304670091,1.6283372291225624,1.9585986622468923,13.060761601535756,12.44193054254331,13.391085876506814,13.315821977393169,11.756205364693772,22.98753461227049,21.65852666530646,18.776850876994303,23.5608361028386,1.5907124077488888,3.037162871983474,2.058930933837041,4.496123839089785
2.0215104285133187,5.533565404604873,1.6205145452983625,2.3949112105455392,13.731431895736018,13.650328829275413,18.984113899542727,22.512151413326023,18.272632158074583,17.495093709271888,15.720935261449068,10.575448357966936,10.575448357966936,3.669319158003537,3.9691093073376527,4.01342963638227,3.489109942443387,1.6205145452983625,2.1385899617171393,2.3949112105455392,1.5473359895129981,1.8417101068524606,33.84077065059013,33.84077065059013,7.176126607315066,7.176126607315066,15.281150887046254,15.107661026447383,13.844725193611355,13.650328829275413,0.0,1.7860975448820389,7.991567511348985,2.785457993552109,19.29094334246985,20.946293710766977,20.84597058615235,16.69079195150132,15.516093081348473,13.375664637518025,15.014436172658067,5.369366961231498,6.1470432188580215,6.1470432188580215,9.43743580532645,14.27866605305464,14.608927483167383,1.5895672322869214,2.208398295574738,1.2592429548227972,1.334506854516741,2.8941234776125135,35.63786295262201,34.30885505290211,6.126522105961201,10.910507416379135,14.24104123201518,15.68749168209393,14.70925975381491,17.146452632201722
1.23541288364082,4.747467860396556,1.1655829995877525,1.6088136656971894,14.517529433780082,14.436426367403866,19.77021143100425,23.298248939129785,19.058729690556614,18.281191242822977,16.50703279725886,11.361545898908203,11.361545898908203,4.455416702519511,4.755206851777171,4.79952718080988,4.275207487001882,1.1655829995877525,1.3524924168510222,1.6088136656971894,2.333433534366078,1.0556125619722787,34.62686815149363,34.62686815149363,6.390029063752895,6.390029063752895,16.06724842337711,15.893758562979547,14.630822731536657,14.436426367403866,1.7860975448820389,0.0,7.20546996818696,1.999360448740851,20.077040873478797,21.732391239204574,21.632068114752013,17.47688948610749,16.302190617402886,14.16176217592837,15.800533709297415,6.15546450521935,6.933140762527725,6.933140762527725,10.223533347117838,15.064763590515604,15.395025020264896,2.375664777136779,2.9944958403611386,2.045340499694084,2.1206043993839065,3.680221022293088,36.4239604486301,35.09495255255548,5.340424561961488,10.12440987508086,15.027138769516998,16.473589217943882,15.495357290800282,17.932550166216497
6.970057084985924,3.4580021106716328,7.371052967444587,6.596656303555937,20.722999318411038,20.641896252878432,25.975681252179385,29.503718707923007,25.264199521344455,24.48666108375124,22.712502659899314,17.56701581331514,17.56701581331514,10.660886660256148,10.960676808254325,11.004997137096051,10.4806774454685,7.371052967444587,6.852977551981519,6.596656303555937,8.538903499406832,7.149857406321704,40.83233769893629,40.83233769893629,1.8154409058086156,1.8154409058086156,22.272718291093103,22.0992284326643,20.836292614982234,20.641896252878432,7.991567511348985,7.20546996818696,0.0,6.206109521074012,26.28251069040995,27.937861032215476,27.837537909261805,23.682359337124453,22.507660482422573,20.36723206422918,22.006003580032253,12.360934455067223,13.138610708162544,13.138610708162544,16.429003270725698,21.2702334693462,21.600494895503733,8.58113474205969,9.199965803429096,8.250810465508918,8.326074365001531,9.88569098302525,42.62942995349616,41.300422089105396,2.8650454087573918,3.9189399152196356,21.23260864875243,22.679059080974593,21.70082716493436,24.138020011567946
1.763947565109099,3.7481074121747837,2.1649434483188763,1.39054678305565,15.516889872610742,15.435786806349117,20.76957186099361,24.297609361608824,20.058090121907416,19.280551675602872,17.506393233069975,12.360906341706222,12.360906341706222,5.454777150483859,5.754567299617332,5.798887628630911,5.274567935036516,2.1649434483188763,1.6468680319013258,1.39054678305565,3.332793982950052,1.9437478867712183,35.62622854129712,35.62622854129712,5.390668616204664,5.390668616204664,17.066608859890245,16.893118999764233,15.630183170206143,15.435786806349117,2.785457993552109,1.999360448740851,6.206109521074012,0.0,21.076401302865186,22.731751665172972,22.63142854093549,18.47624992030113,17.301551053543427,15.161122615256717,16.799894146226748,7.154824952359233,7.932501209193127,7.932501209193127,11.222893791099084,16.064124028555707,16.3943854578132,3.3750252257128532,3.9938562888008216,3.0447009483271423,3.11996484800495,4.679581470536492,37.42332083204827,36.094312940727534,4.341064113951523,9.125049430074466,16.02649920761243,17.472949653809078,16.494717728196992,18.931910599617268
20.312453752733514,23.8245086513899,19.911457876912184,20.685854527614037,6.559511512312661,6.640614579305481,1.3068294480426887,4.2212081351224775,2.01831120069993,2.7958496606553505,4.570008129723372,9.715495061796952,9.715495061796952,16.621624223056983,16.321834077234644,16.2775137486951,16.801833436426207,19.911457876912184,20.429533283722623,20.685854527614037,18.743607361942455,20.13265343442455,15.54982775183875,15.54982775183875,25.467069810077604,25.467069810077604,5.009792508488936,5.18328237071015,6.446218213673447,6.640614579305481,19.29094334246985,20.077040873478797,26.28251069040995,21.076401302865186,0.0,2.6553503989136598,2.5550272722985277,3.600151428781305,4.774850311900692,6.9152787727746805,5.2765072253481655,14.921576437543239,14.143900186238511,14.143900186238511,10.85350761413446,6.012277351084108,5.682015918342911,18.70137611983885,18.082545065995692,19.031700391972,18.95643649351044,17.39681989359725,17.34692013606218,16.017912174978044,24.4174653374279,29.20145050056067,6.049902172410174,4.603451709422888,5.581683646856799,3.1444907423617448
21.96780411766916,25.47985900343888,21.566808243188166,22.34120489127742,8.214861907855415,8.295964974760647,2.9621798469057223,2.5658577366331277,3.673661599384666,4.451200059047928,6.2253585270689635,11.37084545311726,11.37084545311726,18.276974599314684,17.977184454311963,17.932864125892326,18.457183812183978,21.566808243188166,22.08488364826186,22.34120489127742,20.398957731968952,21.788003799964507,13.89447736872769,13.89447736872769,27.122420155393076,27.122420155393076,6.665142905493225,6.838632767570863,8.101568609336706,8.295964974760647,20.946293710766977,21.732391239204574,27.937861032215476,22.731751665172972,2.6553503989136598,0.0,1.1003231266282532,5.255501826764766,6.430200709091353,8.570629167925013,6.931857622129641,16.576926818249746,15.799250568818865,15.799250568818865,12.50885800352247,7.6676277471890035,7.337366314762742,20.356726489996706,19.737895438044134,20.687050761094476,20.611786862870424,19.052170267665872,15.69156975738146,14.362561792968371,26.07281568709803,30.856800828893604,7.70525256847803,6.2588021067436665,7.23703404336868,4.799841140590328
