1000.0,1.0,1.0,1.0,100.72428867226273,102.49559361510106,12.086833475875617,2.773586607983009,2.773586607983009,3.6932977336677997,3.6932977336677997,3.6932977336677997,3.6932977336677997,3.6932977336677997,95.17252634861212,95.26121937920742,96.86824119458443,76.93541615775253,79.04008658247602,91.55459986684687,90.78272879463039,90.78272879463039,51.510383336116604,49.37510483367687,51.510383336116604,50.62171129905196,50.62171129905196,37.30676337373381,37.30676337373381,37.30676337373381,60.556453605575705,53.21314431000098,54.77991220968251,37.30676337373381,37.30676337373381,37.30676337373381,37.30676337373381,37.30676337373381,60.556453605575705,60.66259592872935,54.92290305398984,54.92290305398984,60.323992871791354,41.720651377614466,60.05644325975798,60.556453605575705,54.92290305398984,40.48361832725964,40.48361832725964,40.48361832725964,13.087186377697822,13.218811241028568,3.8029418175363943,6.619869583049768,101.66306879155522,118.07734334144342,1.6880158288701026,22.274312321117364,15.605587845272321,2.3198641983298622,4.21539263607746,4.074983979699258,1.2948649351505126,5.5843698453325,89.81679813825724,93.43468087971816,96.28865748490071,89.7553300434426,82.27398108766616,79.60467383704886,86.04973059951122,82.1159286197583,46.191428114293046,43.340183511371194,46.69148671980706,46.191428114293046,46.191428114293046,22.61651483324036,30.434304063542235,32.03115145192096,45.84928174974793,51.55161477794511,55.45538917938013,55.2623960835526,44.55087274771161,62.56963554581202,48.55133853827646,52.34115074268301,64.91173327967155,62.78893470674678,69.63090036681727,50.44625713747275,49.40230044553158,56.08700113480603,56.02559453878985,48.87593285012171,57.657246601409625,42.37513405888213,44.340318830803675,43.1998130847947
1.0,1000.0,1.0,1.0,100.72428867226273,102.49559361510106,12.086833475875617,2.773586607983009,2.773586607983009,3.6932977336677997,3.6932977336677997,3.6932977336677997,3.6932977336677997,3.6932977336677997,95.17252634861212,95.26121937920742,96.86824119458443,76.93541615775253,79.04008658247602,91.55459986684687,90.78272879463039,90.78272879463039,51.510383336116604,49.37510483367687,51.510383336116604,50.62171129905196,50.62171129905196,37.30676337373381,37.30676337373381,37.30676337373381,60.556453605575705,53.21314431000098,54.77991220968251,37.30676337373381,37.30676337373381,37.30676337373381,37.30676337373381,37.30676337373381,60.556453605575705,60.66259592872935,54.92290305398984,54.92290305398984,60.323992871791354,41.720651377614466,60.05644325975798,60.556453605575705,54.92290305398984,40.48361832725964,40.48361832725964,40.48361832725964,13.087186377697822,13.218811241028568,3.8029418175363943,6.619869583049768,101.66306879155522,118.07734334144342,1.6880158288701026,22.274312321117364,15.605587845272321,2.3198641983298622,4.21539263607746,4.074983979699258,1.2948649351505126,5.5843698453325,89.81679813825724,93.43468087971816,96.28865748490071,89.7553300434426,82.27398108766616,79.60467383704886,86.04973059951122,82.1159286197583,46.191428114293046,43.340183511371194,46.69148671980706,46.191428114293046,46.191428114293046,22.61651483324036,30.434304063542235,32.03115145192096,45.84928174974793,51.55161477794511,55.45538917938013,55.2623960835526,44.55087274771161,62.56963554581202,48.55133853827646,52.34115074268301,64.91173327967155,62.78893470674678,69.63090036681727,50.44625713747275,49.40230044553158,56.08700113480603,56.02559453878985,48.87593285012171,57.657246601409625,42.37513405888213,44.340318830803675,43.1998130847947
1.0,1.0,1000.0,1.0,100.72428867226273,102.49559361510106,12.086833475875617,2.773586607983009,2.773586607983009,3.6932977336677997,3.6932977336677997,3.6932977336677997,3.6932977336677997,3.6932977336677997,95.17252634861212,95.26121937920742,96.86824119458443,76.93541615775253,79.04008658247602,91.55459986684687,90.78272879463039,90.78272879463039,51.510383336116604,49.37510483367687,51.510383336116604,50.62171129905196,50.62171129905196,37.30676337373381,37.30676337373381,37.30676337373381,60.556453605575705,53.21314431000098,54.77991220968251,37.30676337373381,37.30676337373381,37.30676337373381,37.30676337373381,37.30676337373381,60.556453605575705,60.66259592872935,54.92290305398984,54.92290305398984,60.323992871791354,41.720651377614466,60.05644325975798,60.556453605575705,54.92290305398984,40.48361832725964,40.48361832725964,40.48361832725964,13.087186377697822,13.218811241028568,3.8029418175363943,6.619869583049768,101.66306879155522,118.07734334144342,1.6880158288701026,22.274312321117364,15.605587845272321,2.3198641983298622,4.21539263607746,4.074983979699258,1.2948649351505126,5.5843698453325,89.81679813825724,93.43468087971816,96.28865748490071,89.7553300434426,82.27398108766616,79.60467383704886,86.04973059951122,82.1159286197583,46.191428114293046,43.340183511371194,46.69148671980706,46.191428114293046,46.191428114293046,22.61651483324036,30.434304063542235,32.03115145192096,45.84928174974793,51.55161477794511,55.45538917938013,55.2623960835526,44.55087274771161,62.56963554581202,48.55133853827646,52.34115074268301,64.91173327967155,62.78893470674678,69.63090036681727,50.44625713747275,49.40230044553158,56.08700113480603,56.02559453878985,48.87593285012171,57.657246601409625,42.37513405888213,44.340318830803675,43.1998130847947
1.0,1.0,1.0,1000.0,100.72428867226273,102.49559361510106,12.086833475875617,2.773586607983009,2.773586607983009,3.6932977336677997,3.6932977336677997,3.6932977336677997,3.6932977336677997,3.6932977336677997,95.17252634861212,95.26121937920742,96.86824119458443,76.93541615775253,79.04008658247602,91.55459986684687,90.78272879463039,90.78272879463039,51.510383336116604,49.37510483367687,51.510383336116604,50.62171129905196,50.62171129905196,37.30676337373381,37.30676337373381,37.30676337373381,60.556453605575705,53.21314431000098,54.77991220968251,37.30676337373381,37.30676337373381,37.30676337373381,37.30676337373381,37.30676337373381,60.556453605575705,60.66259592872935,54.92290305398984,54.92290305398984,60.323992871791354,41.720651377614466,60.05644325975798,60.556453605575705,54.92290305398984,40.48361832725964,40.48361832725964,40.48361832725964,13.087186377697822,13.218811241028568,3.8029418175363943,6.619869583049768,101.66306879155522,118.07734334144342,1.6880158288701026,22.274312321117364,15.605587845272321,2.3198641983298622,4.21539263607746,4.074983979699258,1.2948649351505126,5.5843698453325,89.81679813825724,93.43468087971816,96.28865748490071,89.7553300434426,82.27398108766616,79.60467383704886,86.04973059951122,82.1159286197583,46.191428114293046,43.340183511371194,46.69148671980706,46.191428114293046,46.191428114293046,22.61651483324036,30.434304063542235,32.03115145192096,45.84928174974793,51.55161477794511,55.45538917938013,55.2623960835526,44.55087274771161,62.56963554581202,48.55133853827646,52.34115074268301,64.91173327967155,62.78893470674678,69.63090036681727,50.44625713747275,49.40230044553158,56.08700113480603,56.02559453878985,48.87593285012171,57.657246601409625,42.37513405888213,44.340318830803675,43.1998130847947
100.72428867226273,100.72428867226273,100.72428867226273,100.72428867226273,1000.0,2.77130514858709,111.81112073359769,98.95070226416681,98.95070226416681,98.03099123927053,98.03099123927053,98.03099123927053,98.03099123927053,98.03099123927053,6.551762922231604,6.4630698826255175,4.856047900877979,24.788874584710225,22.68420402891297,10.16968975627794,10.941560899789794,10.941560899789794,151.23466325262757,149.0993852404591,151.23466325262757,150.3459914208985,150.3459914208985,137.03104635173295,137.03104635173295,137.03104635173295,160.28073132705487,152.93742382792746,154.50419135488215,137.03104635173295,137.03104635173295,137.03104635173295,137.03104635173295,137.03104635173295,160.28073132705487,160.38687362331902,154.64718216488734,154.64718216488734,160.04827065206888,141.4449334545621,159.78072110755298,160.28073132705487,154.64718216488734,140.20790066130996,140.20790066130996,140.20790066130996,112.81147349378189,112.9430983383034,103.52723015906055,106.3441575738627,1.9387802274483814,18.353056992350673,101.41230442163274,121.99859802788113,115.32987459450833,102.04415271711767,103.93968092739897,103.79927228815522,100.4294237708485,105.30865796720205,11.907491643468932,8.289608564065265,5.435631671242809,11.968959743767378,19.45030930260177,22.119616737457182,15.6745595023664,19.608361781871828,145.91570923232302,143.06446524633103,146.41576772768573,145.91570923232302,145.91570923232302,122.34080048372608,130.1585883542423,131.75543544740532,145.57356294280905,151.2758946848845,155.17966816211967,154.98667511281792,144.2751542230259,162.2939127527985,148.27561913135776,152.06543046557186,164.63600987618946,162.51321185711677,169.35517569433148,150.17053729964186,149.12658084613636,155.8112799646721,155.74987338355947,148.60021336998318,157.38152504718286,142.09941599836174,144.0646003515189,142.9240948496376
102.49559361510106,102.49559361510106,102.49559361510106,102.49559361510106,2.77130514858709,1000.0,113.58242562843692,100.72200721421478,100.72200721421478,99.80229619300624,99.80229619300624,99.80229619300624,99.80229619300624,99.80229619300624,8.323068069996442,8.234375030413293,6.6273530490262464,26.56017972098761,24.45550916720452,11.94099490283558,12.712866046021277,12.712866046021277,153.00596793573484,150.87068993667995,153.00596793573484,152.1172961094864,152.1172961094864,138.80235111852278,138.80235111852278,138.80235111852278,162.0520359525105,154.708728500442,156.27549601754382,138.80235111852278,138.80235111852278,138.80235111852278,138.80235111852278,138.80235111852278,162.0520359525105,162.158178248078,156.41848682664474,156.41848682664474,161.81957527904845,143.21623819624085,161.55202573628384,162.0520359525105,156.41848682664474,141.97920541010762,141.97920541010762,141.97920541010762,114.58277838404143,114.71440322795732,105.2985350902414,108.1154624930024,1.8325249211545094,16.581751849225384,103.18360936163953,123.76990287415373,117.10117947305605,103.81545765450691,105.71098585683714,105.57057721818745,102.20072871489442,107.07996289080596,13.678796789258262,10.060913711316378,7.206936819273112,13.740264889527289,21.221614443637865,23.890921876258464,17.445864646070138,21.379666922783656,147.68701394774556,144.83576997859407,148.18707244012,147.68701394774556,147.68701394774556,124.11210532829305,131.92989315852734,133.52674024315215,147.34486766027013,153.04719936773665,156.95097282050213,156.75797977242493,146.04645894817932,164.06521736496217,150.0469238325872,153.83673514352603,166.4073144726779,164.28451646782239,171.12648025854352,151.94184198930793,150.89788554219143,157.58258461903608,157.5211780383149,150.37151806924243,159.15282969148487,143.8707207362485,145.83590507791305,144.695399582721
12.086833475875617,12.086833475875617,12.086833475875617,12.086833475875617,111.81112073359769,113.58242562843692,1000.0,13.86042008092358,13.86042008092358,14.780131204767853,14.780131204767853,14.780131204767853,14.780131204767853,14.780131204767853,106.25935855524313,106.34805158357858,107.9550733576646,88.02224878667482,90.12691916697247,102.64143216396113,101.86956111061949,101.86956111061949,40.4235501171961,38.28827159053831,40.4235501171961,39.53487806990863,39.53487806990863,26.2199300159237,26.2199300159237,26.2199300159237,49.46962050237394,42.12631111124029,43.69307903013592,26.2199300159237,26.2199300159237,26.2199300159237,26.2199300159237,26.2199300159237,49.46962050237394,49.57576282701145,43.83606987622854,43.83606987622854,49.23715976535002,30.63381805736992,48.969610149605444,49.46962050237394,43.83606987622854,29.3967849959784,29.3967849959784,29.3967849959784,2.000352903379272,2.1319777669341002,9.283891661327791,6.4669638967809036,112.74990082754987,129.1641748983565,11.39881764792628,11.187478873164949,4.51875437601576,10.766969279204842,8.871440843055868,9.011849499347361,12.381698410594243,7.502463634380308,100.90363047765382,104.52151313022618,107.37548966294817,100.84216238432072,93.36081360170833,90.69150640943649,97.13656302793453,93.20276113730556,35.104594837240406,32.25335020617486,35.604653447907396,35.104594837240406,35.104594837240406,11.529681386690676,19.34747065727511,20.944318055823942,34.76244846920688,40.46478155950387,44.36855600831373,44.175562910051234,33.464039454208326,51.482802471253024,37.46450528611083,41.254317533504434,53.82490023975995,51.702101635371484,58.54406740104825,39.359423906335294,38.315467202694045,45.00016797177626,44.93876137497419,37.78909960149207,46.570413458808254,31.28830074463706,33.25348553523956,32.1129797782672
2.773586607983009,2.773586607983009,2.773586607983009,2.773586607983009,98.95070226416681,100.72200721421478,13.86042008092358,1000.0,1.0,1.9197111257357433,1.9197111257357433,1.9197111257357433,1.9197111257357433,1.9197111257357433,93.3989399187426,93.48763294967591,95.09465477123292,75.16182966515605,77.26650009642924,89.78101342346032,89.00914234842871,89.00914234842871,53.28396988962213,51.148691391621895,53.28396988962213,52.395297854428115,52.395297854428115,39.08034995321799,39.08034995321799,39.08034995321799,62.33004013817467,54.98673085983072,56.553498756023764,39.08034995321799,39.08034995321799,39.08034995321799,39.08034995321799,39.08034995321799,62.33004013817467,62.43618246106283,56.69648960000764,56.69648960000764,62.09757940497009,43.494237949920716,61.83002979360123,62.33004013817467,56.69648960000764,42.25720490165892,42.25720490165892,42.25720490165892,14.860772982231863,14.992397845491924,5.57652842525546,8.39345619017771,99.88948238726452,116.3037570094472,3.461602436818268,24.047898919001412,17.379174448329877,4.093450806228868,5.988979243730392,5.84857058737549,2.478721672841467,7.35795645271572,88.04321168856673,91.66109444328958,94.5150710593083,87.98174359353138,80.500394612034,77.83108735278972,84.27614413657616,80.34234214360727,47.96501467850622,45.1137700808414,48.46507328306351,47.96501467850622,47.96501467850622,24.390101430809423,32.207890652597584,33.80473803892664,47.62286831460973,53.32520133136306,57.22897572418596,57.03598262879907,46.324459314990726,64.34322207329595,50.324925097883664,54.11473729441019,66.68531980099284,64.56252123366338,71.40448687502848,52.21984369321437,51.17588700342126,57.86058767815901,57.799181082284804,50.64951940907729,59.430833141078956,44.14872063005535,46.11390539846821,44.973399654515006
2.773586607983009,2.773586607983009,2.773586607983009,2.773586607983009,98.95070226416681,100.72200721421478,13.86042008092358,1.0,1000.0,1.9197111257357433,1.9197111257357433,1.9197111257357433,1.9197111257357433,1.9197111257357433,93.3989399187426,93.48763294967591,95.09465477123292,75.16182966515605,77.26650009642924,89.78101342346032,89.00914234842871,89.00914234842871,53.28396988962213,51.148691391621895,53.28396988962213,52.395297854428115,52.395297854428115,39.08034995321799,39.08034995321799,39.08034995321799,62.33004013817467,54.98673085983072,56.553498756023764,39.08034995321799,39.08034995321799,39.08034995321799,39.08034995321799,39.08034995321799,62.33004013817467,62.43618246106283,56.69648960000764,56.69648960000764,62.09757940497009,43.494237949920716,61.83002979360123,62.33004013817467,56.69648960000764,42.25720490165892,42.25720490165892,42.25720490165892,14.860772982231863,14.992397845491924,5.57652842525546,8.39345619017771,99.88948238726452,116.3037570094472,3.461602436818268,24.047898919001412,17.379174448329877,4.093450806228868,5.988979243730392,5.84857058737549,2.478721672841467,7.35795645271572,88.04321168856673,91.66109444328958,94.5150710593083,87.98174359353138,80.500394612034,77.83108735278972,84.27614413657616,80.34234214360727,47.96501467850622,45.1137700808414,48.46507328306351,47.96501467850622,47.96501467850622,24.390101430809423,32.207890652597584,33.80473803892664,47.62286831460973,53.32520133136306,57.22897572418596,57.03598262879907,46.324459314990726,64.34322207329595,50.324925097883664,54.11473729441019,66.68531980099284,64.56252123366338,71.40448687502848,52.21984369321437,51.17588700342126,57.86058767815901,57.799181082284804,50.64951940907729,59.430833141078956,44.14872063005535,46.11390539846821,44.973399654515006
3.6932977336677997,3.6932977336677997,3.6932977336677997,3.6932977336677997,98.03099123927053,99.80229619300624,14.780131204767853,1.9197111257357433,1.9197111257357433,1000.0,1.0,1.0,1.0,1.0,92.4792288827149,92.567921913821,94.17494373853647,74.24211859712456,76.34678903173372,88.86130238052714,88.08943130405791,88.08943130405791,54.203680985606,52.06840248996924,54.203680985606,53.315008951407535,53.315008951407535,40.0000610630814,40.0000610630814,40.0000610630814,63.24975122305731,55.90644195385954,57.473209848198564,40.0000610630814,40.0000610630814,40.0000610630814,40.0000610630814,40.0000610630814,63.24975122305731,63.355893545804754,57.61620069201061,57.61620069201061,63.017290490160065,44.4139490559351,62.7497408791435,63.24975122305731,57.61620069201061,43.176916008794244,43.176916008794244,43.176916008794244,15.780484105780907,15.912108969000531,6.496239550722854,9.313167315257644,98.96977136431455,115.38404602351466,4.381313562465223,24.967610038838103,18.298885571040927,5.013161931832179,6.908690369151642,6.768281712812857,3.3984327985393796,8.277667577957779,87.12350064241451,90.74138340391056,93.59536002546645,87.06203254726644,79.5806835526462,76.91137628900496,83.35643308366407,79.42263108395493,48.88472578019544,46.03348118533861,49.38478438424224,48.88472578019544,48.88472578019544,25.309812550472937,33.12760176762162,34.72444915284193,48.54257941664512,54.2449124273003,58.148686815545155,57.95569372039229,47.244170418316955,65.26293315546833,51.24463619711659,55.034448389447974,67.60503087990223,65.48223231553523,72.32419794700395,53.13955479038832,52.09559810173912,58.78029876874668,58.718892172947875,51.56923050796303,60.350544229711296,45.0684317354634,47.03361650200035,45.89311075914594
3.6932977336677997,3.6932977336677997,3.6932977336677997,3.6932977336677997,98.03099123927053,99.80229619300624,14.780131204767853,1.9197111257357433,1.9197111257357433,1.0,1000.0,1.0,1.0,1.0,92.4792288827149,92.567921913821,94.17494373853647,74.24211859712456,76.34678903173372,88.86130238052714,88.08943130405791,88.08943130405791,54.203680985606,52.06840248996924,54.203680985606,53.315008951407535,53.315008951407535,40.0000610630814,40.0000610630814,40.0000610630814,63.24975122305731,55.90644195385954,57.473209848198564,40.0000610630814,40.0000610630814,40.0000610630814,40.0000610630814,40.0000610630814,63.24975122305731,63.355893545804754,57.61620069201061,57.61620069201061,63.017290490160065,44.4139490559351,62.7497408791435,63.24975122305731,57.61620069201061,43.176916008794244,43.176916008794244,43.176916008794244,15.780484105780907,15.912108969000531,6.496239550722854,9.313167315257644,98.96977136431455,115.38404602351466,4.381313562465223,24.967610038838103,18.298885571040927,5.013161931832179,6.908690369151642,6.768281712812857,3.3984327985393796,8.277667577957779,87.12350064241451,90.74138340391056,93.59536002546645,87.06203254726644,79.5806835526462,76.91137628900496,83.35643308366407,79.42263108395493,48.88472578019544,46.03348118533861,49.38478438424224,48.88472578019544,48.88472578019544,25.309812550472937,33.12760176762162,34.72444915284193,48.54257941664512,54.2449124273003,58.148686815545155,57.95569372039229,47.244170418316955,65.26293315546833,51.24463619711659,55.034448389447974,67.60503087990223,65.48223231553523,72.32419794700395,53.13955479038832,52.09559810173912,58.78029876874668,58.718892172947875,51.56923050796303,60.350544229711296,45.0684317354634,47.03361650200035,45.89311075914594
3.6932977336677997,3.6932977336677997,3.6932977336677997,3.6932977336677997,98.03099123927053,99.80229619300624,14.780131204767853,1.9197111257357433,1.9197111257357433,1.0,1.0,1000.0,1.0,1.0,92.4792288827149,92.567921913821,94.17494373853647,74.24211859712456,76.34678903173372,88.86130238052714,88.08943130405791,88.08943130405791,54.203680985606,52.06840248996924,54.203680985606,53.315008951407535,53.315008951407535,40.0000610630814,40.0000610630814,40.0000610630814,63.24975122305731,55.90644195385954,57.473209848198564,40.0000610630814,40.0000610630814,40.0000610630814,40.0000610630814,40.0000610630814,63.24975122305731,63.355893545804754,57.61620069201061,57.61620069201061,63.017290490160065,44.4139490559351,62.7497408791435,63.24975122305731,57.61620069201061,43.176916008794244,43.176916008794244,43.176916008794244,15.780484105780907,15.912108969000531,6.496239550722854,9.313167315257644,98.96977136431455,115.38404602351466,4.381313562465223,24.967610038838103,18.298885571040927,5.013161931832179,6.908690369151642,6.768281712812857,3.3984327985393796,8.277667577957779,87.12350064241451,90.74138340391056,93.59536002546645,87.06203254726644,79.5806835526462,76.91137628900496,83.35643308366407,79.42263108395493,48.88472578019544,46.03348118533861,49.38478438424224,48.88472578019544,48.88472578019544,25.309812550472937,33.12760176762162,34.72444915284193,48.54257941664512,54.2449124273003,58.148686815545155,57.95569372039229,47.244170418316955,65.26293315546833,51.24463619711659,55.034448389447974,67.60503087990223,65.48223231553523,72.32419794700395,53.13955479038832,52.09559810173912,58.78029876874668,58.718892172947875,51.56923050796303,60.350544229711296,45.0684317354634,47.03361650200035,45.89311075914594
3.6932977336677997,3.6932977336677997,3.6932977336677997,3.6932977336677997,98.03099123927053,99.80229619300624,14.780131204767853,1.9197111257357433,1.9197111257357433,1.0,1.0,1.0,1000.0,1.0,92.4792288827149,92.567921913821,94.17494373853647,74.24211859712456,76.34678903173372,88.86130238052714,88.08943130405791,88.08943130405791,54.203680985606,52.06840248996924,54.203680985606,53.315008951407535,53.315008951407535,40.0000610630814,40.0000610630814,40.0000610630814,63.24975122305731,55.90644195385954,57.473209848198564,40.0000610630814,40.0000610630814,40.0000610630814,40.0000610630814,40.0000610630814,63.24975122305731,63.355893545804754,57.61620069201061,57.61620069201061,63.017290490160065,44.4139490559351,62.7497408791435,63.24975122305731,57.61620069201061,43.176916008794244,43.176916008794244,43.176916008794244,15.780484105780907,15.912108969000531,6.496239550722854,9.313167315257644,98.96977136431455,115.38404602351466,4.381313562465223,24.967610038838103,18.298885571040927,5.013161931832179,6.908690369151642,6.768281712812857,3.3984327985393796,8.277667577957779,87.12350064241451,90.74138340391056,93.59536002546645,87.06203254726644,79.5806835526462,76.91137628900496,83.35643308366407,79.42263108395493,48.88472578019544,46.03348118533861,49.38478438424224,48.88472578019544,48.88472578019544,25.309812550472937,33.12760176762162,34.72444915284193,48.54257941664512,54.2449124273003,58.148686815545155,57.95569372039229,47.244170418316955,65.26293315546833,51.24463619711659,55.034448389447974,67.60503087990223,65.48223231553523,72.32419794700395,53.13955479038832,52.09559810173912,58.78029876874668,58.718892172947875,51.56923050796303,60.350544229711296,45.0684317354634,47.03361650200035,45.89311075914594
3.6932977336677997,3.6932977336677997,3.6932977336677997,3.6932977336677997,98.03099123927053,99.80229619300624,14.780131204767853,1.9197111257357433,1.9197111257357433,1.0,1.0,1.0,1.0,1000.0,92.4792288827149,92.567921913821,94.17494373853647,74.24211859712456,76.34678903173372,88.86130238052714,88.08943130405791,88.08943130405791,54.203680985606,52.06840248996924,54.203680985606,53.315008951407535,53.315008951407535,40.0000610630814,40.0000610630814,40.0000610630814,63.24975122305731,55.90644195385954,57.473209848198564,40.0000610630814,40.0000610630814,40.0000610630814,40.0000610630814,40.0000610630814,63.24975122305731,63.355893545804754,57.61620069201061,57.61620069201061,63.017290490160065,44.4139490559351,62.7497408791435,63.24975122305731,57.61620069201061,43.176916008794244,43.176916008794244,43.176916008794244,15.780484105780907,15.912108969000531,6.496239550722854,9.313167315257644,98.96977136431455,115.38404602351466,4.381313562465223,24.967610038838103,18.298885571040927,5.013161931832179,6.908690369151642,6.768281712812857,3.3984327985393796,8.277667577957779,87.12350064241451,90.74138340391056,93.59536002546645,87.06203254726644,79.5806835526462,76.91137628900496,83.35643308366407,79.42263108395493,48.88472578019544,46.03348118533861,49.38478438424224,48.88472578019544,48.88472578019544,25.309812550472937,33.12760176762162,34.72444915284193,48.54257941664512,54.2449124273003,58.148686815545155,57.95569372039229,47.244170418316955,65.26293315546833,51.24463619711659,55.034448389447974,67.60503087990223,65.48223231553523,72.32419794700395,53.13955479038832,52.09559810173912,58.78029876874668,58.718892172947875,51.56923050796303,60.350544229711296,45.0684317354634,47.03361650200035,45.89311075914594
95.17252634861212,95.17252634861212,95.17252634861212,95.17252634861212,6.551762922231604,8.323068069996442,106.25935855524313,93.3989399187426,93.3989399187426,92.4792288827149,92.4792288827149,92.4792288827149,92.4792288827149,92.4792288827149,1000.0,1.0886930396368135,2.695715021768242,19.237111690017684,17.132441128884455,4.617926836150554,5.389797980326365,5.389797980326365,145.68290171959944,143.54762366732035,145.68290171959944,144.79422987110505,144.79422987110505,131.47928456301372,131.47928456301372,131.47928456301372,154.72896997052388,147.38566232730946,148.95242988441848,131.47928456301372,131.47928456301372,131.47928456301372,131.47928456301372,131.47928456301372,154.72896997052388,154.83511226892205,149.09542069719157,149.09542069719157,154.49650929086923,135.893171742499,154.22895974098864,154.72896997052388,149.09542069719157,134.65613892750864,134.65613892750864,134.65613892750864,107.25971132931693,107.39133617567562,97.9754678706468,100.79239532188157,7.490543149293721,23.904819889408017,95.86054210653771,116.44683599701881,109.77811246558251,96.49239040993349,98.38791864425572,98.24751000321527,94.8776614435499,99.75689570170942,6.355728724942947,2.737845642637089,2.1161312513027273,6.417196825305052,13.898546395472303,16.56785383609312,10.122796588628523,14.056598875058503,140.36394760047898,137.51270356302774,140.8640061049754,140.36394760047898,140.36394760047898,116.78903845805087,124.60682645119282,126.2036735703756,140.0218013047342,145.72413315263665,149.6279067047548,149.43491365170448,138.72339256144429,156.7421514369936,142.72385754290303,146.5136689483094,159.084248608428,156.96145054578014,163.80341452554273,144.61877574655043,143.57481927350483,150.25951851960897,150.19811193729802,143.048451787553,151.82976363292767,136.54765429788006,138.51283868614595,137.37233316382813
95.26121937920742,95.26121937920742,95.26121937920742,95.26121937920742,6.4630698826255175,8.234375030413293,106.34805158357858,93.48763294967591,93.48763294967591,92.567921913821,92.567921913821,92.567921913821,92.567921913821,92.567921913821,1.0886930396368135,1000.0,2.6070219821341905,19.325804729315475,17.221134168255837,4.706619875773775,5.47849101994325,5.47849101994325,145.77159473784357,143.63631668619348,145.77159473784357,144.88292288961205,144.88292288961205,131.56797758526406,131.56797758526406,131.56797758526406,154.81766298599842,147.47435534504524,149.0411229016812,131.56797758526406,131.56797758526406,131.56797758526406,131.56797758526406,131.56797758526406,154.81766298599842,154.9238052843631,149.18411371441093,149.18411371441093,154.58520230641705,135.98186476354914,154.3176527566207,154.81766298599842,149.18411371441093,134.74483194889922,134.74483194889922,134.74483194889922,107.34840435743601,107.48002920376614,98.06416090069466,100.88108835136302,7.4018501096990015,23.81612685030015,95.94923513700014,116.53552902305437,109.86680549314781,96.58108344027303,98.47661167422164,98.33620303320917,94.96635447420182,99.84558873140097,6.444421764550202,2.8265386822706855,2.027438211667076,6.50588986491163,13.987239434939235,16.656546875482725,10.211489628180136,14.145291914521263,140.4526406202723,137.6013965836274,140.95269912462558,140.4526406202723,140.4526406202723,116.87773148400545,124.69551947523166,126.29236659400755,140.1104943246252,145.81282617086856,149.71659972181197,149.5236066688205,138.81208558170366,156.83084445182865,142.81255056201627,146.6023619663063,159.17294162250855,157.050143560545,163.8921075380682,144.70746876510918,143.66351229237,150.34821153647314,150.28680495418104,143.13714480657185,151.91845664930833,136.63634731874882,138.6015317064647,137.46102618446704
96.86824119458443,96.86824119458443,96.86824119458443,96.86824119458443,4.856047900877979,6.6273530490262464,107.9550733576646,95.09465477123292,95.09465477123292,94.17494373853647,94.17494373853647,94.17494373853647,94.17494373853647,94.17494373853647,2.695715021768242,2.6070219821341905,1000.0,20.932826704736456,18.828156145075845,6.313641857546284,7.085513001576939,7.085513001576939,147.37861632785842,145.24333828767112,147.37861632785842,146.48994448441837,146.48994448441837,133.17499924830955,133.17499924830955,133.17499924830955,156.4246845255496,149.0813769257963,150.64814447381207,133.17499924830955,133.17499924830955,133.17499924830955,133.17499924830955,133.17499924830955,156.4246845255496,156.53082682330393,150.79113528575047,150.79113528575047,156.19222384730355,137.5888864047108,155.9246742990416,156.4246845255496,150.79113528575047,136.35185359626772,136.35185359626772,136.35185359626772,108.95542612757068,109.0870509733781,99.67118270606578,102.48811014638308,5.794828128128185,22.209104877039508,97.55625694994822,118.14255075515148,111.47382725316939,98.18810525097491,100.08363347809568,99.94322483759358,96.57337629061439,101.4526105302605,8.05144374597933,4.43356066428972,1.5795837704780467,8.11291184632658,15.594261413591077,18.263568852650277,11.818511608483778,15.752313893092524,142.05966223852275,139.20841821657615,142.55972074026676,142.05966223852275,142.05966223852275,118.48475321462476,126.3025411708961,127.8993882822507,141.71751594465556,147.41984776066036,151.32362129019802,151.13062823827823,140.41910720844854,158.4378659797304,144.41957216787034,148.209383551815,160.7799631366655,158.65716508716855,165.49912902390267,146.31449036085797,145.2705338937027,151.95523310134192,151.89382651939243,144.74416641070445,153.525478205368,138.24336895660335,140.2085533342925,139.06804781813156
76.93541615775253,76.93541615775253,76.93541615775253,76.93541615775253,24.788874584710225,26.56017972098761,88.02224878667482,75.16182966515605,75.16182966515605,74.24211859712456,74.24211859712456,74.24211859712456,74.24211859712456,74.24211859712456,19.237111690017684,19.325804729315475,20.932826704736456,1000.0,3.104670568221443,15.619184864901364,14.847313722373306,14.847313722373306,127.44579387532318,125.31051570187577,127.44579387532318,126.557121976164,126.557121976164,113.24217594926705,113.24217594926705,113.24217594926705,136.49186266115544,129.1485545810517,130.7153222294437,113.24217594926705,113.24217594926705,113.24217594926705,113.24217594926705,113.24217594926705,136.49186266115544,136.59800496603737,130.85831305059992,130.85831305059992,136.25940196731761,117.65606335866724,135.9918524011416,136.49186266115544,130.85831305059992,116.41903047840451,116.41903047840451,116.41903047840451,89.02260160141276,89.15422645315357,79.7383577816337,82.55528533857391,25.72765480584675,42.14193138311277,77.62343194036966,98.20972666241741,91.54100284192943,78.25528026661772,80.15080857050994,80.01039992426405,76.64055124216948,81.51978567915401,13.881382979468722,17.49926605336183,20.35324293681517,13.819914879202388,6.338565308918204,3.6692578625993404,10.114315118740786,6.180512829077504,122.12683945798386,119.27559526563618,122.62689799000354,122.12683945798386,122.12683945798386,98.55192913879112,106.36971749597004,107.96656469270482,121.78469314346883,127.48702531071923,131.39079908945777,131.19780602505108,120.48628432940144,138.5050442514212,124.48674953123282,128.27656115170126,140.84714156905693,138.7243433737976,145.56630778788065,126.38166784164626,125.33771130959123,132.02241094158933,131.9610043556467,124.81134379406286,133.5926561483208,118.31054594884587,120.27573044269324,119.13522485890029
79.04008658247602,79.04008658247602,79.04008658247602,79.04008658247602,22.68420402891297,24.45550916720452,90.12691916697247,77.26650009642924,77.26650009642924,76.34678903173372,76.34678903173372,76.34678903173372,76.34678903173372,76.34678903173372,17.132441128884455,17.221134168255837,18.828156145075845,3.104670568221443,1000.0,13.51451430108854,12.742643158070319,12.742643158070319,129.55046404886875,127.415185888575,129.55046404886875,128.66179215521123,128.66179215521123,115.34684620609362,115.34684620609362,115.34684620609362,138.59653277648536,131.25322474394724,132.8199923824135,115.34684620609362,115.34684620609362,115.34684620609362,115.34684620609362,115.34684620609362,138.59653277648536,138.70267508066027,132.96298320265785,132.96298320265785,138.36407208419405,119.76073359067576,138.09652251979463,138.59653277648536,132.96298320265785,118.52370071746505,118.52370071746505,118.52370071746505,91.12727197740632,91.25889682857719,81.84302819569291,84.65995574152893,23.62298425109822,40.037260853537624,79.72810236251101,100.31439699659224,93.64567320687064,80.35995068636734,82.25547898296747,82.1150703372678,78.74522166799252,83.62445608623602,11.77671241459273,15.39459549086288,18.248572376635686,11.715244314291459,4.233894741112991,1.5645872944142365,8.009644552059322,4.075842261240233,124.23150966387837,121.38026548829848,124.73156819291606,124.23150966387837,124.23150966387837,100.65659947132848,108.47438778953386,110.07123497793933,123.88936335139655,129.59169548400862,133.4954692381111,133.30247617494,122.59095454499264,140.60971435324677,126.59141972294657,130.38123132006857,142.95181165492033,140.82901347414005,147.67097784075915,128.4863380217751,127.44238149612433,134.1270810861861,134.06567450063872,126.91601398380467,135.69732628274753,120.41521617709293,122.38040065951938,121.23989508237779
91.55459986684687,91.55459986684687,91.55459986684687,91.55459986684687,10.16968975627794,11.94099490283558,102.64143216396113,89.78101342346032,89.78101342346032,88.86130238052714,88.86130238052714,88.86130238052714,88.86130238052714,88.86130238052714,4.617926836150554,4.706619875773775,6.313641857546284,15.619184864901364,13.51451430108854,1000.0,1.7718711443159385,1.7718711443159385,142.06497573391636,139.92969765630767,142.06497573391636,141.17630387483322,141.17630387483322,127.86135841608731,127.86135841608731,127.86135841608731,151.1110440964304,143.76773636210174,145.3345039382677,127.86135841608731,127.86135841608731,127.86135841608731,127.86135841608731,127.86135841608731,151.1110440964304,151.21718639617907,145.47749475279036,145.47749475279036,150.8785834138214,132.2752456438543,150.6110338605462,151.1110440964304,145.47749475279036,131.0382128151665,131.0382128151665,131.0382128151665,103.64178494670722,103.7734097942133,94.35754141078199,97.1744688846913,11.10846998273253,27.522746700471888,92.24261563008712,112.82890969799215,106.16018610517814,92.87446393839868,94.76999218766925,94.6295835455112,91.25973495951908,96.13896925610656,2.7378018891773204,2.880081193648568,5.734058087234828,2.799269989557617,10.280619564274602,12.94992700764086,6.50486975455539,10.43867204400692,136.74602155241624,133.89477748251113,137.2460800626754,136.74602155241624,136.74602155241624,113.17111216227477,120.9889002323654,122.58574736789929,136.4038752527408,142.1062071674465,146.009980766884,145.81698771146407,135.10546649462427,153.12422558867718,139.10593152222154,142.89574297258548,155.46632279053244,153.34352470029236,160.1854887703562,141.00084974819595,139.95689326281232,146.64159258951554,146.58018600644704,139.43052577067454,148.2118377223158,132.92972820653458,134.894912616935,133.75440708173156
90.78272879463039,90.78272879463039,90.78272879463039,90.78272879463039,10.941560899789794,12.712866046021277,101.86956111061949,89.00914234842871,89.00914234842871,88.08943130405791,88.08943130405791,88.08943130405791,88.08943130405791,88.08943130405791,5.389797980326365,5.47849101994325,7.085513001576939,14.847313722373306,12.742643158070319,1.7718711443159385,1000.0,1.0,141.29310476558072,139.15782668265084,141.29310476558072,140.40443290427302,140.40443290427302,127.08948741390121,127.08948741390121,127.08948741390121,150.3391731515517,142.99586539806862,144.56263297823952,127.08948741390121,127.08948741390121,127.08948741390121,127.08948741390121,127.08948741390121,150.3391731515517,150.44531545158435,144.70562379312994,144.70562379312994,150.1067124683214,131.50337465179794,149.83916291433232,150.3391731515517,144.70562379312994,130.26634182023582,130.26634182023582,130.26634182023582,102.86991389517704,103.0015387429228,93.58567034312934,96.40259782176702,11.880341126078404,28.294617838408403,91.47074455897783,112.05703866393826,105.38831505828784,92.10259286831369,93.99812112070002,93.85771247830897,90.48786388683065,95.36709819142757,1.9659307448761965,3.6519523379205108,6.505929231320803,2.027398845257993,9.508748420655882,12.178055864504483,5.732998610469449,9.666800900413252,135.97415057097822,133.1229064942596,136.47420908244743,135.97415057097822,135.97415057097822,112.39924112890111,120.21702921510563,121.81387635406618,135.63200427047744,141.33433619921448,145.23810980859625,145.04511675267818,134.33359550924797,152.35235464921988,138.33406054653383,142.1238720063425,154.6944518574746,152.57165376143007,159.4136178504944,140.22897877719822,139.1850222892227,145.8697216328626,145.80831504963476,138.6586547957856,147.43996676975837,132.15785721601014,134.1230416310568,132.9825360931484
90.78272879463039,90.78272879463039,90.78272879463039,90.78272879463039,10.941560899789794,12.712866046021277,101.86956111061949,89.00914234842871,89.00914234842871,88.08943130405791,88.08943130405791,88.08943130405791,88.08943130405791,88.08943130405791,5.389797980326365,5.47849101994325,7.085513001576939,14.847313722373306,12.742643158070319,1.7718711443159385,1.0,1000.0,141.29310476558072,139.15782668265084,141.29310476558072,140.40443290427302,140.40443290427302,127.08948741390121,127.08948741390121,127.08948741390121,150.3391731515517,142.99586539806862,144.56263297823952,127.08948741390121,127.08948741390121,127.08948741390121,127.08948741390121,127.08948741390121,150.3391731515517,150.44531545158435,144.70562379312994,144.70562379312994,150.1067124683214,131.50337465179794,149.83916291433232,150.3391731515517,144.70562379312994,130.26634182023582,130.26634182023582,130.26634182023582,102.86991389517704,103.0015387429228,93.58567034312934,96.40259782176702,11.880341126078404,28.294617838408403,91.47074455897783,112.05703866393826,105.38831505828784,92.10259286831369,93.99812112070002,93.85771247830897,90.48786388683065,95.36709819142757,1.9659307448761965,3.6519523379205108,6.505929231320803,2.027398845257993,9.508748420655882,12.178055864504483,5.732998610469449,9.666800900413252,135.97415057097822,133.1229064942596,136.47420908244743,135.97415057097822,135.97415057097822,112.39924112890111,120.21702921510563,121.81387635406618,135.63200427047744,141.33433619921448,145.23810980859625,145.04511675267818,134.33359550924797,152.35235464921988,138.33406054653383,142.1238720063425,154.6944518574746,152.57165376143007,159.4136178504944,140.22897877719822,139.1850222892227,145.8697216328626,145.80831504963476,138.6586547957856,147.43996676975837,132.15785721601014,134.1230416310568,132.9825360931484
