0.0,6.79048329825506,6.404440914528055,7.423445543555671,6.79048329825506,9.161918368361766,6.79048329825506,9.677700216632902,9.918357518686083,22.004592146944695,19.904879651749262,8.370389418588665,6.463976577061007,6.463976577061007,9.495327480749998,10.570767261830015,10.523136823256134,10.44041032457027,5.325729038444289,7.392965840061607,5.274345235053717,24.93799375961974,22.53924221928038,22.85138387729993,22.601294401008268,15.772399230115804,15.772399230115804,15.772399230115804,16.09696084189399,15.172145513745974,5.501812364703897,7.770189766701196,7.374167269235378,7.392965840061607,7.770189766701196,12.541764757845444,12.541764757845444,15.089492280346382,18.324795975136617,22.52357248235717,22.601294401008268,22.408870080889756,22.593146132575562,22.53924221928038,22.593146132575562,18.8537859770788,18.8537859770788,18.8537859770788,9.671433106928571,3.380074695281226,12.773072467972304,16.276552345947408,3.917761139767541,7.502409424254672,1.9625512074883154,2.3448168867682404,2.470150206306733,5.6662015682695515,6.399427386631982,8.279517522818313,15.499383697346111,2.5453502714903484,2.0440175443466915,6.411961206835803,1.3860220562804566,16.871967791727503,18.501543516110257,16.87823534109892,9.17380150186592,9.618692286314126,8.898093568928426,25.621839390026704,22.600667611099013,25.038909281033224,24.205262296965635,32.944559471655936,33.11370433395983,24.411779080957487,6.385357590073819,7.864182223675922,9.75027933185442,9.712683050340903,12.294262383673876,10.445808055523354,8.854230874946252,2.8774845518190393,3.4101549814220893,16.859432694114993,19.861632293602884,15.781420026655884,15.750082618469898,18.808658761549374,18.81492642918052,21.892397467702878,18.81492642918052,20.46333630470737,21.108918489043873,18.11921765787168,4.13574874674128,5.948210878509719
6.79048329825506,0.0,1.3860423840032836,1.6329622458389745,1.0,3.3714350726692817,1.0,3.8872169216948036,4.127874224124054,16.214108890958244,14.114396386292206,2.579906121875379,1.3265067214302968,1.3265067214302968,3.704844185537116,4.780283968364547,4.732653529706804,4.649927030876702,11.116212330900325,13.183449127993406,11.064828527607766,19.147510518811615,16.748758965891238,17.060900625462025,16.810811147925456,21.562882488085194,21.562882488085194,21.562882488085194,21.887444098327425,20.962628774482187,11.292295656818748,13.560673053685052,13.164650557213422,13.183449127993406,13.560673053685052,18.33224802957656,18.33224802957656,9.299008997565329,12.534312703320019,16.733089228890833,16.810811147925456,16.61838682686032,16.80266287945247,16.748758965891238,16.80266287945247,13.063302707317895,13.063302707317895,13.063302707317895,3.880949811980885,4.410408604048953,6.982589179039807,10.486069066868186,3.8727221595976804,1.7119261266125783,5.827932091382334,5.4456664122787615,5.320333092789661,2.1242817306802513,1.3910559119026846,2.4890342259984424,9.708900415801217,5.245133027633684,5.746465754564788,1.3785220916905296,6.404461242250972,11.081484514645263,12.711060244972291,11.087752064038197,14.964284784990777,15.40917556810664,14.688576852852572,19.83135615308315,16.810184358013103,19.24842604078765,18.414779052153506,38.73504260983998,38.90418747057297,30.202262288483574,12.175840880352487,13.654665510417699,15.540762613242794,15.503166331845216,18.08474565634488,16.236291334699153,14.644714158995702,4.912998747409132,4.380328317912074,11.068949416989746,14.071149027962996,9.990936745987343,9.959599337702949,13.018175491610215,13.024443159266093,16.101914211180954,13.024443159266093,14.672853041655614,15.31843522887526,12.328734385276125,9.926232041287411,1.8422724202972636
6.404440914528055,1.3860423840032836,0.0,2.0190046298365667,1.3860423840032836,3.7574774566148705,1.3860423840032836,4.273259305614708,4.513916608030368,16.60015127286945,14.500438768734618,2.9659485058512565,1.0595356625731582,1.0595356625731582,4.0908865694666385,5.166326352228884,5.118695913574458,5.035969414750025,10.730169947766324,12.79740674525966,10.678786144464777,19.53355289985087,17.134801347654797,17.44694300713706,17.196853529671554,21.176840107748802,21.176840107748802,21.176840107748802,21.50140171810892,20.576586393932693,10.906253273715897,13.174630671032501,12.7786081744757,12.79740674525966,13.174630671032501,17.94620564816855,17.94620564816855,9.685051380932952,12.920355086111028,17.119131610658798,17.196853529671554,17.004429208660348,17.188705261200866,17.134801347654797,17.188705261200866,13.449345089997092,13.449345089997092,13.449345089997092,4.266992195901128,4.024366220136715,7.368631562707013,10.872111450045653,3.4866797756574486,2.0979685106089647,5.441889707568364,5.059624028434794,4.934290708936421,1.7382393466842925,1.0050135278994183,2.87507660997709,10.094942799105985,4.859090643775013,5.360423370744208,1.007520292312779,6.0184188584871245,11.467526897718002,13.097102627726487,11.473794447109801,14.57824240266247,15.023133185888387,14.30253447045783,20.217398533897384,17.196226739759375,19.634468421794214,18.80082143342474,38.34900023830881,38.5181450991546,29.81621991192237,11.789798497414203,13.268623127785776,15.154720231057762,15.117123949650658,17.698703274862403,15.850248952694818,14.25867177659051,4.526956363527672,3.9942859339981323,11.454991800064754,14.457191410415534,10.376979129247143,10.345641720967814,13.404217874299142,13.41048554195367,16.487956593122508,13.41048554195367,15.058895423964318,15.70447761102255,12.714776768109257,9.540189657957287,1.456230036297371
7.423445543555671,1.6329622458389745,2.0190046298365667,0.0,1.6329622458389745,2.738472826889943,1.6329622458389745,3.2542546759499738,3.494911978397957,15.58114664832517,13.481434142819111,1.9469438760580466,1.9594689672647392,1.9594689672647392,3.071881939779205,4.14732172269766,4.099691284035176,4.016964785197,11.749174575164862,13.816411371571194,11.697790771887794,18.51454827756497,16.115796723492373,16.427938383203703,16.177848905554306,22.195844727608705,22.195844727608705,22.195844727608705,22.52040633765286,21.59559101436394,11.92525790102962,14.193635297124144,13.797612800798017,13.816411371571194,14.193635297124144,18.965210270904734,18.965210270904734,8.666046752646238,11.901350459298664,16.10012698648499,16.177848905554306,15.98542458440358,16.169700637077675,16.115796723492373,16.169700637077675,12.430340463472069,12.430340463472069,12.430340463472069,3.2479875662355893,5.043370849688373,6.3496269336636635,9.853106822243383,4.5056844052909195,1.078963880774417,6.460894336839727,6.078628657790975,5.953295338318925,2.7572439764906407,2.0240181577358656,1.8560719801779086,9.075938170979144,5.878095273172959,6.379428000034219,2.0114843375239646,7.037423487617684,10.448522270183393,12.078098001008689,10.454789819578096,15.597247027877543,16.042137810806405,15.32153909585235,19.19839391219536,16.177222115641673,18.61546379959311,17.7818168105373,39.368004834673094,39.53714969521864,30.835224521689856,12.808803124280495,14.287627753821596,16.17372485588615,16.13612857450474,18.717707897798807,16.869253577035984,15.27767640201325,5.545960992990672,5.013290563554725,10.43598717252434,13.438186784473933,9.357974501234844,9.326637092942605,12.3852132477491,12.391480915407099,15.468951968499782,12.391480915407099,14.039890798393523,14.685472985868307,11.695772141188739,10.559194285891055,2.47523466611826
6.79048329825506,1.0,1.3860423840032836,1.6329622458389745,0.0,3.3714350726692817,1.0,3.8872169216948036,4.127874224124054,16.214108890958244,14.114396386292206,2.579906121875379,1.3265067214302968,1.3265067214302968,3.704844185537116,4.780283968364547,4.732653529706804,4.649927030876702,11.116212330900325,13.183449127993406,11.064828527607766,19.147510518811615,16.748758965891238,17.060900625462025,16.810811147925456,21.562882488085194,21.562882488085194,21.562882488085194,21.887444098327425,20.962628774482187,11.292295656818748,13.560673053685052,13.164650557213422,13.183449127993406,13.560673053685052,18.33224802957656,18.33224802957656,9.299008997565329,12.534312703320019,16.733089228890833,16.810811147925456,16.61838682686032,16.80266287945247,16.748758965891238,16.80266287945247,13.063302707317895,13.063302707317895,13.063302707317895,3.880949811980885,4.410408604048953,6.982589179039807,10.486069066868186,3.8727221595976804,1.7119261266125783,5.827932091382334,5.4456664122787615,5.320333092789661,2.1242817306802513,1.3910559119026846,2.4890342259984424,9.708900415801217,5.245133027633684,5.746465754564788,1.3785220916905296,6.404461242250972,11.081484514645263,12.711060244972291,11.087752064038197,14.964284784990777,15.40917556810664,14.688576852852572,19.83135615308315,16.810184358013103,19.24842604078765,18.414779052153506,38.73504260983998,38.90418747057297,30.202262288483574,12.175840880352487,13.654665510417699,15.540762613242794,15.503166331845216,18.08474565634488,16.236291334699153,14.644714158995702,4.912998747409132,4.380328317912074,11.068949416989746,14.071149027962996,9.990936745987343,9.959599337702949,13.018175491610215,13.024443159266093,16.101914211180954,13.024443159266093,14.672853041655614,15.31843522887526,12.328734385276125,9.926232041287411,1.8422724202972636
9.161918368361766,3.3714350726692817,3.7574774566148705,2.738472826889943,3.3714350726692817,0.0,3.3714350726692817,1.515781849106215,1.7564391515829767,13.842673828866653,11.742961321251252,1.7915289508616716,3.697941794051835,3.697941794051835,1.3334091129167014,2.4088488959838337,2.3612184573128214,2.27849195846026,13.487647396717751,15.554884191043119,13.436263593488071,16.776075461637987,14.377323904626744,14.68946556469469,14.439376086758957,23.934317535155785,23.934317535155785,23.934317535155785,24.258879144625347,23.334063822951542,13.663730722418522,15.932108116179597,15.536085620290397,15.554884191043119,15.932108116179597,20.703683083712846,20.703683083712846,6.927573927560551,10.162877636373848,14.361654167601664,14.439376086758957,14.246951765391294,14.43122781827308,14.377323904626744,14.43122781827308,10.691867640979503,10.691867640979503,10.691867640979503,1.5095147393911423,6.781843675649267,4.611154107540894,8.114633997854124,6.244157231450298,2.659508946120732,8.199367162167126,7.817101483304948,7.691768163891543,4.495716803136509,3.762490984513416,1.8824008467420432,7.3374653461212995,7.616568098780163,8.117900825402355,3.749957164303394,8.775896312641697,8.710049446185543,10.339625178225827,8.716316995584517,17.335719845283744,17.78061062765708,17.060011913594902,17.459921097189582,14.43874929684561,16.876990983799743,16.043343993664347,41.106477600254145,41.27562246026893,32.573697311072266,14.54727594480925,16.026100572771515,17.912197672569484,17.874601391236027,20.45618071097562,18.607726392811898,17.016149219808756,7.284433818745247,6.75176338952733,8.697514348517961,11.699713962866301,7.619501676541512,7.588164268230682,10.646740425218795,10.653008092882025,13.730479148919722,10.653008092882025,12.301417977352587,12.947000165467289,9.957299318101915,12.29766710848744,4.213707492819833
6.79048329825506,1.0,1.3860423840032836,1.6329622458389745,1.0,3.3714350726692817,0.0,3.8872169216948036,4.127874224124054,16.214108890958244,14.114396386292206,2.579906121875379,1.3265067214302968,1.3265067214302968,3.704844185537116,4.780283968364547,4.732653529706804,4.649927030876702,11.116212330900325,13.183449127993406,11.064828527607766,19.147510518811615,16.748758965891238,17.060900625462025,16.810811147925456,21.562882488085194,21.562882488085194,21.562882488085194,21.887444098327425,20.962628774482187,11.292295656818748,13.560673053685052,13.164650557213422,13.183449127993406,13.560673053685052,18.33224802957656,18.33224802957656,9.299008997565329,12.534312703320019,16.733089228890833,16.810811147925456,16.61838682686032,16.80266287945247,16.748758965891238,16.80266287945247,13.063302707317895,13.063302707317895,13.063302707317895,3.880949811980885,4.410408604048953,6.982589179039807,10.486069066868186,3.8727221595976804,1.7119261266125783,5.827932091382334,5.4456664122787615,5.320333092789661,2.1242817306802513,1.3910559119026846,2.4890342259984424,9.708900415801217,5.245133027633684,5.746465754564788,1.3785220916905296,6.404461242250972,11.081484514645263,12.711060244972291,11.087752064038197,14.964284784990777,15.40917556810664,14.688576852852572,19.83135615308315,16.810184358013103,19.24842604078765,18.414779052153506,38.73504260983998,38.90418747057297,30.202262288483574,12.175840880352487,13.654665510417699,15.540762613242794,15.503166331845216,18.08474565634488,16.236291334699153,14.644714158995702,4.912998747409132,4.380328317912074,11.068949416989746,14.071149027962996,9.990936745987343,9.959599337702949,13.018175491610215,13.024443159266093,16.101914211180954,13.024443159266093,14.672853041655614,15.31843522887526,12.328734385276125,9.926232041287411,1.8422724202972636
9.677700216632902,3.8872169216948036,4.273259305614708,3.2542546759499738,3.8872169216948036,1.515781849106215,3.8872169216948036,0.0,1.2406573024789067,13.326891981624069,11.227179473438632,2.307310799955693,4.2137236430558636,4.2137236430558636,1.18237273619023,1.893067046892443,1.8454366082201656,1.7627101093655337,14.003429243908789,16.070666037561836,13.95204544069453,16.260293615365235,13.861542057545853,14.173683717711313,13.923594239697268,24.45009937791396,24.45009937791396,24.45009937791396,24.774660987204417,23.84984566603437,14.179512569556227,16.44788996256474,16.051867466815686,16.070666037561836,16.44788996256474,21.219464928117716,21.219464928117716,6.411792078832162,9.647095788200609,13.84587232051594,13.923594239697268,13.731169918270359,13.915445971208866,13.861542057545853,13.915445971208866,10.176085792920459,10.176085792920459,10.176085792920459,1.0062671097151101,7.297625524326244,4.095372258566357,7.5988521493008205,6.759939080200446,3.175290795184405,8.715149010618497,8.33288333182183,8.207550012429152,5.011498652077442,4.278272833512897,2.3981826958337193,6.82168349744962,8.132349947330027,8.633682673867975,4.265739013303767,9.29167816098774,8.194267597732551,9.82384333009001,8.200535147132623,17.851501691142285,18.29639247333898,17.575793759560565,16.94413925117197,13.92296744978373,16.361209137563947,15.5275621471304,41.62225943010536,41.79140428995817,33.089479148211716,15.063057791668292,16.54188241912285,18.427979518198242,18.390383236880012,20.971962555496457,19.12350823815296,17.53193106579129,7.800215667347661,7.267545238208581,8.18173250006277,11.183932115043028,7.10371982791115,7.072382419595636,10.130958577149752,10.13722624481437,13.214697301644055,10.13722624481437,11.78563612968146,12.431218317968872,9.441517469886076,12.813448956019677,4.7294893417847845
9.918357518686083,4.127874224124054,4.513916608030368,3.494911978397957,4.127874224124054,1.7564391515829767,4.127874224124054,1.2406573024789067,0.0,13.086234679963443,10.98652217152077,2.5479681024234737,4.454380945473726,4.454380945473726,1.4230300386687125,1.6524097444167394,1.6047793057440696,1.522052806888816,14.24408654544002,16.311323338770777,14.192702742233175,16.01963631414492,13.620884755958455,13.93302641616811,13.682936938118571,24.690756677333432,24.690756677333432,24.690756677333432,25.01531828653897,24.090502965607822,14.420169871061844,16.68854726370979,16.292524768027775,16.311323338770777,16.68854726370979,21.46012222831895,21.46012222831895,6.171134776507039,9.40643848612106,13.605215018926351,13.682936938118571,13.490512616664814,13.674788669629024,13.620884755958455,13.674788669629024,9.93542849089199,9.93542849089199,9.93542849089199,1.2469244121940084,7.538282826578685,3.8547149561360157,7.358194847052455,7.000596382489264,3.415948097634416,8.955806312759776,8.573540633995265,8.44820731461278,5.252155954462549,4.51893013592837,2.6388399983000284,6.581026195149251,8.373007249519691,8.874339976016241,4.506396315719707,9.53233546307748,7.9536102955285095,9.583186028027187,7.959877844929071,18.092158992035785,18.53704977414822,17.81645106050519,16.703481950067857,13.682310148204943,16.12055183636046,15.286904845791264,41.86291672343119,42.032061583207735,33.330136444973625,15.303715093040212,16.782539720251727,18.668636818982133,18.63104053767116,21.21261985575283,19.36416553879973,17.772588366743978,8.040872969563221,7.508202540463142,7.941075197857756,10.943274813120375,6.863062525628886,6.831725117311318,9.890301275116805,9.896568942782041,12.974039999968463,9.896568942782041,11.544978827827297,12.1905610161926,9.200860167787505,13.054106257715059,4.970146644182271
22.004592146944695,16.214108890958244,16.60015127286945,15.58114664832517,16.214108890958244,13.842673828866653,16.214108890958244,13.326891981624069,13.086234679963443,0.0,3.0997125142222095,14.634202776564749,16.540615610625863,16.540615610625863,13.509264717172469,12.433824937604172,12.481455376134585,12.564181874739786,26.33032113277704,28.39755790289283,26.27893733011708,3.9334016463205783,1.5346500778544976,1.846791739222533,1.5967022602406227,36.776991123093346,36.776991123093346,36.776991123093346,37.10155272693077,36.17673742114164,26.50640445651368,28.774781823340216,28.37875933237159,28.39755790289283,28.774781823340216,33.546356724325264,33.546356724325264,7.9150999133160065,4.679796202369575,1.5189803407656552,1.5967022602406227,1.404277938092918,1.588553991721275,1.5346500778544976,1.588553991721275,4.15080619683196,4.15080619683196,4.15080619683196,13.333159091317432,19.624517472937157,10.231519731094947,6.7280398429519765,19.086831032502886,15.502182767931963,21.042040948715698,20.659775272865893,20.53444195442146,17.33839061525701,16.605164800741,14.725074672058392,7.505208494824261,20.459241889887032,20.960574612600105,16.592630980598443,21.618570094484586,6.132624394274298,4.503048660224434,6.126356844870574,30.17839353426078,30.623284310628463,29.902685606235256,4.6172472857541695,1.5960754703247004,4.034317169038003,3.200670174490905,53.949150804769225,54.11829566014005,45.4163707278908,27.389949668773365,28.86877427875071,30.754871353742217,30.717275072923698,33.29885435536977,31.450400064308052,29.85882291302779,20.127107612360568,19.59443718703032,6.14515949195131,3.1429598727161183,7.223172164394349,7.254509572708558,4.195933412678565,4.189665745003476,1.1121946803652059,4.189665745003476,2.5412558566155603,1.895673666533209,4.885374520959469,25.140340857342167,17.056381306557338
19.904879651749262,14.114396386292206,14.500438768734618,13.481434142819111,14.114396386292206,11.742961321251252,14.114396386292206,11.227179473438632,10.98652217152077,3.0997125142222095,0.0,12.53449026987377,14.440903106408182,14.440903106408182,11.409552209185675,10.334112428492086,10.381742867069987,10.464469365758186,24.230608646759336,26.29784542189675,24.179224843979807,6.033114159836619,3.634362592009329,3.9465042533253847,3.696414774385863,34.677278666667,34.677278666667,34.677278666667,35.001840271592215,34.07702496273026,24.40669197090769,26.675069343304834,26.279046851327998,26.29784542189675,26.675069343304834,31.446644257624875,31.446644257624875,5.815387400687655,2.5800836884256038,3.6186928549228496,3.696414774385863,3.5039904522666996,3.6882665058677953,3.634362592009329,3.6882665058677953,2.051093682768225,2.051093682768225,2.051093682768225,11.233446583138772,17.524804973459148,8.131807220024603,4.6283273297244705,16.987118532132754,13.40247026232381,18.942328451722744,18.560062775183784,18.434729456516443,15.238678112177858,14.505452296613164,12.62536216547739,5.405495981973762,18.359529391849,18.86086211545911,14.492918476453125,19.518857598557577,4.032911880797098,2.403336146237468,4.026644331390926,28.0786810579204,28.523571835498846,27.802973129154115,6.716959798987322,3.695787984470039,6.134029682515109,5.300382688260441,51.84943841986459,52.01858327608169,43.31665830388601,25.290237185278286,26.76906179895684,28.655158878974362,28.617562598052317,31.199141887923762,29.35068759148008,27.759110435829466,18.02739511374156,17.494724687501666,4.045446978479016,1.043247358498343,5.123459651400344,5.154797059730123,2.0962208986240025,2.0899532309476276,2.987517833867672,2.0899532309476276,1.5584566576478314,2.2040388477405966,2.785662007069271,23.040628368620304,14.95666880306874
8.370389418588665,2.579906121875379,2.9659485058512565,1.9469438760580466,2.579906121875379,1.7915289508616716,2.579906121875379,2.307310799955693,2.5479681024234737,14.634202776564749,12.53449026987377,0.0,2.9064128432831984,2.9064128432831984,2.12493806377159,3.2003778467894493,3.152747408121504,3.0700209092740747,12.696118448499929,14.763355243808164,12.644734645247793,17.56760440777841,15.168852852064054,15.480994511974979,15.23090503416533,23.142788593493748,23.142788593493748,23.142788593493748,23.467350203230477,22.54253488080548,12.872201774278379,15.140579169140729,14.744556673045809,14.763355243808164,15.140579169140729,19.912154139600123,19.912154139600123,7.719102877702267,10.95440658558713,15.153183115046762,15.23090503416533,15.038480712893142,15.22275676568352,15.168852852064054,15.22275676568352,11.483396590005041,11.483396590005041,11.483396590005041,2.3010436902408262,5.99031472530962,5.40268305811512,8.906162947699086,5.452628281011071,1.867979995285113,7.407838212140189,7.025572533186517,6.900239213744262,3.704187852445837,2.970962033750231,1.0908718958818218,8.128994296166297,6.825039148615848,7.326371875355473,2.9584282135391393,7.984367362762765,9.501578395862493,11.131154127377503,9.507845945259632,16.544190899019824,16.98908168165371,16.268482967173117,18.251450042922293,15.230278244252297,17.668519929881057,16.834872940222926,40.314948677993414,40.48409353825274,31.7821683778286,13.755746997075864,15.234571625782303,17.120668726644553,17.083072445288618,19.664651766690785,17.81619744731203,16.224620273362106,6.492904868508146,5.960234439181836,9.489043298198581,12.491242911506188,8.411030626516439,8.379693218213536,11.438269374260742,11.444537041921697,14.522008096671234,11.444537041921697,13.092946925744764,13.738529113579165,10.748828267385436,11.506138159774128,3.4221785420989685
6.463976577061007,1.3265067214302968,1.0595356625731582,1.9594689672647392,1.3265067214302968,3.697941794051835,1.3265067214302968,4.2137236430558636,4.454380945473726,16.540615610625863,14.440903106408182,2.9064128432831984,0.0,1.0,4.031350906906228,5.106790689679005,5.059160251024047,4.976433752198703,10.789705610209746,12.856942407642272,10.738321806909566,19.47401723774306,17.075265685434218,17.387407344930274,17.137317867453696,21.236375769765417,21.236375769765417,21.236375769765417,21.560937380107497,20.636122055981904,10.965788936154592,13.23416633340276,12.838143836858915,12.856942407642272,13.23416633340276,18.005741310348995,18.005741310348995,9.625515718461685,12.860819423730124,17.059595948437533,17.137317867453696,16.944893546434088,17.12916959898265,17.075265685434218,17.12916959898265,13.389809427633669,13.389809427633669,13.389809427633669,4.207456533342229,4.083901882697175,7.309095900188515,10.812575787604239,3.546215438221988,2.038432848037358,5.5014253701142986,5.119159690985187,4.993826371488188,1.7977750092566493,1.0645491904725761,2.8155409474085653,10.035407136644594,4.9186263063275835,5.419959033291128,1.0520153702603798,6.077954521025586,11.407991235293007,13.037566965351338,11.414258784684982,14.637778064983348,15.082668848192489,14.362070132788828,20.15786287182458,17.136691077541492,19.574932759691485,18.74128577128083,38.40853589897512,38.57768075980357,29.875755573360607,11.849334159827913,13.328158790152893,15.2142558933568,15.176659611951147,17.75823893705422,15.909784614966293,14.318207438923103,4.586492026083609,4.053821596558843,11.395456137639403,14.39765574808751,10.317443466792813,10.286106058512686,13.344682211934199,13.350949879588937,16.428420930874193,13.350949879588937,14.999359761658745,15.644941948742161,12.655241105721764,9.599725320430428,1.5157656988702093
6.463976577061007,1.3265067214302968,1.0595356625731582,1.9594689672647392,1.3265067214302968,3.697941794051835,1.3265067214302968,4.2137236430558636,4.454380945473726,16.540615610625863,14.440903106408182,2.9064128432831984,1.0,0.0,4.031350906906228,5.106790689679005,5.059160251024047,4.976433752198703,10.789705610209746,12.856942407642272,10.738321806909566,19.47401723774306,17.075265685434218,17.387407344930274,17.137317867453696,21.236375769765417,21.236375769765417,21.236375769765417,21.560937380107497,20.636122055981904,10.965788936154592,13.23416633340276,12.838143836858915,12.856942407642272,13.23416633340276,18.005741310348995,18.005741310348995,9.625515718461685,12.860819423730124,17.059595948437533,17.137317867453696,16.944893546434088,17.12916959898265,17.075265685434218,17.12916959898265,13.389809427633669,13.389809427633669,13.389809427633669,4.207456533342229,4.083901882697175,7.309095900188515,10.812575787604239,3.546215438221988,2.038432848037358,5.5014253701142986,5.119159690985187,4.993826371488188,1.7977750092566493,1.0645491904725761,2.8155409474085653,10.035407136644594,4.9186263063275835,5.419959033291128,1.0520153702603798,6.077954521025586,11.407991235293007,13.037566965351338,11.414258784684982,14.637778064983348,15.082668848192489,14.362070132788828,20.15786287182458,17.136691077541492,19.574932759691485,18.74128577128083,38.40853589897512,38.57768075980357,29.875755573360607,11.849334159827913,13.328158790152893,15.2142558933568,15.176659611951147,17.75823893705422,15.909784614966293,14.318207438923103,4.586492026083609,4.053821596558843,11.395456137639403,14.39765574808751,10.317443466792813,10.286106058512686,13.344682211934199,13.350949879588937,16.428420930874193,13.350949879588937,14.999359761658745,15.644941948742161,12.655241105721764,9.599725320430428,1.5157656988702093
9.495327480749998,3.704844185537116,4.0908865694666385,3.071881939779205,3.704844185537116,1.3334091129167014,3.704844185537116,1.18237273619023,1.4230300386687125,13.509264717172469,11.409552209185675,2.12493806377159,4.031350906906228,4.031350906906228,0.0,2.0754397830786724,2.0278093444067755,1.945082845552761,13.821056508413799,15.88829330230744,13.769672705194019,16.44266635057479,14.043914793037825,14.356056453169238,14.105966975182536,24.267726644000877,24.267726644000877,24.267726644000877,24.592288253355115,23.667472932005662,13.99713983408034,16.2655172273581,15.869494731558943,15.88829330230744,16.2655172273581,21.037092193617898,21.037092193617898,6.594164814896316,9.829468524072963,14.0282450560096,14.105966975182536,13.913542653776313,14.097818706695017,14.043914793037825,14.097818706695017,10.358458528753173,10.358458528753173,10.358458528753173,1.1761056264751244,7.115252788296534,4.277744994714327,7.781224885304717,6.577566344144117,2.992918059012239,8.532776274670528,8.150510595850164,8.025177276449984,4.829125915951225,4.095900097364959,2.2158099596505725,7.004056233494291,7.949977211346423,8.451309937914854,4.083366277155497,9.109305425077814,8.376640333701804,10.006216065949381,8.382907883101499,17.669128956123792,18.11401973838356,17.39342102450381,17.12651198629226,14.105340185269064,16.543581872760576,15.709934882431293,41.43988670077984,41.60903156069016,32.907106416297324,14.880685056292164,16.359509683928295,18.245606783261795,18.20801050193813,20.78958982095529,18.94113550331921,17.349558330728513,7.617842931345012,7.0851725021773175,8.364105236032785,11.366304850793775,7.2860925639416045,7.254755155627702,10.313331312985937,10.31959898065007,13.397070037203996,10.31959898065007,11.968008865379247,12.613591053606488,9.623890205773208,12.63107622040239,4.547116605649684
10.570767261830015,4.780283968364547,5.166326352228884,4.14732172269766,4.780283968364547,2.4088488959838337,4.780283968364547,1.893067046892443,1.6524097444167394,12.433824937604172,10.334112428492086,3.2003778467894493,5.106790689679005,5.106790689679005,2.0754397830786724,0.0,1.0476304386730988,1.1303569375289373,14.896496287111397,16.963733079540937,14.845112483925327,15.367226572940275,12.968475013790577,13.280616674115896,13.030527195973457,25.343166413140903,25.343166413140903,25.343166413140903,25.667728022111927,24.742912701840694,15.072579612661436,17.3409570043017,16.9449345088067,16.963733079540937,17.3409570043017,22.112531966288742,22.112531966288742,5.518725032438378,8.754028742675075,12.95280527675274,13.030527195973457,12.838102874449481,13.022378927480911,12.968475013790577,13.022378927480911,9.283018747577444,9.283018747577444,9.283018747577444,1.8993341566074382,8.190692570294473,3.202305211812944,6.70578510317608,7.653006126310821,4.068357841940667,9.608216056155346,9.225950377483095,9.10061705812991,5.904565698568409,5.171339880126311,3.2912497426608036,5.928616451142244,9.025416993054174,9.526749719431841,5.158806059919083,10.184745206325648,7.301200551764376,8.930776284624192,7.307468101166177,18.74456873192711,19.189459513805172,18.468860800538778,16.05107220916913,13.029900406059594,15.468142095200086,14.63449510427425,42.51532644249057,42.6844713020581,33.982546173461614,15.956124834265601,17.434949460798567,19.321046558568636,19.283450277277847,21.865029593875388,20.01657527800522,18.424998106799983,8.693282713172335,8.160612284185072,7.288665454091151,10.290865070079283,6.210652781667208,6.179315373344485,9.237891531790721,9.244159199457554,12.321630257570112,9.244159199457554,10.892569084963858,11.538151273531748,8.548450424292689,13.706515999847278,5.622556388325445
10.523136823256134,4.732653529706804,5.118695913574458,4.099691284035176,4.732653529706804,2.3612184573128214,4.732653529706804,1.8454366082201656,1.6047793057440696,12.481455376134585,10.381742867069987,3.152747408121504,5.059160251024047,5.059160251024047,2.0278093444067755,1.0476304386730988,0.0,1.0827264988558503,14.84886584864787,16.916102641144562,14.797482045460251,15.414857011388325,13.016105452307364,13.328247112624444,13.078157634488623,25.295535975112358,25.295535975112358,25.295535975112358,25.620097584100712,24.69528226378069,15.024949174203266,17.293326565918594,16.89730407040968,16.916102641144562,17.293326565918594,22.064901528100208,22.064901528100208,5.566355471089037,8.801659181282403,13.00043571526994,13.078157634488623,12.88573331296965,13.070009365996295,13.016105452307364,13.070009365996295,9.330649186175524,9.330649186175524,9.330649186175524,1.8517037179351727,8.143062131677278,3.249935650480654,6.7534155418134825,7.605375687685551,4.020727403277654,9.560585617562461,9.178319938883226,9.052986619527816,5.856935259921235,5.123709441471931,3.243619303993298,5.9762468897886745,8.977786554450768,9.47911928083744,5.111175621264589,10.137114767743906,7.348830990393976,8.9784067232285,7.355098539795692,18.69693829359607,19.14182907549154,18.42123036219717,16.098702647595296,13.077530844574783,15.515772533644968,14.682125542744618,42.46769600569606,42.63684086527895,33.934915735973135,15.90849439583533,17.387319022418815,19.273416120260233,19.235819838967945,21.817399155675535,19.968944839725097,18.377367668456714,8.645652274563261,8.11298184556741,7.336295892720924,10.33849550865806,6.2582832203105125,6.226945811988148,9.285521970389615,9.291789638056336,12.369260696103302,9.291789638056336,10.940199523530065,11.58578171208359,8.596080862903445,13.658885561349326,5.57492594967536
10.44041032457027,4.649927030876702,5.035969414750025,4.016964785197,4.649927030876702,2.27849195846026,4.649927030876702,1.7627101093655337,1.522052806888816,12.564181874739786,10.464469365758186,3.0700209092740747,4.976433752198703,4.976433752198703,1.945082845552761,1.1303569375289373,1.0827264988558503,0.0,14.766139350152605,16.83337614276543,14.714755546962305,15.49758350984974,13.098831950888775,13.41097361119147,13.160884133067205,25.212809477370012,25.212809477370012,25.212809477370012,25.537371086388394,24.612555765983867,14.942222675717264,17.210600067562396,16.814577572029414,16.83337614276543,17.210600067562396,21.982175030080775,21.982175030080775,5.649081969904791,8.884385680022099,13.083162213852061,13.160884133067205,12.968459811556963,13.152735864575245,13.098831950888775,13.152735864575245,9.413375684899028,9.413375684899028,9.413375684899028,1.76897721908056,8.060335632916768,3.3326621493265893,6.836142040605916,7.522649188911147,3.9380009044385753,9.477859118843826,9.095593440152548,8.970260120793313,5.774208761109211,5.040982942647575,3.16089280514661,6.058973388596976,8.895060055713994,9.396392782116193,5.0284491224400405,10.054388269044479,7.431557489172713,9.061133221962903,7.4378250385742755,18.614211795329968,19.059102577255555,18.33850386391278,16.18142914601853,13.16025734315339,15.598499032100865,14.764852041244994,42.38496951009279,42.554114369702326,33.85218923916665,15.825767897397569,17.304592524068415,19.1906896220333,19.15309334073842,21.734672657636516,19.886218341547096,18.29464117016945,8.562925775816726,8.030255346806094,7.419022391499961,10.421222007347794,6.34100971911332,6.309672310791578,9.36824846911454,9.374516136781066,12.451987194713354,9.374516136781066,11.022926022197812,11.668508210726227,8.678807361649149,13.57615906279456,5.492199450858354
5.325729038444289,11.116212330900325,10.730169947766324,11.749174575164862,11.116212330900325,13.487647396717751,11.116212330900325,14.003429243908789,14.24408654544002,26.33032113277704,24.230608646759336,12.696118448499929,10.789705610209746,10.789705610209746,13.821056508413799,14.896496287111397,14.84886584864787,14.766139350152605,0.0,3.06723680292683,1.0513838034123304,29.263722731175513,26.864971202636983,27.17711285918509,26.92702338407388,11.446670206972387,11.446670206972387,11.446670206972387,11.771231819572952,10.846416489136764,1.1760833263381423,3.4444607298967878,3.048438232084873,3.06723680292683,3.4444607298967878,8.216035727656852,8.216035727656852,19.415221293120684,22.650524976479943,26.84930146578714,26.92702338407388,26.734599064855253,26.918875115679434,26.864971202636983,26.918875115679434,23.179514976356668,23.179514976356668,23.179514976356668,13.997162134217895,7.70580373214509,17.09880148766182,20.602281354767477,8.243490176119103,11.828138455729054,6.288280245428503,6.670545924457342,6.7958792439072155,9.99193060255976,10.725156419877761,12.605246552900205,19.825112708786456,6.871079309036165,6.369746582235797,10.737690240062804,5.711751094544612,21.19769679845945,22.827272516769607,21.20396434780852,4.848072466538664,5.292963251536633,4.572364533280172,29.947568358010635,26.926396594167578,29.3646382520677,28.530991272246382,28.618830520799623,28.787975384107657,20.086050086845166,2.0596285521949254,3.5384531869582236,5.42455029724706,5.386954015684583,7.968533353031015,6.120079021872323,4.528501839248323,7.203213589110029,7.735884018258804,21.185161700891626,24.187361288792864,20.107149037159108,20.075811629078018,23.134387761005595,23.140655428612003,26.218126454047592,23.140655428612003,24.789065297361304,25.434647478897453,22.444946660002792,2.1899802920726597,10.273939912410809
7.392965840061607,13.183449127993406,12.79740674525966,13.816411371571194,13.183449127993406,15.554884191043119,13.183449127993406,16.070666037561836,16.311323338770777,28.39755790289283,26.29784542189675,14.763355243808164,12.856942407642272,12.856942407642272,15.88829330230744,16.963733079540937,16.916102641144562,16.83337614276543,3.06723680292683,0.0,3.1186206063340043,31.33095949358062,28.932207971407784,29.24434962715822,28.994260152686838,9.379433408195263,9.379433408195263,9.379433408195263,9.703995021090583,8.77917968984086,2.8911534766044618,1.3772239270136444,1.0187985708437814,1.0,1.3772239270136444,6.148798926490882,6.148798926490882,21.482458078205237,24.7177617551223,28.91653823459774,28.994260152686838,28.801835833956506,28.986111884313136,28.932207971407784,28.986111884313136,25.246751753851825,25.246751753851825,25.246751753851825,16.064398927879267,9.773040532286625,19.166038276752356,22.66951813760298,10.31072697585304,13.895375252047051,8.355517046513528,8.737782725306655,8.863116044676234,12.059167400779295,12.7923932173762,14.672483348317494,21.892349493109432,8.938316109756295,8.436983383271746,12.804927037548476,7.7789878959589895,23.264933580116804,24.894509295031593,23.27120112945329,2.7808356639365313,3.225726449062549,2.505127730608103,32.014805118501755,28.993633362782123,31.431875014193125,30.598228036653435,26.55159375136957,26.720738615106274,18.018813299326446,2.0076082507824835,1.471216384088064,3.357313494814445,3.3197172132399526,5.901296551722878,4.0528422196861795,2.4612650365657913,9.270450389607833,9.80312081837826,23.252398482574126,26.254598064029334,22.174385820948864,22.143048412927396,25.201624538599646,25.207892206192327,28.28536322444221,25.207892206192327,26.856302071203665,27.501884251206114,24.512183439083866,4.257217094815906,12.341176710359013
5.274345235053717,11.064828527607766,10.678786144464777,11.697790771887794,11.064828527607766,13.436263593488071,11.064828527607766,13.95204544069453,14.192702742233175,26.27893733011708,24.179224843979807,12.644734645247793,10.738321806909566,10.738321806909566,13.769672705194019,14.845112483925327,14.797482045460251,14.714755546962305,1.0513838034123304,3.1186206063340043,0.0,29.212338928699907,26.81358740000912,27.12572905657628,26.87563958144979,11.498054010255514,11.498054010255514,11.498054010255514,11.822615622847941,10.89780029243428,1.2274671297504256,3.495844533301935,3.099822035492139,3.1186206063340043,3.495844533301935,8.267419531007414,8.267419531007414,19.36383749010591,22.599141173617227,26.797917663158334,26.87563958144979,26.68321526221951,26.867491313054852,26.81358740000912,26.867491313054852,23.12813117352115,23.12813117352115,23.12813117352115,13.945778331003451,7.654419928785263,17.047417684553253,20.550897551805644,8.192106372768066,11.776754652453983,6.236896442048763,6.619162121082508,6.744495440534063,9.940546799242007,10.6737726165761,12.553862749645583,19.773728905789593,6.819695505664041,6.318362778857071,10.686306436761427,5.660367291158123,21.146312995525424,22.775888713915904,21.15258054487478,4.899456269933326,5.344347054927002,4.62374833667726,29.896184555580884,26.87501279154344,29.31325444959878,28.479607469722836,28.67021432331046,28.839359186607417,20.1374338898269,2.1110123556058698,3.5898369903628136,5.475934100636069,5.438337819073984,8.019917156385727,6.171462825253472,4.579885642645779,7.151829785742603,7.684500214899451,21.133777897957,24.135977486010965,20.05576523417479,20.0244278260923,23.08300395816773,23.08927162577447,26.166742651380982,23.08927162577447,24.737681494612563,25.38326367618523,22.39356285712969,2.138596488661924,10.222556109099093
