0.0,1.0,1.0,12.065455132401805,16.141508545635133,15.087037968241242,18.244226570851367,20.799017648066897,21.214650617505605,13.56765889725917,2.287488218544282,2.287488218544282,2.287488218544282,2.287488218544282,2.287488218544282,2.287488218544282,2.287488218544282,12.358952969813567,13.065945093915172,11.68123408260161,11.247681473311708,11.791190484773646,11.791190484773646,15.693293848534546,12.580122399783571,16.141508545635133,14.503364967660803,16.049523946745396,11.70924577284887,11.937102485162221,3.8086159692624055,6.011453315602981,1.8782647910040646,16.10513280310962,9.340417080565272,12.856480669445302,20.98049088764188,21.47808127126671,21.331730782877756,19.178324064461723,1.5187642753278934,3.608909984477686,1.8239215686150638,3.826288803510223,4.929914999172578,1.7979947404305472,1.3883390953555883,9.946622051920258,9.762669630999218,9.758488899911672,11.535322627783804,13.425088184029285,13.425088184029285,6.413985861127294,10.73678693854857,12.60980682002486,9.791934755799478,9.791934755799478,3.8221084350979035,10.314528377260368
1.0,0.0,1.0,12.065455132401805,16.141508545635133,15.087037968241242,18.244226570851367,20.799017648066897,21.214650617505605,13.56765889725917,2.287488218544282,2.287488218544282,2.287488218544282,2.287488218544282,2.287488218544282,2.287488218544282,2.287488218544282,12.358952969813567,13.065945093915172,11.68123408260161,11.247681473311708,11.791190484773646,11.791190484773646,15.693293848534546,12.580122399783571,16.141508545635133,14.503364967660803,16.049523946745396,11.70924577284887,11.937102485162221,3.8086159692624055,6.011453315602981,1.8782647910040646,16.10513280310962,9.340417080565272,12.856480669445302,20.98049088764188,21.47808127126671,21.331730782877756,19.178324064461723,1.5187642753278934,3.608909984477686,1.8239215686150638,3.826288803510223,4.929914999172578,1.7979947404305472,1.3883390953555883,9.946622051920258,9.762669630999218,9.758488899911672,11.535322627783804,13.425088184029285,13.425088184029285,6.413985861127294,10.73678693854857,12.60980682002486,9.791934755799478,9.791934755799478,3.8221084350979035,10.314528377260368
1.0,1.0,0.0,12.065455132401805,16.141508545635133,15.087037968241242,18.244226570851367,20.799017648066897,21.214650617505605,13.56765889725917,2.287488218544282,2.287488218544282,2.287488218544282,2.287488218544282,2.287488218544282,2.287488218544282,2.287488218544282,12.358952969813567,13.065945093915172,11.68123408260161,11.247681473311708,11.791190484773646,11.791190484773646,15.693293848534546,12.580122399783571,16.141508545635133,14.503364967660803,16.049523946745396,11.70924577284887,11.937102485162221,3.8086159692624055,6.011453315602981,1.8782647910040646,16.10513280310962,9.340417080565272,12.856480669445302,20.98049088764188,21.47808127126671,21.331730782877756,19.178324064461723,1.5187642753278934,3.608909984477686,1.8239215686150638,3.826288803510223,4.929914999172578,1.7979947404305472,1.3883390953555883,9.946622051920258,9.762669630999218,9.758488899911672,11.535322627783804,13.425088184029285,13.425088184029285,6.413985861127294,10.73678693854857,12.60980682002486,9.791934755799478,9.791934755799478,3.8221084350979035,10.314528377260368
12.065455132401805,12.065455132401805,12.065455132401805,0.0,5.076053447823644,4.021582859698393,7.178771498151456,9.73356261252675,10.149195588700417,2.5022037754414894,13.352943342015807,13.352943342015807,13.352943342015807,13.352943342015807,13.352943342015807,13.352943342015807,13.352943342015807,1.2934978392810392,2.0004899682815234,1.3842210521014655,1.8177736637895188,1.2742646492877405,1.2742646492877405,4.6278387460095765,1.514667270723407,5.076053447823644,3.4379098537127852,4.984068847948253,1.3562093616920177,1.1283526480267405,14.87407107978043,17.076908402746266,11.187190346420302,5.039677704907219,3.725038064584462,1.7910255423018917,9.915035855018619,10.41262624683005,10.266275756004566,8.112869004502684,11.546690860145405,9.45654516030674,11.241533568523693,9.239166341960802,8.135540148965639,12.863449867516922,12.453794225260113,3.118833091113312,3.302785512720035,3.3069662438227243,1.5301325077498729,2.3596330610985703,2.3596330610985703,6.651469288441787,2.3286682011083277,1.5443516911664799,3.2735203878132277,3.2735203878132277,9.243346710360418,2.750926764288052
16.141508545635133,16.141508545635133,16.141508545635133,5.076053447823644,0.0,2.05447058878199,3.102718053004836,5.657509173082035,6.073142150437324,3.5738496731792506,17.42899674793494,17.42899674793494,17.42899674793494,17.42899674793494,17.42899674793494,17.42899674793494,17.42899674793494,4.7825556087715055,4.075563480176516,5.460274499571733,5.893827110787894,5.35031809686536,5.35031809686536,1.4482147021492076,4.56138617747815,1.0,2.6381435949340903,1.09198459995092,5.432262809190109,5.2044060957391105,18.950124476173027,21.15296178364258,15.263243764249166,1.0363757429467102,7.801091508585515,4.285027906057502,5.838982416081086,6.336572809352661,6.190222318087152,4.036815561129311,15.622744276131789,13.532598586256691,15.317586986077476,13.315219768843187,12.211593580280415,16.939503276297756,16.529847636359605,7.194886536229839,7.378838957514109,7.383019688609307,5.6061859550699875,3.716420387486493,3.716420387486493,10.727522724922798,6.404721647451065,4.531701757053542,7.3495738326595355,7.3495738326595355,13.319400137225056,6.8269802100075765
15.087037968241242,15.087037968241242,15.087037968241242,4.021582859698393,2.05447058878199,0.0,4.157188641433076,6.71197976044683,7.1276127375634015,2.5193790846057547,16.374526172640664,16.374526172640664,16.374526172640664,16.374526172640664,16.374526172640664,16.374526172640664,16.374526172640664,3.7280850205397496,3.021092891725948,4.405803911599808,4.8393565230079005,4.295847508847945,4.295847508847945,1.606255886647266,3.5069155891722095,2.05447058878199,1.583673006203071,1.9624859888357888,4.377792221206471,4.149935507663326,17.89565390358834,20.098491215421692,14.208773185524906,2.0180948458372536,6.746620921888227,3.230557317666203,6.893453003343912,7.3910433963179205,7.244692905142665,5.091286149249317,14.568273697942098,12.47812800515267,14.263116407433134,12.260749187462926,11.157122997575678,15.885032700184292,15.475377059580305,6.1404159491463055,6.324368370543633,6.328549101641443,4.551715367160414,2.661949798945198,2.661949798945198,9.673052140642447,5.350251059923,3.477231168738042,6.295103245670831,6.295103245670831,12.264929555850056,5.772509622708771
18.244226570851367,18.244226570851367,18.244226570851367,7.178771498151456,3.102718053004836,4.157188641433076,0.0,3.5547911213407404,3.9704240990326194,5.676567724904862,19.531714768532407,19.531714768532407,19.531714768532407,19.531714768532407,19.531714768532407,19.531714768532407,19.531714768532407,6.885273659410164,6.178281531488687,7.562992549464908,7.9965451601528885,7.453036146886127,7.453036146886127,3.55093275503256,6.6641042283389345,3.102718053004836,4.740861647287726,3.194702652934307,7.534980859116031,7.307124145925223,21.052842490857007,23.255679788885715,17.365961792412918,3.139093795943279,9.903809555151646,6.387745957181215,3.736264364482244,4.233854758180266,4.087504266783879,1.9340975084257557,17.725462303108948,15.635316619746511,17.420305014063626,15.417937802956791,14.314311617405384,19.04222129869298,18.63256566022001,9.297604583769546,9.481557004766659,9.485737735855247,7.70890400478987,5.8191384391000645,5.8191384391000645,12.830240765687572,8.507439696142292,6.634419807943347,9.452291879958251,9.452291879958251,15.422118171326758,8.92969825809998
20.799017648066897,20.799017648066897,20.799017648066897,9.73356261252675,5.657509173082035,6.71197976044683,3.5547911213407404,0.0,1.415632977851075,8.231358841881162,22.086505839362495,22.086505839362495,22.086505839362495,22.086505839362495,22.086505839362495,22.086505839362495,22.086505839362495,9.440064774339493,8.73307264766117,10.117783663081235,10.551336272866955,10.007827260723555,10.007827260723555,6.105723874692822,9.218895343671054,5.657509173082035,7.295652765589348,5.749493772930172,10.08977197278898,9.861915260051223,23.607633553588183,25.81047083882262,19.92075287373742,5.693884915988575,12.458600663319018,8.942537072998856,1.181473243205534,1.6790636371226788,1.5327131456552179,2.6206936131102387,20.28025338277572,18.190107708582115,19.975096095139698,17.972728892680912,16.869102711451482,21.597012372001476,21.187356735554854,11.852395693484084,12.036348114021758,12.040528845099804,10.26369511810797,8.373929555854566,8.373929555854566,15.3850318650478,11.062230807730737,9.189210923328565,12.00708298928703,12.00708298928703,17.976909261033914,11.484489368707123
21.214650617505605,21.214650617505605,21.214650617505605,10.149195588700417,6.073142150437324,7.1276127375634015,3.9704240990326194,1.415632977851075,0.0,8.646991818571589,22.50213880768215,22.50213880768215,22.50213880768215,22.50213880768215,22.50213880768215,22.50213880768215,22.50213880768215,9.855697750621587,9.148705624189565,10.533416639107488,10.966969248719403,10.423460236792632,10.423460236792632,6.5213568519523495,9.634528320032459,6.073142150437324,7.711285742553695,6.165126750266496,10.50540494882619,10.277548236176337,24.023266520495454,26.226103803511158,20.33638584389934,6.109517893336408,12.874233638312928,9.358170049456467,1.2341597346464321,1.2634306592753553,1.117080167805451,3.0363265908920893,20.695886352645548,18.60574068007384,20.390729065257812,18.38836186433074,17.28473568387321,22.012645340754833,21.6029897046634,12.268028668767471,12.45198108921894,12.45616182029501,10.679328094076611,8.789562532500025,8.789562532500025,15.800664838426547,11.477863783368225,9.604843899700455,12.422715964498021,12.422715964498021,18.392542232680714,11.900122344158651
13.56765889725917,13.56765889725917,13.56765889725917,2.5022037754414894,3.5738496731792506,2.5193790846057547,5.676567724904862,8.231358841881162,8.646991818571589,0.0,14.855147104429342,14.855147104429342,14.855147104429342,14.855147104429342,14.855147104429342,14.855147104429342,14.855147104429342,2.2087059361874153,1.5017138071981169,2.8864248274878577,3.319977439086782,2.776468424692193,2.776468424692193,3.1256349711540192,1.9875365047567135,3.5738496731792506,1.9357060784446465,3.481865073258036,2.8584131370831853,2.6305564234523207,16.376274838980486,18.579112156666046,12.68939411279957,3.53747393024455,5.227241839150057,1.7111782331823555,8.41283208459544,8.9104224770423,8.76407198602603,6.610665232092279,13.04889462591594,10.958748929340544,12.743737334812206,10.74137011129574,9.637743919718286,14.365653630889398,13.955997989407004,4.621036865971461,4.804989287495319,4.809170018596065,3.03233628310946,1.1425707143576513,1.1425707143576513,8.153673060808199,3.830871976263866,1.9578520843146408,4.775724162602039,4.775724162602039,10.745550479689635,4.253130539296485
2.287488218544282,2.287488218544282,2.287488218544282,13.352943342015807,17.42899674793494,16.374526172640664,19.531714768532407,22.086505839362495,22.50213880768215,14.855147104429342,0.0,1.0,1.0,1.0,1.0,1.0,1.0,13.646441178973204,14.353433301934245,12.968722292793446,12.535169684132473,13.078678694802084,13.078678694802084,16.980782051744498,13.867610608593406,17.42899674793494,15.790853173160171,17.337012149234113,12.996733982999231,13.22459069497139,2.5211277509976755,4.723965098280168,3.1657530094239354,17.392621005484262,10.627905293861737,14.143968877809089,22.267979078451646,22.765569460722364,22.61921897273502,20.46581225990648,2.8062524938108853,4.8963982023572115,3.1114097870455604,5.113777021294203,6.217403216376218,1.4894934781392886,1.8991491232115356,11.23411026448127,11.050157843788469,11.04597711270606,12.822810838190042,14.712576391444024,14.712576391444024,7.70147407729971,12.024275150079005,13.897295028787257,11.079422968552711,11.079422968552711,5.109596652883778,11.602016589351663
2.287488218544282,2.287488218544282,2.287488218544282,13.352943342015807,17.42899674793494,16.374526172640664,19.531714768532407,22.086505839362495,22.50213880768215,14.855147104429342,1.0,0.0,1.0,1.0,1.0,1.0,1.0,13.646441178973204,14.353433301934245,12.968722292793446,12.535169684132473,13.078678694802084,13.078678694802084,16.980782051744498,13.867610608593406,17.42899674793494,15.790853173160171,17.337012149234113,12.996733982999231,13.22459069497139,2.5211277509976755,4.723965098280168,3.1657530094239354,17.392621005484262,10.627905293861737,14.143968877809089,22.267979078451646,22.765569460722364,22.61921897273502,20.46581225990648,2.8062524938108853,4.8963982023572115,3.1114097870455604,5.113777021294203,6.217403216376218,1.4894934781392886,1.8991491232115356,11.23411026448127,11.050157843788469,11.04597711270606,12.822810838190042,14.712576391444024,14.712576391444024,7.70147407729971,12.024275150079005,13.897295028787257,11.079422968552711,11.079422968552711,5.109596652883778,11.602016589351663
2.287488218544282,2.287488218544282,2.287488218544282,13.352943342015807,17.42899674793494,16.374526172640664,19.531714768532407,22.086505839362495,22.50213880768215,14.855147104429342,1.0,1.0,0.0,1.0,1.0,1.0,1.0,13.646441178973204,14.353433301934245,12.968722292793446,12.535169684132473,13.078678694802084,13.078678694802084,16.980782051744498,13.867610608593406,17.42899674793494,15.790853173160171,17.337012149234113,12.996733982999231,13.22459069497139,2.5211277509976755,4.723965098280168,3.1657530094239354,17.392621005484262,10.627905293861737,14.143968877809089,22.267979078451646,22.765569460722364,22.61921897273502,20.46581225990648,2.8062524938108853,4.8963982023572115,3.1114097870455604,5.113777021294203,6.217403216376218,1.4894934781392886,1.8991491232115356,11.23411026448127,11.050157843788469,11.04597711270606,12.822810838190042,14.712576391444024,14.712576391444024,7.70147407729971,12.024275150079005,13.897295028787257,11.079422968552711,11.079422968552711,5.109596652883778,11.602016589351663
2.287488218544282,2.287488218544282,2.287488218544282,13.352943342015807,17.42899674793494,16.374526172640664,19.531714768532407,22.086505839362495,22.50213880768215,14.855147104429342,1.0,1.0,1.0,0.0,1.0,1.0,1.0,13.646441178973204,14.353433301934245,12.968722292793446,12.535169684132473,13.078678694802084,13.078678694802084,16.980782051744498,13.867610608593406,17.42899674793494,15.790853173160171,17.337012149234113,12.996733982999231,13.22459069497139,2.5211277509976755,4.723965098280168,3.1657530094239354,17.392621005484262,10.627905293861737,14.143968877809089,22.267979078451646,22.765569460722364,22.61921897273502,20.46581225990648,2.8062524938108853,4.8963982023572115,3.1114097870455604,5.113777021294203,6.217403216376218,1.4894934781392886,1.8991491232115356,11.23411026448127,11.050157843788469,11.04597711270606,12.822810838190042,14.712576391444024,14.712576391444024,7.70147407729971,12.024275150079005,13.897295028787257,11.079422968552711,11.079422968552711,5.109596652883778,11.602016589351663
2.287488218544282,2.287488218544282,2.287488218544282,13.352943342015807,17.42899674793494,16.374526172640664,19.531714768532407,22.086505839362495,22.50213880768215,14.855147104429342,1.0,1.0,1.0,1.0,0.0,1.0,1.0,13.646441178973204,14.353433301934245,12.968722292793446,12.535169684132473,13.078678694802084,13.078678694802084,16.980782051744498,13.867610608593406,17.42899674793494,15.790853173160171,17.337012149234113,12.996733982999231,13.22459069497139,2.5211277509976755,4.723965098280168,3.1657530094239354,17.392621005484262,10.627905293861737,14.143968877809089,22.267979078451646,22.765569460722364,22.61921897273502,20.46581225990648,2.8062524938108853,4.8963982023572115,3.1114097870455604,5.113777021294203,6.217403216376218,1.4894934781392886,1.8991491232115356,11.23411026448127,11.050157843788469,11.04597711270606,12.822810838190042,14.712576391444024,14.712576391444024,7.70147407729971,12.024275150079005,13.897295028787257,11.079422968552711,11.079422968552711,5.109596652883778,11.602016589351663
2.287488218544282,2.287488218544282,2.287488218544282,13.352943342015807,17.42899674793494,16.374526172640664,19.531714768532407,22.086505839362495,22.50213880768215,14.855147104429342,1.0,1.0,1.0,1.0,1.0,0.0,1.0,13.646441178973204,14.353433301934245,12.968722292793446,12.535169684132473,13.078678694802084,13.078678694802084,16.980782051744498,13.867610608593406,17.42899674793494,15.790853173160171,17.337012149234113,12.996733982999231,13.22459069497139,2.5211277509976755,4.723965098280168,3.1657530094239354,17.392621005484262,10.627905293861737,14.143968877809089,22.267979078451646,22.765569460722364,22.61921897273502,20.46581225990648,2.8062524938108853,4.8963982023572115,3.1114097870455604,5.113777021294203,6.217403216376218,1.4894934781392886,1.8991491232115356,11.23411026448127,11.050157843788469,11.04597711270606,12.822810838190042,14.712576391444024,14.712576391444024,7.70147407729971,12.024275150079005,13.897295028787257,11.079422968552711,11.079422968552711,5.109596652883778,11.602016589351663
2.287488218544282,2.287488218544282,2.287488218544282,13.352943342015807,17.42899674793494,16.374526172640664,19.531714768532407,22.086505839362495,22.50213880768215,14.855147104429342,1.0,1.0,1.0,1.0,1.0,1.0,0.0,13.646441178973204,14.353433301934245,12.968722292793446,12.535169684132473,13.078678694802084,13.078678694802084,16.980782051744498,13.867610608593406,17.42899674793494,15.790853173160171,17.337012149234113,12.996733982999231,13.22459069497139,2.5211277509976755,4.723965098280168,3.1657530094239354,17.392621005484262,10.627905293861737,14.143968877809089,22.267979078451646,22.765569460722364,22.61921897273502,20.46581225990648,2.8062524938108853,4.8963982023572115,3.1114097870455604,5.113777021294203,6.217403216376218,1.4894934781392886,1.8991491232115356,11.23411026448127,11.050157843788469,11.04597711270606,12.822810838190042,14.712576391444024,14.712576391444024,7.70147407729971,12.024275150079005,13.897295028787257,11.079422968552711,11.079422968552711,5.109596652883778,11.602016589351663
12.358952969813567,12.358952969813567,12.358952969813567,1.2934978392810392,4.7825556087715055,3.7280850205397496,6.885273659410164,9.440064774339493,9.855697750621587,2.2087059361874153,13.646441178973204,13.646441178973204,13.646441178973204,13.646441178973204,13.646441178973204,13.646441178973204,13.646441178973204,0.0,1.7069921290109895,1.6777188913786367,2.1112715030570586,1.5677624885664665,1.5677624885664665,4.334340906908136,1.2211694314440587,4.7825556087715055,3.144412014509376,4.690571008885511,1.649707200969619,1.4218504873069753,15.167568916137288,17.370406238111016,11.480688184113644,4.746179865850857,4.018535903743286,1.4975277030266978,9.621538016878075,10.119128408822586,9.972777917957202,7.819371165941532,11.840188697726267,9.750042998487656,11.535031406200279,9.532664180196647,8.429037987458667,13.156947704652891,12.747292062540028,3.4123309303184133,3.596283351912248,3.6004640830146326,1.8236303470244262,2.0661352218390587,2.0661352218390587,6.944967127223469,2.622166040357348,1.2508538518874688,3.567018227007558,3.567018227007558,9.536844548595221,3.044424603515911
13.065945093915172,13.065945093915172,13.065945093915172,2.0004899682815234,4.075563480176516,3.021092891725948,6.178281531488687,8.73307264766117,9.148705624189565,1.5017138071981169,14.353433301934245,14.353433301934245,14.353433301934245,14.353433301934245,14.353433301934245,14.353433301934245,14.353433301934245,1.7069921290109895,0.0,2.3847110203560513,2.8182636319957535,2.2747546175515625,2.2747546175515625,3.6273487782104277,1.4858226975707745,4.075563480176516,2.437419885608631,3.983578880268271,2.356699329949073,2.128842616300928,15.874561037597278,18.077398357102314,12.187680308924975,4.039187737246996,4.725528032351835,1.2094644259880196,8.914545890305778,9.41213628255305,9.265785791596786,7.112379038420551,12.54718082225378,10.45703512453542,12.242023530969302,10.239656306384521,9.136030114305543,13.863939828061598,13.454284186310154,4.119323059060134,4.303275480616339,4.307456211717841,2.530622475990312,1.3591430928417654,1.3591430928417654,7.651959254818794,3.329158169233148,1.456138277127614,4.274010355717799,4.274010355717799,10.24383667478043,3.751416732325622
11.68123408260161,11.68123408260161,11.68123408260161,1.3842210521014655,5.460274499571733,4.405803911599808,7.562992549464908,10.117783663081235,10.533416639107488,2.8864248274878577,12.968722292793446,12.968722292793446,12.968722292793446,12.968722292793446,12.968722292793446,12.968722292793446,12.968722292793446,1.6777188913786367,2.3847110203560513,0.0,1.4335526116949484,1.1099564028143114,1.1099564028143114,5.012059797828118,1.8988883228158766,5.460274499571733,3.822130905680496,5.368289899711439,1.0280116904096417,1.2558684040753636,14.489850031324195,16.692687355559784,10.802969296263056,5.423898756661318,3.3408170126070784,2.175246594385281,10.299256905509566,10.796847297140214,10.650496806368901,8.497090055568005,11.16246981013067,9.072324109534012,10.857312518387666,8.854945291119027,7.751319097801733,12.479228818067249,12.069573175627387,2.7346120390833346,2.9185644607045056,2.9227451918075387,1.1459114556499117,2.743854113153936,2.743854113153936,6.267248236919559,1.9444471490312676,1.9285727432581163,2.889299335795312,2.889299335795312,8.859125659519954,2.3667057122331308
11.247681473311708,11.247681473311708,11.247681473311708,1.8177736637895188,5.893827110787894,4.8393565230079005,7.9965451601528885,10.551336272866955,10.966969248719403,3.319977439086782,12.535169684132473,12.535169684132473,12.535169684132473,12.535169684132473,12.535169684132473,12.535169684132473,12.535169684132473,2.1112715030570586,2.8182636319957535,1.4335526116949484,0.0,1.5435090145079484,1.5435090145079484,5.445612409131816,2.332440934484543,5.893827110787894,4.255683517173871,5.8018425109462815,1.4615643021043065,1.689421015766441,14.056297423500416,16.259134749129256,10.36941668658603,5.85745136788491,2.907264401010134,2.608799206038741,10.73280951522033,11.23039990663806,11.084049415930494,8.93064266595923,10.728917200607999,8.638771499193542,10.423759908733608,8.421392680704542,7.317766487043563,12.045676209158556,11.636020566519496,2.3010594274379246,2.4850118490720963,2.489192580175442,1.287641156045958,3.177406724765571,3.177406724765571,5.83369562578369,1.5108945373469096,2.3621253549253103,2.4557467241607345,2.4557467241607345,8.425573049106871,1.9331531005661748
11.791190484773646,11.791190484773646,11.791190484773646,1.2742646492877405,5.35031809686536,4.295847508847945,7.453036146886127,10.007827260723555,10.423460236792632,2.776468424692193,13.078678694802084,13.078678694802084,13.078678694802084,13.078678694802084,13.078678694802084,13.078678694802084,13.078678694802084,1.5677624885664665,2.2747546175515625,1.1099564028143114,1.5435090145079484,0.0,1.0,4.902103395100898,1.7889319200055116,5.35031809686536,3.7121745029087703,5.258333497000605,1.0819447124046824,1.14591200126126,14.599806433115905,16.80264375699148,10.912925698535934,5.313942353953169,3.450773415389453,2.0652901915779363,10.189300503170347,10.68689089485349,10.540540404066451,8.38713365306166,11.272426212363312,9.182280511980387,10.967268920654554,8.964901693584828,7.8612755003580395,12.589185220140191,12.179529577752092,2.8445684418798356,3.0285208634971523,3.0327015946000944,1.2558678584640153,2.6338977103554786,2.6338977103554786,6.377204639576143,2.0544035518400365,1.818616340448035,2.999255738588597,2.999255738588597,8.96908206198539,2.4766621150362083
11.791190484773646,11.791190484773646,11.791190484773646,1.2742646492877405,5.35031809686536,4.295847508847945,7.453036146886127,10.007827260723555,10.423460236792632,2.776468424692193,13.078678694802084,13.078678694802084,13.078678694802084,13.078678694802084,13.078678694802084,13.078678694802084,13.078678694802084,1.5677624885664665,2.2747546175515625,1.1099564028143114,1.5435090145079484,1.0,0.0,4.902103395100898,1.7889319200055116,5.35031809686536,3.7121745029087703,5.258333497000605,1.0819447124046824,1.14591200126126,14.599806433115905,16.80264375699148,10.912925698535934,5.313942353953169,3.450773415389453,2.0652901915779363,10.189300503170347,10.68689089485349,10.540540404066451,8.38713365306166,11.272426212363312,9.182280511980387,10.967268920654554,8.964901693584828,7.8612755003580395,12.589185220140191,12.179529577752092,2.8445684418798356,3.0285208634971523,3.0327015946000944,1.2558678584640153,2.6338977103554786,2.6338977103554786,6.377204639576143,2.0544035518400365,1.818616340448035,2.999255738588597,2.999255738588597,8.96908206198539,2.4766621150362083
15.693293848534546,15.693293848534546,15.693293848534546,4.6278387460095765,1.4482147021492076,1.606255886647266,3.55093275503256,6.105723874692822,6.5213568519523495,3.1256349711540192,16.980782051744498,16.980782051744498,16.980782051744498,16.980782051744498,16.980782051744498,16.980782051744498,16.980782051744498,4.334340906908136,3.6273487782104277,5.012059797828118,5.445612409131816,4.902103395100898,4.902103395100898,0.0,4.113171475580211,1.4482147021492076,2.189928892829049,1.3562301021990302,4.984048107441129,4.756191393947834,18.501909781155224,20.704747090509915,14.815029066571023,1.4118389592028366,7.352876807415852,3.836813204119484,6.287197117651021,6.784787510802947,6.638437019573793,4.485030263038848,15.174529578685808,13.084383887543236,14.869372288434052,12.867005070009323,11.763378880868412,16.491288579752393,16.08163293952559,6.746671834887671,6.930624256222525,6.9348049873188895,5.157971253354878,3.2682056854769073,3.2682056854769073,10.279308024820677,5.956506945909089,4.0834870551511315,6.901359131359801,6.901359131359801,12.871185438393491,6.378765508568851
12.580122399783571,12.580122399783571,12.580122399783571,1.514667270723407,4.56138617747815,3.5069155891722095,6.6641042283389345,9.218895343671054,9.634528320032459,1.9875365047567135,13.867610608593406,13.867610608593406,13.867610608593406,13.867610608593406,13.867610608593406,13.867610608593406,13.867610608593406,1.2211694314440587,1.4858226975707745,1.8988883228158766,2.332440934484543,1.7889319200055116,1.7889319200055116,4.113171475580211,0.0,4.56138617747815,2.923242583111464,4.469401577584694,1.870876632407345,1.643019918747998,15.388738345296188,17.591575666509605,11.701857614300899,4.5250104345545274,4.23970533507786,1.276358271584178,9.400368586243793,9.89795897828572,9.751608487391108,7.5982017350006705,12.061358127826688,9.971212429052295,11.756200836374594,9.753833610803937,8.650207418266113,13.378117134410475,12.96846149240845,3.633500361691351,3.8174527832744145,3.821633514376546,2.044799778458853,1.844965790405081,1.844965790405081,7.166136558256984,2.8433354717679347,1.0296844204434934,3.7881876583714895,3.7881876583714895,9.758013979201701,3.265594034908119
16.141508545635133,16.141508545635133,16.141508545635133,5.076053447823644,1.0,2.05447058878199,3.102718053004836,5.657509173082035,6.073142150437324,3.5738496731792506,17.42899674793494,17.42899674793494,17.42899674793494,17.42899674793494,17.42899674793494,17.42899674793494,17.42899674793494,4.7825556087715055,4.075563480176516,5.460274499571733,5.893827110787894,5.35031809686536,5.35031809686536,1.4482147021492076,4.56138617747815,0.0,2.6381435949340903,1.09198459995092,5.432262809190109,5.2044060957391105,18.950124476173027,21.15296178364258,15.263243764249166,1.0363757429467102,7.801091508585515,4.285027906057502,5.838982416081086,6.336572809352661,6.190222318087152,4.036815561129311,15.622744276131789,13.532598586256691,15.317586986077476,13.315219768843187,12.211593580280415,16.939503276297756,16.529847636359605,7.194886536229839,7.378838957514109,7.383019688609307,5.6061859550699875,3.716420387486493,3.716420387486493,10.727522724922798,6.404721647451065,4.531701757053542,7.3495738326595355,7.3495738326595355,13.319400137225056,6.8269802100075765
14.503364967660803,14.503364967660803,14.503364967660803,3.4379098537127852,2.6381435949340903,1.583673006203071,4.740861647287726,7.295652765589348,7.711285742553695,1.9357060784446465,15.790853173160171,15.790853173160171,15.790853173160171,15.790853173160171,15.790853173160171,15.790853173160171,15.790853173160171,3.144412014509376,2.437419885608631,3.822130905680496,4.255683517173871,3.7121745029087703,3.7121745029087703,2.189928892829049,2.923242583111464,2.6381435949340903,0.0,2.5461589949949475,3.794119215282031,3.5662625016988954,17.311980905534142,19.51481821967647,13.625100184250535,2.6017678519922045,6.162947916561306,2.6468843115715677,7.477126008421218,7.9747164012064635,7.828365910088243,5.674959154888202,13.984600696946243,11.894455002644701,13.67944340620037,11.677076184812554,10.573449994245529,15.301359700274027,14.891704059321283,5.556742943634894,5.740695365085908,5.744876096184961,3.9680423612685645,2.0782767927950223,2.0782767927950223,9.0893791365119,4.766578054203723,2.8935581626734397,5.7114302402044315,5.7114302402044315,11.681256553202399,5.188836617095983
16.049523946745396,16.049523946745396,16.049523946745396,4.984068847948253,1.09198459995092,1.9624859888357888,3.194702652934307,5.749493772930172,6.165126750266496,3.481865073258036,17.337012149234113,17.337012149234113,17.337012149234113,17.337012149234113,17.337012149234113,17.337012149234113,17.337012149234113,4.690571008885511,3.983578880268271,5.368289899711439,5.8018425109462815,5.258333497000605,5.258333497000605,1.3562301021990302,4.469401577584694,1.09198459995092,2.5461589949949475,0.0,5.340278209328665,5.1124214958686105,18.858139877715374,21.06097718557545,15.17125916523944,1.055608857004219,7.709106908846886,4.193043306155364,5.930967015921139,6.428557409168982,6.282206917910693,4.128800161036073,15.5307596771703,13.440613987031627,15.225602387074963,13.223235169593053,12.119608980909804,16.847518677523283,16.43786303752521,7.102901936454804,7.2868543577497595,7.291035088845203,5.514201355215784,3.6244357875687263,3.6244357875687263,10.6355381254081,6.312737047633714,4.4397171571591185,7.257589232893465,7.257589232893465,13.2274155379754,6.734995610212115
11.70924577284887,11.70924577284887,11.70924577284887,1.3562093616920177,5.432262809190109,4.377792221206471,7.534980859116031,10.08977197278898,10.50540494882619,2.8584131370831853,12.996733982999231,12.996733982999231,12.996733982999231,12.996733982999231,12.996733982999231,12.996733982999231,12.996733982999231,1.649707200969619,2.356699329949073,1.0280116904096417,1.4615643021043065,1.0819447124046824,1.0819447124046824,4.984048107441129,1.870876632407345,5.432262809190109,3.794119215282031,5.340278209328665,0.0,1.2278567136658045,14.517861721474892,16.72069904561903,10.830980986535907,5.3958870662792355,3.3688287030088566,2.1472349039775507,10.271245215222036,10.768835606866118,10.622485116090779,8.469078365237689,11.190481500393311,9.10033579985086,10.885324208658997,8.882956981440799,7.7793307881464315,12.507240508289355,12.097584865862633,2.7626237294886407,2.946576151108852,2.950756882211861,1.1739231460595174,2.715842422748536,2.715842422748536,6.295259927289631,1.9724588394396072,1.90056105284966,2.917311026199817,2.917311026199817,8.88713734984163,2.3947174026400693
11.937102485162221,11.937102485162221,11.937102485162221,1.1283526480267405,5.2044060957391105,4.149935507663326,7.307124145925223,9.861915260051223,10.277548236176337,2.6305564234523207,13.22459069497139,13.22459069497139,13.22459069497139,13.22459069497139,13.22459069497139,13.22459069497139,13.22459069497139,1.4218504873069753,2.128842616300928,1.2558684040753636,1.689421015766441,1.14591200126126,1.14591200126126,4.756191393947834,1.643019918747998,5.2044060957391105,3.5662625016988954,5.1124214958686105,1.2278567136658045,0.0,14.745718432994476,16.948555756388153,11.058837699059982,5.1680303528246325,3.5966854166037026,1.9193781903239082,10.04338850252217,10.540978894274032,10.394628403466404,8.241221652195115,11.418338212833287,9.328192512737933,11.11318092117055,9.110813694368568,8.00718750126396,12.735097220395758,12.325441578077115,2.9904804431139747,3.17443286472583,3.178613595828641,1.4017798597245161,2.487985709112171,2.487985709112171,6.523116640617939,2.2003155530919485,1.6727043391908416,3.145167739818177,3.145167739818177,9.114994062768629,2.62257411627977
3.8086159692624055,3.8086159692624055,3.8086159692624055,14.87407107978043,18.950124476173027,17.89565390358834,21.052842490857007,23.607633553588183,24.023266520495454,16.376274838980486,2.5211277509976755,2.5211277509976755,2.5211277509976755,2.5211277509976755,2.5211277509976755,2.5211277509976755,2.5211277509976755,15.167568916137288,15.874561037597278,14.489850031324195,14.056297423500416,14.599806433115905,14.599806433115905,18.501909781155224,15.388738345296188,18.950124476173027,17.311980905534142,18.858139877715374,14.517861721474892,14.745718432994476,0.0,3.202837347917035,4.686880759804373,18.91374873381867,12.149033036568772,15.665096613924867,23.789106792063915,24.286697172626766,24.140346685145676,21.986939979386154,4.327380244343956,6.417525951723473,4.632537537450352,6.634904770500378,7.7385309646571105,3.010621229060871,3.4202768740409653,12.755238006187767,12.57128558580456,12.567104854729125,14.343938577005781,16.233704126315075,16.233704126315075,9.222601824040007,13.545402890396334,15.418422765427552,12.600550710519899,12.600550710519899,6.6307244020931,13.123144330423319
6.011453315602981,6.011453315602981,6.011453315602981,17.076908402746266,21.15296178364258,20.098491215421692,23.255679788885715,25.81047083882262,26.226103803511158,18.579112156666046,4.723965098280168,4.723965098280168,4.723965098280168,4.723965098280168,4.723965098280168,4.723965098280168,4.723965098280168,17.370406238111016,18.077398357102314,16.692687355559784,16.259134749129256,16.80264375699148,16.80264375699148,20.704747090509915,17.591575666509605,21.15296178364258,19.51481821967647,21.06097718557545,16.72069904561903,16.948555756388153,3.202837347917035,0.0,6.889718105289554,21.116586041442886,14.351870367828768,17.867933934172935,25.991944076334335,26.489534454216347,26.343183967529455,24.189777272905303,6.530217590200142,8.62036329501802,6.835374882993469,8.837742113472416,9.941368305828806,5.213458576028974,5.6231142207047276,14.95807533574594,14.77412291588782,14.769942184824231,16.546775901714945,18.43654144452337,18.43654144452337,11.425439162361593,15.748240217613153,17.621260086538097,14.803388040520124,14.803388040520124,8.833561745071442,15.325981658908674
1.8782647910040646,1.8782647910040646,1.8782647910040646,11.187190346420302,15.263243764249166,14.208773185524906,17.365961792412918,19.92075287373742,20.33638584389934,12.68939411279957,3.1657530094239354,3.1657530094239354,3.1657530094239354,3.1657530094239354,3.1657530094239354,3.1657530094239354,3.1657530094239354,11.480688184113644,12.187680308924975,10.802969296263056,10.36941668658603,10.912925698535934,10.912925698535934,14.815029066571023,11.701857614300899,15.263243764249166,13.625100184250535,15.17125916523944,10.830980986535907,11.058837699059982,4.686880759804373,6.889718105289554,0.0,15.226868021676113,8.462152292335084,11.978215884240203,20.102226113626294,20.599816498126746,20.453466009477975,18.300059287458495,1.3595005156844908,2.7306451936749854,1.054343222390998,2.948024012751695,4.051650208703286,2.6762595313749324,2.2666038863377094,9.068357264133185,8.884404843074226,8.880224111983582,10.657057841313101,12.546823399416631,12.546823399416631,5.535721071218046,9.858522151388154,11.731542034571676,8.913669967896224,8.913669967896224,2.9438436443384868,9.43626358975816
16.10513280310962,16.10513280310962,16.10513280310962,5.039677704907219,1.0363757429467102,2.0180948458372536,3.139093795943279,5.693884915988575,6.109517893336408,3.53747393024455,17.392621005484262,17.392621005484262,17.392621005484262,17.392621005484262,17.392621005484262,17.392621005484262,17.392621005484262,4.746179865850857,4.039187737246996,5.423898756661318,5.85745136788491,5.313942353953169,5.313942353953169,1.4118389592028366,4.5250104345545274,1.0363757429467102,2.6017678519922045,1.055608857004219,5.3958870662792355,5.1680303528246325,18.91374873381867,21.116586041442886,15.226868021676113,0.0,7.764715765723452,4.248652163130419,5.875358158984448,6.372948552246688,6.22659806098402,4.07319130405887,15.586368533577845,13.496222843598307,15.281211243507277,13.278844026174868,12.175217837564336,16.90312753381791,16.493471893856018,7.158510793353317,7.34246321464183,7.346643945737127,5.569810212161995,3.680044644553171,3.680044644553171,10.69114698214959,6.368345904557727,4.495326014129534,7.313198089786574,7.313198089786574,13.283024394556922,6.7906044671229395
9.340417080565272,9.340417080565272,9.340417080565272,3.725038064584462,7.801091508585515,6.746620921888227,9.903809555151646,12.458600663319018,12.874233638312928,5.227241839150057,10.627905293861737,10.627905293861737,10.627905293861737,10.627905293861737,10.627905293861737,10.627905293861737,10.627905293861737,4.018535903743286,4.725528032351835,3.3408170126070784,2.907264401010134,3.450773415389453,3.450773415389453,7.352876807415852,4.23970533507786,7.801091508585515,6.162947916561306,7.709106908846886,3.3688287030088566,3.5966854166037026,12.149033036568772,14.351870367828768,8.462152292335084,7.764715765723452,0.0,4.516063606502694,12.640073905301627,13.137664295670223,12.991313805276173,10.837907059441365,8.821652806954829,6.731507102415209,8.516495514571417,6.514128283649754,5.410502088726324,10.138411817908723,9.728756174485959,1.6062049736483892,1.4222525519986042,1.4180718208948275,3.1949055569951224,5.0846711249169925,5.0846711249169925,3.9264312261403806,2.396369863732124,4.269389755505436,1.4515176769128872,1.4515176769128872,6.518308652057314,1.9741113005317534
12.856480669445302,12.856480669445302,12.856480669445302,1.7910255423018917,4.285027906057502,3.230557317666203,6.387745957181215,8.942537072998856,9.358170049456467,1.7111782331823555,14.143968877809089,14.143968877809089,14.143968877809089,14.143968877809089,14.143968877809089,14.143968877809089,14.143968877809089,1.4975277030266978,1.2094644259880196,2.175246594385281,2.608799206038741,2.0652901915779363,2.0652901915779363,3.836813204119484,1.276358271584178,4.285027906057502,2.6468843115715677,4.193043306155364,2.1472349039775507,1.9193781903239082,15.665096613924867,17.867933934172935,11.978215884240203,4.248652163130419,4.516063606502694,0.0,9.124010315613006,9.6216007077732,9.47525021684309,7.321843463999349,12.337716397654994,10.2475706994752,12.032559106297354,10.03019188128164,8.926565689001599,13.65447540380123,13.244819761940546,3.9098586331683394,4.093811054736665,4.097991785838449,2.321158050023726,1.568607518827621,1.568607518827621,7.442494829285275,3.1196937432974634,1.2466738511407867,4.064545929836147,4.064545929836147,10.034372249678361,3.541952306411745
20.98049088764188,20.98049088764188,20.98049088764188,9.915035855018619,5.838982416081086,6.893453003343912,3.736264364482244,1.181473243205534,1.2341597346464321,8.41283208459544,22.267979078451646,22.267979078451646,22.267979078451646,22.267979078451646,22.267979078451646,22.267979078451646,22.267979078451646,9.621538016878075,8.914545890305778,10.299256905509566,10.73280951522033,10.189300503170347,10.189300503170347,6.287197117651021,9.400368586243793,5.838982416081086,7.477126008421218,5.930967015921139,10.271245215222036,10.04338850252217,23.789106792063915,25.991944076334335,20.102226113626294,5.875358158984448,12.640073905301627,9.124010315613006,0.0,1.4975903939202386,1.3512399024513972,2.8021668562890234,20.461726622537828,18.371580949047893,20.156569335009557,18.154202133215254,17.050575952320482,21.778485611278935,21.368829974986518,12.033868935591785,12.217821356092214,12.222002087169408,10.445168360511461,8.555402798549514,8.555402798549514,15.566505106331473,11.243704049991353,9.370684165905818,12.188556231363453,12.188556231363453,18.15838250156694,11.665962610887448
