0.0,1.0,1.0,1.0,1.0902647429858103,1.0,1.0,1.0,1.2469746490536049,1.0,3.7354666978018773,1.0117009764837959,4.051797603800967,26.77709323649601,26.837292390716875,26.830185543365122,26.837292390716875,26.837292390716875,26.887876443185824,26.887876443185824,1.2469746490536049,1.0505649571003326,1.3054797726613798,1.6677947594415747,1.0,1.0,1.0,1.0,1.0,1.0,1.0,36.33311772460796,36.33311772460796,40.299403921774775,39.316800535203235,36.33311772460796,20.31516930109281,20.948094125512547,27.015937591598334,39.17547405953118,39.17547405953118,36.81979701841233,36.36991122727289,45.3175912285242,41.228917896054085,45.3175912285242,45.3175912285242,45.26239376667319,41.83020266533077,41.83020266533077,7.136051759705681,7.136051759705681,6.467481168250163,2.611410731003076,3.7439342379530998,1.4621901716363015,1.331805485570389,1.331805485570389,2.9624492229900787,3.509905703673198,5.347610791512397,2.100718813965742,2.2227630727213494,33.083242390563775,33.02052921633174,30.002003045385756,30.558037336912967,28.05800888599409,23.534778134227302,23.534778134227302,1.8090437976928424,3.6060244691028953,4.738564438506554,3.3009523315940643,3.8850659082735763,3.09527867214008,3.488084045508852,3.1621393204747954,2.171759283260524,3.09527867214008,3.8432784522406904,40.78903836455614,40.53815776844088,39.93604808959804,37.218257813994526,41.7842071208809,28.192681825176397,27.043925708614292,27.29456505206053,35.21134349580885,36.871224671725585,35.2406105734514,40.72213678234638,39.538825854061166,46.53863737401683,41.49150892585406,44.28473700795106,52.46018378553438,56.87658577486179,52.903483999155725
1.0,0.0,1.0,1.0,1.0902647429858103,1.0,1.0,1.0,1.2469746490536049,1.0,3.7354666978018773,1.0117009764837959,4.051797603800967,26.77709323649601,26.837292390716875,26.830185543365122,26.837292390716875,26.837292390716875,26.887876443185824,26.887876443185824,1.2469746490536049,1.0505649571003326,1.3054797726613798,1.6677947594415747,1.0,1.0,1.0,1.0,1.0,1.0,1.0,36.33311772460796,36.33311772460796,40.299403921774775,39.316800535203235,36.33311772460796,20.31516930109281,20.948094125512547,27.015937591598334,39.17547405953118,39.17547405953118,36.81979701841233,36.36991122727289,45.3175912285242,41.228917896054085,45.3175912285242,45.3175912285242,45.26239376667319,41.83020266533077,41.83020266533077,7.136051759705681,7.136051759705681,6.467481168250163,2.611410731003076,3.7439342379530998,1.4621901716363015,1.331805485570389,1.331805485570389,2.9624492229900787,3.509905703673198,5.347610791512397,2.100718813965742,2.2227630727213494,33.083242390563775,33.02052921633174,30.002003045385756,30.558037336912967,28.05800888599409,23.534778134227302,23.534778134227302,1.8090437976928424,3.6060244691028953,4.738564438506554,3.3009523315940643,3.8850659082735763,3.09527867214008,3.488084045508852,3.1621393204747954,2.171759283260524,3.09527867214008,3.8432784522406904,40.78903836455614,40.53815776844088,39.93604808959804,37.218257813994526,41.7842071208809,28.192681825176397,27.043925708614292,27.29456505206053,35.21134349580885,36.871224671725585,35.2406105734514,40.72213678234638,39.538825854061166,46.53863737401683,41.49150892585406,44.28473700795106,52.46018378553438,56.87658577486179,52.903483999155725
1.0,1.0,0.0,1.0,1.0902647429858103,1.0,1.0,1.0,1.2469746490536049,1.0,3.7354666978018773,1.0117009764837959,4.051797603800967,26.77709323649601,26.837292390716875,26.830185543365122,26.837292390716875,26.837292390716875,26.887876443185824,26.887876443185824,1.2469746490536049,1.0505649571003326,1.3054797726613798,1.6677947594415747,1.0,1.0,1.0,1.0,1.0,1.0,1.0,36.33311772460796,36.33311772460796,40.299403921774775,39.316800535203235,36.33311772460796,20.31516930109281,20.948094125512547,27.015937591598334,39.17547405953118,39.17547405953118,36.81979701841233,36.36991122727289,45.3175912285242,41.228917896054085,45.3175912285242,45.3175912285242,45.26239376667319,41.83020266533077,41.83020266533077,7.136051759705681,7.136051759705681,6.467481168250163,2.611410731003076,3.7439342379530998,1.4621901716363015,1.331805485570389,1.331805485570389,2.9624492229900787,3.509905703673198,5.347610791512397,2.100718813965742,2.2227630727213494,33.083242390563775,33.02052921633174,30.002003045385756,30.558037336912967,28.05800888599409,23.534778134227302,23.534778134227302,1.8090437976928424,3.6060244691028953,4.738564438506554,3.3009523315940643,3.8850659082735763,3.09527867214008,3.488084045508852,3.1621393204747954,2.171759283260524,3.09527867214008,3.8432784522406904,40.78903836455614,40.53815776844088,39.93604808959804,37.218257813994526,41.7842071208809,28.192681825176397,27.043925708614292,27.29456505206053,35.21134349580885,36.871224671725585,35.2406105734514,40.72213678234638,39.538825854061166,46.53863737401683,41.49150892585406,44.28473700795106,52.46018378553438,56.87658577486179,52.903483999155725
1.0,1.0,1.0,0.0,1.0902647429858103,1.0,1.0,1.0,1.2469746490536049,1.0,3.7354666978018773,1.0117009764837959,4.051797603800967,26.77709323649601,26.837292390716875,26.830185543365122,26.837292390716875,26.837292390716875,26.887876443185824,26.887876443185824,1.2469746490536049,1.0505649571003326,1.3054797726613798,1.6677947594415747,1.0,1.0,1.0,1.0,1.0,1.0,1.0,36.33311772460796,36.33311772460796,40.299403921774775,39.316800535203235,36.33311772460796,20.31516930109281,20.948094125512547,27.015937591598334,39.17547405953118,39.17547405953118,36.81979701841233,36.36991122727289,45.3175912285242,41.228917896054085,45.3175912285242,45.3175912285242,45.26239376667319,41.83020266533077,41.83020266533077,7.136051759705681,7.136051759705681,6.467481168250163,2.611410731003076,3.7439342379530998,1.4621901716363015,1.331805485570389,1.331805485570389,2.9624492229900787,3.509905703673198,5.347610791512397,2.100718813965742,2.2227630727213494,33.083242390563775,33.02052921633174,30.002003045385756,30.558037336912967,28.05800888599409,23.534778134227302,23.534778134227302,1.8090437976928424,3.6060244691028953,4.738564438506554,3.3009523315940643,3.8850659082735763,3.09527867214008,3.488084045508852,3.1621393204747954,2.171759283260524,3.09527867214008,3.8432784522406904,40.78903836455614,40.53815776844088,39.93604808959804,37.218257813994526,41.7842071208809,28.192681825176397,27.043925708614292,27.29456505206053,35.21134349580885,36.871224671725585,35.2406105734514,40.72213678234638,39.538825854061166,46.53863737401683,41.49150892585406,44.28473700795106,52.46018378553438,56.87658577486179,52.903483999155725
1.0902647429858103,1.0902647429858103,1.0902647429858103,1.0902647429858103,0.0,1.0902647429858103,1.0902647429858103,1.0902647429858103,1.1567099060679733,1.0902647429858103,3.8257314407519822,1.1019657194696009,4.142062346742481,26.686828496558967,26.74702765079408,26.739920803440647,26.74702765079408,26.74702765079408,26.797611703275038,26.797611703275038,1.1567099060679733,1.039699785885487,1.215215029675873,1.5775300164575452,1.0902647429858103,1.0902647429858103,1.0902647429858103,1.0902647429858103,1.0902647429858103,1.0902647429858103,1.0902647429858103,36.24285298734964,36.24285298734964,40.20913918587317,39.22653579895216,36.24285298734964,20.405434042344016,21.038358866648352,27.10620233143866,39.085209323230565,39.085209323230565,36.72953228131277,36.2796464900265,45.227326494544556,41.138653160491174,45.227326494544556,45.227326494544556,45.17212903267114,41.73993792999116,41.73993792999116,7.226316502514943,7.226316502514943,6.557745911095566,2.5211459880285827,3.653669495000903,1.371925428651285,1.4220702285555524,1.4220702285555524,2.8721844800212306,3.4196409607154243,5.437875534409068,2.190983556945498,2.1324983297419324,32.992977652300816,32.93026447805033,29.911738306259384,30.467772597935976,27.967744146367643,23.444513393571192,23.444513393571192,1.7187790547097168,3.515759726147351,4.648299695583704,3.210687588631737,3.975330651219734,3.185543415104739,3.5783487884650307,3.252404063438112,2.262024026239505,3.185543415104739,3.933543195187972,40.69877362883196,40.44789303262553,39.84578335356618,37.12799307702655,41.69394238552408,28.282946564725805,27.134190448447853,27.384829791833134,35.12107875819286,36.780959934642915,35.15034583584459,40.63187204659783,39.44856111788829,46.448372640539496,41.40124419038826,44.1944722735571,52.369919054685354,56.78632104618021,52.81321926851626
1.0,1.0,1.0,1.0,1.0902647429858103,0.0,1.0,1.0,1.2469746490536049,1.0,3.7354666978018773,1.0117009764837959,4.051797603800967,26.77709323649601,26.837292390716875,26.830185543365122,26.837292390716875,26.837292390716875,26.887876443185824,26.887876443185824,1.2469746490536049,1.0505649571003326,1.3054797726613798,1.6677947594415747,1.0,1.0,1.0,1.0,1.0,1.0,1.0,36.33311772460796,36.33311772460796,40.299403921774775,39.316800535203235,36.33311772460796,20.31516930109281,20.948094125512547,27.015937591598334,39.17547405953118,39.17547405953118,36.81979701841233,36.36991122727289,45.3175912285242,41.228917896054085,45.3175912285242,45.3175912285242,45.26239376667319,41.83020266533077,41.83020266533077,7.136051759705681,7.136051759705681,6.467481168250163,2.611410731003076,3.7439342379530998,1.4621901716363015,1.331805485570389,1.331805485570389,2.9624492229900787,3.509905703673198,5.347610791512397,2.100718813965742,2.2227630727213494,33.083242390563775,33.02052921633174,30.002003045385756,30.558037336912967,28.05800888599409,23.534778134227302,23.534778134227302,1.8090437976928424,3.6060244691028953,4.738564438506554,3.3009523315940643,3.8850659082735763,3.09527867214008,3.488084045508852,3.1621393204747954,2.171759283260524,3.09527867214008,3.8432784522406904,40.78903836455614,40.53815776844088,39.93604808959804,37.218257813994526,41.7842071208809,28.192681825176397,27.043925708614292,27.29456505206053,35.21134349580885,36.871224671725585,35.2406105734514,40.72213678234638,39.538825854061166,46.53863737401683,41.49150892585406,44.28473700795106,52.46018378553438,56.87658577486179,52.903483999155725
1.0,1.0,1.0,1.0,1.0902647429858103,1.0,0.0,1.0,1.2469746490536049,1.0,3.7354666978018773,1.0117009764837959,4.051797603800967,26.77709323649601,26.837292390716875,26.830185543365122,26.837292390716875,26.837292390716875,26.887876443185824,26.887876443185824,1.2469746490536049,1.0505649571003326,1.3054797726613798,1.6677947594415747,1.0,1.0,1.0,1.0,1.0,1.0,1.0,36.33311772460796,36.33311772460796,40.299403921774775,39.316800535203235,36.33311772460796,20.31516930109281,20.948094125512547,27.015937591598334,39.17547405953118,39.17547405953118,36.81979701841233,36.36991122727289,45.3175912285242,41.228917896054085,45.3175912285242,45.3175912285242,45.26239376667319,41.83020266533077,41.83020266533077,7.136051759705681,7.136051759705681,6.467481168250163,2.611410731003076,3.7439342379530998,1.4621901716363015,1.331805485570389,1.331805485570389,2.9624492229900787,3.509905703673198,5.347610791512397,2.100718813965742,2.2227630727213494,33.083242390563775,33.02052921633174,30.002003045385756,30.558037336912967,28.05800888599409,23.534778134227302,23.534778134227302,1.8090437976928424,3.6060244691028953,4.738564438506554,3.3009523315940643,3.8850659082735763,3.09527867214008,3.488084045508852,3.1621393204747954,2.171759283260524,3.09527867214008,3.8432784522406904,40.78903836455614,40.53815776844088,39.93604808959804,37.218257813994526,41.7842071208809,28.192681825176397,27.043925708614292,27.29456505206053,35.21134349580885,36.871224671725585,35.2406105734514,40.72213678234638,39.538825854061166,46.53863737401683,41.49150892585406,44.28473700795106,52.46018378553438,56.87658577486179,52.903483999155725
1.0,1.0,1.0,1.0,1.0902647429858103,1.0,1.0,0.0,1.2469746490536049,1.0,3.7354666978018773,1.0117009764837959,4.051797603800967,26.77709323649601,26.837292390716875,26.830185543365122,26.837292390716875,26.837292390716875,26.887876443185824,26.887876443185824,1.2469746490536049,1.0505649571003326,1.3054797726613798,1.6677947594415747,1.0,1.0,1.0,1.0,1.0,1.0,1.0,36.33311772460796,36.33311772460796,40.299403921774775,39.316800535203235,36.33311772460796,20.31516930109281,20.948094125512547,27.015937591598334,39.17547405953118,39.17547405953118,36.81979701841233,36.36991122727289,45.3175912285242,41.228917896054085,45.3175912285242,45.3175912285242,45.26239376667319,41.83020266533077,41.83020266533077,7.136051759705681,7.136051759705681,6.467481168250163,2.611410731003076,3.7439342379530998,1.4621901716363015,1.331805485570389,1.331805485570389,2.9624492229900787,3.509905703673198,5.347610791512397,2.100718813965742,2.2227630727213494,33.083242390563775,33.02052921633174,30.002003045385756,30.558037336912967,28.05800888599409,23.534778134227302,23.534778134227302,1.8090437976928424,3.6060244691028953,4.738564438506554,3.3009523315940643,3.8850659082735763,3.09527867214008,3.488084045508852,3.1621393204747954,2.171759283260524,3.09527867214008,3.8432784522406904,40.78903836455614,40.53815776844088,39.93604808959804,37.218257813994526,41.7842071208809,28.192681825176397,27.043925708614292,27.29456505206053,35.21134349580885,36.871224671725585,35.2406105734514,40.72213678234638,39.538825854061166,46.53863737401683,41.49150892585406,44.28473700795106,52.46018378553438,56.87658577486179,52.903483999155725
1.2469746490536049,1.2469746490536049,1.2469746490536049,1.2469746490536049,1.1567099060679733,1.2469746490536049,1.2469746490536049,1.2469746490536049,0.0,1.2469746490536049,3.9824413467523723,1.2586756255373626,4.298772252727334,26.53011859573313,26.590317749992888,26.583210902636534,26.590317749992888,26.590317749992888,26.64090180249459,26.64090180249459,1.0,1.1964096919533977,1.0585051236080005,1.42082011039152,1.2469746490536049,1.2469746490536049,1.2469746490536049,1.2469746490536049,1.2469746490536049,1.2469746490536049,1.2469746490536049,36.086143091155485,36.086143091155485,40.05242929202655,39.06982590450077,36.086143091155485,20.562143945362102,21.195068769464832,27.26291223199402,38.928499428693435,38.928499428693435,36.57282238539325,36.12293659385297,45.070616604024735,40.98194326723074,45.070616604024735,45.070616604024735,45.015419142112556,41.58322803711718,41.58322803711718,7.383026408264087,7.383026408264087,6.714455816908773,2.364436081977245,3.496959588986034,1.2152155225839534,1.5787801346215673,1.5787801346215673,2.715474573978999,3.2629310546913346,5.594585440313496,2.347693463000602,1.9757884236828176,32.83626775436889,32.773554580086525,29.75502840683458,30.311062698769437,27.811034246078517,23.287803491503414,23.287803491503414,1.5620691486449823,3.3590498201269416,4.491589789617809,3.053977682600156,4.132040557212976,3.3422533211316634,3.735058694476454,3.4091139694625725,2.4187339322931223,3.3422533211316634,4.090253101183246,40.542063735292416,40.291183138928176,39.689073459494146,36.971283181334684,41.53723249262034,28.439656464773755,27.290900348991414,27.541539692270383,34.964368861379945,36.62425003875264,34.99363593904757,40.475162153016115,39.2918512235722,46.29166275088936,41.24453429729589,44.037762382320004,52.2132091695865,56.62961116483557,52.65650938378038
1.0,1.0,1.0,1.0,1.0902647429858103,1.0,1.0,1.0,1.2469746490536049,0.0,3.7354666978018773,1.0117009764837959,4.051797603800967,26.77709323649601,26.837292390716875,26.830185543365122,26.837292390716875,26.837292390716875,26.887876443185824,26.887876443185824,1.2469746490536049,1.0505649571003326,1.3054797726613798,1.6677947594415747,1.0,1.0,1.0,1.0,1.0,1.0,1.0,36.33311772460796,36.33311772460796,40.299403921774775,39.316800535203235,36.33311772460796,20.31516930109281,20.948094125512547,27.015937591598334,39.17547405953118,39.17547405953118,36.81979701841233,36.36991122727289,45.3175912285242,41.228917896054085,45.3175912285242,45.3175912285242,45.26239376667319,41.83020266533077,41.83020266533077,7.136051759705681,7.136051759705681,6.467481168250163,2.611410731003076,3.7439342379530998,1.4621901716363015,1.331805485570389,1.331805485570389,2.9624492229900787,3.509905703673198,5.347610791512397,2.100718813965742,2.2227630727213494,33.083242390563775,33.02052921633174,30.002003045385756,30.558037336912967,28.05800888599409,23.534778134227302,23.534778134227302,1.8090437976928424,3.6060244691028953,4.738564438506554,3.3009523315940643,3.8850659082735763,3.09527867214008,3.488084045508852,3.1621393204747954,2.171759283260524,3.09527867214008,3.8432784522406904,40.78903836455614,40.53815776844088,39.93604808959804,37.218257813994526,41.7842071208809,28.192681825176397,27.043925708614292,27.29456505206053,35.21134349580885,36.871224671725585,35.2406105734514,40.72213678234638,39.538825854061166,46.53863737401683,41.49150892585406,44.28473700795106,52.46018378553438,56.87658577486179,52.903483999155725
3.7354666978018773,3.7354666978018773,3.7354666978018773,3.7354666978018773,3.8257314407519822,3.7354666978018773,3.7354666978018773,3.7354666978018773,3.9824413467523723,3.7354666978018773,0.0,3.723765721322543,1.3163309061342767,29.512559831709016,29.572758985473882,29.565652138176016,29.572758985473882,29.572758985473882,29.623343037558893,29.623343037558893,3.9824413467523723,3.7860316548824895,4.040946470333221,4.40326145692533,3.7354666978018773,3.7354666978018773,3.7354666978018773,3.7354666978018773,3.7354666978018773,3.7354666978018773,3.7354666978018773,39.06858423486202,39.06858423486202,43.03487038934494,42.05226701375296,39.06858423486202,17.579702648217598,18.212627475884187,24.280470978829243,41.910940539638126,41.910940539638126,39.555263523662965,39.105377737150974,48.053057635864874,43.96438435299247,48.053057635864874,48.053057635864874,47.99786017471413,44.56566911526458,44.56566911526458,4.400585064826808,4.400585064826808,3.7320144725405897,5.346877427824577,6.479400933650902,4.197656869231299,3.403661212343139,3.403661212343139,5.69791591950164,6.24537239963261,2.6121440946921655,2.6347478840880587,4.958229769845786,35.818708932549306,35.755995758900845,32.73746961475574,33.29350390153569,30.793475471287667,26.27024475251379,26.27024475251379,4.544510495093319,6.3414911649567145,7.474031132921666,6.036419027774113,1.1495992105321378,1.640188025849616,1.2473826523792122,1.5733273775006538,2.563707414797883,1.640188025849616,1.1078117544817383,43.5245048265556,43.27362423330295,42.6715145612594,39.95372431509992,44.519673571354055,25.457215220758304,24.308459096039282,24.559098441233438,37.94681001734608,39.60669117644368,37.976077094698674,43.45760324511091,42.27429233015331,49.274103765651475,44.22697537974572,47.020203428256146,55.19565009517641,59.612052017072216,55.63895030227133
1.0117009764837959,1.0117009764837959,1.0117009764837959,1.0117009764837959,1.1019657194696009,1.0117009764837959,1.0117009764837959,1.0117009764837959,1.2586756255373626,1.0117009764837959,3.723765721322543,0.0,4.040096627322727,26.78879421258303,26.848993366802038,26.841886519450505,26.848993366802038,26.848993366802038,26.899577419269416,26.899577419269416,1.2586756255373626,1.0622659335841267,1.3171807491451175,1.679495735925099,1.0117009764837959,1.0117009764837959,1.0117009764837959,1.0117009764837959,1.0117009764837959,1.0117009764837959,1.0117009764837959,36.34481870034715,36.34481870034715,40.31110489733784,39.32850151081168,36.34481870034715,20.30346832483269,20.936393149267342,27.004236615520696,39.187175035146055,39.187175035146055,36.831497994130906,36.38161220301052,45.329292203837824,41.2406188715732,45.329292203837824,45.329292203837824,45.274094741989714,41.8419036408209,41.8419036408209,7.124350783244395,7.124350783244395,6.455780191784235,2.6231117074853065,3.7556352144323704,1.4738911481199666,1.3201045090866566,1.3201045090866566,2.9741501994715556,3.5216066801532064,5.335909815039892,2.089017837482664,2.2344640492042416,33.09494336643339,33.03223019220374,30.01370402136749,30.569738312875295,28.06970986204077,23.546479110407724,23.546479110407724,1.8207447741762408,3.6177254455826087,4.750265414981961,3.312653308074675,3.8733649317947445,3.0835776956588985,3.4763830690287456,3.1504383439937835,2.1600583067775423,3.0835776956588985,3.831577475761715,40.800739340096186,40.54985874399277,39.94774906517802,37.22995878969602,41.79590809637327,28.180980849136404,27.032224732537532,27.282864075991657,35.22304447159447,36.882925647441965,35.25231154923583,40.733837757889575,39.55052682965945,46.55033834926526,41.50320990136058,44.29643798331846,52.47188476044175,56.88828674948791,52.915184974035895
4.051797603800967,4.051797603800967,4.051797603800967,4.051797603800967,4.142062346742481,4.051797603800967,4.051797603800967,4.051797603800967,4.298772252727334,4.051797603800967,1.3163309061342767,4.040096627322727,0.0,29.82889072457077,29.889089878279933,29.881983030988643,29.889089878279933,29.889089878279933,29.93967393031804,29.93967393031804,4.298772252727334,4.1023625608768,4.357277376302176,4.71959236285463,4.051797603800967,4.051797603800967,4.051797603800967,4.051797603800967,4.051797603800967,4.051797603800967,4.051797603800967,39.38491511742682,39.38491511742682,43.35120126677772,42.36859789250399,39.38491511742682,17.2633717464593,17.896296574470075,23.964140081377675,42.22727141857623,42.22727141857623,39.87159440562512,39.42170861967047,48.36938850608468,44.280715229149855,48.36938850608468,48.36938850608468,48.31419104501765,44.88199999058225,44.88199999058225,4.0842541588624925,4.0842541588624925,3.415683566513252,5.663208333630659,6.795731839271073,4.513987775183624,3.7199921183715383,3.7199921183715383,6.014246825254534,6.561703305294597,2.295813188591734,2.951078790170679,5.274560675706107,36.13503981894416,36.072326645366275,33.05380050446961,33.60983479067311,31.109806362939036,26.586575648204004,26.586575648204004,4.8608414010060095,6.657822070601741,7.790362038344349,6.352749933471939,1.166731695602543,1.956518931973974,1.56371355851123,1.8896582836266687,2.8800383208845473,1.956518931973974,1.2085191516529026,43.84083570332,43.58995511041078,42.98784543918325,40.270055196563014,44.83600444673636,25.14088432421431,23.992128198608793,24.24276754399269,38.26314090127111,39.923022058341694,38.29240797858872,43.77393412196707,42.59062320860917,49.590434633994704,44.5433062555378,47.336534300026216,55.51198095374532,59.92838286762503,55.95528116006362
26.77709323649601,26.77709323649601,26.77709323649601,26.77709323649601,26.686828496558967,26.77709323649601,26.77709323649601,26.77709323649601,26.53011859573313,26.77709323649601,29.512559831709016,26.78879421258303,29.82889072457077,0.0,1.0601991562601196,1.0530923086671256,1.0601991562601196,1.0601991562601196,1.1107832104499364,1.1107832104499364,26.53011859573313,26.7265282811062,26.471613474065748,26.109298499101154,26.77709323649601,26.77709323649601,26.77709323649601,26.77709323649601,26.77709323649601,26.77709323649601,26.77709323649601,10.556024930323078,10.556024930323078,14.52231138096441,13.539707927780087,10.556024930323078,46.09226138985086,46.72518615993792,52.79302905112495,13.398381442733958,13.398381442733958,11.04270425302423,10.592818435151061,19.540499067076144,15.451825420570364,19.540499067076144,19.540499067076144,19.485301600696246,16.05311023330306,16.05311023330306,32.91314473853555,32.91314473853555,32.24457417998153,25.165682556687702,24.03315908162208,26.314903080243866,27.108898710674737,27.108898710674737,24.814644074945146,24.267187609590362,31.12470385570859,27.877812011555175,25.55433020324853,7.306149419144797,7.243436241765486,4.224909931471558,4.780944246880345,2.2809156949332334,4.24231519809961,4.24231519809961,25.968049465362444,24.1710688467704,23.038528906283304,24.476140975912173,29.662159036000734,28.872371831826214,29.265177189505817,28.939232477519187,27.948852478229124,28.872371831826214,29.620371581700045,15.011945857877265,14.761065244195667,14.158955523862161,11.441165072724706,16.007114685495768,53.969773161877534,52.821017165262354,53.07165648283769,9.4342506372695,11.094131909427068,9.463517716546773,14.945044270967122,13.761733261469798,20.761545314778033,15.714416469232614,18.507644763070743,26.683092276859558,31.099494735986028,27.126392535356146
26.837292390716875,26.837292390716875,26.837292390716875,26.837292390716875,26.74702765079408,26.837292390716875,26.837292390716875,26.837292390716875,26.590317749992888,26.837292390716875,29.572758985473882,26.848993366802038,29.889089878279933,1.0601991562601196,0.0,1.0071068475929952,1.0,1.0,1.0505840541898337,1.0505840541898337,26.590317749992888,26.786727435335056,26.53181262833467,26.169497653426337,26.837292390716875,26.837292390716875,26.837292390716875,26.837292390716875,26.837292390716875,26.837292390716875,26.837292390716875,10.495825774339695,10.495825774339695,14.462112225259212,13.479508771997057,10.495825774339695,46.15246053986327,46.785385309773375,52.85322819913776,13.338182286940214,13.338182286940214,10.982505097069831,10.532619279169822,19.480299911859895,15.391626264944192,19.480299911859895,19.480299911859895,19.425102445473794,15.992911077730799,15.992911077730799,32.97334389166923,32.97334389166923,32.30477333324495,25.225881711155605,24.09335823625403,26.37510223453721,27.169097864842744,27.169097864842744,24.874843229464737,24.327386764189058,31.184903009183113,27.9380111655981,25.614529357658313,7.245950263004843,7.183237085623145,4.164710775242586,4.720745090663158,2.2207165386778867,4.302514354327027,4.302514354327027,26.028248619709334,24.231268001382794,23.098728061052825,24.536340130480898,29.722358189739335,28.93257098570194,29.325376343313813,28.999431631383448,28.009051632260302,28.93257098570194,29.680570735446,14.951746702213043,14.700866088510265,14.098756368127496,11.38096591679511,15.946915529919313,54.02997230951043,52.88121631326624,53.13185563076133,9.374051481224807,11.033932753475819,9.403318560503582,14.884845115297212,13.701534105703837,20.701346159703885,15.654217313629712,18.447445607741365,26.622893122602722,31.039295582476964,27.066193381169043
26.830185543365122,26.830185543365122,26.830185543365122,26.830185543365122,26.739920803440647,26.830185543365122,26.830185543365122,26.830185543365122,26.583210902636534,26.830185543365122,29.565652138176016,26.841886519450505,29.881983030988643,1.0530923086671256,1.0071068475929952,0.0,1.0071068475929952,1.0071068475929952,1.057690901782828,1.057690901782828,26.583210902636534,26.779620587982354,26.52470578097724,26.162390806062255,26.830185543365122,26.830185543365122,26.830185543365122,26.830185543365122,26.830185543365122,26.830185543365122,26.830185543365122,10.502932621900202,10.502932621900202,14.469219072786954,13.48661561953397,10.502932621900202,46.14535369300872,46.77827846293971,52.84612135251939,13.345289134478387,13.345289134478387,10.989611944626926,10.539726126730077,19.48740675933001,15.39873311246262,19.48740675933001,19.48740675933001,19.432209292944638,16.000017925242876,16.000017925242876,32.96623704444593,32.96623704444593,32.29766648600632,25.21877486377466,24.086251388853693,26.367995387176887,27.16199101749723,27.16199101749723,24.867736382077684,24.32027991679265,31.177796161919552,27.93090431826737,25.60742251028423,7.253057110583772,7.190343933202353,4.171817622831965,4.727851938251156,2.227823386270342,4.295407506737956,4.295407506737956,26.02114177234268,24.224161153984767,23.09162121363623,24.52923328308804,29.71525134244456,28.925464138390968,29.318269496010846,28.992324784073833,28.001944784930966,28.925464138390968,29.67346388815036,14.958853549735956,14.70797293603567,14.105863215658712,11.388072764349285,15.954022377431883,54.02286546293693,52.87410946664893,53.124748784153496,9.381158328792528,11.04103960103254,9.410425408071127,14.891951962820798,13.708640953238735,20.708453007157242,15.6613241611454,18.454552455224814,26.629999969959712,31.046402429745758,27.073300228517805
26.837292390716875,26.837292390716875,26.837292390716875,26.837292390716875,26.74702765079408,26.837292390716875,26.837292390716875,26.837292390716875,26.590317749992888,26.837292390716875,29.572758985473882,26.848993366802038,29.889089878279933,1.0601991562601196,1.0,1.0071068475929952,0.0,1.0,1.0505840541898337,1.0505840541898337,26.590317749992888,26.786727435335056,26.53181262833467,26.169497653426337,26.837292390716875,26.837292390716875,26.837292390716875,26.837292390716875,26.837292390716875,26.837292390716875,26.837292390716875,10.495825774339695,10.495825774339695,14.462112225259212,13.479508771997057,10.495825774339695,46.15246053986327,46.785385309773375,52.85322819913776,13.338182286940214,13.338182286940214,10.982505097069831,10.532619279169822,19.480299911859895,15.391626264944192,19.480299911859895,19.480299911859895,19.425102445473794,15.992911077730799,15.992911077730799,32.97334389166923,32.97334389166923,32.30477333324495,25.225881711155605,24.09335823625403,26.37510223453721,27.169097864842744,27.169097864842744,24.874843229464737,24.327386764189058,31.184903009183113,27.9380111655981,25.614529357658313,7.245950263004843,7.183237085623145,4.164710775242586,4.720745090663158,2.2207165386778867,4.302514354327027,4.302514354327027,26.028248619709334,24.231268001382794,23.098728061052825,24.536340130480898,29.722358189739335,28.93257098570194,29.325376343313813,28.999431631383448,28.009051632260302,28.93257098570194,29.680570735446,14.951746702213043,14.700866088510265,14.098756368127496,11.38096591679511,15.946915529919313,54.02997230951043,52.88121631326624,53.13185563076133,9.374051481224807,11.033932753475819,9.403318560503582,14.884845115297212,13.701534105703837,20.701346159703885,15.654217313629712,18.447445607741365,26.622893122602722,31.039295582476964,27.066193381169043
26.837292390716875,26.837292390716875,26.837292390716875,26.837292390716875,26.74702765079408,26.837292390716875,26.837292390716875,26.837292390716875,26.590317749992888,26.837292390716875,29.572758985473882,26.848993366802038,29.889089878279933,1.0601991562601196,1.0,1.0071068475929952,1.0,0.0,1.0505840541898337,1.0505840541898337,26.590317749992888,26.786727435335056,26.53181262833467,26.169497653426337,26.837292390716875,26.837292390716875,26.837292390716875,26.837292390716875,26.837292390716875,26.837292390716875,26.837292390716875,10.495825774339695,10.495825774339695,14.462112225259212,13.479508771997057,10.495825774339695,46.15246053986327,46.785385309773375,52.85322819913776,13.338182286940214,13.338182286940214,10.982505097069831,10.532619279169822,19.480299911859895,15.391626264944192,19.480299911859895,19.480299911859895,19.425102445473794,15.992911077730799,15.992911077730799,32.97334389166923,32.97334389166923,32.30477333324495,25.225881711155605,24.09335823625403,26.37510223453721,27.169097864842744,27.169097864842744,24.874843229464737,24.327386764189058,31.184903009183113,27.9380111655981,25.614529357658313,7.245950263004843,7.183237085623145,4.164710775242586,4.720745090663158,2.2207165386778867,4.302514354327027,4.302514354327027,26.028248619709334,24.231268001382794,23.098728061052825,24.536340130480898,29.722358189739335,28.93257098570194,29.325376343313813,28.999431631383448,28.009051632260302,28.93257098570194,29.680570735446,14.951746702213043,14.700866088510265,14.098756368127496,11.38096591679511,15.946915529919313,54.02997230951043,52.88121631326624,53.13185563076133,9.374051481224807,11.033932753475819,9.403318560503582,14.884845115297212,13.701534105703837,20.701346159703885,15.654217313629712,18.447445607741365,26.622893122602722,31.039295582476964,27.066193381169043
26.887876443185824,26.887876443185824,26.887876443185824,26.887876443185824,26.797611703275038,26.887876443185824,26.887876443185824,26.887876443185824,26.64090180249459,26.887876443185824,29.623343037558893,26.899577419269416,29.93967393031804,1.1107832104499364,1.0505840541898337,1.057690901782828,1.0505840541898337,1.0505840541898337,0.0,1.0,26.64090180249459,26.83731148781073,26.58239668084408,26.220081705983116,26.887876443185824,26.887876443185824,26.887876443185824,26.887876443185824,26.887876443185824,26.887876443185824,26.887876443185824,10.4452417203797,10.4452417203797,14.41152817153184,13.428924718204563,10.4452417203797,46.20304458879047,46.83596935855169,52.903812246382834,13.287598233138763,13.287598233138763,10.931921043134052,10.482035225211618,19.429715858541964,15.341042211282959,19.429715858541964,19.429715858541964,19.374518392150655,15.942327024114702,15.942327024114702,33.023927943222894,33.023927943222894,32.355357384907805,25.276465763832586,24.143942289069194,26.425686287067204,27.219681917267184,27.219681917267184,24.925427282185264,24.37797081697621,31.235487061023704,27.988595217917204,25.66511341028635,7.195366208914209,7.132653031530518,4.1141267210780255,4.6701610365083415,2.1701324844917167,4.353098408488442,4.353098408488442,26.078832672284403,24.28185205418149,23.149312113983868,24.586924183242804,29.772942241802223,28.983155037880266,29.375960395435133,29.050015683552132,28.05963568456953,28.983155037880266,29.731154787515084,14.901162648519957,14.650282034799455,14.048172314375469,11.330381862880056,15.896331476299695,54.080556356435885,52.93180036050379,53.182439677931384,9.323467427213611,10.983348699542669,9.35273450649364,14.834261061599376,13.650950051925628,20.650762106505,15.603633259987967,18.396861554328655,26.572309070088924,30.988711530590244,27.01560932871372
26.887876443185824,26.887876443185824,26.887876443185824,26.887876443185824,26.797611703275038,26.887876443185824,26.887876443185824,26.887876443185824,26.64090180249459,26.887876443185824,29.623343037558893,26.899577419269416,29.93967393031804,1.1107832104499364,1.0505840541898337,1.057690901782828,1.0505840541898337,1.0505840541898337,1.0,0.0,26.64090180249459,26.83731148781073,26.58239668084408,26.220081705983116,26.887876443185824,26.887876443185824,26.887876443185824,26.887876443185824,26.887876443185824,26.887876443185824,26.887876443185824,10.4452417203797,10.4452417203797,14.41152817153184,13.428924718204563,10.4452417203797,46.20304458879047,46.83596935855169,52.903812246382834,13.287598233138763,13.287598233138763,10.931921043134052,10.482035225211618,19.429715858541964,15.341042211282959,19.429715858541964,19.429715858541964,19.374518392150655,15.942327024114702,15.942327024114702,33.023927943222894,33.023927943222894,32.355357384907805,25.276465763832586,24.143942289069194,26.425686287067204,27.219681917267184,27.219681917267184,24.925427282185264,24.37797081697621,31.235487061023704,27.988595217917204,25.66511341028635,7.195366208914209,7.132653031530518,4.1141267210780255,4.6701610365083415,2.1701324844917167,4.353098408488442,4.353098408488442,26.078832672284403,24.28185205418149,23.149312113983868,24.586924183242804,29.772942241802223,28.983155037880266,29.375960395435133,29.050015683552132,28.05963568456953,28.983155037880266,29.731154787515084,14.901162648519957,14.650282034799455,14.048172314375469,11.330381862880056,15.896331476299695,54.080556356435885,52.93180036050379,53.182439677931384,9.323467427213611,10.983348699542669,9.35273450649364,14.834261061599376,13.650950051925628,20.650762106505,15.603633259987967,18.396861554328655,26.572309070088924,30.988711530590244,27.01560932871372
1.2469746490536049,1.2469746490536049,1.2469746490536049,1.2469746490536049,1.1567099060679733,1.2469746490536049,1.2469746490536049,1.2469746490536049,1.0,1.2469746490536049,3.9824413467523723,1.2586756255373626,4.298772252727334,26.53011859573313,26.590317749992888,26.583210902636534,26.590317749992888,26.590317749992888,26.64090180249459,26.64090180249459,0.0,1.1964096919533977,1.0585051236080005,1.42082011039152,1.2469746490536049,1.2469746490536049,1.2469746490536049,1.2469746490536049,1.2469746490536049,1.2469746490536049,1.2469746490536049,36.086143091155485,36.086143091155485,40.05242929202655,39.06982590450077,36.086143091155485,20.562143945362102,21.195068769464832,27.26291223199402,38.928499428693435,38.928499428693435,36.57282238539325,36.12293659385297,45.070616604024735,40.98194326723074,45.070616604024735,45.070616604024735,45.015419142112556,41.58322803711718,41.58322803711718,7.383026408264087,7.383026408264087,6.714455816908773,2.364436081977245,3.496959588986034,1.2152155225839534,1.5787801346215673,1.5787801346215673,2.715474573978999,3.2629310546913346,5.594585440313496,2.347693463000602,1.9757884236828176,32.83626775436889,32.773554580086525,29.75502840683458,30.311062698769437,27.811034246078517,23.287803491503414,23.287803491503414,1.5620691486449823,3.3590498201269416,4.491589789617809,3.053977682600156,4.132040557212976,3.3422533211316634,3.735058694476454,3.4091139694625725,2.4187339322931223,3.3422533211316634,4.090253101183246,40.542063735292416,40.291183138928176,39.689073459494146,36.971283181334684,41.53723249262034,28.439656464773755,27.290900348991414,27.541539692270383,34.964368861379945,36.62425003875264,34.99363593904757,40.475162153016115,39.2918512235722,46.29166275088936,41.24453429729589,44.037762382320004,52.2132091695865,56.62961116483557,52.65650938378038
1.0505649571003326,1.0505649571003326,1.0505649571003326,1.0505649571003326,1.039699785885487,1.0505649571003326,1.0505649571003326,1.0505649571003326,1.1964096919533977,1.0505649571003326,3.7860316548824895,1.0622659335841267,4.1023625608768,26.7265282811062,26.786727435335056,26.779620587982354,26.786727435335056,26.786727435335056,26.83731148781073,26.83731148781073,1.1964096919533977,0.0,1.2549148155612486,1.6172298023423082,1.0505649571003326,1.0505649571003326,1.0505649571003326,1.0505649571003326,1.0505649571003326,1.0505649571003326,1.0505649571003326,36.28255277071971,36.28255277071971,40.248838968646936,39.26623558187954,36.28255277071971,20.365734257223423,20.99865908157858,27.066502546939287,39.124909106179715,39.124909106179715,36.769232064613064,36.31934627339132,45.26702627647354,41.17835294311608,45.26702627647354,45.26702627647354,45.21182881460996,41.77963771251792,41.77963771251792,7.186616716707743,7.186616716707743,6.518046125272403,2.5608457739092483,3.6933692808718788,1.411625214536461,1.382370442670393,1.382370442670393,2.9118842658994497,3.4593407465888286,5.398175748563242,2.151283771062796,2.172198115624724,33.03267743611241,32.96996426187003,29.951438090450406,30.50747238206135,28.007443930778408,23.484213178434345,23.484213178434345,1.758478840594097,3.5554595120197843,4.687999481441875,3.250387374507122,3.9356308653519934,3.1458436292287795,3.538649002592841,3.2127042775627492,2.2223242403571515,3.1458436292287795,3.8938434093197314,40.73847341152775,40.4875928153614,39.88548313639721,37.16769286026902,41.733642168058395,28.243246780354504,27.09449066395146,27.345130007363572,35.16077854172013,36.82065971793579,35.19004561936782,40.67157182930433,39.4882609007813,46.48807242224768,41.44094397297049,44.23417205566819,52.40961883523818,56.826020825780205,52.852919048976965
