1000.0,13.287429282305872,13.003972823654147,13.097873322362334,58.679757969907534,59.10349135462498,25.736144951470102,25.678230119446695,6.332492480779759,12.0035337939405,13.287429282305872,12.989054047169708,13.097873322362334,12.768782520162766,50.37327848694693,38.170620784196316,37.39322337686277,62.26083595892631,62.26083595892631,62.26083595892631,68.82006553229232,61.970457899548535,4.497386147692337,4.497386147692337,4.497386147692337,69.73414062070754,68.4446088203795,77.10530325483315,10.594131552318409,10.594131552318409,13.239327609578824,6.972272966532012,7.165347450694726,6.849407250639969,67.5673696872678,66.83048467554241,1.7767166985475682,2.4788298751586493,5.25214338321561,5.699730103725478,5.989344297568464,6.454481023656574,7.700688981610024,6.454481023656574,51.16201110696079,28.998642790032033,30.464022496009697,56.39087424684779,51.9691634762809,52.51311142818835,41.326670665721934,42.12510432329084,4.357044188601539,3.8392204920001576,7.648340121344904,69.17271323248328,72.83072413197637,55.16263490655888,19.80238582822525,19.80238582822525
13.287429282305872,1000.0,1.2834564591364162,1.1895559602702017,46.39232906147097,46.81606245245926,13.448715713058295,13.390800880728257,7.954936806807184,2.2838954903776703,1.0,1.2983752356457332,1.1895559602702017,1.5186467630125704,38.08584946599039,25.883191633820537,25.105794219687027,49.97340710510997,49.97340710510997,49.97340710510997,56.53263678807733,49.683029041165994,9.790043138990676,9.790043138990676,9.790043138990676,57.4467118927484,56.15718006955705,64.81787466674947,3.6932977336677997,3.6932977336677997,25.526756849178806,7.315156321144641,7.122081836986099,7.438022037028499,55.27994092116532,54.54305589677562,12.510712585031099,11.808599409422829,9.03528590395526,8.587699183658094,8.29808498992234,7.832948263956468,6.5867403060268455,7.832948263956468,38.874582095837816,16.711213570441203,18.17659328586243,44.10344530542939,39.68173447540587,40.22568243432491,29.039241544729247,29.83767521018369,16.644473463432355,16.126649768193083,19.9357693857358,56.88528449451127,60.54329546087319,42.87520594806211,7.514956563375024,7.514956563375024
13.003972823654147,1.2834564591364162,1000.0,1.0939004988662728,46.675785513773214,47.09951890463355,13.73217217167318,13.67425733934793,7.671480347823284,2.0004390312454774,1.2834564591364162,1.0149187765093317,1.0939004988662728,1.2351903038765553,38.36930592056068,26.166648090895027,25.389250676887723,50.25686355629345,50.25686355629345,50.25686355629345,56.816093236991165,49.96648549244335,9.506586680100016,9.506586680100016,9.506586680100016,57.7301683413233,56.4406365186085,65.1013311123884,3.4098412745527225,3.4098412745527225,25.243300391995046,7.031699862133435,6.8386253779671815,7.154565578022331,55.56339737053466,54.82651234640805,12.227256126319372,11.525142950660275,8.751829445023576,8.304242724703844,8.014628530954194,7.5494918049671575,6.303283846987824,7.5494918049671575,39.15803855021237,16.9946700287506,18.460049744011783,44.3869017584022,39.96519092957585,40.5091388883546,29.322698001250398,30.12113166655442,16.361017005085493,15.843193309794376,19.652312927759603,57.168740943295006,60.826751908258615,43.158662401380454,7.7984130223657475,7.7984130223657475
13.097873322362334,1.1895559602702017,1.0939004988662728,1000.0,46.581885017180326,47.00561840808314,13.638271672982302,13.580356840655455,7.765380846640411,2.094339530110558,1.1895559602702017,1.108819275375603,1.0,1.329090802742744,38.27540542321475,26.072747592717004,25.29535017866773,50.16296306007192,50.16296306007192,50.16296306007192,56.722192741522846,49.87258499619065,9.600487178886635,9.600487178886635,9.600487178886635,57.63626784596743,56.346736023094515,65.00743061800667,3.503741773412424,3.503741773412424,25.33720089021947,7.125600360959473,6.932525876795735,7.248466076846727,55.4694968749152,54.73261185070126,12.321156625047275,11.619043449404872,8.845729943823628,8.39814322351128,8.108529029766174,7.643392303786049,6.397184345822929,7.643392303786049,39.06413805293143,16.900769530161597,18.366149245476098,44.293001261586696,39.87129043236284,40.41523839118818,29.228797503256327,30.027231168610342,16.454917503693373,15.937093808419336,19.74621342624538,57.07484044786985,60.73285141329744,43.06476190445024,7.704512523549142,7.704512523549142
58.679757969907534,46.39232906147097,46.675785513773214,46.581885017180326,1000.0,1.4237334012611587,33.94361356503566,34.001528396736305,53.347265676169826,47.67622452021743,46.39232906147097,46.6907042899205,46.581885017180326,46.91097581191467,9.306479758411932,21.509137697393513,22.28653511299366,4.581078136456254,4.581078136456254,4.581078136456254,11.140308024736457,4.29070006447898,55.18237194917728,55.18237194917728,55.18237194917728,12.0543831616475,10.764851293230828,19.425546228096007,49.0856267267858,49.0856267267858,70.91908500661039,52.707485210305265,52.51441073203682,52.830350922420465,9.887612115083153,9.150727066330113,57.903041300967864,57.20092815042735,54.427614738909085,53.98002803301639,53.69041384848887,53.22527713712727,51.979069217204,53.22527713712727,8.517747116236027,30.6811157373921,29.215736031671483,3.28888380823966,7.710594723369148,7.166646755098492,18.353087773966593,17.55465410367533,62.03680202127491,61.51897834682338,65.32809780486697,11.4929557435033,15.150966845590501,4.517123191326322,39.8773726318416,39.8773726318416
59.10349135462498,46.81606245245926,47.09951890463355,47.00561840808314,1.4237334012611587,1000.0,34.367346960863415,34.42526179254506,53.77099906379081,48.09995791061988,46.81606245245926,47.11443768077408,47.00561840808314,47.33470920266824,9.730213159314175,21.93287109653121,22.710268511969115,4.157344735251091,4.157344735251091,4.157344735251091,10.716574623963435,3.8669666632645434,55.606105335830556,55.606105335830556,55.606105335830556,11.630649760968565,10.341117892421561,19.001812828478855,49.50936011652649,49.50936011652649,71.34281838360883,53.13121859825585,52.93814412008607,53.25408431030805,9.463878714194646,8.726993665380938,58.32677468612558,57.62466153597799,54.85134812596437,54.403761420307426,54.1141472359314,53.64901052481141,52.40280260552495,53.64901052481141,8.941480517201686,31.104849134235803,29.639469428937378,3.712617209470078,8.134328124393335,7.590380156158484,18.776821173701684,17.97838750354597,62.46053540402132,61.94271172988102,65.75183118557365,11.069222342765595,14.727233445291926,4.9408565925188626,40.30110602555281,40.30110602555281
25.736144951470102,13.448715713058295,13.73217217167318,13.638271672982302,33.94361356503566,34.367346960863415,1000.0,1.0579148324338101,20.403652500370928,14.73261120088825,13.448715713058295,13.747090948154405,13.638271672982302,13.96736247509899,25.63713388523114,13.434475965534496,12.657078547288837,37.52469165121928,37.52469165121928,37.52469165121928,44.083921421795274,37.234313583686436,22.238758825083124,22.238758825083124,22.238758825083124,44.99799653967024,43.70846469792205,52.36915942905111,16.142013440833544,16.142013440833544,37.97547243135434,19.763872017084733,19.57079753362014,19.886737732521397,42.83122553718343,42.09434050259556,24.959428258259468,24.257315086175314,21.48400159323817,21.03641487475539,20.74680068216286,20.28166395798243,19.035456004528744,20.28166395798243,26.425866522223632,4.262497864796398,5.7278775845503995,31.654729783755812,27.233018909290767,27.77696687337032,16.590525894937706,17.388959565528943,29.093189113031123,28.575365421021658,32.384485013000194,44.43656913329439,48.09458015433546,30.426490413473626,6.933759155271712,6.933759155271712
25.678230119446695,13.390800880728257,13.67425733934793,13.580356840655455,34.001528396736305,34.42526179254506,1.0579148324338101,1000.0,20.34573766818956,14.674696368580767,13.390800880728257,13.68917611582941,13.580356840655455,13.909447642777797,25.69504871725483,13.492390797863663,12.714993379630656,37.582606482751835,37.582606482751835,37.582606482751835,44.141836252974926,37.29222841523327,22.180843992951807,22.180843992951807,22.180843992951807,45.05591137079608,43.76637952912346,52.42707425970162,16.08409860855337,16.08409860855337,37.91755759983766,19.70595718488698,19.512882701417542,19.82882290032674,42.88914036843498,42.15225533388843,24.901513426210677,24.19940025410428,21.426086761085717,20.97850004259077,20.688885849990506,20.22374912579789,18.977541172312996,20.22374912579789,26.483781354220653,4.320412697222914,5.785792416968973,31.712644615554783,27.290933741259636,27.834881705319713,16.648440727207138,17.446874397781144,29.035274281126718,28.517450589097912,32.32657018122714,44.49448396445342,48.15249498527059,30.484405245322446,6.875844322861367,6.875844322861367
6.332492480779759,7.954936806807184,7.671480347823284,7.765380846640411,53.347265676169826,53.77099906379081,20.403652500370928,20.34573766818956,1000.0,6.671041317016704,7.954936806807184,7.656561571321635,7.765380846640411,7.436290044063836,45.04078614080779,32.83812837664725,32.06073096602853,56.92834369043178,56.92834369043178,56.92834369043178,63.487573314181645,56.63796562894757,2.835106333483854,2.835106333483854,2.835106333483854,64.40164841004443,63.11211659923996,71.77281110804121,5.261639074064966,5.261639074064966,18.571820077085498,1.6397804859882943,1.832854970232181,1.5169147700469958,62.23487745912001,61.497992441581864,5.555775782450728,4.853662605973081,2.0803490978479107,1.6327623772379796,1.343148183317055,1.121988542917918,2.368196501396641,1.121988542917918,45.82951876542821,23.666150348502985,25.13153005920877,51.05838193781289,46.63667113954262,47.180619094726744,35.99417827228097,36.792611933615206,9.689536667580116,9.171712971347306,12.98083259720735,63.840221017233496,67.49823194731847,49.83014258958444,14.469893363102047,14.469893363102047
12.0035337939405,2.2838954903776703,2.0004390312454774,2.094339530110558,47.67622452021743,48.09995791061988,14.73261120088825,14.674696368580767,6.671041317016704,1000.0,2.2838954903776703,1.985520254736316,2.094339530110558,1.7652487273710105,39.36974493513356,27.16708711448812,26.38968970093781,51.25730255873571,51.25730255873571,51.25730255873571,57.81653223132517,50.966924495221285,8.506147649595182,8.506147649595182,8.506147649595182,58.730607334447384,57.441075513433816,66.10177009504027,2.409402243346655,2.409402243346655,24.242861367280124,6.0312608312400116,5.838186347049414,6.1541265471448465,56.563836366495,55.826951343307904,11.22681709640553,10.524703920577494,7.751390414385182,7.3038036939924895,7.014189500198101,6.549052774143284,5.302844816007082,6.549052774143284,40.158477564082645,17.99510905683888,19.46048877151334,45.38734076724722,40.9656299427121,41.509577900987594,30.32313702284349,31.121570687604745,15.360577976397819,14.84275428093142,18.651873900331125,58.16917993716454,61.82719089713851,44.1591014114633,8.798852052995723,8.798852052995723
13.287429282305872,1.0,1.2834564591364162,1.1895559602702017,46.39232906147097,46.81606245245926,13.448715713058295,13.390800880728257,7.954936806807184,2.2838954903776703,1000.0,1.2983752356457332,1.1895559602702017,1.5186467630125704,38.08584946599039,25.883191633820537,25.105794219687027,49.97340710510997,49.97340710510997,49.97340710510997,56.53263678807733,49.683029041165994,9.790043138990676,9.790043138990676,9.790043138990676,57.4467118927484,56.15718006955705,64.81787466674947,3.6932977336677997,3.6932977336677997,25.526756849178806,7.315156321144641,7.122081836986099,7.438022037028499,55.27994092116532,54.54305589677562,12.510712585031099,11.808599409422829,9.03528590395526,8.587699183658094,8.29808498992234,7.832948263956468,6.5867403060268455,7.832948263956468,38.874582095837816,16.711213570441203,18.17659328586243,44.10344530542939,39.68173447540587,40.22568243432491,29.039241544729247,29.83767521018369,16.644473463432355,16.126649768193083,19.9357693857358,56.88528449451127,60.54329546087319,42.87520594806211,7.514956563375024,7.514956563375024
12.989054047169708,1.2983752356457332,1.0149187765093317,1.108819275375603,46.6907042899205,47.11443768077408,13.747090948154405,13.68917611582941,7.656561571321635,1.985520254736316,1.2983752356457332,1000.0,1.108819275375603,1.2202715273672324,38.384224696827765,26.181566867294542,25.40416945329391,50.27178233238166,50.27178233238166,50.27178233238166,56.83101201295959,49.98140426853651,9.49166790360318,9.49166790360318,9.49166790360318,57.745087117273826,56.455555294584194,65.116249888184,3.394922498044389,3.394922498044389,25.228381615587235,7.016781085630381,6.823706601463732,7.139646801519534,55.57831614652712,54.841431122414384,12.212337349831815,11.510224174170075,8.736910668524619,8.289323948203723,7.999709754453358,7.534573028465228,6.288365070483345,7.534573028465228,39.1729573264691,17.009588805215586,18.47496852046826,44.40182053458488,39.98010970582177,40.524057664593116,29.33761677762062,30.13605044291669,16.346098228616924,15.828274533323102,19.637394151310374,57.183659719256546,60.841670684146386,43.17358117758139,7.813331798867059,7.813331798867059
13.097873322362334,1.1895559602702017,1.0939004988662728,1.0,46.581885017180326,47.00561840808314,13.638271672982302,13.580356840655455,7.765380846640411,2.094339530110558,1.1895559602702017,1.108819275375603,1000.0,1.329090802742744,38.27540542321475,26.072747592717004,25.29535017866773,50.16296306007192,50.16296306007192,50.16296306007192,56.722192741522846,49.87258499619065,9.600487178886635,9.600487178886635,9.600487178886635,57.63626784596743,56.346736023094515,65.00743061800667,3.503741773412424,3.503741773412424,25.33720089021947,7.125600360959473,6.932525876795735,7.248466076846727,55.4694968749152,54.73261185070126,12.321156625047275,11.619043449404872,8.845729943823628,8.39814322351128,8.108529029766174,7.643392303786049,6.397184345822929,7.643392303786049,39.06413805293143,16.900769530161597,18.366149245476098,44.293001261586696,39.87129043236284,40.41523839118818,29.228797503256327,30.027231168610342,16.454917503693373,15.937093808419336,19.74621342624538,57.07484044786985,60.73285141329744,43.06476190445024,7.704512523549142,7.704512523549142
12.768782520162766,1.5186467630125704,1.2351903038765553,1.329090802742744,46.91097581191467,47.33470920266824,13.96736247509899,13.909447642777797,7.436290044063836,1.7652487273710105,1.5186467630125704,1.2202715273672324,1.329090802742744,1000.0,38.604496220595735,26.401838393025145,25.624440979123648,50.492053853501574,50.492053853501574,50.492053853501574,57.05128353230684,50.20167578972977,9.271396376415336,9.271396376415336,9.271396376415336,57.965358636356434,56.675826814038885,65.33652140497503,3.1746509706904633,3.1746509706904633,25.00811008970435,6.796509558352235,6.6034350741798535,6.919375274245133,55.79858766623006,55.061702642322764,11.992065822779304,11.289952647079025,8.516639141305923,8.069052420968106,7.779438227207329,7.314301501203387,6.068093543184577,7.314301501203387,39.3932288500839,17.229860331918335,18.69524004704464,44.622092057103266,40.2003812292765,40.744329187938085,29.557888302916925,30.35632196809502,16.12582670184231,15.608003006508909,19.417122624819314,57.40393123850222,61.06194220230046,43.39385270036996,8.033603326111798,8.033603326111798
50.37327848694693,38.08584946599039,38.36930592056068,38.27540542321475,9.306479758411932,9.730213159314175,25.63713388523114,25.69504871725483,45.04078614080779,39.36974493513356,38.08584946599039,38.384224696827765,38.27540542321475,38.604496220595735,1000.0,13.202657963236033,13.980055381358193,12.887557890737206,12.887557890737206,12.887557890737206,19.4467877649903,12.59717981918768,46.87589243123098,46.87589243123098,46.87589243123098,20.36086289928263,19.071331034513236,27.73202593867336,40.77914715348066,40.77914715348066,62.61260566459905,44.40100566902391,44.207931188984595,44.523871382269746,18.194091858661924,17.457206811722223,49.59656181003418,48.8944486523863,46.12113521372144,45.67354850358623,45.383934316334134,44.918797600630505,43.67258966927918,44.918797600630505,1.7887326427509558,22.374636040435067,20.90925632767946,7.0175959515084285,2.5958850360814365,3.1398330045932616,10.046608030771528,9.248174358499469,53.730322574109074,53.21249889399486,57.02161839489813,19.7994354827661,23.457446573146584,5.789356568719592,31.57089298850171,31.57089298850171
38.170620784196316,25.883191633820537,26.166648090895027,26.072747592717004,21.509137697393513,21.93287109653121,13.434475965534496,13.492390797863663,32.83812837664725,27.16708711448812,25.883191633820537,26.181566867294542,26.072747592717004,26.401838393025145,13.202657963236033,1000.0,1.7773974195571656,25.090215813193605,25.090215813193605,25.090215813193605,31.649445647687553,24.799837743120353,34.67323468729666,34.67323468729666,34.67323468729666,32.563520775463815,31.273988919817807,39.93468375358186,28.576489346023436,28.576489346023436,50.409948133172236,32.19834789803568,32.00527341595864,32.32121361258376,30.39674974990148,29.659864707777345,37.393904097838664,36.69179093179977,33.918477461353035,33.47089074629234,33.18127655588332,32.71613983515917,31.469931890658327,32.71613983515917,13.991390604528718,10.17197810506678,8.706598386255248,19.220253899136306,14.798542996183414,15.34249096346123,4.156049936525715,4.954483609376284,41.52766491414054,41.009841227219546,44.81896077996353,32.002093362977746,35.66010442547927,17.99201452037138,19.36823510504728,19.36823510504728
37.39322337686277,25.105794219687027,25.389250676887723,25.29535017866773,22.28653511299366,22.710268511969115,12.657078547288837,12.714993379630656,32.06073096602853,26.38968970093781,25.105794219687027,25.40416945329391,25.29535017866773,25.624440979123648,13.980055381358193,1.7773974195571656,1000.0,25.867613227319858,25.867613227319858,25.867613227319858,32.42684305850951,25.57723515737481,33.8958372777507,33.8958372777507,33.8958372777507,33.34091818576316,32.05138633085002,40.712081159110845,27.79909193314757,27.79909193314757,49.63255073531393,31.42095048705723,31.227876004873075,31.54381620167382,31.174147161414954,30.43726211968426,36.61650668999474,35.914393523503854,33.141080051358514,32.69349333603667,32.40387914546059,31.93874242447129,30.69253447927929,31.93874242447129,14.76878802246522,9.394580686206385,7.929200967181372,19.997651315556453,15.575940413918236,16.11988838105347,4.933447355970464,5.731881028763994,40.75026750913773,40.232443821843994,44.04156337744268,32.77949077359988,36.43750183389514,18.76941193719232,18.590837688412716,18.590837688412716
62.26083595892631,49.97340710510997,50.25686355629345,50.16296306007192,4.581078136456254,4.157344735251091,37.52469165121928,37.582606482751835,56.92834369043178,51.25730255873571,49.97340710510997,50.27178233238166,50.16296306007192,50.492053853501574,12.887557890737206,25.090215813193605,25.867613227319858,1000.0,1.0,1.0,7.559229891065516,1.2903780720172748,58.76344995501835,58.76344995501835,58.76344995501835,8.473305028650945,7.183773159303176,15.844468103098736,52.666704759525125,52.666704759525125,74.50016292877645,56.288563227437336,56.09548875002835,56.41142893900396,6.3065339806017615,5.56964893143342,61.48411929381024,60.782006146683045,58.00869274824741,57.56110604440631,57.27149186119744,56.806355151939094,55.56014723756243,56.806355151939094,12.098825249201473,34.262193832592985,32.79681413063405,6.869961944133649,11.291672856935875,10.747724889039702,21.934165895232532,21.135732226192303,65.61787999319235,65.10005632143964,68.90917575911126,7.911877610084235,11.569888715399218,8.09820132673788,43.45845069935366,43.45845069935366
62.26083595892631,49.97340710510997,50.25686355629345,50.16296306007192,4.581078136456254,4.157344735251091,37.52469165121928,37.582606482751835,56.92834369043178,51.25730255873571,49.97340710510997,50.27178233238166,50.16296306007192,50.492053853501574,12.887557890737206,25.090215813193605,25.867613227319858,1.0,1000.0,1.0,7.559229891065516,1.2903780720172748,58.76344995501835,58.76344995501835,58.76344995501835,8.473305028650945,7.183773159303176,15.844468103098736,52.666704759525125,52.666704759525125,74.50016292877645,56.288563227437336,56.09548875002835,56.41142893900396,6.3065339806017615,5.56964893143342,61.48411929381024,60.782006146683045,58.00869274824741,57.56110604440631,57.27149186119744,56.806355151939094,55.56014723756243,56.806355151939094,12.098825249201473,34.262193832592985,32.79681413063405,6.869961944133649,11.291672856935875,10.747724889039702,21.934165895232532,21.135732226192303,65.61787999319235,65.10005632143964,68.90917575911126,7.911877610084235,11.569888715399218,8.09820132673788,43.45845069935366,43.45845069935366
62.26083595892631,49.97340710510997,50.25686355629345,50.16296306007192,4.581078136456254,4.157344735251091,37.52469165121928,37.582606482751835,56.92834369043178,51.25730255873571,49.97340710510997,50.27178233238166,50.16296306007192,50.492053853501574,12.887557890737206,25.090215813193605,25.867613227319858,1.0,1.0,1000.0,7.559229891065516,1.2903780720172748,58.76344995501835,58.76344995501835,58.76344995501835,8.473305028650945,7.183773159303176,15.844468103098736,52.666704759525125,52.666704759525125,74.50016292877645,56.288563227437336,56.09548875002835,56.41142893900396,6.3065339806017615,5.56964893143342,61.48411929381024,60.782006146683045,58.00869274824741,57.56110604440631,57.27149186119744,56.806355151939094,55.56014723756243,56.806355151939094,12.098825249201473,34.262193832592985,32.79681413063405,6.869961944133649,11.291672856935875,10.747724889039702,21.934165895232532,21.135732226192303,65.61787999319235,65.10005632143964,68.90917575911126,7.911877610084235,11.569888715399218,8.09820132673788,43.45845069935366,43.45845069935366
68.82006553229232,56.53263678807733,56.816093236991165,56.722192741522846,11.140308024736457,10.716574623963435,44.083921421795274,44.141836252974926,63.487573314181645,57.81653223132517,56.53263678807733,56.83101201295959,56.722192741522846,57.05128353230684,19.4467877649903,31.649445647687553,32.42684305850951,7.559229891065516,7.559229891065516,7.559229891065516,1000.0,7.849607962930205,65.32267956191691,65.32267956191691,65.32267956191691,1.9140751381097005,1.3754567319405144,9.285238221476083,59.22593442043343,59.22593442043343,81.05939237017317,62.84779285694178,62.65471838125723,62.970658567408115,2.2526959109738707,2.9895809603297514,68.04334887478385,67.34123573445467,64.56792236213866,64.1203356624035,63.83072148183516,63.365584776791,62.11937687354299,63.365584776791,18.658055125240583,40.82142362222285,39.35604392829368,13.429191829603726,17.85090273470411,17.306954767916938,28.49339574219264,27.694962076064858,72.17710953262393,71.65928586621722,75.46840526361217,1.3526477192057824,5.010658827587732,14.657431210369014,50.017680431115,50.017680431115
61.970457899548535,49.683029041165994,49.96648549244335,49.87258499619065,4.29070006447898,3.8669666632645434,37.234313583686436,37.29222841523327,56.63796562894757,50.966924495221285,49.683029041165994,49.98140426853651,49.87258499619065,50.20167578972977,12.59717981918768,24.799837743120353,25.57723515737481,1.2903780720172748,1.2903780720172748,1.2903780720172748,7.849607962930205,1000.0,58.473071894237464,58.473071894237464,58.473071894237464,8.763683100471155,7.4741512311844875,16.13484617435265,52.37632669649503,52.37632669649503,74.20978487495627,55.99818516571324,55.80511068823241,56.121050877325736,6.596912052518174,5.860027003375277,61.19374123411374,60.49162808670195,57.7183146871745,57.27072798316204,56.98111379984301,56.515977090408924,55.26976917556859,56.515977090408924,11.808447177591226,33.971815764292515,32.50643606201217,6.579583872227533,11.00129478526786,10.457346817335246,21.64378782468082,20.84535415553023,65.32750193523877,64.80967826326143,68.6187977026275,8.202255681932439,11.860266787026548,7.807823254884604,43.16807263340111,43.16807263340111
4.497386147692337,9.790043138990676,9.506586680100016,9.600487178886635,55.18237194917728,55.606105335830556,22.238758825083124,22.180843992951807,2.835106333483854,8.506147649595182,9.790043138990676,9.49166790360318,9.600487178886635,9.271396376415336,46.87589243123098,34.67323468729666,33.8958372777507,58.76344995501835,58.76344995501835,58.76344995501835,65.32267956191691,58.473071894237464,1000.0,1.0,1.0,66.23675465528468,64.94722284798965,73.60791733184902,7.096745406996243,7.096745406996243,16.73671374947574,3.4748868194384803,3.667961303668787,3.352021103504998,64.06998371021629,63.33309869462374,3.720669449230357,3.018556272654594,1.7547572356532797,2.2023439562620504,2.4919581501776844,2.957094876396696,4.203302834787299,2.957094876396696,47.66462505432473,25.501256670164288,26.966636379351893,52.893488215914516,48.47177742684926,49.015725380946215,37.8292845783099,38.62771823840771,7.854430335362118,7.336606638963973,11.14572626630641,65.67532726401045,69.3333381838396,51.66524887032702,16.30499969219929,16.30499969219929
4.497386147692337,9.790043138990676,9.506586680100016,9.600487178886635,55.18237194917728,55.606105335830556,22.238758825083124,22.180843992951807,2.835106333483854,8.506147649595182,9.790043138990676,9.49166790360318,9.600487178886635,9.271396376415336,46.87589243123098,34.67323468729666,33.8958372777507,58.76344995501835,58.76344995501835,58.76344995501835,65.32267956191691,58.473071894237464,1.0,1000.0,1.0,66.23675465528468,64.94722284798965,73.60791733184902,7.096745406996243,7.096745406996243,16.73671374947574,3.4748868194384803,3.667961303668787,3.352021103504998,64.06998371021629,63.33309869462374,3.720669449230357,3.018556272654594,1.7547572356532797,2.2023439562620504,2.4919581501776844,2.957094876396696,4.203302834787299,2.957094876396696,47.66462505432473,25.501256670164288,26.966636379351893,52.893488215914516,48.47177742684926,49.015725380946215,37.8292845783099,38.62771823840771,7.854430335362118,7.336606638963973,11.14572626630641,65.67532726401045,69.3333381838396,51.66524887032702,16.30499969219929,16.30499969219929
4.497386147692337,9.790043138990676,9.506586680100016,9.600487178886635,55.18237194917728,55.606105335830556,22.238758825083124,22.180843992951807,2.835106333483854,8.506147649595182,9.790043138990676,9.49166790360318,9.600487178886635,9.271396376415336,46.87589243123098,34.67323468729666,33.8958372777507,58.76344995501835,58.76344995501835,58.76344995501835,65.32267956191691,58.473071894237464,1.0,1.0,1000.0,66.23675465528468,64.94722284798965,73.60791733184902,7.096745406996243,7.096745406996243,16.73671374947574,3.4748868194384803,3.667961303668787,3.352021103504998,64.06998371021629,63.33309869462374,3.720669449230357,3.018556272654594,1.7547572356532797,2.2023439562620504,2.4919581501776844,2.957094876396696,4.203302834787299,2.957094876396696,47.66462505432473,25.501256670164288,26.966636379351893,52.893488215914516,48.47177742684926,49.015725380946215,37.8292845783099,38.62771823840771,7.854430335362118,7.336606638963973,11.14572626630641,65.67532726401045,69.3333381838396,51.66524887032702,16.30499969219929,16.30499969219929
69.73414062070754,57.4467118927484,57.7301683413233,57.63626784596743,12.0543831616475,11.630649760968565,44.99799653967024,45.05591137079608,64.40164841004443,58.730607334447384,57.4467118927484,57.745087117273826,57.63626784596743,57.965358636356434,20.36086289928263,32.563520775463815,33.34091818576316,8.473305028650945,8.473305028650945,8.473305028650945,1.9140751381097005,8.763683100471155,66.23675465528468,66.23675465528468,66.23675465528468,1000.0,2.289531870045035,8.371163084020083,60.140009521815145,60.140009521815145,81.97346743921928,63.76186795365766,63.568793478228834,63.88473366396083,3.166771049054533,3.9036560983776507,68.95742396432132,68.25531082499562,65.48199745654125,65.03441075741404,64.74479657723684,64.27965987281712,63.03345197121955,64.27965987281712,19.572130259844855,41.735498743013885,40.27011905032084,14.343266965940204,18.764977869613855,18.221029903024718,29.407470871958402,28.609037206300314,73.09118461604182,72.5733609504215,76.38248034189917,1.5614274189060364,4.0965836896109336,15.571506346351052,50.93175554310658,50.93175554310658
68.4446088203795,56.15718006955705,56.4406365186085,56.346736023094515,10.764851293230828,10.341117892421561,43.70846469792205,43.76637952912346,63.11211659923996,57.441075513433816,56.15718006955705,56.455555294584194,56.346736023094515,56.675826814038885,19.071331034513236,31.273988919817807,32.05138633085002,7.183773159303176,7.183773159303176,7.183773159303176,1.3754567319405144,7.4741512311844875,64.94722284798965,64.94722284798965,64.94722284798965,2.289531870045035,1000.0,9.66069495310114,58.850477703249,58.850477703249,80.6839356661469,62.47233614165332,62.279261665864816,62.59520185218598,1.8772391790381853,2.614124228403348,67.66789216241445,66.9657790216771,64.19246564779064,63.744878947808296,63.45526476708093,62.990128061782926,61.74392015786403,62.990128061782926,18.282598394639862,40.44596689717033,38.98058720274171,13.053735098321129,17.475446003982483,16.931498037117052,28.117939013523586,27.319505347207404,71.80165282274474,71.28382915601793,75.09294855582186,1.7281044511451684,5.386115559450928,14.281974479225042,49.64222370962472,49.64222370962472
77.10530325483315,64.81787466674947,65.1013311123884,65.00743061800667,19.425546228096007,19.001812828478855,52.36915942905111,52.42707425970162,71.77281110804121,66.10177009504027,64.81787466674947,65.116249888184,65.00743061800667,65.33652140497503,27.73202593867336,39.93468375358186,40.712081159110845,15.844468103098736,15.844468103098736,15.844468103098736,9.285238221476083,16.13484617435265,73.60791733184902,73.60791733184902,73.60791733184902,8.371163084020083,9.66069495310114,1000.0,67.51117226736456,67.51117226736456,89.34462990839798,71.13303065899127,70.93995618576282,71.25589636789088,10.537934131290887,11.274819179822813,76.3285866080523,75.62647347732077,72.85316014199012,72.40557344808568,72.11595927126967,71.65082257221823,70.40461468482131,71.65082257221823,26.943293302315123,49.10666165824322,47.641281976566376,21.714430026118542,26.13614091512477,25.59219295052151,36.778633868377,35.98020020707751,80.46234720746787,79.94452354855936,83.7536428895955,8.932590502541697,5.274579395551916,22.94266940279277,58.30291838079997,58.30291838079997
10.594131552318409,3.6932977336677997,3.4098412745527225,3.503741773412424,49.0856267267858,49.50936011652649,16.142013440833544,16.08409860855337,5.261639074064966,2.409402243346655,3.6932977336677997,3.394922498044389,3.503741773412424,3.1746509706904633,40.77914715348066,28.576489346023436,27.79909193314757,52.666704759525125,52.666704759525125,52.666704759525125,59.22593442043343,52.37632669649503,7.096745406996243,7.096745406996243,7.096745406996243,60.140009521815145,58.850477703249,67.51117226736456,1000.0,1.0,22.83345913221803,4.621858588191131,4.428784103973845,4.744724304113586,57.97323855794376,57.23635353610926,9.817414854532009,9.115301678493632,6.341988171627829,5.894401451149977,5.604787257303974,5.139650531171991,3.893442572863881,5.139650531171991,41.56787978140889,19.404511295068243,20.86989100885843,46.79674297728798,42.375032158972445,42.918980116517524,31.732539251436915,32.530972915402074,13.95117573608886,13.433352040395935,17.242471661666453,59.57858212560458,63.236593078405065,45.568503623296245,10.20825429516806,10.20825429516806
10.594131552318409,3.6932977336677997,3.4098412745527225,3.503741773412424,49.0856267267858,49.50936011652649,16.142013440833544,16.08409860855337,5.261639074064966,2.409402243346655,3.6932977336677997,3.394922498044389,3.503741773412424,3.1746509706904633,40.77914715348066,28.576489346023436,27.79909193314757,52.666704759525125,52.666704759525125,52.666704759525125,59.22593442043343,52.37632669649503,7.096745406996243,7.096745406996243,7.096745406996243,60.140009521815145,58.850477703249,67.51117226736456,1.0,1000.0,22.83345913221803,4.621858588191131,4.428784103973845,4.744724304113586,57.97323855794376,57.23635353610926,9.817414854532009,9.115301678493632,6.341988171627829,5.894401451149977,5.604787257303974,5.139650531171991,3.893442572863881,5.139650531171991,41.56787978140889,19.404511295068243,20.86989100885843,46.79674297728798,42.375032158972445,42.918980116517524,31.732539251436915,32.530972915402074,13.95117573608886,13.433352040395935,17.242471661666453,59.57858212560458,63.236593078405065,45.568503623296245,10.20825429516806,10.20825429516806
13.239327609578824,25.526756849178806,25.243300391995046,25.33720089021947,70.91908500661039,71.34281838360883,37.97547243135434,37.91755759983766,18.571820077085498,24.242861367280124,25.526756849178806,25.228381615587235,25.33720089021947,25.00811008970435,62.61260566459905,50.409948133172236,49.63255073531393,74.50016292877645,74.50016292877645,74.50016292877645,81.05939237017317,74.20978487495627,16.73671374947574,16.73671374947574,16.73671374947574,81.97346743921928,80.6839356661469,89.34462990839798,22.83345913221803,22.83345913221803,1000.0,19.2116005607035,19.404675044199326,19.088734845230338,79.80669655130431,79.0698115547547,14.016044306694667,14.718157481864385,17.491470982861742,17.93905770202785,18.22867189497108,18.69380861956433,19.940016573210222,18.69380861956433,63.401338272076536,41.23797023982992,42.703349931307955,68.63020132435858,64.20849062838352,64.75243857141629,53.5659979744607,54.364431621399966,9.882283425199153,10.400107121357582,6.590987493495886,81.41204006291993,85.07005088309234,67.40196200534997,32.04171335506764,32.04171335506764
6.972272966532012,7.315156321144641,7.031699862133435,7.125600360959473,52.707485210305265,53.13121859825585,19.763872017084733,19.70595718488698,1.6397804859882943,6.0312608312400116,7.315156321144641,7.016781085630381,7.125600360959473,6.796509558352235,44.40100566902391,32.19834789803568,31.42095048705723,56.288563227437336,56.288563227437336,56.288563227437336,62.84779285694178,55.99818516571324,3.4748868194384803,3.4748868194384803,3.4748868194384803,63.76186795365766,62.47233614165332,71.13303065899127,4.621858588191131,4.621858588191131,19.2116005607035,1000.0,1.193074484245079,1.1228657159417692,61.595097000731364,60.85821198252843,6.195556268263581,5.493443091833024,2.720129583822428,2.2725428632203046,1.9829286693028487,1.5177919430708446,1.7284160154157355,1.5177919430708446,45.18973829416209,23.02636986622058,24.491749577428767,50.418601470214334,45.99689066881599,46.54083862436917,35.35439779522237,36.15283145697302,10.329317152967665,9.811493456801998,13.620613082075346,63.200440560321276,66.85845149391469,49.19036212108767,13.830112878395944,13.830112878395944
7.165347450694726,7.122081836986099,6.8386253779671815,6.932525876795735,52.51441073203682,52.93814412008607,19.57079753362014,19.512882701417542,1.832854970232181,5.838186347049414,7.122081836986099,6.823706601463732,6.932525876795735,6.6034350741798535,44.207931188984595,32.00527341595864,31.227876004873075,56.09548875002835,56.09548875002835,56.09548875002835,62.65471838125723,55.80511068823241,3.667961303668787,3.667961303668787,3.667961303668787,63.568793478228834,62.279261665864816,70.93995618576282,4.428784103973845,4.428784103973845,19.404675044199326,1.193074484245079,1000.0,1.3159402001867613,61.40202252470246,60.66513750630027,6.388630752446033,5.686517576030994,2.913204068060144,2.465617347461211,2.1760031535453415,1.7108664273151,1.5353415311715297,1.7108664273151,44.99666381427756,22.83329538305283,24.2986750944099,50.22552699142685,45.80381618909277,46.34776414475629,35.1613233136081,35.959756975482925,10.522391637014065,10.004567940869624,13.813687565958817,63.00736608473493,66.6653770193803,48.99728764203142,13.6370383945139,13.6370383945139
6.849407250639969,7.438022037028499,7.154565578022331,7.248466076846727,52.830350922420465,53.25408431030805,19.886737732521397,19.82882290032674,1.5169147700469958,6.1541265471448465,7.438022037028499,7.139646801519534,7.248466076846727,6.919375274245133,44.523871382269746,32.32121361258376,31.54381620167382,56.41142893900396,56.41142893900396,56.41142893900396,62.970658567408115,56.121050877325736,3.352021103504998,3.352021103504998,3.352021103504998,63.88473366396083,62.59520185218598,71.25589636789088,4.744724304113586,4.744724304113586,19.088734845230338,1.1228657159417692,1.3159402001867613,1000.0,61.71796271141741,60.98107769334158,6.072690552359328,5.3705773759192095,2.597263867884571,2.1496771472806184,1.8600629533622832,1.3949262271293665,1.851281731356622,1.3949262271293665,45.312604007309076,23.14923558146687,24.61461529257965,50.54146718266084,46.11975638185996,46.66370433734267,35.47726350947453,36.27569717114581,10.20645143714813,9.688627740969189,13.49774736635801,63.32330627072495,66.98131720364728,49.31322783370577,13.952978594100916,13.952978594100916
67.5673696872678,55.27994092116532,55.56339737053466,55.4694968749152,9.887612115083153,9.463878714194646,42.83122553718343,42.88914036843498,62.23487745912001,56.563836366495,55.27994092116532,55.57831614652712,55.4694968749152,55.79858766623006,18.194091858661924,30.39674974990148,31.174147161414954,6.3065339806017615,6.3065339806017615,6.3065339806017615,2.2526959109738707,6.596912052518174,64.06998371021629,64.06998371021629,64.06998371021629,3.166771049054533,1.8772391790381853,10.537934131290887,57.97323855794376,57.97323855794376,79.80669655130431,61.595097000731364,61.40202252470246,61.71796271141741,1000.0,1.7368850493773724,66.79065302824603,66.08853988656394,63.315226509043875,62.86763980848975,62.5780256273946,62.11288892150941,60.8666810160391,62.11288892150941,17.40535921850977,39.56872773371834,38.103348038141654,12.176495920665113,16.598206827580288,16.054258860539022,27.240699841780298,26.44226617503419,70.92441369434138,70.40659002687339,74.21570943225673,2.6053436301713537,6.263354738252053,13.404735301877128,48.764984554377534,48.764984554377534
66.83048467554241,54.54305589677562,54.82651234640805,54.73261185070126,9.150727066330113,8.726993665380938,42.09434050259556,42.15225533388843,61.497992441581864,55.826951343307904,54.54305589677562,54.841431122414384,54.73261185070126,55.061702642322764,17.457206811722223,29.659864707777345,30.43726211968426,5.56964893143342,5.56964893143342,5.56964893143342,2.9895809603297514,5.860027003375277,63.33309869462374,63.33309869462374,63.33309869462374,3.9036560983776507,2.614124228403348,11.274819179822813,57.23635353610926,57.23635353610926,79.0698115547547,60.85821198252843,60.66513750630027,60.98107769334158,1.7368850493773724,1000.0,66.05376801564373,65.35165487317786,62.57834149264415,62.130754791615935,61.84114061021585,61.376003903843966,60.129795997087776,61.376003903843966,16.66847417134688,38.831842696896615,37.366463000375944,11.439610872293212,15.861321780200063,15.317373813018651,26.503814798165436,25.705381131069316,70.18752868652423,69.66970501844088,73.47882442845793,3.3422286795163014,7.000239787357037,12.66785025374694,48.028099524319884,48.028099524319884
1.7767166985475682,12.510712585031099,12.227256126319372,12.321156625047275,57.903041300967864,58.32677468612558,24.959428258259468,24.901513426210677,5.555775782450728,11.22681709640553,12.510712585031099,12.212337349831815,12.321156625047275,11.992065822779304,49.59656181003418,37.393904097838664,36.61650668999474,61.48411929381024,61.48411929381024,61.48411929381024,68.04334887478385,61.19374123411374,3.720669449230357,3.720669449230357,3.720669449230357,68.95742396432132,67.66789216241445,76.3285866080523,9.817414854532009,9.817414854532009,14.016044306694667,6.195556268263581,6.388630752446033,6.072690552359328,66.79065302824603,66.05376801564373,1000.0,1.7021131766204198,4.475426684800972,4.923013405343758,5.2126275992099655,5.677764325338528,6.92397228341956,5.677764325338528,50.38529443075134,28.221926098349062,29.68730580507546,55.61415757558617,51.19244680080286,51.73639475320988,40.54995398154857,41.34838763969866,5.13376088702433,4.615937190455414,8.425056819448692,68.39599657540596,72.0540074795049,54.38591823409047,19.025669132728737,19.025669132728737
