0.0,1.0,11.602813606636957,11.602813606636957,11.602813606636957,1.6558334630959042,1.0363653426983133,1.0363653426983133,1.0363653426983133,1.5797581310676718,1.5893720419843933,10.739501661414526,9.897968050760841,9.319811612259564,7.644314253194975,12.305960637472941,13.641680562106151,15.102431978720018,22.528748925644734,16.360024288925796,16.805705833527313,16.805705833527313,16.805705833527313,15.417245970282389,5.425012273494331,5.425012273494331,5.425012273494331,20.633418719848237,17.490957322719673,15.672693713028648,16.490467367394043,20.566520752612337,20.566520752612337,16.490467367394043,16.106246319850996,16.478760927119552,24.104399038257252,24.104399038257252,24.104399038257252,1.0351113656829576,1.0,3.538003728519237,5.820538336411242,45.814185287027,43.06345145254617,43.13154232689409,45.86472924730777,45.814185287027,45.814185287027,10.917592068252116,3.724111711158838,4.827664890025256,9.544488291343795,9.657332095697344,6.2217817442118095,1.716017501835244,1.3624005056119317,1.3624005056119317,1.3624005056119317,1.0179736775428407,4.027453105640357,9.40509251515139,9.768791676516967,4.840205369334004,5.62189978254962,25.815283100636375,19.35526074456576,18.89952814917079,14.20858553771943,17.68704336171979,13.878308469106381,24.519048483537375,22.269512487497177,23.678599803145044,2.6163963052532653,1.5864410427699913,6.303277063450978,23.86257773637531,19.894617920939417,23.293920268205042,20.53014501036971,13.765429330137064,18.259835222156525,13.635827585379833,16.470399185289835,10.81809549273785,13.890929982860731,12.52433817242508,14.308842517570016,1.6157002646500995,1.3022079505052768,2.1549036852283576,3.333612644895097,43.5104271198323,46.65170642236779,48.21811493449083,46.634997871543455,47.21144051637497,45.156274958811565,2.66902391973822
1.0,0.0,11.602813606636957,11.602813606636957,11.602813606636957,1.6558334630959042,1.0363653426983133,1.0363653426983133,1.0363653426983133,1.5797581310676718,1.5893720419843933,10.739501661414526,9.897968050760841,9.319811612259564,7.644314253194975,12.305960637472941,13.641680562106151,15.102431978720018,22.528748925644734,16.360024288925796,16.805705833527313,16.805705833527313,16.805705833527313,15.417245970282389,5.425012273494331,5.425012273494331,5.425012273494331,20.633418719848237,17.490957322719673,15.672693713028648,16.490467367394043,20.566520752612337,20.566520752612337,16.490467367394043,16.106246319850996,16.478760927119552,24.104399038257252,24.104399038257252,24.104399038257252,1.0351113656829576,1.0,3.538003728519237,5.820538336411242,45.814185287027,43.06345145254617,43.13154232689409,45.86472924730777,45.814185287027,45.814185287027,10.917592068252116,3.724111711158838,4.827664890025256,9.544488291343795,9.657332095697344,6.2217817442118095,1.716017501835244,1.3624005056119317,1.3624005056119317,1.3624005056119317,1.0179736775428407,4.027453105640357,9.40509251515139,9.768791676516967,4.840205369334004,5.62189978254962,25.815283100636375,19.35526074456576,18.89952814917079,14.20858553771943,17.68704336171979,13.878308469106381,24.519048483537375,22.269512487497177,23.678599803145044,2.6163963052532653,1.5864410427699913,6.303277063450978,23.86257773637531,19.894617920939417,23.293920268205042,20.53014501036971,13.765429330137064,18.259835222156525,13.635827585379833,16.470399185289835,10.81809549273785,13.890929982860731,12.52433817242508,14.308842517570016,1.6157002646500995,1.3022079505052768,2.1549036852283576,3.333612644895097,43.5104271198323,46.65170642236779,48.21811493449083,46.634997871543455,47.21144051637497,45.156274958811565,2.66902391973822
11.602813606636957,11.602813606636957,0.0,1.0,1.0,12.258647065745375,11.56644826414617,11.56644826414617,11.56644826414617,12.18257173420347,12.192185645059078,21.342315161167626,20.50078156377987,19.92262513395122,18.247127797988526,22.908774110504538,24.24449401026916,25.705245397492504,33.13156215959104,26.96283768056003,27.408519215136543,27.408519215136543,27.408519215136543,26.02005938242065,16.027825844235323,16.027825844235323,16.027825844235323,31.236232006585173,28.093770688499305,26.275507119705534,27.0932807561162,31.169334041142246,31.169334041142246,27.0932807561162,26.709059717098373,27.081574316103794,13.501585588021557,13.501585588021557,13.501585588021557,11.567702241154393,11.602813606636957,9.064809889175345,6.782275285287673,35.211372512586394,32.46063856399793,32.52872944107045,35.26191647504137,35.211372512586394,35.211372512586394,21.520405565100166,14.326925298195027,15.430478466844185,3.0583253248007267,2.945481520044738,6.381031877609316,10.88679610862525,11.965214110102838,11.965214110102838,11.965214110102838,11.584839929196862,8.575360513386853,20.0079060355864,20.371605191504898,15.443018946029287,16.22471335120307,36.41809623392446,29.95807406472985,29.50234148082991,24.811398974748343,28.28985672287705,24.48112191266396,35.121861657906564,32.87232572889117,34.28141300318933,13.21920990122516,11.01637256703956,16.906090624557706,34.46539093086385,30.497431227211486,33.89673347974875,31.13295829987254,24.368242775899088,28.86264856957502,24.238641033655995,27.0732125744612,21.420908991213118,3.288116392176835,1.9215245715311102,3.7060289304124234,10.987113345308025,11.30060565781294,10.447909927302316,9.269200972166423,32.90761424926221,36.048893684315125,37.61530226655703,36.03218513275734,36.608627803069574,34.553462156325395,9.933789694953102
11.602813606636957,11.602813606636957,1.0,0.0,1.0,12.258647065745375,11.56644826414617,11.56644826414617,11.56644826414617,12.18257173420347,12.192185645059078,21.342315161167626,20.50078156377987,19.92262513395122,18.247127797988526,22.908774110504538,24.24449401026916,25.705245397492504,33.13156215959104,26.96283768056003,27.408519215136543,27.408519215136543,27.408519215136543,26.02005938242065,16.027825844235323,16.027825844235323,16.027825844235323,31.236232006585173,28.093770688499305,26.275507119705534,27.0932807561162,31.169334041142246,31.169334041142246,27.0932807561162,26.709059717098373,27.081574316103794,13.501585588021557,13.501585588021557,13.501585588021557,11.567702241154393,11.602813606636957,9.064809889175345,6.782275285287673,35.211372512586394,32.46063856399793,32.52872944107045,35.26191647504137,35.211372512586394,35.211372512586394,21.520405565100166,14.326925298195027,15.430478466844185,3.0583253248007267,2.945481520044738,6.381031877609316,10.88679610862525,11.965214110102838,11.965214110102838,11.965214110102838,11.584839929196862,8.575360513386853,20.0079060355864,20.371605191504898,15.443018946029287,16.22471335120307,36.41809623392446,29.95807406472985,29.50234148082991,24.811398974748343,28.28985672287705,24.48112191266396,35.121861657906564,32.87232572889117,34.28141300318933,13.21920990122516,11.01637256703956,16.906090624557706,34.46539093086385,30.497431227211486,33.89673347974875,31.13295829987254,24.368242775899088,28.86264856957502,24.238641033655995,27.0732125744612,21.420908991213118,3.288116392176835,1.9215245715311102,3.7060289304124234,10.987113345308025,11.30060565781294,10.447909927302316,9.269200972166423,32.90761424926221,36.048893684315125,37.61530226655703,36.03218513275734,36.608627803069574,34.553462156325395,9.933789694953102
11.602813606636957,11.602813606636957,1.0,1.0,0.0,12.258647065745375,11.56644826414617,11.56644826414617,11.56644826414617,12.18257173420347,12.192185645059078,21.342315161167626,20.50078156377987,19.92262513395122,18.247127797988526,22.908774110504538,24.24449401026916,25.705245397492504,33.13156215959104,26.96283768056003,27.408519215136543,27.408519215136543,27.408519215136543,26.02005938242065,16.027825844235323,16.027825844235323,16.027825844235323,31.236232006585173,28.093770688499305,26.275507119705534,27.0932807561162,31.169334041142246,31.169334041142246,27.0932807561162,26.709059717098373,27.081574316103794,13.501585588021557,13.501585588021557,13.501585588021557,11.567702241154393,11.602813606636957,9.064809889175345,6.782275285287673,35.211372512586394,32.46063856399793,32.52872944107045,35.26191647504137,35.211372512586394,35.211372512586394,21.520405565100166,14.326925298195027,15.430478466844185,3.0583253248007267,2.945481520044738,6.381031877609316,10.88679610862525,11.965214110102838,11.965214110102838,11.965214110102838,11.584839929196862,8.575360513386853,20.0079060355864,20.371605191504898,15.443018946029287,16.22471335120307,36.41809623392446,29.95807406472985,29.50234148082991,24.811398974748343,28.28985672287705,24.48112191266396,35.121861657906564,32.87232572889117,34.28141300318933,13.21920990122516,11.01637256703956,16.906090624557706,34.46539093086385,30.497431227211486,33.89673347974875,31.13295829987254,24.368242775899088,28.86264856957502,24.238641033655995,27.0732125744612,21.420908991213118,3.288116392176835,1.9215245715311102,3.7060289304124234,10.987113345308025,11.30060565781294,10.447909927302316,9.269200972166423,32.90761424926221,36.048893684315125,37.61530226655703,36.03218513275734,36.608627803069574,34.553462156325395,9.933789694953102
1.6558334630959042,1.6558334630959042,12.258647065745375,12.258647065745375,12.258647065745375,0.0,1.6921988057933777,1.6921988057933777,1.6921988057933777,1.0760753320297038,1.0664614211128176,10.083668201267074,9.242134590109313,8.663978151289026,6.9884807914255935,11.650127178389226,12.985847104058339,14.446598521940793,21.872915477504996,15.70419083335225,16.149872378406247,16.149872378406247,16.149872378406247,14.761412513795134,4.769178810954609,4.769178810954609,4.769178810954609,19.97758526915595,16.835123868320025,15.016860256783133,15.834633911951563,19.910687301834297,19.910687301834297,15.834633911951563,15.450412864025694,15.822927471665261,24.760232482989956,24.760232482989956,24.760232482989956,1.6909448287780524,1.6558334630959042,4.1938371913446195,6.476371798625901,46.470018681794066,43.71928485540581,43.78737572955959,46.52056264192135,46.470018681794066,46.470018681794066,10.261758608217379,3.068278248250854,4.171831427334234,10.200321751814391,10.313165556100607,6.877615206283128,2.371850964898374,1.2934329574875203,1.2934329574875203,1.2934329574875203,1.673807140638341,4.683286568364098,8.749259054226506,9.112958215792235,4.184371906645915,4.966066320064979,25.159449657486828,18.699427292286533,18.24369469635193,13.552752080147112,17.031209907532322,13.222475011254446,23.863215038334257,21.613679038994256,23.02276635666987,1.9605628422091539,2.242274505841588,5.647443601176884,23.2067442901746,19.23878446931663,22.638086821163245,19.87431155954518,13.109595872191226,17.604001768603453,12.979994127327224,15.814565729827118,10.162262032639882,14.546763440121868,13.180171630831705,14.96467597445587,2.2715337277198824,1.9580414135915212,2.810737148254482,3.989446107758188,44.166260521411814,47.307539814569125,48.873948321765894,47.29083126379645,47.867273906835074,45.81210835556082,3.3248573827046415
1.0363653426983133,1.0363653426983133,11.56644826414617,11.56644826414617,11.56644826414617,1.6921988057933777,0.0,1.0,1.0,1.6161234737653243,1.6257373846820242,10.775867003936877,9.934333393312224,9.356176954829374,7.680679595811226,12.342325979934303,13.67804590450836,15.13879732105002,22.565114267486173,16.396389631187333,16.842071175763188,16.842071175763188,16.842071175763188,15.4536113125958,5.4613776161561365,5.4613776161561365,5.4613776161561365,20.669784061833646,17.527322664914667,15.709059055328325,16.52683270964814,20.602886094602578,20.602886094602578,16.52683270964814,16.142611662126818,16.51512626937432,24.06803369654758,24.06803369654758,24.06803369654758,1.0012539770153557,1.0363653426983133,3.501638385832674,5.784172993755621,45.77781994806007,43.027086113134025,43.09517698749263,45.82836390834928,45.77781994806007,45.77781994806007,10.953957410767988,3.760477053843243,4.864030232696217,9.508122948780109,9.620966753137246,6.185416401563622,1.6796521591378308,1.3987658483099776,1.3987658483099776,1.3987658483099776,1.018391665155473,3.991087762958804,9.441457857718559,9.805157019072572,4.876570712004787,5.65826512520812,25.85164844219691,19.391626086640795,18.93589349127633,14.244950880094548,17.723408703902773,13.914673811497428,24.55541382521343,22.305877829359087,23.71496514489271,2.6527616479466367,1.550075700072275,6.339642406096932,23.898943078107525,19.930983262977357,23.330285609984617,20.56651035236258,13.801794672533463,18.296200564303597,13.672192927782318,16.506764527545087,10.854460835257356,13.854564640469444,12.487972829972028,14.272477175199004,1.5793349219524462,1.265842607807112,2.1185383425324353,3.2972473022067046,43.47406178049057,46.61534108354206,48.18174959593624,46.59863253271489,47.17507517764507,45.11990961973557,2.6326585770449493
1.0363653426983133,1.0363653426983133,11.56644826414617,11.56644826414617,11.56644826414617,1.6921988057933777,1.0,0.0,1.0,1.6161234737653243,1.6257373846820242,10.775867003936877,9.934333393312224,9.356176954829374,7.680679595811226,12.342325979934303,13.67804590450836,15.13879732105002,22.565114267486173,16.396389631187333,16.842071175763188,16.842071175763188,16.842071175763188,15.4536113125958,5.4613776161561365,5.4613776161561365,5.4613776161561365,20.669784061833646,17.527322664914667,15.709059055328325,16.52683270964814,20.602886094602578,20.602886094602578,16.52683270964814,16.142611662126818,16.51512626937432,24.06803369654758,24.06803369654758,24.06803369654758,1.0012539770153557,1.0363653426983133,3.501638385832674,5.784172993755621,45.77781994806007,43.027086113134025,43.09517698749263,45.82836390834928,45.77781994806007,45.77781994806007,10.953957410767988,3.760477053843243,4.864030232696217,9.508122948780109,9.620966753137246,6.185416401563622,1.6796521591378308,1.3987658483099776,1.3987658483099776,1.3987658483099776,1.018391665155473,3.991087762958804,9.441457857718559,9.805157019072572,4.876570712004787,5.65826512520812,25.85164844219691,19.391626086640795,18.93589349127633,14.244950880094548,17.723408703902773,13.914673811497428,24.55541382521343,22.305877829359087,23.71496514489271,2.6527616479466367,1.550075700072275,6.339642406096932,23.898943078107525,19.930983262977357,23.330285609984617,20.56651035236258,13.801794672533463,18.296200564303597,13.672192927782318,16.506764527545087,10.854460835257356,13.854564640469444,12.487972829972028,14.272477175199004,1.5793349219524462,1.265842607807112,2.1185383425324353,3.2972473022067046,43.47406178049057,46.61534108354206,48.18174959593624,46.59863253271489,47.17507517764507,45.11990961973557,2.6326585770449493
1.0363653426983133,1.0363653426983133,11.56644826414617,11.56644826414617,11.56644826414617,1.6921988057933777,1.0,1.0,0.0,1.6161234737653243,1.6257373846820242,10.775867003936877,9.934333393312224,9.356176954829374,7.680679595811226,12.342325979934303,13.67804590450836,15.13879732105002,22.565114267486173,16.396389631187333,16.842071175763188,16.842071175763188,16.842071175763188,15.4536113125958,5.4613776161561365,5.4613776161561365,5.4613776161561365,20.669784061833646,17.527322664914667,15.709059055328325,16.52683270964814,20.602886094602578,20.602886094602578,16.52683270964814,16.142611662126818,16.51512626937432,24.06803369654758,24.06803369654758,24.06803369654758,1.0012539770153557,1.0363653426983133,3.501638385832674,5.784172993755621,45.77781994806007,43.027086113134025,43.09517698749263,45.82836390834928,45.77781994806007,45.77781994806007,10.953957410767988,3.760477053843243,4.864030232696217,9.508122948780109,9.620966753137246,6.185416401563622,1.6796521591378308,1.3987658483099776,1.3987658483099776,1.3987658483099776,1.018391665155473,3.991087762958804,9.441457857718559,9.805157019072572,4.876570712004787,5.65826512520812,25.85164844219691,19.391626086640795,18.93589349127633,14.244950880094548,17.723408703902773,13.914673811497428,24.55541382521343,22.305877829359087,23.71496514489271,2.6527616479466367,1.550075700072275,6.339642406096932,23.898943078107525,19.930983262977357,23.330285609984617,20.56651035236258,13.801794672533463,18.296200564303597,13.672192927782318,16.506764527545087,10.854460835257356,13.854564640469444,12.487972829972028,14.272477175199004,1.5793349219524462,1.265842607807112,2.1185383425324353,3.2972473022067046,43.47406178049057,46.61534108354206,48.18174959593624,46.59863253271489,47.17507517764507,45.11990961973557,2.6326585770449493
1.5797581310676718,1.5797581310676718,12.18257173420347,12.18257173420347,12.18257173420347,1.0760753320297038,1.6161234737653243,1.6161234737653243,1.6161234737653243,0.0,1.0096139109168887,10.159743532975142,9.318209921873967,8.740053483089385,7.064556123314859,11.72620250997742,13.061922435529366,14.522673853267944,21.94899080784665,15.780266164542363,16.225947709544876,16.225947709544876,16.225947709544876,14.83748784508912,4.845254142928253,4.845254142928253,4.845254142928253,20.05366059978944,16.91119919937651,15.092935588049652,15.910709243126767,19.98676263247759,19.98676263247759,15.910709243126767,15.52648819524444,15.899002802841808,24.68415715314365,24.68415715314365,24.68415715314365,1.6148694967499928,1.5797581310676718,4.117761859353461,6.400296466710706,46.39394335779238,43.643209530459245,43.711300404635686,46.44448731793758,46.39394335779238,46.39394335779238,10.337833939912771,3.1443535802633997,4.2479067593240885,10.124246420109857,10.237090224404138,6.801539874385461,2.295775632875549,1.2173576254580634,1.2173576254580634,1.2173576254580634,1.5977318086101957,4.607211236385828,8.825334386021764,9.189033547565089,4.260447238635457,5.042141652032675,25.235524987256998,18.775502623101232,18.319770027228213,13.628827411564258,17.107285238564636,13.298550342703283,23.93929036833973,21.689754369377457,23.098841686821014,2.036638174235005,2.166199173817491,5.723518933121688,23.28281962029432,19.3148598000564,22.714162151379252,19.950386890193773,13.185671203650703,17.68007709956346,13.056069458798795,15.890641061004622,10.238337364342385,14.470688108799378,13.104096299373273,14.888600643177849,2.195458395696061,1.881966081565087,2.734661816236935,3.9133707757621976,44.09018519661474,47.231464490866934,48.79787299863866,47.21475594008823,47.791198583336126,45.73603303132772,3.248782050695173
1.5893720419843933,1.5893720419843933,12.192185645059078,12.192185645059078,12.192185645059078,1.0664614211128176,1.6257373846820242,1.6257373846820242,1.6257373846820242,1.0096139109168887,0.0,10.1501296220992,9.308596010990843,8.730439572201732,7.054942212415915,11.716588599116674,13.052308524683474,14.513059942440279,21.939376897143767,15.770652253732056,16.21633379874109,16.21633379874109,16.21633379874109,14.827873934265654,4.835640232018574,4.835640232018574,4.835640232018574,20.044046689049612,16.901585288583128,15.08332167722967,15.901095332318349,19.977148721736523,19.977148721736523,15.901095332318349,15.516874284430509,15.889388892033221,24.69377106378539,24.69377106378539,24.69377106378539,1.6244834076666936,1.5893720419843933,4.12737577026558,6.4099103776133,46.40355726769622,43.652823440482386,43.720914314655985,46.45410122783915,46.40355726769622,46.40355726769622,10.328220029038436,3.1347396693487486,4.238292848412341,10.133860330985948,10.246704135279217,6.8111537852858515,2.3053895437916108,1.2269715363749278,1.2269715363749278,1.2269715363749278,1.607345719526907,4.616825147296334,8.815720475134757,9.179419636680924,4.25083332772375,5.0325277411237535,25.225911076626446,18.765888712338466,18.310156116457648,13.619213500725188,17.097671327774314,13.288936431860202,23.929676457679395,21.680140458669317,23.08922777614224,2.027024263318637,2.1758130847337087,5.713905022215681,23.27320570961953,19.30524588930312,22.704548240692272,19.94077297945204,13.176057292806272,17.670463188782296,13.046455547952833,15.881027150195914,10.228723453467147,14.480302019627333,13.113710210218361,14.898214554000196,2.2050723066122453,1.8915799924815913,2.7442757271523437,3.9229846866749205,44.09979910661902,47.24107840073295,48.807486908432075,47.224369849955,47.800812493176466,45.74564694126079,3.2583959616095775
10.739501661414526,10.739501661414526,21.342315161167626,21.342315161167626,21.342315161167626,10.083668201267074,10.775867003936877,10.775867003936877,10.775867003936877,10.159743532975142,10.1501296220992,0.0,1.841533614356205,2.4196900549957396,4.095187418391003,2.5664589848131683,3.9021789188250935,5.362930347711025,12.789247389550377,6.620522670167972,7.066204219485441,7.066204219485441,7.066204219485441,5.677744342193902,6.314489399554237,6.314489399554237,6.314489399554237,10.893917154367873,7.751455716310689,5.933192087381758,6.750965749996223,10.827019186159353,10.827019186159353,6.750965749996223,6.366744698495333,6.739259309598995,33.84390032309659,33.84390032309659,33.84390032309659,10.774613026927613,10.739501661414526,13.277505374506172,15.560039963066902,55.5536857322472,52.80295203031221,52.871042901470965,55.60422969002128,55.5536857322472,55.5536857322472,1.1780904077108272,8.015389959711843,6.911836782584685,19.283989875357268,19.3968336782036,15.961283366934909,11.455519159544021,10.377101157484534,10.377101157484534,10.377101157484534,10.75747533887056,13.766954747917417,2.3344091518092784,1.9707099891064805,6.899296303288773,6.117601890566148,16.075781623873816,9.615759161264693,9.160026559904763,4.469083898951098,7.94754175758014,4.138806827670393,14.7795469821056,12.530010947174821,13.939098286601006,9.123105362658997,11.325942701187051,5.436224609601307,14.123076223080039,10.155116344962146,13.554418744975742,10.79064344338972,4.025927687814028,8.520333624862847,3.8963259420538394,6.730897567681694,1.0785938317048345,23.630431499671467,22.26383971239076,24.04834402692872,11.355201922908678,11.0417096104177,11.894405340414473,13.07311429236092,53.24992767657823,56.3912068257201,57.957615257643155,56.37449827573794,56.95094089135254,54.89577543642594,12.408525571726358
9.897968050760841,9.897968050760841,20.50078156377987,20.50078156377987,20.50078156377987,9.242134590109313,9.934333393312224,9.934333393312224,9.934333393312224,9.318209921873967,9.308596010990843,1.841533614356205,0.0,1.5781564406745692,3.2536538043325938,3.4079925990084234,4.743712532717771,6.204463961098655,13.63078099756014,7.462056282975132,7.907737832054552,7.907737832054552,7.907737832054552,6.5192779554488665,5.472955786213133,5.472955786213133,5.472955786213133,11.735450764196191,8.592989328480787,6.77472570052287,7.592499362735461,11.668552796046278,11.668552796046278,7.592499362735461,7.208278311430482,7.580792922344386,33.00236675376382,33.00236675376382,33.00236675376382,9.933079416301954,9.897968050760841,12.435971766150335,14.718506357249083,54.71215224371408,51.96141852928089,52.02950940074107,54.76269620172396,54.71215224371408,54.71215224371408,2.019624022059283,7.173856347205525,6.0703031695085645,18.442456274639586,18.555300077659044,15.119749761609416,10.613985549482729,9.535567546547759,9.535567546547759,9.535567546547759,9.915941728231212,12.925421140068192,1.492875537481146,1.1291763747556274,6.057762690206777,5.27606827714439,16.917315228006455,10.457292772146896,10.001560171129114,5.310617512669368,8.789075369628701,4.980340441493604,15.621080587876992,13.371544555451353,14.780631893358661,8.2815717508294,10.4844090910153,4.594690995926005,14.964609829626925,10.99664995541658,14.395952352164795,11.63217705330835,4.867461301670971,9.361867236537638,4.737859555948173,7.572431180431474,1.9201274460579536,22.788897906412714,21.422306116611804,23.206810434472715,10.513668312761745,10.20017600000869,11.052871730737992,12.231580683799598,52.40839417753306,55.54967334112294,57.11608178057108,55.53296479106166,56.10940740941985,54.05424194484374,11.566991962521643
9.319811612259564,9.319811612259564,19.92262513395122,19.92262513395122,19.92262513395122,8.663978151289026,9.356176954829374,9.356176954829374,9.356176954829374,8.740053483089385,8.730439572201732,2.4196900549957396,1.5781564406745692,0.0,2.6754973637687938,3.986149039472166,5.321868972918023,6.782620400891116,14.208937433348684,8.040212722316433,8.485894271213752,8.485894271213752,8.485894271213752,7.097434395137076,4.894799346049747,4.894799346049747,4.894799346049747,12.313607201313035,9.171145767337329,7.3528821401222215,8.170655802024669,12.246709233206174,12.246709233206174,8.170655802024669,7.786434750870282,8.15894936163831,32.42421034268926,32.42421034268926,32.42421034268926,9.354922977818468,9.319811612259564,11.857815329122072,14.140349921869483,54.133995887247245,51.38326216434194,51.45135303600641,54.18453984541703,54.133995887247245,54.133995887247245,2.597780462686079,6.595699907544846,5.492146729502362,17.86429984260889,17.977143645742597,14.541593326551356,10.03582911135863,8.957411107867074,8.957411107867074,8.957411107867074,9.337785289739035,12.347264703367617,1.0852809031946558,1.4489800659206427,5.479606250197058,4.6979118369337876,17.49547166099449,11.035449210041001,10.579716609277256,5.888773952726199,9.36723180839358,5.558496881636279,16.199237022044855,13.949700991433964,15.358788328239104,7.703415311587533,9.906252652820706,4.016534555569581,15.542766264354908,11.574806392994345,14.97410878735763,12.210333490491545,5.445617741841523,9.940023675021877,5.316015996149809,8.150587619728762,2.498283886692095,22.210741479325538,20.84414968785008,22.628654007919668,9.935511874582984,9.622019561662926,10.474715292859997,11.653424246638675,51.830237813940045,54.97151698732533,56.537925431878186,54.95480843721038,55.5312510574295,53.476085586309466,10.98883552494636
7.644314253194975,7.644314253194975,18.247127797988526,18.247127797988526,18.247127797988526,6.9884807914255935,7.680679595811226,7.680679595811226,7.680679595811226,7.064556123314859,7.054942212415915,4.095187418391003,3.2536538043325938,2.6754973637687938,0.0,5.661646402057865,6.99736633448422,8.458117760995659,15.88443478042707,9.715710080872588,10.161391629156784,10.161391629156784,10.161391629156784,8.772931754879181,3.219301983016156,3.219301983016156,3.219301983016156,13.98910455260397,10.84664312427196,9.028379499557884,9.846153160404858,13.922206584634681,13.922206584634681,9.846153160404858,9.461932109760502,9.83444672003441,30.74871305868069,30.74871305868069,30.74871305868069,7.679425618798714,7.644314253194975,10.182317973840032,12.464852570927956,52.458498757332514,49.707765010402106,49.77585588264548,52.509042715956,52.458498757332514,52.458498757332514,4.273277826010306,4.920202545642226,3.8166493668098385,16.188802500658998,16.30164630410217,12.866095976464761,8.360331753249923,7.281913748351995,7.281913748351995,7.281913748351995,7.662287930697367,10.671767348941424,2.760778266950683,3.124477429608345,3.8041088874967506,3.022414473801091,19.170968999327318,12.71094656382932,12.255213963889092,7.56427131376814,11.042729165025008,7.233994242990286,17.87473436404518,15.62519833912443,17.034285672465508,6.0279179506863985,8.230755294532537,2.341037192144829,17.218263608104227,13.250303745762565,16.649606132563058,13.885830841994544,7.121115103297935,11.615521030730282,6.991513357721135,9.82608497813621,4.173781250056674,20.535244150869254,19.16865235480277,20.953156680931187,8.260014516335087,7.946522202991122,8.799217935380419,9.97792689101134,50.15474066381507,53.29601986498559,54.86242832403184,53.27931131471833,53.855753940219984,51.8005884505294,9.313338168245533
12.305960637472941,12.305960637472941,22.908774110504538,22.908774110504538,22.908774110504538,11.650127178389226,12.342325979934303,12.342325979934303,12.342325979934303,11.72620250997742,11.716588599116674,2.5664589848131683,3.4079925990084234,3.986149039472166,5.661646402057865,0.0,2.335719934319691,3.79647136386635,11.222788414295911,5.054063687163284,5.499745236838627,5.499745236838627,5.499745236838627,4.111285358535966,7.880948381461426,7.880948381461426,7.880948381461426,9.32745817609078,6.18499673427555,4.366733103886899,5.18450676709302,9.260560207785966,9.260560207785966,5.18450676709302,4.800285715300938,5.172800326686572,35.410359217819966,35.410359217819966,35.410359217819966,12.341072002927143,12.305960637472941,14.84396434580189,17.126498929201713,57.12014447241527,54.369410794270976,54.437501664855574,57.17068842974074,57.12014447241527,57.12014447241527,2.388368577121977,9.581848939739825,8.478295763884375,20.850448831286272,20.963292633788754,17.527742332076556,13.021978134362799,11.943560134139226,11.943560134139226,11.943560134139226,12.32393431489886,15.333413718176493,3.9008681363149758,3.5371689737240306,8.465755284601801,7.684060872661125,14.509322655207784,8.049300181270326,7.593567579360666,2.9026249146619163,6.381082775733728,2.572347843249041,13.213088010637046,10.96355197147337,12.372639313457341,10.689564341215446,12.89240167623622,7.002683592298558,12.556617250293511,8.588657365660879,11.987959771102629,9.224184464964267,2.4594687033514715,6.953874643602634,2.32986695754647,5.1644385847627,2.48786515311762,25.196890440884903,23.830298658556746,25.61480296656794,12.921660897906056,12.608168585962868,13.460864314433003,14.639573264078223,54.81638643675442,57.957665558401494,59.52407397601751,57.94095700856981,58.51739961896711,56.46223418239554,13.974984544768406
13.641680562106151,13.641680562106151,24.24449401026916,24.24449401026916,24.24449401026916,12.985847104058339,13.67804590450836,13.67804590450836,13.67804590450836,13.061922435529366,13.052308524683474,3.9021789188250935,4.743712532717771,5.321868972918023,6.99736633448422,2.335719934319691,0.0,2.460751429823066,9.887068486118437,3.7183437535891746,4.164025303482114,4.164025303482114,4.164025303482114,2.7755654245900603,9.216668311951276,9.216668311951276,9.216668311951276,7.991738245708294,4.849276801305978,3.0310131700298593,3.8487868335798163,7.924840277334509,7.924840277334509,3.8487868335798163,3.4645657816149265,3.8370803931678092,36.746079068559425,36.746079068559425,36.746079068559425,13.676791927503245,13.641680562106151,16.179684265875306,18.462218844425966,58.45586418710004,55.70513052978251,55.77322139986416,58.506408144033045,58.45586418710004,58.45586418710004,3.724088511185636,10.917568868293099,9.81401569373885,22.186168737076375,22.29901253926349,18.8634622463751,14.35769805779829,13.27928005935208,13.27928005935208,13.27928005935208,13.659654239502855,16.669133637269802,5.236588069802547,4.872888907378437,9.801475214470113,9.019780803349784,13.173602732002559,6.713580249674636,6.257847647385765,1.566904980415216,5.04536284288656,1.236627908954529,11.877368085296785,9.627832042965682,11.03691938685383,12.025284268296302,14.228121599893626,8.33840352363465,11.220897323958386,7.252937434550231,10.652239843952703,7.888464534475565,1.1237487690440036,5.618154711142781,1.0058529767737476,3.828718651239977,3.8235850871529067,26.532610333273084,25.166018555436484,26.950522857531688,14.257380821513552,13.943888510099061,14.7965842370999,15.975293184551276,56.15210616895274,59.293385266537804,60.859793671646464,59.276676716837706,59.853119322672995,57.797953902156536,15.310704466501635
15.102431978720018,15.102431978720018,25.705245397492504,25.705245397492504,25.705245397492504,14.446598521940793,15.13879732105002,15.13879732105002,15.13879732105002,14.522673853267944,14.513059942440279,5.362930347711025,6.204463961098655,6.782620400891116,8.458117760995659,3.79647136386635,2.460751429823066,0.0,8.426317061173492,2.2575923240189617,2.7032738740576376,2.7032738740576376,2.7032738740576376,1.3148139948083428,10.67741973588569,10.67741973588569,10.67741973588569,6.530986818744147,3.3885253721628628,1.5702617402924672,2.388035404049218,6.464088850308781,6.464088850308781,2.388035404049218,2.003814351974852,2.3763289636335525,38.20683039958155,38.20683039958155,38.20683039958155,15.137543344047396,15.102431978720018,17.64043567697735,19.922970249752606,59.916615364839444,57.165881730867405,57.23397260038495,59.967159321332815,59.916615364839444,59.916615364839444,5.184839940164996,12.378320289757681,11.274767116854806,23.646920131315163,23.759763933134035,20.324213650606346,15.818449472954166,14.740031476674842,14.740031476674842,14.740031476674842,15.120405656081056,18.12988504719871,6.697339497838905,6.333640335672507,11.262226637603794,10.480532227542364,11.712851311815198,5.252828821648218,4.797096219038945,1.8938464494453384,3.584611413836729,2.2241235208899677,10.416616663042776,8.167080617713262,9.576167963392244,13.486035687921422,15.688873015318991,9.79915494867626,9.760145900752239,5.7921860069426465,9.19148841997315,6.427713107416627,2.3370026607913035,4.157403282397988,2.4666044065961783,2.367967221703121,5.284336516080649,27.99336171195602,26.626769939314187,28.411274234570367,15.718132236878288,15.404639926106851,16.257335651324404,17.43604459613267,57.61285736632182,60.7541364369425,62.32054482804888,60.737427887389764,61.3138704881167,59.25870508558346,16.771455879598697
22.528748925644734,22.528748925644734,33.13156215959104,33.13156215959104,33.13156215959104,21.872915477504996,22.565114267486173,22.565114267486173,22.565114267486173,21.94899080784665,21.939376897143767,12.789247389550377,13.63078099756014,14.208937433348684,15.88443478042707,11.222788414295911,9.887068486118437,8.426317061173492,0.0,7.168724740068735,6.723043190777483,6.723043190777483,6.723043190777483,8.111503067206247,18.103736734804496,18.103736734804496,18.103736734804496,2.8953302463654085,6.037791693530219,7.856055322349839,7.0382816602726885,2.9622282148904455,2.9622282148904455,7.0382816602726885,7.422502711620534,7.049988100667858,45.63314683421013,45.63314683421013,45.63314683421013,22.563860290500415,22.528748925644734,25.066752587404938,27.349287123196163,67.34293094769531,64.59219744159532,64.66028830801758,67.3934749017848,67.34293094769531,67.34293094769531,12.61115698307406,19.804637270440022,18.701084109617806,31.073236935953204,31.18608073552313,27.750530517141108,23.244766410075442,22.16634842841374,22.16634842841374,22.16634842841374,22.546722602764422,25.556201950027695,14.123656530902906,13.75995737126125,18.688543630498796,17.90684922843114,4.2865342638535315,4.173488244593456,4.6292208473097185,9.320163507824455,5.841705652036928,9.650440578084499,2.9902996089031912,1.2592364441577142,2.1498509059200943,20.912352655552937,23.1151899542431,17.225471956156877,2.3338288439643256,3.634131058970885,1.7651713611523485,2.998603957829949,9.763319717562162,5.268913783837695,9.892921462868772,7.0583498425835876,12.710653558395023,35.4196784229949,34.05308668132645,35.837590935854415,23.14444917539641,22.830956868941104,23.683652582245077,24.862361509679765,65.03917305666612,68.18045197971249,69.7468602944018,68.16374343096471,68.74018600379635,66.68502069955119,24.19777280307066
16.360024288925796,16.360024288925796,26.96283768056003,26.96283768056003,26.96283768056003,15.70419083335225,16.396389631187333,16.396389631187333,16.396389631187333,15.780266164542363,15.770652253732056,6.620522670167972,7.462056282975132,8.040212722316433,9.715710080872588,5.054063687163284,3.7183437535891746,2.2575923240189617,7.168724740068735,0.0,1.4456815500869977,1.4456815500869977,1.4456815500869977,1.9427783292295144,11.935012053159845,11.935012053159845,11.935012053159845,5.273394496229088,2.1309330483158364,1.6873305837514474,1.1304430800417824,5.206496527752285,5.206496527752285,1.1304430800417824,1.2537779720603268,1.1187366396249943,39.46442263210024,39.46442263210024,39.46442263210024,16.395135654187076,16.360024288925796,18.898027981998556,21.180562549406545,61.174207461635866,58.42347384823859,58.4915647172587,61.224751417742,61.174207461635866,61.174207461635866,6.442432262733206,13.635912604611088,12.53235943332093,24.904512420778726,25.017356222261036,21.581805949247777,17.07604178178078,15.997623787553664,15.997623787553664,15.997623787553664,16.37799796625302,19.38747735112522,7.954931819333453,7.591232657451883,12.519818954087349,11.738124545072854,10.455258994237452,3.995236498439873,3.539503895633646,3.1514387733418525,2.327019090036071,3.4817158447154863,9.159024343910183,6.90948829638866,8.318575643365499,14.743628000999449,16.94646532440006,11.056747267055652,8.50255358091356,4.534593684001523,7.933896099567068,5.170120784837838,3.594594984589371,2.899810958760797,3.7241967303607266,1.110374897693771,6.541928838587196,29.250953987274855,27.88436221934187,29.668866508401297,16.975724545902082,16.662232235738536,17.514927959273216,18.693636901601938,58.87044948041659,62.01172852727932,63.5781369060597,61.99501997785633,62.57146257408562,60.51629718739028,18.029048186487874
16.805705833527313,16.805705833527313,27.408519215136543,27.408519215136543,27.408519215136543,16.149872378406247,16.842071175763188,16.842071175763188,16.842071175763188,16.225947709544876,16.21633379874109,7.066204219485441,7.907737832054552,8.485894271213752,10.161391629156784,5.499745236838627,4.164025303482114,2.7032738740576376,6.723043190777483,1.4456815500869977,0.0,1.0,1.0,2.388459879286983,12.380693600436366,12.380693600436366,12.380693600436366,4.827712946510861,1.6852514982463171,2.1330121338208787,1.3152384700461428,4.760814978021944,4.760814978021944,1.3152384700461428,1.6994595221433206,1.3269449104628788,39.91010414828225,39.91010414828225,39.91010414828225,16.840817198763816,16.805705833527313,19.343709524665183,21.626244090083333,61.61988892888472,58.8691553228847,58.93724619172588,61.67043288485168,61.61988892888472,61.61988892888472,6.888113812096949,14.081594150964358,12.978040980288137,25.35019395770104,25.463037759059738,22.027487489550335,17.521723325866013,16.443305332407625,16.443305332407625,16.443305332407625,16.823679510841863,19.833158893385082,8.400613368258583,8.036914206491925,12.965500501061221,12.183806092447787,10.009577446069866,3.549554948525064,3.0938223456665486,3.597120323302788,1.88133753997545,3.9273973946385716,8.713342795241376,6.463806747029458,7.872894094412105,15.189309546680976,17.392146868580447,11.502428814757607,8.056872032019747,4.08891213416069,7.488214550494019,4.724439235100995,4.040276534498391,2.4541294087360974,4.169878280252888,1.3353066523940613,6.987610387925264,29.69663551901738,28.33004375280568,30.11454803960045,17.421406090061055,17.10791378012498,17.960609503030508,19.139318444435204,59.316130953884375,62.45740999220679,64.02381836655871,62.44070144283042,63.0171440374436,60.96197865644008,18.474729729849884
16.805705833527313,16.805705833527313,27.408519215136543,27.408519215136543,27.408519215136543,16.149872378406247,16.842071175763188,16.842071175763188,16.842071175763188,16.225947709544876,16.21633379874109,7.066204219485441,7.907737832054552,8.485894271213752,10.161391629156784,5.499745236838627,4.164025303482114,2.7032738740576376,6.723043190777483,1.4456815500869977,1.0,0.0,1.0,2.388459879286983,12.380693600436366,12.380693600436366,12.380693600436366,4.827712946510861,1.6852514982463171,2.1330121338208787,1.3152384700461428,4.760814978021944,4.760814978021944,1.3152384700461428,1.6994595221433206,1.3269449104628788,39.91010414828225,39.91010414828225,39.91010414828225,16.840817198763816,16.805705833527313,19.343709524665183,21.626244090083333,61.61988892888472,58.8691553228847,58.93724619172588,61.67043288485168,61.61988892888472,61.61988892888472,6.888113812096949,14.081594150964358,12.978040980288137,25.35019395770104,25.463037759059738,22.027487489550335,17.521723325866013,16.443305332407625,16.443305332407625,16.443305332407625,16.823679510841863,19.833158893385082,8.400613368258583,8.036914206491925,12.965500501061221,12.183806092447787,10.009577446069866,3.549554948525064,3.0938223456665486,3.597120323302788,1.88133753997545,3.9273973946385716,8.713342795241376,6.463806747029458,7.872894094412105,15.189309546680976,17.392146868580447,11.502428814757607,8.056872032019747,4.08891213416069,7.488214550494019,4.724439235100995,4.040276534498391,2.4541294087360974,4.169878280252888,1.3353066523940613,6.987610387925264,29.69663551901738,28.33004375280568,30.11454803960045,17.421406090061055,17.10791378012498,17.960609503030508,19.139318444435204,59.316130953884375,62.45740999220679,64.02381836655871,62.44070144283042,63.0171440374436,60.96197865644008,18.474729729849884
