0.0,1.0,1.0,1.0,1.0,1.0,1.0,1.0,1.0,1.0,1.0,20.481770802293866,17.75089193655397,17.75089193655397,21.243146265398405,18.025981766811864,18.025981766811864,48.38376012942973,48.18631375066499,3.3783172671205772,7.72032945769892,14.53509011130345,21.137869321683382,21.137869321683382,18.235902748284197,23.518533263365967,15.195536902322608,17.98901065334074,28.66293617842268,28.777621261999126,31.552036617288948,52.23874170651393,49.366609976090906,49.41174106236199,28.777621261999126,36.77455835530271,38.09135514873249,15.545813537954722,17.931360808070473,17.931360808070473,17.931360808070473,18.715902784807582,18.549218444613906,62.12006529318518,61.50257224737539,56.209210643749515,57.19903096471196,59.5084398664931,55.66258818579364,57.41404702697978,1.6753964025046575,4.482286212910518,8.830610838962883,19.70849483707245,17.922588008362926,16.17430931735771,10.346928741641147,9.80806940039228,9.80806940039228,6.888252864897477,13.436025839775544,16.211906395243464,21.036979018611735,21.036979018611735,14.307005110005045,22.647475823696094,22.647475823696094,51.4652264768954,51.63447161250189,6.750409502357175,19.157053622989096,19.319979127886423,10.804334821040175,24.79066640223272,18.016582329919345,15.309580326867069,21.19364102246474,20.5732608886095,23.68773232845746,22.979604766899232,24.897200434744057,43.23523490545784,46.91451744690584,53.84722072294103,31.47745794794404,32.35485748900362,39.806788777653765,8.843142300077886,21.776425775993665,19.094390036127855,25.473739470179236,9.632627434666627,5.1213656038141435,60.95592160461784,58.26659328091299,64.12177132958476,66.10909717051634,57.225986306432944,63.38828854601248,48.299767020307534
1.0,0.0,1.0,1.0,1.0,1.0,1.0,1.0,1.0,1.0,1.0,20.481770802293866,17.75089193655397,17.75089193655397,21.243146265398405,18.025981766811864,18.025981766811864,48.38376012942973,48.18631375066499,3.3783172671205772,7.72032945769892,14.53509011130345,21.137869321683382,21.137869321683382,18.235902748284197,23.518533263365967,15.195536902322608,17.98901065334074,28.66293617842268,28.777621261999126,31.552036617288948,52.23874170651393,49.366609976090906,49.41174106236199,28.777621261999126,36.77455835530271,38.09135514873249,15.545813537954722,17.931360808070473,17.931360808070473,17.931360808070473,18.715902784807582,18.549218444613906,62.12006529318518,61.50257224737539,56.209210643749515,57.19903096471196,59.5084398664931,55.66258818579364,57.41404702697978,1.6753964025046575,4.482286212910518,8.830610838962883,19.70849483707245,17.922588008362926,16.17430931735771,10.346928741641147,9.80806940039228,9.80806940039228,6.888252864897477,13.436025839775544,16.211906395243464,21.036979018611735,21.036979018611735,14.307005110005045,22.647475823696094,22.647475823696094,51.4652264768954,51.63447161250189,6.750409502357175,19.157053622989096,19.319979127886423,10.804334821040175,24.79066640223272,18.016582329919345,15.309580326867069,21.19364102246474,20.5732608886095,23.68773232845746,22.979604766899232,24.897200434744057,43.23523490545784,46.91451744690584,53.84722072294103,31.47745794794404,32.35485748900362,39.806788777653765,8.843142300077886,21.776425775993665,19.094390036127855,25.473739470179236,9.632627434666627,5.1213656038141435,60.95592160461784,58.26659328091299,64.12177132958476,66.10909717051634,57.225986306432944,63.38828854601248,48.299767020307534
1.0,1.0,0.0,1.0,1.0,1.0,1.0,1.0,1.0,1.0,1.0,20.481770802293866,17.75089193655397,17.75089193655397,21.243146265398405,18.025981766811864,18.025981766811864,48.38376012942973,48.18631375066499,3.3783172671205772,7.72032945769892,14.53509011130345,21.137869321683382,21.137869321683382,18.235902748284197,23.518533263365967,15.195536902322608,17.98901065334074,28.66293617842268,28.777621261999126,31.552036617288948,52.23874170651393,49.366609976090906,49.41174106236199,28.777621261999126,36.77455835530271,38.09135514873249,15.545813537954722,17.931360808070473,17.931360808070473,17.931360808070473,18.715902784807582,18.549218444613906,62.12006529318518,61.50257224737539,56.209210643749515,57.19903096471196,59.5084398664931,55.66258818579364,57.41404702697978,1.6753964025046575,4.482286212910518,8.830610838962883,19.70849483707245,17.922588008362926,16.17430931735771,10.346928741641147,9.80806940039228,9.80806940039228,6.888252864897477,13.436025839775544,16.211906395243464,21.036979018611735,21.036979018611735,14.307005110005045,22.647475823696094,22.647475823696094,51.4652264768954,51.63447161250189,6.750409502357175,19.157053622989096,19.319979127886423,10.804334821040175,24.79066640223272,18.016582329919345,15.309580326867069,21.19364102246474,20.5732608886095,23.68773232845746,22.979604766899232,24.897200434744057,43.23523490545784,46.91451744690584,53.84722072294103,31.47745794794404,32.35485748900362,39.806788777653765,8.843142300077886,21.776425775993665,19.094390036127855,25.473739470179236,9.632627434666627,5.1213656038141435,60.95592160461784,58.26659328091299,64.12177132958476,66.10909717051634,57.225986306432944,63.38828854601248,48.299767020307534
1.0,1.0,1.0,0.0,1.0,1.0,1.0,1.0,1.0,1.0,1.0,20.481770802293866,17.75089193655397,17.75089193655397,21.243146265398405,18.025981766811864,18.025981766811864,48.38376012942973,48.18631375066499,3.3783172671205772,7.72032945769892,14.53509011130345,21.137869321683382,21.137869321683382,18.235902748284197,23.518533263365967,15.195536902322608,17.98901065334074,28.66293617842268,28.777621261999126,31.552036617288948,52.23874170651393,49.366609976090906,49.41174106236199,28.777621261999126,36.77455835530271,38.09135514873249,15.545813537954722,17.931360808070473,17.931360808070473,17.931360808070473,18.715902784807582,18.549218444613906,62.12006529318518,61.50257224737539,56.209210643749515,57.19903096471196,59.5084398664931,55.66258818579364,57.41404702697978,1.6753964025046575,4.482286212910518,8.830610838962883,19.70849483707245,17.922588008362926,16.17430931735771,10.346928741641147,9.80806940039228,9.80806940039228,6.888252864897477,13.436025839775544,16.211906395243464,21.036979018611735,21.036979018611735,14.307005110005045,22.647475823696094,22.647475823696094,51.4652264768954,51.63447161250189,6.750409502357175,19.157053622989096,19.319979127886423,10.804334821040175,24.79066640223272,18.016582329919345,15.309580326867069,21.19364102246474,20.5732608886095,23.68773232845746,22.979604766899232,24.897200434744057,43.23523490545784,46.91451744690584,53.84722072294103,31.47745794794404,32.35485748900362,39.806788777653765,8.843142300077886,21.776425775993665,19.094390036127855,25.473739470179236,9.632627434666627,5.1213656038141435,60.95592160461784,58.26659328091299,64.12177132958476,66.10909717051634,57.225986306432944,63.38828854601248,48.299767020307534
1.0,1.0,1.0,1.0,0.0,1.0,1.0,1.0,1.0,1.0,1.0,20.481770802293866,17.75089193655397,17.75089193655397,21.243146265398405,18.025981766811864,18.025981766811864,48.38376012942973,48.18631375066499,3.3783172671205772,7.72032945769892,14.53509011130345,21.137869321683382,21.137869321683382,18.235902748284197,23.518533263365967,15.195536902322608,17.98901065334074,28.66293617842268,28.777621261999126,31.552036617288948,52.23874170651393,49.366609976090906,49.41174106236199,28.777621261999126,36.77455835530271,38.09135514873249,15.545813537954722,17.931360808070473,17.931360808070473,17.931360808070473,18.715902784807582,18.549218444613906,62.12006529318518,61.50257224737539,56.209210643749515,57.19903096471196,59.5084398664931,55.66258818579364,57.41404702697978,1.6753964025046575,4.482286212910518,8.830610838962883,19.70849483707245,17.922588008362926,16.17430931735771,10.346928741641147,9.80806940039228,9.80806940039228,6.888252864897477,13.436025839775544,16.211906395243464,21.036979018611735,21.036979018611735,14.307005110005045,22.647475823696094,22.647475823696094,51.4652264768954,51.63447161250189,6.750409502357175,19.157053622989096,19.319979127886423,10.804334821040175,24.79066640223272,18.016582329919345,15.309580326867069,21.19364102246474,20.5732608886095,23.68773232845746,22.979604766899232,24.897200434744057,43.23523490545784,46.91451744690584,53.84722072294103,31.47745794794404,32.35485748900362,39.806788777653765,8.843142300077886,21.776425775993665,19.094390036127855,25.473739470179236,9.632627434666627,5.1213656038141435,60.95592160461784,58.26659328091299,64.12177132958476,66.10909717051634,57.225986306432944,63.38828854601248,48.299767020307534
1.0,1.0,1.0,1.0,1.0,0.0,1.0,1.0,1.0,1.0,1.0,20.481770802293866,17.75089193655397,17.75089193655397,21.243146265398405,18.025981766811864,18.025981766811864,48.38376012942973,48.18631375066499,3.3783172671205772,7.72032945769892,14.53509011130345,21.137869321683382,21.137869321683382,18.235902748284197,23.518533263365967,15.195536902322608,17.98901065334074,28.66293617842268,28.777621261999126,31.552036617288948,52.23874170651393,49.366609976090906,49.41174106236199,28.777621261999126,36.77455835530271,38.09135514873249,15.545813537954722,17.931360808070473,17.931360808070473,17.931360808070473,18.715902784807582,18.549218444613906,62.12006529318518,61.50257224737539,56.209210643749515,57.19903096471196,59.5084398664931,55.66258818579364,57.41404702697978,1.6753964025046575,4.482286212910518,8.830610838962883,19.70849483707245,17.922588008362926,16.17430931735771,10.346928741641147,9.80806940039228,9.80806940039228,6.888252864897477,13.436025839775544,16.211906395243464,21.036979018611735,21.036979018611735,14.307005110005045,22.647475823696094,22.647475823696094,51.4652264768954,51.63447161250189,6.750409502357175,19.157053622989096,19.319979127886423,10.804334821040175,24.79066640223272,18.016582329919345,15.309580326867069,21.19364102246474,20.5732608886095,23.68773232845746,22.979604766899232,24.897200434744057,43.23523490545784,46.91451744690584,53.84722072294103,31.47745794794404,32.35485748900362,39.806788777653765,8.843142300077886,21.776425775993665,19.094390036127855,25.473739470179236,9.632627434666627,5.1213656038141435,60.95592160461784,58.26659328091299,64.12177132958476,66.10909717051634,57.225986306432944,63.38828854601248,48.299767020307534
1.0,1.0,1.0,1.0,1.0,1.0,0.0,1.0,1.0,1.0,1.0,20.481770802293866,17.75089193655397,17.75089193655397,21.243146265398405,18.025981766811864,18.025981766811864,48.38376012942973,48.18631375066499,3.3783172671205772,7.72032945769892,14.53509011130345,21.137869321683382,21.137869321683382,18.235902748284197,23.518533263365967,15.195536902322608,17.98901065334074,28.66293617842268,28.777621261999126,31.552036617288948,52.23874170651393,49.366609976090906,49.41174106236199,28.777621261999126,36.77455835530271,38.09135514873249,15.545813537954722,17.931360808070473,17.931360808070473,17.931360808070473,18.715902784807582,18.549218444613906,62.12006529318518,61.50257224737539,56.209210643749515,57.19903096471196,59.5084398664931,55.66258818579364,57.41404702697978,1.6753964025046575,4.482286212910518,8.830610838962883,19.70849483707245,17.922588008362926,16.17430931735771,10.346928741641147,9.80806940039228,9.80806940039228,6.888252864897477,13.436025839775544,16.211906395243464,21.036979018611735,21.036979018611735,14.307005110005045,22.647475823696094,22.647475823696094,51.4652264768954,51.63447161250189,6.750409502357175,19.157053622989096,19.319979127886423,10.804334821040175,24.79066640223272,18.016582329919345,15.309580326867069,21.19364102246474,20.5732608886095,23.68773232845746,22.979604766899232,24.897200434744057,43.23523490545784,46.91451744690584,53.84722072294103,31.47745794794404,32.35485748900362,39.806788777653765,8.843142300077886,21.776425775993665,19.094390036127855,25.473739470179236,9.632627434666627,5.1213656038141435,60.95592160461784,58.26659328091299,64.12177132958476,66.10909717051634,57.225986306432944,63.38828854601248,48.299767020307534
1.0,1.0,1.0,1.0,1.0,1.0,1.0,0.0,1.0,1.0,1.0,20.481770802293866,17.75089193655397,17.75089193655397,21.243146265398405,18.025981766811864,18.025981766811864,48.38376012942973,48.18631375066499,3.3783172671205772,7.72032945769892,14.53509011130345,21.137869321683382,21.137869321683382,18.235902748284197,23.518533263365967,15.195536902322608,17.98901065334074,28.66293617842268,28.777621261999126,31.552036617288948,52.23874170651393,49.366609976090906,49.41174106236199,28.777621261999126,36.77455835530271,38.09135514873249,15.545813537954722,17.931360808070473,17.931360808070473,17.931360808070473,18.715902784807582,18.549218444613906,62.12006529318518,61.50257224737539,56.209210643749515,57.19903096471196,59.5084398664931,55.66258818579364,57.41404702697978,1.6753964025046575,4.482286212910518,8.830610838962883,19.70849483707245,17.922588008362926,16.17430931735771,10.346928741641147,9.80806940039228,9.80806940039228,6.888252864897477,13.436025839775544,16.211906395243464,21.036979018611735,21.036979018611735,14.307005110005045,22.647475823696094,22.647475823696094,51.4652264768954,51.63447161250189,6.750409502357175,19.157053622989096,19.319979127886423,10.804334821040175,24.79066640223272,18.016582329919345,15.309580326867069,21.19364102246474,20.5732608886095,23.68773232845746,22.979604766899232,24.897200434744057,43.23523490545784,46.91451744690584,53.84722072294103,31.47745794794404,32.35485748900362,39.806788777653765,8.843142300077886,21.776425775993665,19.094390036127855,25.473739470179236,9.632627434666627,5.1213656038141435,60.95592160461784,58.26659328091299,64.12177132958476,66.10909717051634,57.225986306432944,63.38828854601248,48.299767020307534
1.0,1.0,1.0,1.0,1.0,1.0,1.0,1.0,0.0,1.0,1.0,20.481770802293866,17.75089193655397,17.75089193655397,21.243146265398405,18.025981766811864,18.025981766811864,48.38376012942973,48.18631375066499,3.3783172671205772,7.72032945769892,14.53509011130345,21.137869321683382,21.137869321683382,18.235902748284197,23.518533263365967,15.195536902322608,17.98901065334074,28.66293617842268,28.777621261999126,31.552036617288948,52.23874170651393,49.366609976090906,49.41174106236199,28.777621261999126,36.77455835530271,38.09135514873249,15.545813537954722,17.931360808070473,17.931360808070473,17.931360808070473,18.715902784807582,18.549218444613906,62.12006529318518,61.50257224737539,56.209210643749515,57.19903096471196,59.5084398664931,55.66258818579364,57.41404702697978,1.6753964025046575,4.482286212910518,8.830610838962883,19.70849483707245,17.922588008362926,16.17430931735771,10.346928741641147,9.80806940039228,9.80806940039228,6.888252864897477,13.436025839775544,16.211906395243464,21.036979018611735,21.036979018611735,14.307005110005045,22.647475823696094,22.647475823696094,51.4652264768954,51.63447161250189,6.750409502357175,19.157053622989096,19.319979127886423,10.804334821040175,24.79066640223272,18.016582329919345,15.309580326867069,21.19364102246474,20.5732608886095,23.68773232845746,22.979604766899232,24.897200434744057,43.23523490545784,46.91451744690584,53.84722072294103,31.47745794794404,32.35485748900362,39.806788777653765,8.843142300077886,21.776425775993665,19.094390036127855,25.473739470179236,9.632627434666627,5.1213656038141435,60.95592160461784,58.26659328091299,64.12177132958476,66.10909717051634,57.225986306432944,63.38828854601248,48.299767020307534
1.0,1.0,1.0,1.0,1.0,1.0,1.0,1.0,1.0,0.0,1.0,20.481770802293866,17.75089193655397,17.75089193655397,21.243146265398405,18.025981766811864,18.025981766811864,48.38376012942973,48.18631375066499,3.3783172671205772,7.72032945769892,14.53509011130345,21.137869321683382,21.137869321683382,18.235902748284197,23.518533263365967,15.195536902322608,17.98901065334074,28.66293617842268,28.777621261999126,31.552036617288948,52.23874170651393,49.366609976090906,49.41174106236199,28.777621261999126,36.77455835530271,38.09135514873249,15.545813537954722,17.931360808070473,17.931360808070473,17.931360808070473,18.715902784807582,18.549218444613906,62.12006529318518,61.50257224737539,56.209210643749515,57.19903096471196,59.5084398664931,55.66258818579364,57.41404702697978,1.6753964025046575,4.482286212910518,8.830610838962883,19.70849483707245,17.922588008362926,16.17430931735771,10.346928741641147,9.80806940039228,9.80806940039228,6.888252864897477,13.436025839775544,16.211906395243464,21.036979018611735,21.036979018611735,14.307005110005045,22.647475823696094,22.647475823696094,51.4652264768954,51.63447161250189,6.750409502357175,19.157053622989096,19.319979127886423,10.804334821040175,24.79066640223272,18.016582329919345,15.309580326867069,21.19364102246474,20.5732608886095,23.68773232845746,22.979604766899232,24.897200434744057,43.23523490545784,46.91451744690584,53.84722072294103,31.47745794794404,32.35485748900362,39.806788777653765,8.843142300077886,21.776425775993665,19.094390036127855,25.473739470179236,9.632627434666627,5.1213656038141435,60.95592160461784,58.26659328091299,64.12177132958476,66.10909717051634,57.225986306432944,63.38828854601248,48.299767020307534
1.0,1.0,1.0,1.0,1.0,1.0,1.0,1.0,1.0,1.0,0.0,20.481770802293866,17.75089193655397,17.75089193655397,21.243146265398405,18.025981766811864,18.025981766811864,48.38376012942973,48.18631375066499,3.3783172671205772,7.72032945769892,14.53509011130345,21.137869321683382,21.137869321683382,18.235902748284197,23.518533263365967,15.195536902322608,17.98901065334074,28.66293617842268,28.777621261999126,31.552036617288948,52.23874170651393,49.366609976090906,49.41174106236199,28.777621261999126,36.77455835530271,38.09135514873249,15.545813537954722,17.931360808070473,17.931360808070473,17.931360808070473,18.715902784807582,18.549218444613906,62.12006529318518,61.50257224737539,56.209210643749515,57.19903096471196,59.5084398664931,55.66258818579364,57.41404702697978,1.6753964025046575,4.482286212910518,8.830610838962883,19.70849483707245,17.922588008362926,16.17430931735771,10.346928741641147,9.80806940039228,9.80806940039228,6.888252864897477,13.436025839775544,16.211906395243464,21.036979018611735,21.036979018611735,14.307005110005045,22.647475823696094,22.647475823696094,51.4652264768954,51.63447161250189,6.750409502357175,19.157053622989096,19.319979127886423,10.804334821040175,24.79066640223272,18.016582329919345,15.309580326867069,21.19364102246474,20.5732608886095,23.68773232845746,22.979604766899232,24.897200434744057,43.23523490545784,46.91451744690584,53.84722072294103,31.47745794794404,32.35485748900362,39.806788777653765,8.843142300077886,21.776425775993665,19.094390036127855,25.473739470179236,9.632627434666627,5.1213656038141435,60.95592160461784,58.26659328091299,64.12177132958476,66.10909717051634,57.225986306432944,63.38828854601248,48.299767020307534
20.481770802293866,20.481770802293866,20.481770802293866,20.481770802293866,20.481770802293866,20.481770802293866,20.481770802293866,20.481770802293866,20.481770802293866,20.481770802293866,20.481770802293866,0.0,3.730878886181616,3.730878886181616,1.7613754699901236,3.455789054166071,3.455789054166071,28.901989916591518,28.704543531225255,18.103453553370088,13.761441382947249,6.946680726966739,1.656098525292202,1.656098525292202,3.245868071307026,4.036762491617196,6.286233933510854,3.492760167877348,9.181165477179144,9.295850562596062,12.070265965978455,32.756971629489236,29.88483979662808,29.929970884452274,9.295850562596062,17.29278781310365,18.60958463787329,5.935957296428259,3.550410013519649,3.550410013519649,3.550410013519649,2.765868031465007,2.9325523728344187,42.638295624383574,42.02080255053329,36.727440720370105,37.717261081809056,40.02667008139928,36.18081824043301,37.9322771529841,19.806374405471985,16.999484614304965,12.65116000412816,1.7732759716852073,3.5591828132835546,5.307461514147958,11.134842103007477,11.673701443938368,11.673701443938368,14.593517973193364,8.045745001685749,5.269864436078898,1.5552082212878982,1.5552082212878982,7.1747657290161335,3.165705042344574,3.165705042344574,31.983456371563065,32.152701513317965,14.731361335250524,2.3247171900520898,2.1617916839174205,10.677436023674598,5.308895645723727,3.465188491119761,6.1721905085061755,1.7118702265930321,1.0914900871156898,4.205961558652456,3.497833989129375,5.415429679576782,23.753464531786975,27.432747185772737,34.36545070647746,11.99568729525115,12.873086852887713,20.32501830993341,12.638628543034459,2.294654985716127,2.387380777382922,5.991968722448533,11.849143409504457,16.360405226795528,41.474151883233475,38.784823442637496,44.64000175399813,46.62732769097725,37.74421642464445,43.90651893585816,28.817996804656822
17.75089193655397,17.75089193655397,17.75089193655397,17.75089193655397,17.75089193655397,17.75089193655397,17.75089193655397,17.75089193655397,17.75089193655397,17.75089193655397,17.75089193655397,3.730878886181616,0.0,1.0,4.492254356005435,1.2750898320578083,1.2750898320578083,31.63286874942236,31.435422364774286,15.372574682583931,11.030562504779807,4.215801841981801,4.386977411334827,4.386977411334827,1.4850108149427343,6.767641376703516,3.555355048174497,1.2381187183414013,11.9120443577802,12.026729443059466,14.801144842611553,35.487850447327176,32.61571862581175,32.660849713465595,12.026729443059466,20.02366667992178,21.34046350168001,3.20507841092769,1.1804688726907622,1.1804688726907622,1.1804688726907622,1.9650108548232117,1.7983265134437123,45.36917439536658,44.751681324798994,39.458319520836746,40.44813987764046,42.757548865943384,38.91169704340735,40.66315594779254,17.07549553822682,14.26860574141778,9.920281124453016,2.9576029145910985,1.1716960729255508,2.5765826283912543,8.403963221522964,8.94282256306384,8.94282256306384,11.862639096257196,5.314866117406714,2.538985550308439,4.286087107355401,4.286087107355401,4.443886844165249,5.896583927862991,5.896583927862991,34.71433519255744,34.88358033362806,12.000482458526715,2.406161696246052,2.569087202378229,7.946557141700868,8.039774530008609,1.2656903951028307,3.441311623114667,4.442749112621361,3.8223689732811543,6.936840443643842,6.2287128744942235,8.146308563785372,26.484343381760493,30.16362602383173,37.096329517513915,14.726566171999773,15.60396572823327,23.05589716949304,9.907749663343177,5.025533871571788,2.343498108915294,8.722847606219638,9.118264528836383,13.62952635276199,44.205030660365836,41.51570223333336,47.370880514014964,49.35820643961577,40.47509522034792,46.637397699950924,31.548875637793778
17.75089193655397,17.75089193655397,17.75089193655397,17.75089193655397,17.75089193655397,17.75089193655397,17.75089193655397,17.75089193655397,17.75089193655397,17.75089193655397,17.75089193655397,3.730878886181616,1.0,0.0,4.492254356005435,1.2750898320578083,1.2750898320578083,31.63286874942236,31.435422364774286,15.372574682583931,11.030562504779807,4.215801841981801,4.386977411334827,4.386977411334827,1.4850108149427343,6.767641376703516,3.555355048174497,1.2381187183414013,11.9120443577802,12.026729443059466,14.801144842611553,35.487850447327176,32.61571862581175,32.660849713465595,12.026729443059466,20.02366667992178,21.34046350168001,3.20507841092769,1.1804688726907622,1.1804688726907622,1.1804688726907622,1.9650108548232117,1.7983265134437123,45.36917439536658,44.751681324798994,39.458319520836746,40.44813987764046,42.757548865943384,38.91169704340735,40.66315594779254,17.07549553822682,14.26860574141778,9.920281124453016,2.9576029145910985,1.1716960729255508,2.5765826283912543,8.403963221522964,8.94282256306384,8.94282256306384,11.862639096257196,5.314866117406714,2.538985550308439,4.286087107355401,4.286087107355401,4.443886844165249,5.896583927862991,5.896583927862991,34.71433519255744,34.88358033362806,12.000482458526715,2.406161696246052,2.569087202378229,7.946557141700868,8.039774530008609,1.2656903951028307,3.441311623114667,4.442749112621361,3.8223689732811543,6.936840443643842,6.2287128744942235,8.146308563785372,26.484343381760493,30.16362602383173,37.096329517513915,14.726566171999773,15.60396572823327,23.05589716949304,9.907749663343177,5.025533871571788,2.343498108915294,8.722847606219638,9.118264528836383,13.62952635276199,44.205030660365836,41.51570223333336,47.370880514014964,49.35820643961577,40.47509522034792,46.637397699950924,31.548875637793778
21.243146265398405,21.243146265398405,21.243146265398405,21.243146265398405,21.243146265398405,21.243146265398405,21.243146265398405,21.243146265398405,21.243146265398405,21.243146265398405,21.243146265398405,1.7613754699901236,4.492254356005435,4.492254356005435,0.0,4.217164524018427,4.217164524018427,28.14061445977656,27.943168074222086,18.86482901802637,14.522816849925862,7.708056196261087,1.1052769446991257,1.1052769446991257,4.007243541179379,3.2753870217475134,7.047609402943399,4.254135637726023,8.419790008246682,8.534475093694994,11.30889049797633,31.99559617661957,29.123464340770102,29.168595428639048,8.534475093694994,16.531412347519918,17.848209173048968,6.69733276592792,4.3117854833624865,4.3117854833624865,4.3117854833624865,3.527243501377315,3.693927842733763,41.87692018397543,41.259427109247525,35.96606527210181,36.95588563477279,39.265294637369315,35.41944279149885,37.17090170621996,20.56774986903732,17.760860079614243,13.412535471594738,2.53465144165464,4.320558283125495,6.068836983757302,11.896217571070851,12.435076911798863,12.435076911798863,15.354893439778024,8.80712047071636,6.031239905694366,1.2061672487042208,1.2061672487042208,7.936141198259219,2.404329572407466,2.404329572407466,31.222080917860488,31.39132605979585,15.492736801767585,3.086092659994029,2.9231671538685866,11.438811491902221,4.547520176000017,4.226563960971184,6.933565977961042,1.0495052433977057,1.669885382875502,3.444586088798937,2.7364585192148567,4.654054209867854,22.992089070506122,26.67137172758963,33.604075255406116,11.23431182722136,12.111711385195669,19.56364284618871,13.400004010506297,1.533279515738039,3.1487562473210655,5.230593252826468,12.610518877296709,17.121780692463332,40.712776441181774,38.02344799696803,43.87862631652549,45.86595225655589,36.98284097764222,43.1451434972938,28.056621347761638
18.025981766811864,18.025981766811864,18.025981766811864,18.025981766811864,18.025981766811864,18.025981766811864,18.025981766811864,18.025981766811864,18.025981766811864,18.025981766811864,18.025981766811864,3.455789054166071,1.2750898320578083,1.2750898320578083,4.217164524018427,0.0,1.0,31.35777892321281,31.160332538489353,15.647664513313337,11.305652336185558,4.490891673968832,4.111887579343438,4.111887579343438,1.2099209828855677,6.492551544845301,3.8304448801867066,1.0369711137164623,11.636954526453417,11.751639611748322,14.52605501172918,35.21276062268759,32.34062879998481,32.38575988765652,11.751639611748322,19.74857685010893,21.06537367219088,3.48016824295102,1.0946209593671539,1.0946209593671539,1.0946209593671539,1.6899210227695995,1.5232366813885365,45.09408457559975,44.47659150469193,39.183229698008475,40.173050055294404,42.482459044770074,38.63660722031799,40.38806612555286,17.350585368625893,14.54369557234175,10.195370955993459,2.6825130825540477,1.1033937591323693,2.8516724604306596,8.679053053222201,9.217912394709973,9.217912394709973,12.137728927551793,5.589955949339647,2.8140753823486477,4.0109972753599425,4.0109972753599425,4.718976676142306,5.62149409594777,5.62149409594777,34.43924536758791,34.60849050873008,12.275572289802058,2.131071864198268,2.2939973703332175,8.221646973442311,7.764684698250813,1.0093994369549935,3.716401455130667,4.167659280632275,3.5472791412686524,6.6617506117978085,5.95362304259961,7.871218732036909,26.209253553744443,29.88853619707279,36.821239693584346,14.451476341104613,15.328875897493026,22.780807340458292,10.182839494885053,4.750444039609114,2.0684082768665326,8.44775777452417,9.393354360464434,13.904616183791543,43.929940839961546,41.24061241152115,47.09579069538377,49.0831166221615,40.20000539801518,46.36230788089781,31.2737858115521
18.025981766811864,18.025981766811864,18.025981766811864,18.025981766811864,18.025981766811864,18.025981766811864,18.025981766811864,18.025981766811864,18.025981766811864,18.025981766811864,18.025981766811864,3.455789054166071,1.2750898320578083,1.2750898320578083,4.217164524018427,1.0,0.0,31.35777892321281,31.160332538489353,15.647664513313337,11.305652336185558,4.490891673968832,4.111887579343438,4.111887579343438,1.2099209828855677,6.492551544845301,3.8304448801867066,1.0369711137164623,11.636954526453417,11.751639611748322,14.52605501172918,35.21276062268759,32.34062879998481,32.38575988765652,11.751639611748322,19.74857685010893,21.06537367219088,3.48016824295102,1.0946209593671539,1.0946209593671539,1.0946209593671539,1.6899210227695995,1.5232366813885365,45.09408457559975,44.47659150469193,39.183229698008475,40.173050055294404,42.482459044770074,38.63660722031799,40.38806612555286,17.350585368625893,14.54369557234175,10.195370955993459,2.6825130825540477,1.1033937591323693,2.8516724604306596,8.679053053222201,9.217912394709973,9.217912394709973,12.137728927551793,5.589955949339647,2.8140753823486477,4.0109972753599425,4.0109972753599425,4.718976676142306,5.62149409594777,5.62149409594777,34.43924536758791,34.60849050873008,12.275572289802058,2.131071864198268,2.2939973703332175,8.221646973442311,7.764684698250813,1.0093994369549935,3.716401455130667,4.167659280632275,3.5472791412686524,6.6617506117978085,5.95362304259961,7.871218732036909,26.209253553744443,29.88853619707279,36.821239693584346,14.451476341104613,15.328875897493026,22.780807340458292,10.182839494885053,4.750444039609114,2.0684082768665326,8.44775777452417,9.393354360464434,13.904616183791543,43.929940839961546,41.24061241152115,47.09579069538377,49.0831166221615,40.20000539801518,46.36230788089781,31.2737858115521
48.38376012942973,48.38376012942973,48.38376012942973,48.38376012942973,48.38376012942973,48.38376012942973,48.38376012942973,48.38376012942973,48.38376012942973,48.38376012942973,48.38376012942973,28.901989916591518,31.63286874942236,31.63286874942236,28.14061445977656,31.35777892321281,31.35777892321281,0.0,1.1974463888469458,46.00544297852779,41.66343096834716,34.84867051515647,28.245891402696856,28.245891402696856,31.147857944719245,25.86522747311,34.18822373819367,31.39475003614941,20.720824542222836,20.60613945763998,17.83172406932382,4.854981790771971,1.9828498980992633,2.0279809867823295,20.60613945763998,12.609202223944823,11.292405394131933,33.837947109631926,31.452399880580256,31.452399880580256,31.452399880580256,30.6678579146475,30.834542252657474,14.73630607135089,14.118812976024019,8.825450981571695,9.81527137103276,12.124680440830987,8.27882848669189,10.030287448459156,47.708363761182085,44.90147408249656,40.553149626623174,29.675265874137384,31.461172680159436,33.20945134224698,39.03683177361217,39.57569109778351,39.57569109778351,42.49550752975755,35.94773476119165,33.17185426505295,28.34678170498431,28.34678170498431,35.07675551138031,26.736284909780384,26.736284909780384,4.0814665157073655,4.250711661147261,42.63335088695205,30.22670708195434,30.06378157897715,38.57942570821368,24.593094335667566,31.367178359969717,34.07418031598045,28.19011970233951,28.81049983109817,25.696028408410278,26.404155967915045,24.48656030311627,6.1485254593729755,2.4692427555326706,6.463460905829104,17.906302739774492,17.028903184943502,9.576971712191447,40.54061816593913,27.607334952837586,30.28937066806173,23.91002126703799,39.75113305781275,44.2623947191848,13.572162290114438,10.88283376347607,16.738012273903816,18.725338288313267,9.842226714648636,16.004529428448436,1.083993113421416
48.18631375066499,48.18631375066499,48.18631375066499,48.18631375066499,48.18631375066499,48.18631375066499,48.18631375066499,48.18631375066499,48.18631375066499,48.18631375066499,48.18631375066499,28.704543531225255,31.435422364774286,31.435422364774286,27.943168074222086,31.160332538489353,31.160332538489353,1.1974463888469458,0.0,45.80799659877272,41.46598458691649,34.65122413144065,28.048445017168095,28.048445017168095,30.950411559938697,25.667781087024277,33.99077735427876,31.197303651436044,20.523378155108468,20.408693070505404,17.634277681736528,5.052428179548741,2.1802962869409965,2.2254273756236156,20.408693070505404,12.411755835693683,11.094959005752216,33.640500725613016,31.254953495882642,31.254953495882642,31.254953495882642,30.470411529737934,30.637095867792482,14.933752459338699,14.316259364086775,9.0228973701367,10.012717759522946,12.322126829112438,8.476274875294443,10.227733836931929,47.51091738213089,44.70402770229924,40.355703244791506,29.477819488967643,31.263726295464224,33.01200495804425,38.8393853912509,39.378244715608055,39.378244715608055,42.29806114863473,35.75028837781592,32.97440788083935,28.149335319480283,28.149335319480283,34.87930912773418,26.538838523892505,26.538838523892505,4.278912904508921,4.448158049943853,42.43590450588084,30.029260696928045,29.866335193908174,38.38197932569674,24.395647949305225,31.16973197524882,33.87673393203156,27.99267331679711,28.613053445709014,25.49858202228693,26.206709581950914,24.28911391673143,5.9510790706406125,2.2717963666941223,6.660907294537134,17.70885635219846,16.83145679723816,9.379525323667652,40.34317178410301,27.409888567154404,30.091924283051902,23.712574880533158,39.55368667569837,44.06494833873652,13.76960867824069,11.08028015187571,16.935458661625184,18.922784675734622,10.039673103136659,16.2019758162716,1.1134532754255726
3.3783172671205772,3.3783172671205772,3.3783172671205772,3.3783172671205772,3.3783172671205772,3.3783172671205772,3.3783172671205772,3.3783172671205772,3.3783172671205772,3.3783172671205772,3.3783172671205772,18.103453553370088,15.372574682583931,15.372574682583931,18.86482901802637,15.647664513313337,15.647664513313337,46.00544297852779,45.80799659877272,0.0,5.3420121921734,12.156772852433262,18.75955207409302,18.75955207409302,15.857585495151035,21.14021602100757,12.81721964436678,15.610693399778363,26.28461894947658,26.399304033384837,29.173719397137173,49.86042457579269,46.98829283018143,47.03342391668427,26.399304033384837,34.39624115334921,35.71303795183488,13.167496280503142,15.55304355440884,15.55304355440884,15.55304355440884,16.337585532527896,16.170901192034997,59.74174822152899,59.1242551717193,53.83089353549372,54.82071386232204,57.130122778200715,53.28427107434384,55.03572992587809,2.7029208646788185,2.1039689460001343,6.452293574175943,17.33017758663731,15.544270754686213,13.79599206084443,7.9686114780803665,7.429752136367,7.429752136367,4.509935598906715,11.057708579489216,13.83358913878768,18.658661770813286,18.658661770813286,11.928687850830137,20.2691585793518,20.2691585793518,49.08690934199589,49.25615447851105,4.372092236296642,16.778736371515954,16.941661876716516,8.426017557898554,22.412349162923,15.638265076404572,12.931263069073948,18.81532377498989,18.194943639868843,21.309415086494397,20.601287523302407,22.51888319569765,40.856917730112656,44.53620028873576,51.468903601115414,29.099140727553856,29.97654027145666,37.42847158762479,6.464825035300053,19.398108529746096,16.716072784538852,23.095422232579175,7.2543101704969555,2.7430483370863286,58.577604525455044,55.88827618496829,61.74345427117785,63.730780125691055,54.84766920420425,61.009971482700465,45.92144986898379
7.72032945769892,7.72032945769892,7.72032945769892,7.72032945769892,7.72032945769892,7.72032945769892,7.72032945769892,7.72032945769892,7.72032945769892,7.72032945769892,7.72032945769892,13.761441382947249,11.030562504779807,11.030562504779807,14.522816849925862,11.305652336185558,11.305652336185558,41.66343096834716,41.46598458691649,5.3420121921734,0.0,7.814760667839844,14.41753990566453,14.41753990566453,11.5155733185495,16.798203860534265,8.475207460999737,11.26868122255881,21.942606810039493,22.05729189447659,24.83170727181796,45.51841259986987,42.64628082845619,42.69141191535187,22.05729189447659,30.0542290577514,31.37102586458429,8.825484097821763,11.211031377046723,11.211031377046723,11.211031377046723,11.995573357162606,11.828889016235212,55.39973634681217,54.78224329011408,49.48888159792246,50.47870193479606,52.788110874863236,48.94225913130797,50.69371800055975,7.044933055824958,4.238043246529916,2.1102813826063187,12.988165413973825,11.202258577302459,9.453979879454565,3.6265992877323523,3.0877399455323586,3.0877399455323586,1.8320765935580172,6.715696393047507,9.491576957477568,14.31664960207255,14.31664960207255,7.586675665833369,15.927146415837099,15.927146415837099,44.744897358963726,44.9141424970243,1.969919956203019,12.436724197327269,12.599649702972163,4.084005368009022,18.070337007162408,11.296252899253433,8.589250885927461,14.47331160673488,13.852931469718975,16.96740292662936,16.259275360929585,18.176871040346306,36.514905678759774,40.19418826627132,47.126891640354295,24.757128601849367,25.634528150354527,33.08645951176356,2.1228128437386453,15.056096363340822,12.374060610180678,18.753410079481746,2.912297979516368,3.598963855539024,54.2355926378144,51.54626426849313,57.40144241930729,59.38876829728322,50.50565727695452,56.66795962236677,41.57943785808942
14.53509011130345,14.53509011130345,14.53509011130345,14.53509011130345,14.53509011130345,14.53509011130345,14.53509011130345,14.53509011130345,14.53509011130345,14.53509011130345,14.53509011130345,6.946680726966739,4.215801841981801,4.215801841981801,7.708056196261087,4.490891673968832,4.490891673968832,34.84867051515647,34.65122413144065,12.156772852433262,7.814760667839844,0.0,7.602779251668777,7.602779251668777,4.700812656792246,9.983443214868132,1.6604467939317153,4.453920560262587,15.127846188408817,15.242531273475729,18.0169466673016,38.703652193716856,35.831520386820394,35.87665147425386,15.242531273475729,23.239468490765503,24.55626530840054,2.010723431218403,4.39627071462739,4.39627071462739,4.39627071462739,5.180812696507675,5.014128355189337,48.58497608225126,47.96748301581985,42.67412124503062,43.66394159594226,45.973350569941616,42.127498770793736,43.87895766479551,13.859693711499705,11.052803909276772,6.704479286224156,6.173404755826578,4.387497914864484,2.6392192137810455,5.188161381827897,5.727020723850943,5.727020723850943,8.646837260402524,2.099064275774551,2.6768162918635827,7.501888947762852,7.501888947762852,1.228085002241357,9.112385766918132,9.112385766918132,37.93013694300298,38.09938208319366,8.78468062286171,5.6219635377488855,5.784889043806734,4.7307553016301505,11.255576366672026,4.481492237016457,1.7744902190065157,7.658550952914036,7.038170814007167,10.152642281622525,9.444514713222986,11.362110400312263,29.700145169937418,33.37942779636617,40.31213125518953,17.942367996858547,18.819767551055353,26.271698970460644,6.691947825100808,8.241335711405753,5.559299950445674,11.938649441978724,5.90246268978972,10.413724519551115,47.42083235500194,44.73150394511991,50.58668218710905,52.57400809844022,43.69089693848728,49.85319937816614,34.764677403925155
