1000.0,1.0,1.0,1.0,1.0,1.0,1.0,1.0,1.0,1.0,1.0,28.274479123211414,24.45124871117556,24.45124871117556,29.340404771557765,24.83637447353661,24.83637447353661,67.33726418120162,67.06083925093098,4.329644173968807,10.408461240778486,19.94912615582483,29.193017050356733,29.193017050356733,25.13026384759787,32.52594656871236,20.87375166325165,24.784614914677032,39.728110649791745,39.88866976679877,43.772851264204526,72.7342383891195,68.71325396652726,68.77643748730678,39.88866976679877,51.084381697423794,52.927897208225474,21.364138953136607,24.70390513129866,24.70390513129866,24.70390513129866,25.80226389873061,25.568905822459463,86.56809141045926,85.70360114632554,78.29289490124931,79.67864335059673,82.91181581309033,77.52762346011109,79.97966583777168,1.9455549635065204,5.875200698074725,11.962855174548032,27.191892771901426,24.691623211708098,22.244033044300796,14.085700238297607,13.331297160549191,13.331297160549191,9.243554010856467,18.41043617568576,22.29666895334085,29.051770626056427,29.051770626056427,19.62980715400706,31.306466153174533,31.306466153174533,71.65131706765357,71.88826025750264,9.050573303300043,26.41987507218473,26.647970779040993,14.726068749456244,34.3069329631258,24.823215261887082,21.033412457613895,29.27109743145063,28.4025652440533,32.76282525984044,31.771446673658925,34.456080608641685,60.12932886764097,65.28032442566817,74.98610901211742,43.66844112712165,44.89680048460507,55.32950428871527,11.98039922010904,30.08699608639113,26.332146050579,35.26323525825092,13.085678408533278,6.769911845339801,84.93829024646497,81.17323059327819,89.37047986141866,92.15273603872286,79.71638082900611,88.34360396441747,67.21967382843054
1.0,1000.0,1.0,1.0,1.0,1.0,1.0,1.0,1.0,1.0,1.0,28.274479123211414,24.45124871117556,24.45124871117556,29.340404771557765,24.83637447353661,24.83637447353661,67.33726418120162,67.06083925093098,4.329644173968807,10.408461240778486,19.94912615582483,29.193017050356733,29.193017050356733,25.13026384759787,32.52594656871236,20.87375166325165,24.784614914677032,39.728110649791745,39.88866976679877,43.772851264204526,72.7342383891195,68.71325396652726,68.77643748730678,39.88866976679877,51.084381697423794,52.927897208225474,21.364138953136607,24.70390513129866,24.70390513129866,24.70390513129866,25.80226389873061,25.568905822459463,86.56809141045926,85.70360114632554,78.29289490124931,79.67864335059673,82.91181581309033,77.52762346011109,79.97966583777168,1.9455549635065204,5.875200698074725,11.962855174548032,27.191892771901426,24.691623211708098,22.244033044300796,14.085700238297607,13.331297160549191,13.331297160549191,9.243554010856467,18.41043617568576,22.29666895334085,29.051770626056427,29.051770626056427,19.62980715400706,31.306466153174533,31.306466153174533,71.65131706765357,71.88826025750264,9.050573303300043,26.41987507218473,26.647970779040993,14.726068749456244,34.3069329631258,24.823215261887082,21.033412457613895,29.27109743145063,28.4025652440533,32.76282525984044,31.771446673658925,34.456080608641685,60.12932886764097,65.28032442566817,74.98610901211742,43.66844112712165,44.89680048460507,55.32950428871527,11.98039922010904,30.08699608639113,26.332146050579,35.26323525825092,13.085678408533278,6.769911845339801,84.93829024646497,81.17323059327819,89.37047986141866,92.15273603872286,79.71638082900611,88.34360396441747,67.21967382843054
1.0,1.0,1000.0,1.0,1.0,1.0,1.0,1.0,1.0,1.0,1.0,28.274479123211414,24.45124871117556,24.45124871117556,29.340404771557765,24.83637447353661,24.83637447353661,67.33726418120162,67.06083925093098,4.329644173968807,10.408461240778486,19.94912615582483,29.193017050356733,29.193017050356733,25.13026384759787,32.52594656871236,20.87375166325165,24.784614914677032,39.728110649791745,39.88866976679877,43.772851264204526,72.7342383891195,68.71325396652726,68.77643748730678,39.88866976679877,51.084381697423794,52.927897208225474,21.364138953136607,24.70390513129866,24.70390513129866,24.70390513129866,25.80226389873061,25.568905822459463,86.56809141045926,85.70360114632554,78.29289490124931,79.67864335059673,82.91181581309033,77.52762346011109,79.97966583777168,1.9455549635065204,5.875200698074725,11.962855174548032,27.191892771901426,24.691623211708098,22.244033044300796,14.085700238297607,13.331297160549191,13.331297160549191,9.243554010856467,18.41043617568576,22.29666895334085,29.051770626056427,29.051770626056427,19.62980715400706,31.306466153174533,31.306466153174533,71.65131706765357,71.88826025750264,9.050573303300043,26.41987507218473,26.647970779040993,14.726068749456244,34.3069329631258,24.823215261887082,21.033412457613895,29.27109743145063,28.4025652440533,32.76282525984044,31.771446673658925,34.456080608641685,60.12932886764097,65.28032442566817,74.98610901211742,43.66844112712165,44.89680048460507,55.32950428871527,11.98039922010904,30.08699608639113,26.332146050579,35.26323525825092,13.085678408533278,6.769911845339801,84.93829024646497,81.17323059327819,89.37047986141866,92.15273603872286,79.71638082900611,88.34360396441747,67.21967382843054
1.0,1.0,1.0,1000.0,1.0,1.0,1.0,1.0,1.0,1.0,1.0,28.274479123211414,24.45124871117556,24.45124871117556,29.340404771557765,24.83637447353661,24.83637447353661,67.33726418120162,67.06083925093098,4.329644173968807,10.408461240778486,19.94912615582483,29.193017050356733,29.193017050356733,25.13026384759787,32.52594656871236,20.87375166325165,24.784614914677032,39.728110649791745,39.88866976679877,43.772851264204526,72.7342383891195,68.71325396652726,68.77643748730678,39.88866976679877,51.084381697423794,52.927897208225474,21.364138953136607,24.70390513129866,24.70390513129866,24.70390513129866,25.80226389873061,25.568905822459463,86.56809141045926,85.70360114632554,78.29289490124931,79.67864335059673,82.91181581309033,77.52762346011109,79.97966583777168,1.9455549635065204,5.875200698074725,11.962855174548032,27.191892771901426,24.691623211708098,22.244033044300796,14.085700238297607,13.331297160549191,13.331297160549191,9.243554010856467,18.41043617568576,22.29666895334085,29.051770626056427,29.051770626056427,19.62980715400706,31.306466153174533,31.306466153174533,71.65131706765357,71.88826025750264,9.050573303300043,26.41987507218473,26.647970779040993,14.726068749456244,34.3069329631258,24.823215261887082,21.033412457613895,29.27109743145063,28.4025652440533,32.76282525984044,31.771446673658925,34.456080608641685,60.12932886764097,65.28032442566817,74.98610901211742,43.66844112712165,44.89680048460507,55.32950428871527,11.98039922010904,30.08699608639113,26.332146050579,35.26323525825092,13.085678408533278,6.769911845339801,84.93829024646497,81.17323059327819,89.37047986141866,92.15273603872286,79.71638082900611,88.34360396441747,67.21967382843054
1.0,1.0,1.0,1.0,1000.0,1.0,1.0,1.0,1.0,1.0,1.0,28.274479123211414,24.45124871117556,24.45124871117556,29.340404771557765,24.83637447353661,24.83637447353661,67.33726418120162,67.06083925093098,4.329644173968807,10.408461240778486,19.94912615582483,29.193017050356733,29.193017050356733,25.13026384759787,32.52594656871236,20.87375166325165,24.784614914677032,39.728110649791745,39.88866976679877,43.772851264204526,72.7342383891195,68.71325396652726,68.77643748730678,39.88866976679877,51.084381697423794,52.927897208225474,21.364138953136607,24.70390513129866,24.70390513129866,24.70390513129866,25.80226389873061,25.568905822459463,86.56809141045926,85.70360114632554,78.29289490124931,79.67864335059673,82.91181581309033,77.52762346011109,79.97966583777168,1.9455549635065204,5.875200698074725,11.962855174548032,27.191892771901426,24.691623211708098,22.244033044300796,14.085700238297607,13.331297160549191,13.331297160549191,9.243554010856467,18.41043617568576,22.29666895334085,29.051770626056427,29.051770626056427,19.62980715400706,31.306466153174533,31.306466153174533,71.65131706765357,71.88826025750264,9.050573303300043,26.41987507218473,26.647970779040993,14.726068749456244,34.3069329631258,24.823215261887082,21.033412457613895,29.27109743145063,28.4025652440533,32.76282525984044,31.771446673658925,34.456080608641685,60.12932886764097,65.28032442566817,74.98610901211742,43.66844112712165,44.89680048460507,55.32950428871527,11.98039922010904,30.08699608639113,26.332146050579,35.26323525825092,13.085678408533278,6.769911845339801,84.93829024646497,81.17323059327819,89.37047986141866,92.15273603872286,79.71638082900611,88.34360396441747,67.21967382843054
1.0,1.0,1.0,1.0,1.0,1000.0,1.0,1.0,1.0,1.0,1.0,28.274479123211414,24.45124871117556,24.45124871117556,29.340404771557765,24.83637447353661,24.83637447353661,67.33726418120162,67.06083925093098,4.329644173968807,10.408461240778486,19.94912615582483,29.193017050356733,29.193017050356733,25.13026384759787,32.52594656871236,20.87375166325165,24.784614914677032,39.728110649791745,39.88866976679877,43.772851264204526,72.7342383891195,68.71325396652726,68.77643748730678,39.88866976679877,51.084381697423794,52.927897208225474,21.364138953136607,24.70390513129866,24.70390513129866,24.70390513129866,25.80226389873061,25.568905822459463,86.56809141045926,85.70360114632554,78.29289490124931,79.67864335059673,82.91181581309033,77.52762346011109,79.97966583777168,1.9455549635065204,5.875200698074725,11.962855174548032,27.191892771901426,24.691623211708098,22.244033044300796,14.085700238297607,13.331297160549191,13.331297160549191,9.243554010856467,18.41043617568576,22.29666895334085,29.051770626056427,29.051770626056427,19.62980715400706,31.306466153174533,31.306466153174533,71.65131706765357,71.88826025750264,9.050573303300043,26.41987507218473,26.647970779040993,14.726068749456244,34.3069329631258,24.823215261887082,21.033412457613895,29.27109743145063,28.4025652440533,32.76282525984044,31.771446673658925,34.456080608641685,60.12932886764097,65.28032442566817,74.98610901211742,43.66844112712165,44.89680048460507,55.32950428871527,11.98039922010904,30.08699608639113,26.332146050579,35.26323525825092,13.085678408533278,6.769911845339801,84.93829024646497,81.17323059327819,89.37047986141866,92.15273603872286,79.71638082900611,88.34360396441747,67.21967382843054
1.0,1.0,1.0,1.0,1.0,1.0,1000.0,1.0,1.0,1.0,1.0,28.274479123211414,24.45124871117556,24.45124871117556,29.340404771557765,24.83637447353661,24.83637447353661,67.33726418120162,67.06083925093098,4.329644173968807,10.408461240778486,19.94912615582483,29.193017050356733,29.193017050356733,25.13026384759787,32.52594656871236,20.87375166325165,24.784614914677032,39.728110649791745,39.88866976679877,43.772851264204526,72.7342383891195,68.71325396652726,68.77643748730678,39.88866976679877,51.084381697423794,52.927897208225474,21.364138953136607,24.70390513129866,24.70390513129866,24.70390513129866,25.80226389873061,25.568905822459463,86.56809141045926,85.70360114632554,78.29289490124931,79.67864335059673,82.91181581309033,77.52762346011109,79.97966583777168,1.9455549635065204,5.875200698074725,11.962855174548032,27.191892771901426,24.691623211708098,22.244033044300796,14.085700238297607,13.331297160549191,13.331297160549191,9.243554010856467,18.41043617568576,22.29666895334085,29.051770626056427,29.051770626056427,19.62980715400706,31.306466153174533,31.306466153174533,71.65131706765357,71.88826025750264,9.050573303300043,26.41987507218473,26.647970779040993,14.726068749456244,34.3069329631258,24.823215261887082,21.033412457613895,29.27109743145063,28.4025652440533,32.76282525984044,31.771446673658925,34.456080608641685,60.12932886764097,65.28032442566817,74.98610901211742,43.66844112712165,44.89680048460507,55.32950428871527,11.98039922010904,30.08699608639113,26.332146050579,35.26323525825092,13.085678408533278,6.769911845339801,84.93829024646497,81.17323059327819,89.37047986141866,92.15273603872286,79.71638082900611,88.34360396441747,67.21967382843054
1.0,1.0,1.0,1.0,1.0,1.0,1.0,1000.0,1.0,1.0,1.0,28.274479123211414,24.45124871117556,24.45124871117556,29.340404771557765,24.83637447353661,24.83637447353661,67.33726418120162,67.06083925093098,4.329644173968807,10.408461240778486,19.94912615582483,29.193017050356733,29.193017050356733,25.13026384759787,32.52594656871236,20.87375166325165,24.784614914677032,39.728110649791745,39.88866976679877,43.772851264204526,72.7342383891195,68.71325396652726,68.77643748730678,39.88866976679877,51.084381697423794,52.927897208225474,21.364138953136607,24.70390513129866,24.70390513129866,24.70390513129866,25.80226389873061,25.568905822459463,86.56809141045926,85.70360114632554,78.29289490124931,79.67864335059673,82.91181581309033,77.52762346011109,79.97966583777168,1.9455549635065204,5.875200698074725,11.962855174548032,27.191892771901426,24.691623211708098,22.244033044300796,14.085700238297607,13.331297160549191,13.331297160549191,9.243554010856467,18.41043617568576,22.29666895334085,29.051770626056427,29.051770626056427,19.62980715400706,31.306466153174533,31.306466153174533,71.65131706765357,71.88826025750264,9.050573303300043,26.41987507218473,26.647970779040993,14.726068749456244,34.3069329631258,24.823215261887082,21.033412457613895,29.27109743145063,28.4025652440533,32.76282525984044,31.771446673658925,34.456080608641685,60.12932886764097,65.28032442566817,74.98610901211742,43.66844112712165,44.89680048460507,55.32950428871527,11.98039922010904,30.08699608639113,26.332146050579,35.26323525825092,13.085678408533278,6.769911845339801,84.93829024646497,81.17323059327819,89.37047986141866,92.15273603872286,79.71638082900611,88.34360396441747,67.21967382843054
1.0,1.0,1.0,1.0,1.0,1.0,1.0,1.0,1000.0,1.0,1.0,28.274479123211414,24.45124871117556,24.45124871117556,29.340404771557765,24.83637447353661,24.83637447353661,67.33726418120162,67.06083925093098,4.329644173968807,10.408461240778486,19.94912615582483,29.193017050356733,29.193017050356733,25.13026384759787,32.52594656871236,20.87375166325165,24.784614914677032,39.728110649791745,39.88866976679877,43.772851264204526,72.7342383891195,68.71325396652726,68.77643748730678,39.88866976679877,51.084381697423794,52.927897208225474,21.364138953136607,24.70390513129866,24.70390513129866,24.70390513129866,25.80226389873061,25.568905822459463,86.56809141045926,85.70360114632554,78.29289490124931,79.67864335059673,82.91181581309033,77.52762346011109,79.97966583777168,1.9455549635065204,5.875200698074725,11.962855174548032,27.191892771901426,24.691623211708098,22.244033044300796,14.085700238297607,13.331297160549191,13.331297160549191,9.243554010856467,18.41043617568576,22.29666895334085,29.051770626056427,29.051770626056427,19.62980715400706,31.306466153174533,31.306466153174533,71.65131706765357,71.88826025750264,9.050573303300043,26.41987507218473,26.647970779040993,14.726068749456244,34.3069329631258,24.823215261887082,21.033412457613895,29.27109743145063,28.4025652440533,32.76282525984044,31.771446673658925,34.456080608641685,60.12932886764097,65.28032442566817,74.98610901211742,43.66844112712165,44.89680048460507,55.32950428871527,11.98039922010904,30.08699608639113,26.332146050579,35.26323525825092,13.085678408533278,6.769911845339801,84.93829024646497,81.17323059327819,89.37047986141866,92.15273603872286,79.71638082900611,88.34360396441747,67.21967382843054
1.0,1.0,1.0,1.0,1.0,1.0,1.0,1.0,1.0,1000.0,1.0,28.274479123211414,24.45124871117556,24.45124871117556,29.340404771557765,24.83637447353661,24.83637447353661,67.33726418120162,67.06083925093098,4.329644173968807,10.408461240778486,19.94912615582483,29.193017050356733,29.193017050356733,25.13026384759787,32.52594656871236,20.87375166325165,24.784614914677032,39.728110649791745,39.88866976679877,43.772851264204526,72.7342383891195,68.71325396652726,68.77643748730678,39.88866976679877,51.084381697423794,52.927897208225474,21.364138953136607,24.70390513129866,24.70390513129866,24.70390513129866,25.80226389873061,25.568905822459463,86.56809141045926,85.70360114632554,78.29289490124931,79.67864335059673,82.91181581309033,77.52762346011109,79.97966583777168,1.9455549635065204,5.875200698074725,11.962855174548032,27.191892771901426,24.691623211708098,22.244033044300796,14.085700238297607,13.331297160549191,13.331297160549191,9.243554010856467,18.41043617568576,22.29666895334085,29.051770626056427,29.051770626056427,19.62980715400706,31.306466153174533,31.306466153174533,71.65131706765357,71.88826025750264,9.050573303300043,26.41987507218473,26.647970779040993,14.726068749456244,34.3069329631258,24.823215261887082,21.033412457613895,29.27109743145063,28.4025652440533,32.76282525984044,31.771446673658925,34.456080608641685,60.12932886764097,65.28032442566817,74.98610901211742,43.66844112712165,44.89680048460507,55.32950428871527,11.98039922010904,30.08699608639113,26.332146050579,35.26323525825092,13.085678408533278,6.769911845339801,84.93829024646497,81.17323059327819,89.37047986141866,92.15273603872286,79.71638082900611,88.34360396441747,67.21967382843054
1.0,1.0,1.0,1.0,1.0,1.0,1.0,1.0,1.0,1.0,1000.0,28.274479123211414,24.45124871117556,24.45124871117556,29.340404771557765,24.83637447353661,24.83637447353661,67.33726418120162,67.06083925093098,4.329644173968807,10.408461240778486,19.94912615582483,29.193017050356733,29.193017050356733,25.13026384759787,32.52594656871236,20.87375166325165,24.784614914677032,39.728110649791745,39.88866976679877,43.772851264204526,72.7342383891195,68.71325396652726,68.77643748730678,39.88866976679877,51.084381697423794,52.927897208225474,21.364138953136607,24.70390513129866,24.70390513129866,24.70390513129866,25.80226389873061,25.568905822459463,86.56809141045926,85.70360114632554,78.29289490124931,79.67864335059673,82.91181581309033,77.52762346011109,79.97966583777168,1.9455549635065204,5.875200698074725,11.962855174548032,27.191892771901426,24.691623211708098,22.244033044300796,14.085700238297607,13.331297160549191,13.331297160549191,9.243554010856467,18.41043617568576,22.29666895334085,29.051770626056427,29.051770626056427,19.62980715400706,31.306466153174533,31.306466153174533,71.65131706765357,71.88826025750264,9.050573303300043,26.41987507218473,26.647970779040993,14.726068749456244,34.3069329631258,24.823215261887082,21.033412457613895,29.27109743145063,28.4025652440533,32.76282525984044,31.771446673658925,34.456080608641685,60.12932886764097,65.28032442566817,74.98610901211742,43.66844112712165,44.89680048460507,55.32950428871527,11.98039922010904,30.08699608639113,26.332146050579,35.26323525825092,13.085678408533278,6.769911845339801,84.93829024646497,81.17323059327819,89.37047986141866,92.15273603872286,79.71638082900611,88.34360396441747,67.21967382843054
28.274479123211414,28.274479123211414,28.274479123211414,28.274479123211414,28.274479123211414,28.274479123211414,28.274479123211414,28.274479123211414,28.274479123211414,28.274479123211414,28.274479123211414,1000.0,4.823230440654262,4.823230440654262,2.065925657986173,4.4381046758324985,4.4381046758324985,40.06278588322812,39.78636094371535,24.94483497471812,18.86601793612615,9.325353017753434,1.9185379354090828,1.9185379354090828,4.1442152998298365,5.251467488264075,8.400727506915194,4.489864235028287,12.453631668050802,12.614190787634486,16.498372352369838,45.45976028128493,41.438775715279306,41.501959238233184,12.614190787634486,23.809902938345108,25.653418493022606,7.910340214999562,4.570574018927508,4.570574018927508,4.570574018927508,3.4722152440510095,3.705573321968186,59.293613874137,58.429123570746604,51.01841700851814,52.40416551453268,55.637338113959,50.253145536606205,52.705188014177736,27.328924167660777,23.39927846002695,17.31162400577942,2.08258636035929,4.5828559385969765,7.030446119807141,15.188778944210467,15.943182021513714,15.943182021513714,20.03092516247071,10.864043002360049,6.977810210510458,1.7772915098030575,1.7772915098030575,9.644672020622586,4.031987059282403,4.031987059282403,44.37683892018829,44.61378211864514,20.223905869350734,2.8546040660729255,2.6265083574843886,14.548410433144438,7.032453904013217,4.451263887567665,8.241066711908644,1.996618317230245,1.128086121961966,5.488346182113439,4.496967584781125,7.1816015514074945,32.85485034450177,38.00584606008183,47.71163098906843,16.39396221335161,17.6223215940428,28.05502563390677,17.29407996024824,2.8125169800025773,2.9423330883360905,7.988756211427946,16.18880077330624,22.504567317513732,57.66381263652686,53.89875281969249,62.09600245559738,64.87825876736815,52.44190299450222,61.069126510201414,39.94519552651955
24.45124871117556,24.45124871117556,24.45124871117556,24.45124871117556,24.45124871117556,24.45124871117556,24.45124871117556,24.45124871117556,24.45124871117556,24.45124871117556,24.45124871117556,4.823230440654262,1000.0,1.0,5.889156098407608,1.3851257648809314,1.3851257648809314,43.8860162491913,43.609591310684,21.121604555617502,15.04278750669173,5.502122578774522,5.741768375868759,5.741768375868759,1.679015140919828,9.074697927384921,4.577497067444296,1.3333662056779618,16.27686210089228,16.43742122028325,20.32160277965617,49.28299062625804,45.26200607613646,45.325189598851836,16.43742122028325,27.633133351890493,29.476648902352007,4.0871097752987655,1.2526564217670668,1.2526564217670668,1.2526564217670668,2.3510151967524964,2.117657118821197,63.11684415351321,62.252353854718585,54.841647329171444,56.22739582869664,59.460568412320725,54.0763758607703,56.52841832690955,23.505693753517548,19.57604803798489,13.488393574234221,3.7406440804275376,1.2403745020957713,3.207215679747756,11.365548510132149,12.119951588289375,12.119951588289375,16.207694734760075,7.040812564369398,3.154579770431815,5.60052195029756,5.60052195029756,5.821441581831348,7.855217499008187,7.855217499008187,48.20006926958042,48.437012467079285,16.4006754419374,2.9686263747444723,3.1967220833295205,10.725179998381215,10.855684342012053,1.3719665531439627,4.417836272360534,5.819848757669906,4.951316562593616,9.311576621101377,8.320198024291912,11.004831989299518,36.678080734464686,41.82907643336442,51.53486132451948,20.21719264079968,21.445552019526577,31.878256037290257,13.470849528680446,6.635747420200503,2.880897352481411,11.811986648707494,12.365570340370935,18.68133689386679,61.48704292451217,57.72198312666669,65.91923271962094,68.70148901546207,56.26513330848709,64.89235677993129,43.76842589291128
24.45124871117556,24.45124871117556,24.45124871117556,24.45124871117556,24.45124871117556,24.45124871117556,24.45124871117556,24.45124871117556,24.45124871117556,24.45124871117556,24.45124871117556,4.823230440654262,1.0,1000.0,5.889156098407608,1.3851257648809314,1.3851257648809314,43.8860162491913,43.609591310684,21.121604555617502,15.04278750669173,5.502122578774522,5.741768375868759,5.741768375868759,1.679015140919828,9.074697927384921,4.577497067444296,1.3333662056779618,16.27686210089228,16.43742122028325,20.32160277965617,49.28299062625804,45.26200607613646,45.325189598851836,16.43742122028325,27.633133351890493,29.476648902352007,4.0871097752987655,1.2526564217670668,1.2526564217670668,1.2526564217670668,2.3510151967524964,2.117657118821197,63.11684415351321,62.252353854718585,54.841647329171444,56.22739582869664,59.460568412320725,54.0763758607703,56.52841832690955,23.505693753517548,19.57604803798489,13.488393574234221,3.7406440804275376,1.2403745020957713,3.207215679747756,11.365548510132149,12.119951588289375,12.119951588289375,16.207694734760075,7.040812564369398,3.154579770431815,5.60052195029756,5.60052195029756,5.821441581831348,7.855217499008187,7.855217499008187,48.20006926958042,48.437012467079285,16.4006754419374,2.9686263747444723,3.1967220833295205,10.725179998381215,10.855684342012053,1.3719665531439627,4.417836272360534,5.819848757669906,4.951316562593616,9.311576621101377,8.320198024291912,11.004831989299518,36.678080734464686,41.82907643336442,51.53486132451948,20.21719264079968,21.445552019526577,31.878256037290257,13.470849528680446,6.635747420200503,2.880897352481411,11.811986648707494,12.365570340370935,18.68133689386679,61.48704292451217,57.72198312666669,65.91923271962094,68.70148901546207,56.26513330848709,64.89235677993129,43.76842589291128
29.340404771557765,29.340404771557765,29.340404771557765,29.340404771557765,29.340404771557765,29.340404771557765,29.340404771557765,29.340404771557765,29.340404771557765,29.340404771557765,29.340404771557765,2.065925657986173,5.889156098407608,5.889156098407608,1000.0,5.504030333625797,5.504030333625797,38.99686024368718,38.72043530391092,26.010760625236916,19.931943589896203,10.391278674765521,1.147387722578776,1.147387722578776,5.210140957651132,4.185541830446518,9.466653164120757,5.555789892816431,11.387706011545355,11.548265131172991,15.432446697166863,44.3938346472674,40.37285007707814,40.43603360009466,11.548265131172991,22.743977286527887,24.587492842268553,8.976265872299088,5.636499676707482,5.636499676707482,5.636499676707482,4.538140901928241,4.7714989798272684,58.227688257565596,57.36319795294653,49.952491380942526,51.33823988868191,54.57141249231704,49.1872199080984,51.63926238870794,28.394849816652243,24.46520411145994,18.37754966023263,3.148512018316496,5.6487815963756915,8.096371777260224,16.254704599499192,17.009107676518408,17.009107676518408,21.096850815689233,11.929968659002903,8.043735867972114,1.288634148185909,1.288634148185909,10.710597677562905,2.9660614013704523,2.9660614013704523,43.31091328500468,43.547856483714185,21.289831522474618,3.9205297239916406,3.692434015416021,15.61433608866311,5.966528246400023,5.517189545359658,9.306992369145458,1.069307340756788,1.9378395360257028,4.422420524318511,3.431041926900799,6.115675893814996,31.78892469870857,36.939920418625476,46.645705357568566,15.328036558109902,16.556395939273937,26.989099984664193,18.360005614708815,1.7465913220332545,4.008258746249492,6.922830553957055,17.254726428215392,23.57049296944866,56.597887017654486,52.832827195755236,61.030076843135674,63.812333159178245,51.375977368699104,60.00320089621132,38.87926988686629
24.83637447353661,24.83637447353661,24.83637447353661,24.83637447353661,24.83637447353661,24.83637447353661,24.83637447353661,24.83637447353661,24.83637447353661,24.83637447353661,24.83637447353661,4.4381046758324985,1.3851257648809314,1.3851257648809314,5.504030333625797,1000.0,1.0,43.50089049249793,43.224465553885096,21.50673031863867,15.427913270659781,5.887248343556364,5.356642611080814,5.356642611080814,1.293889376039795,8.68957216278342,4.96262283226139,1.0517595592030473,15.891736337034784,16.05229545644765,19.936477016420852,48.89786487176262,44.87688031997874,44.94006384271912,16.05229545644765,27.2480075901525,29.09152314106723,4.472235540131428,1.1324693431140154,1.1324693431140154,1.1324693431140154,1.9658894318774394,1.7325313539439513,62.73171840583966,61.8672281065687,54.45652157721186,55.84227007741217,59.07544266267811,53.69125010844518,56.143292575774005,23.89081951607625,19.961173801278452,13.873519338390842,3.355518315575667,1.144751262785317,3.592341444602923,11.750674274511082,12.505077352593963,12.505077352593963,16.592820498572507,7.425938329075506,3.5397055352881073,5.21539618550392,5.21539618550392,6.206567346599229,7.470091734326877,7.470091734326877,47.814943514623074,48.05188671222211,16.78580120572288,2.583500609877575,2.8115963184665045,11.110305762819234,10.470558577551136,1.0131592117369908,4.802962037182934,5.434722992885185,4.566190797776113,8.926450856516933,7.935072259639454,10.619706224851672,36.29295497524222,41.4439506759019,51.149735571018084,19.832066877546456,21.060426256490235,31.493130276641605,13.855975292839075,6.25062165545276,2.495771587613145,11.42686088433384,12.750696104650208,19.066462657308158,61.10191717594616,57.33685737612961,65.53410697353728,68.31636327102609,55.88000755722124,64.50723103325691,43.38330013617294
24.83637447353661,24.83637447353661,24.83637447353661,24.83637447353661,24.83637447353661,24.83637447353661,24.83637447353661,24.83637447353661,24.83637447353661,24.83637447353661,24.83637447353661,4.4381046758324985,1.3851257648809314,1.3851257648809314,5.504030333625797,1.0,1000.0,43.50089049249793,43.224465553885096,21.50673031863867,15.427913270659781,5.887248343556364,5.356642611080814,5.356642611080814,1.293889376039795,8.68957216278342,4.96262283226139,1.0517595592030473,15.891736337034784,16.05229545644765,19.936477016420852,48.89786487176262,44.87688031997874,44.94006384271912,16.05229545644765,27.2480075901525,29.09152314106723,4.472235540131428,1.1324693431140154,1.1324693431140154,1.1324693431140154,1.9658894318774394,1.7325313539439513,62.73171840583966,61.8672281065687,54.45652157721186,55.84227007741217,59.07544266267811,53.69125010844518,56.143292575774005,23.89081951607625,19.961173801278452,13.873519338390842,3.355518315575667,1.144751262785317,3.592341444602923,11.750674274511082,12.505077352593963,12.505077352593963,16.592820498572507,7.425938329075506,3.5397055352881073,5.21539618550392,5.21539618550392,6.206567346599229,7.470091734326877,7.470091734326877,47.814943514623074,48.05188671222211,16.78580120572288,2.583500609877575,2.8115963184665045,11.110305762819234,10.470558577551136,1.0131592117369908,4.802962037182934,5.434722992885185,4.566190797776113,8.926450856516933,7.935072259639454,10.619706224851672,36.29295497524222,41.4439506759019,51.149735571018084,19.832066877546456,21.060426256490235,31.493130276641605,13.855975292839075,6.25062165545276,2.495771587613145,11.42686088433384,12.750696104650208,19.066462657308158,61.10191717594616,57.33685737612961,65.53410697353728,68.31636327102609,55.88000755722124,64.50723103325691,43.38330013617294
67.33726418120162,67.33726418120162,67.33726418120162,67.33726418120162,67.33726418120162,67.33726418120162,67.33726418120162,67.33726418120162,67.33726418120162,67.33726418120162,67.33726418120162,40.06278588322812,43.8860162491913,43.8860162491913,38.99686024368718,43.50089049249793,43.50089049249793,1000.0,1.276424944385724,64.0076201699389,57.928803355686014,48.38813872121906,39.1442479637756,39.1442479637756,43.20700112260695,35.811318462353995,47.46351323347114,43.552650050609174,28.60915435911197,28.44859524069597,24.564413697053347,6.39697450708076,2.3759898573389684,2.4391733814952614,28.44859524069597,17.252883113522753,15.409367551784705,46.97312595348469,43.63335983281236,43.63335983281236,43.63335983281236,42.53500108050649,42.76835915372047,20.230828499891246,19.366338166433625,11.955631374200372,13.341379919445863,16.57455261716338,11.190359881368643,13.64240242784282,66.39170926565491,62.46206371549518,56.37440947727245,41.145372223792336,43.64564175222321,46.09323187914576,54.25156448305704,55.00596753689692,55.00596753689692,59.09371054166056,49.92682866566831,46.040595971074126,39.28549438697803,39.28549438697803,48.707457715932435,37.03079887369253,37.03079887369253,5.3140531219903115,5.550996325606165,59.28669124173286,41.91738991473608,41.68929421056801,53.611195991499144,34.03033206993459,43.514049703957596,47.30385244237263,39.0661675832753,39.93469976353743,35.574439771774394,36.56581835508106,33.88118442436278,8.207935643122166,3.0569398577457387,8.648845268160745,24.66882383568429,23.440464458920907,13.007760397068028,56.35686543231478,38.25026893397262,42.00511893528642,33.074029773853184,55.25158628093784,61.56735260685871,18.601027206160214,14.835967268866495,23.03321718346534,25.815473603638576,13.37911740050809,22.006341199827812,1.1175903587899825
67.06083925093098,67.06083925093098,67.06083925093098,67.06083925093098,67.06083925093098,67.06083925093098,67.06083925093098,67.06083925093098,67.06083925093098,67.06083925093098,67.06083925093098,39.78636094371535,43.609591310684,43.609591310684,38.72043530391092,43.224465553885096,43.224465553885096,1.276424944385724,1000.0,63.7311952382818,57.65237842168308,48.1117137840169,38.86782302403533,38.86782302403533,42.93057618391417,35.534893521833986,47.187088295990264,43.27622511201046,28.33272941715185,28.172170298707567,24.28798875443114,6.673399451368238,2.652414801717395,2.7155983258730614,28.172170298707567,16.976458169971153,15.132942608053101,46.696701015858224,43.35693489423569,43.35693489423569,43.35693489423569,42.2585761416331,42.49193421490947,20.507253443074177,19.642763109721486,12.232056318191377,13.617804863332124,16.850977560757414,11.46678482541222,13.9188273717047,66.11528433498324,62.185638783218934,56.09798454270811,40.8689472845547,43.369216813649906,45.816806941261945,53.97513954775126,54.72954260185128,54.72954260185128,58.817285608088625,49.650403728942294,45.76417103317509,39.009069447272395,39.009069447272395,48.43103277882785,36.75437393344951,36.75437393344951,5.59047806631249,5.827421269921393,59.01026630823318,41.64096497569926,41.41286927147144,53.33477105597544,33.75390712902732,43.23762476534834,47.027427504844184,38.78974264351595,39.65827482399262,35.2980148312017,36.28939341473128,33.604759483424,7.931510698896857,2.7805149133717713,8.925270212351986,24.392398893077843,23.164039516133425,12.731335453134713,56.08044049774421,37.973843994016164,41.72869399627266,32.797604832746416,54.975161345977725,61.29092767423113,18.877452149536968,15.112392212625993,23.309642126275257,26.09189854602847,13.655542344391321,22.282766142780236,1.1588345855958015
4.329644173968807,4.329644173968807,4.329644173968807,4.329644173968807,4.329644173968807,4.329644173968807,4.329644173968807,4.329644173968807,4.329644173968807,4.329644173968807,4.329644173968807,24.94483497471812,21.121604555617502,21.121604555617502,26.010760625236916,21.50673031863867,21.50673031863867,64.0076201699389,63.7311952382818,1000.0,7.078817069042759,16.619481993406566,25.863372903730223,25.863372903730223,21.80061969321145,29.196302429410597,17.54410750211349,21.454970759689708,36.39846652926721,36.55902564673877,40.44320715599204,69.40459440610977,65.383609962254,65.44679348335796,36.55902564673877,47.75473761468889,49.598253132568836,18.034494792704397,21.374260976172373,21.374260976172373,21.374260976172373,22.472619745539056,22.239261668849,83.23844751014057,82.37395724040701,74.96325094969121,76.34899940725084,79.58217188948099,74.19797950408137,76.65002189622932,3.384089210550346,2.5455565244001876,8.63321100384632,23.862248621292228,21.361979056560696,18.914388885182202,10.756056069312512,10.001652990913799,10.001652990913799,5.9139098384694,15.080792011284903,18.96702479430275,25.722126479138595,25.722126479138595,16.300162991162193,27.97682201109252,27.97682201109252,68.32167307879423,68.55861626991548,5.720929130815299,23.090230920122334,23.318326627403117,11.396424581057977,30.9772888280922,21.4935711069664,17.703768296703526,25.94145328498584,25.072921095816376,29.43318112109215,28.44180253262337,31.126436473976707,56.79968482215772,61.95068040423006,71.65646504156157,40.33879701857539,41.56715638003932,51.999860222674705,8.650755049420074,26.757351941644533,23.002501898354396,31.933591125610846,9.756034238695738,3.4402676719208594,81.60864633563706,77.8435866589556,86.04083597964899,88.82309217596747,76.38673688588594,85.01396007578064,63.89002981657731
10.408461240778486,10.408461240778486,10.408461240778486,10.408461240778486,10.408461240778486,10.408461240778486,10.408461240778486,10.408461240778486,10.408461240778486,10.408461240778486,10.408461240778486,18.86601793612615,15.04278750669173,15.04278750669173,19.931943589896203,15.427913270659781,15.427913270659781,57.928803355686014,57.65237842168308,7.078817069042759,1000.0,10.540664934975782,19.78455586793034,19.78455586793034,15.721802645969298,23.11748540474797,11.46529044539963,15.376153711582333,30.319649534055287,30.48020865226723,34.36439018054514,63.325777639817815,59.30479315983867,59.36797668149262,30.48020865226723,41.67592068085195,43.51943621041801,11.955677736950468,15.29544392786541,15.29544392786541,15.29544392786541,16.393802700027646,16.160444622729294,77.15963088553704,76.2951406061597,68.88443423709144,70.27018270871447,73.50335522480852,68.11916278383116,70.57120520078364,9.462906278154941,5.533260545141882,2.5543939356488465,17.783431579563352,15.283162008223442,12.835571831236392,4.677239002825292,3.922835923745302,3.922835923745302,2.164907230981224,9.00197495026651,12.888207740468594,19.643309442901568,19.643309442901568,10.221345932166717,21.898004982171937,21.898004982171937,62.242856302549214,62.47979949583402,2.3578879386842266,17.011413876258175,17.239509584161027,5.317607515212631,24.898471810027367,15.414754058954806,11.624951240298444,19.86263624942883,18.994104057606563,23.35436409728111,22.362985505301417,25.047619456484828,50.72086795026368,55.87186357277985,65.57764829649601,34.25998004258911,35.48833941049634,45.921043316468975,2.571937981234103,20.67853490867715,16.923684854252947,25.85477411127444,3.677217171322916,4.638549397754633,75.52982969294015,71.76476997589039,79.9620193870302,82.7442756161965,70.30792018773633,78.93514347131348,57.811213001325186
19.94912615582483,19.94912615582483,19.94912615582483,19.94912615582483,19.94912615582483,19.94912615582483,19.94912615582483,19.94912615582483,19.94912615582483,19.94912615582483,19.94912615582483,9.325353017753434,5.502122578774522,5.502122578774522,10.391278674765521,5.887248343556364,5.887248343556364,48.38813872121906,48.1117137840169,16.619481993406566,10.540664934975782,1000.0,10.243890952336287,10.243890952336287,6.1811377195091435,13.576820500815383,1.9246255115044015,5.83548878436762,20.77898466377234,20.939543782866018,24.823725334222235,53.7851130712036,49.764128541548544,49.827312063955404,20.939543782866018,32.13525588707171,33.97877143176075,2.415012803705763,5.754779000478345,5.754779000478345,5.754779000478345,6.853137775110744,6.619779697265071,67.61896651515175,66.75447622214779,59.34376974304287,60.72951823431916,63.962690797918256,58.57849827911123,61.03054073071371,19.00357119609959,15.07392547298748,8.986271000713817,8.242766658157208,5.742497080810279,3.2949068992934634,6.863425934559055,7.61782901339132,7.61782901339132,11.705572164563534,2.538689986084372,3.3475428086090155,10.102644526867993,10.102644526867993,1.3193190031378996,12.357340073685384,12.357340073685384,52.702191720204176,52.93913491647112,11.898552872006395,7.47074895284844,7.698844661329428,6.223057422282211,15.357806913340834,5.87408913182304,2.0842863066091217,10.32197133407965,9.453439139610033,13.813699194271532,12.822320598512182,15.506954560437165,41.18020323791238,46.33119891491265,56.03698375726533,24.71931519560196,25.947674571477496,36.3803785586449,8.96872695514113,11.137869995968055,7.383019930623944,16.314109218770213,7.863447765705607,14.179214327371561,65.98916529700271,62.22410552316787,70.42135506195267,73.2036113378163,60.767255713882186,69.39447912943258,48.27054836549521
