1000.0,13.755357804668428,10.621279906337085,9.17365747916398,49.24543844774,52.036128906250134,49.845195230325444,68.32566149682314,81.62575496396273,67.44385835965839,79.51663303679862,40.026358852659065,40.026358852659065,29.175665378279614,27.089560238660106,57.02929934231925,57.68441336616648,26.582964360065553,20.333632119265324,20.29061293187885,22.251071836010098,20.333632119265324,37.59272616989076,38.368523433063444,29.83276783192763,21.450980322101,32.59557869785071,36.26403198565191,29.83276783192763,32.88431920678157,32.892217875155964,32.88431920678157,32.88431920678157,32.892217875155964,32.892217875155964,90.517240922003,91.85245156861733,90.36020810517688,90.517240922003,90.517240922003,92.60953330050177,89.16973585968158,87.0001910579597,85.86934780014144,17.522486990620674,33.3664049746291,33.3664049746291,33.24348189751074,33.48845013378845,32.24605281682558,9.10121502177981,8.488916960435795,10.411465928030985,10.411465928030985,49.08737704766998,45.443231861813835,52.327670494412914,89.59697353383463,96.5361179873384,96.62384206730034,89.23728687015252,28.277477508653792,27.294130657678,13.141705237931578,25.39769501813232,52.95993139228096,44.275368739184835,16.091475458295697,41.544537876544325,28.16333868970124,40.2362160736629,35.64401301145715,35.92351921268824,23.127376941902867,25.23381616913491,38.86348691879758,26.348461099095726,32.81674169287133,33.65048801801449,29.666014523064142,29.24474214387479,18.475547579680835,24.084055252059628,12.822933363475949,19.8272267286758,75.72645257966576,72.59421409352576,77.52504605168446,73.7348130457547,84.69287535019754,74.59464319213951,88.7372331827111,99.44852880507761,89.02673816129376,45.16224137133969,47.84045431977286,41.00891475893843,40.19231286400137,22.895491843882724,24.467045941774664
13.755357804668428,1000.0,4.134077902758506,5.581700331003144,36.49008089393868,39.280771387784355,37.08983768392658,81.0810185066386,94.38111165787417,80.19921538855897,92.2719897843178,27.271001198280807,27.271001198280807,16.42030763733717,14.334202485022423,44.27394189274224,44.929055926166974,13.827606603537161,7.5782743332598885,7.535255145710158,9.495714057832265,7.5782743332598885,50.34808370877716,51.12388096203662,42.58812546018111,34.20633802690304,45.35093629632648,49.01938954110303,42.58812546018111,45.63967680201511,45.64757547030048,45.63967680201511,45.63967680201511,45.64757547030048,45.64757547030048,103.27259737534852,104.60780798380229,103.1155645629755,103.27259737534852,103.27259737534852,105.36488969381298,101.92509235099996,99.7555476092785,98.62470438217834,4.767129195087222,20.6110472630386,20.6110472630386,20.48812418498616,20.733092423129747,19.490695096884973,21.85657280161752,6.266440850023835,4.343891881258029,4.343891881258029,36.33201949193527,32.68787426352562,39.57231297976963,102.35233001317201,109.29147426445812,109.37919834177168,101.99264335958014,15.522119762089165,14.538772905228921,1.6136525678306168,12.642337255134182,40.20457388601264,31.520011128079286,3.3361176588019235,28.78918023702207,15.407980942439078,27.480858421298077,22.88865531797355,48.67887677230046,35.882734633053545,37.98917384195675,51.61884444135305,39.10381876168888,45.57209928886592,46.40584560452542,42.42137215304276,42.000099778175034,31.230905306671488,36.839412935048216,25.578291125431388,32.58258444591023,88.48180942019214,85.34957100768833,90.2804028486082,86.49016993344065,97.44823196378749,87.35000005961052,101.49258968610263,112.20388499304336,101.78209465661004,32.40688376993124,35.08509674904144,28.253557114098015,27.436955211214258,10.140134068577492,11.711688173984946
10.621279906337085,4.134077902758506,1000.0,2.447622428483801,39.62415874737541,42.41484923350751,40.22391553575264,77.94694082697556,91.24703406044706,77.0651377039005,89.13791217298689,30.405079073230198,30.405079073230198,19.554385529789887,17.468280379870397,47.408019723272,48.063133754570835,16.961684498919567,10.712352233715972,10.669333046191426,12.629791957030564,10.712352233715972,47.21400588845093,47.98980314441542,39.454047615203464,31.07226016020772,42.21685845962433,45.88531171624559,39.454047615203464,42.50559896620981,42.5134976345198,42.50559896620981,42.50559896620981,42.5134976345198,42.5134976345198,100.13851984011615,101.47373045840968,99.98148702659448,100.13851984011615,100.13851984011615,102.23081217405766,98.79101480596972,96.62147004875277,95.49062681371244,7.901207096908704,23.745125149733866,23.745125149733866,23.622202071868276,23.86717030963843,22.624772985243077,18.72249491219904,3.1323629476702823,1.2098139785248216,1.2098139785248216,39.466097345792186,35.82195212657341,42.70639082465476,99.21825247123387,106.15739677461468,106.2451208526094,98.85856581503795,18.656197655611546,17.672850799855848,3.5204253349836465,15.776415151694867,43.338651729059414,34.65408899387103,6.470195561099805,31.923258108848174,18.542058836093233,30.61493629582559,26.022733201010354,45.54479894630243,32.7486567702943,34.85509598443214,48.484766625480525,35.96974090706439,42.43802145285017,43.27176777112926,39.287294307583345,38.866021931507554,28.096827433491555,33.705335074626504,22.44421324169845,29.448506575596603,85.34773178469322,82.21549335300935,87.14632522444703,83.35609228566305,94.31415438716046,84.2159224170983,98.35851213795583,109.06980752611649,98.64801711054784,35.54096163364816,38.21917460615036,31.387634987044926,30.5710330858303,13.27421196729364,14.84576607139994
9.17365747916398,5.581700331003144,2.447622428483801,1000.0,41.07178115013021,43.86247163248646,41.6715379377177,76.49931849566714,89.79941176610832,75.61751537035201,87.69028987238694,31.852701486625143,31.852701486625143,21.00200795209759,18.915902803443647,48.855642114852124,49.510756145119046,18.409306922778338,12.159974660395141,12.11695547288551,14.077414382982445,12.159974660395141,45.766383494515814,46.54218075167053,38.00642521047407,29.62463774608659,40.76923605850654,44.43768932031889,38.00642521047407,41.05797656548424,41.065875233805,41.05797656548424,41.05797656548424,41.065875233805,41.065875233805,98.69089757382648,100.02610819656303,98.53386475978624,98.69089757382648,98.69089757382648,100.78318991475713,97.34339253525727,95.1738477710485,94.04300453242696,9.348829524433064,25.192747569062433,25.192747569062433,25.069824491292515,25.31479272887149,24.072395405425176,17.27487248852456,1.6847405192108065,2.237808449963305,2.237808449963305,40.91371974875313,37.26957453405767,44.15401322322438,97.77063020191703,104.7097745288307,104.79749860713338,97.41094354454572,20.10382007848186,19.12047322331139,4.968047763300868,17.224037576188323,44.786274126731676,36.10171140271184,7.9178179889534155,33.37088052068462,19.989681259033127,32.06255870900965,27.470355618475267,44.097176549874874,31.301034357863323,33.40747357425827,47.03714423350557,34.52211849814504,40.990399052032544,41.824145371457995,37.83967190264414,37.418399526042506,26.649205016602256,32.25771266320221,20.996590820366098,28.000884159928113,83.90010947321936,80.76787103291531,85.6987029180728,81.90846996866968,92.86653210219518,82.7683001024714,96.91088986583682,107.62218529069541,97.20039483936965,36.98858404146294,39.666797010708564,32.83525739943994,32.018655499058596,14.721834392973644,16.293388496359015
49.24543844774,36.49008089393868,39.62415874737541,41.07178115013021,1000.0,3.7906905372759976,1.5997567987884949,116.57109561400739,129.87118762470288,115.68929256637239,127.76206594178392,10.21907979418279,10.21907979418279,21.06977338257272,23.155878529181642,8.783861135704143,9.438975182892465,23.662474408746387,29.911806638130304,29.954825825288204,27.99436692949007,29.911806638130304,85.83816289265573,86.61396010307499,78.07820504533112,69.69641798988849,80.84101574428622,84.50946879720291,78.07820504533112,81.12975623527497,81.13765490315726,81.12975623527497,81.12975623527497,81.13765490315726,81.13765490315726,138.76267249796194,140.09788297397904,138.60563970106747,138.76267249796194,138.76267249796194,140.85496460823902,137.41516760576968,135.24562307366085,134.11477995427046,32.72295174752496,16.879033757625166,16.879033757625166,17.00195683585899,16.756988597341774,17.999385924977233,57.34665321626963,41.756521656497576,39.83397272228658,39.83397272228658,1.1580614042741355,4.802206679411679,4.08223213416297,137.8424052262036,144.781548778371,144.86927284659043,137.48271860776072,21.967961255798524,22.95130810969142,37.1037334527435,24.847743751839165,4.714493051273084,5.970069827551501,34.15396326668477,8.700900743965573,22.08210007514458,10.00922256969078,14.601425697105233,84.16895604667516,71.37281452508525,73.47925364156241,87.10892355480031,74.59389851091218,81.06217872557232,81.89592499844713,77.91145174627232,77.49017939171435,66.72098538991332,72.32949278555448,61.068371417131296,68.0726644754224,123.97188591098174,120.83964776496401,125.77047918270554,121.98024659461595,132.93830764681002,122.84007664762969,136.98266498297065,147.69395920161767,137.27216992531584,5.083197176161349,2.4049841643703322,9.23652387115228,10.053125780086077,27.34994692342642,25.77839282801674
52.036128906250134,39.280771387784355,42.41484923350751,43.86247163248646,3.7906905372759976,1000.0,3.1909337385294263,119.36178571210647,132.66187761684233,118.47998267108984,130.5527559514947,13.009770327924416,13.009770327924416,23.860463905194198,25.946569048801617,5.993170599667691,6.648284647136602,26.453164927595413,32.70249714611626,32.74551633319071,30.785057441075242,32.70249714611626,88.62885319164559,89.40465039774685,80.86889538537022,72.48710836989495,83.63170607015672,87.30015910349773,80.86889538537022,83.92044655963626,83.92834522747718,83.92044655963626,83.92044655963626,83.92834522747718,83.92834522747718,141.55336241283757,142.88857287680685,141.39632961735236,141.55336241283757,141.55336241283757,143.64565450418388,140.20585753268608,138.03631301971464,136.90546991017763,35.51364224980793,19.66972428543426,19.66972428543426,19.79264736353192,19.547679125285104,20.79007645150956,60.13734364690475,44.547212137020914,42.624663207879756,42.624663207879756,3.948751941535262,7.592897215887704,1.2915415969156392,140.6330951493152,147.57223863801724,147.65996270541424,140.2734085340763,24.758651777161845,25.74199862961806,39.89442394512851,27.638434268820188,1.9238025141065491,8.7607603635965,36.94465376586995,11.491591278662652,24.87279059634432,12.799913103573253,17.39211622726235,86.95964635482368,74.16350489746097,76.26994400409266,89.89961384669692,77.38458886811671,83.85286905028728,84.68661531877757,80.70214208715082,80.28086973470539,69.51167578301704,75.1201831534942,63.85906183354395,70.8633548626471,126.76257595154085,123.63033783031075,128.56116920874254,124.77093665101023,135.72899761287965,125.6307666972193,139.7733549137266,150.48464903369023,140.06285985350306,7.873887712541626,5.195674701458233,12.027214405529087,12.84381631393932,30.140637436168326,28.569083343467955
49.845195230325444,37.08983768392658,40.22391553575264,41.6715379377177,1.5997567987884949,3.1909337385294263,1000.0,117.17085232014705,130.47094430827022,116.28904927392121,128.3618226290959,10.818836592350197,10.818836592350197,21.669530178513273,23.755635324508468,8.18410433729898,8.839218384557444,24.26223120391513,30.511563431058313,30.55458261819892,28.5941237231628,30.511563431058313,86.43791964150785,87.21371685101076,78.6779618028887,70.29617475590966,81.44077249884027,85.109225547605,78.6779618028887,81.72951298950902,81.73741165738252,81.72951298950902,81.72951298950902,81.73741165738252,81.73741165738252,139.36242916505785,140.69763963850576,139.20539636846385,139.36242916505785,139.36242916505785,141.45472127129787,138.01492427543306,135.8453797474045,134.71453663011474,33.32270853926955,17.478790554617646,17.478790554617646,17.60171363282405,17.356745394361276,18.599142721712145,57.946409992986055,42.35627844370144,40.433729510551146,40.433729510551146,1.757818203061809,5.401963478085369,3.48247533542694,138.44216189505573,145.38130543368777,145.4690295017318,138.08247527729603,22.567718051482167,23.55106490508108,37.70349024242669,25.447500546624266,4.114736252563917,6.569826626150102,34.7537200577851,9.300657542315513,22.681856870794782,10.608979367885304,15.201182494568116,84.76871279747051,71.97257128949167,74.07901040388455,87.70868030214707,75.19365527210648,81.66193547988135,82.49568175182642,78.51120850400778,78.08993614989753,67.32074215870458,72.92924954902192,61.668128190847035,68.67242124297049,124.57164260486648,121.43940446412891,126.37023587349631,122.58000329187398,133.5380643248207,123.43983334343821,137.58242165345268,148.2937158510522,137.8719265952502,5.682953974818684,3.00474096313951,9.836280669441434,10.652882578274982,27.94970371733806,26.378149622487037
68.32566149682314,81.0810185066386,77.94694082697556,76.49931849566714,116.57109561400739,119.36178571210647,117.17085232014705,1000.0,14.30009430575565,1.8818031829507045,12.19097222706798,107.35201712428204,107.35201712428204,96.50132478297027,94.41521984035515,124.3549554734155,125.01006940588712,93.908624008587,87.65929231280154,87.61627312895756,89.57673186874482,87.65929231280154,31.732936204359348,30.95713893720651,39.49289453045859,47.87468192201261,36.73008367952721,33.06163039323271,39.49289453045859,36.44134317147612,36.43344450312396,36.44134317147612,36.44134317147612,36.43344450312396,36.43344450312396,23.19158097948358,24.52679174431406,23.03454814893865,23.19158097948358,23.19158097948358,25.283873544475615,21.844075800702818,19.674530817480278,18.543687467993617,84.84814740962496,100.69206396324704,100.69206396324704,100.56914089871896,100.8141091098829,99.57171191933219,60.22444684881037,75.81457802115263,77.737126862765,77.737126862765,116.41303423399185,112.76888949982784,119.65332726192578,22.27131351147084,29.210458599912208,29.298182688386454,21.911626816943837,95.60313699899035,94.61979024035149,80.46736598391483,92.72335477466281,120.28558807618964,111.60102651762712,83.41713598737724,108.87019597514843,95.48899819083218,107.56187432158121,102.96967176257328,33.402143166940576,46.198285334620834,44.091846141908356,30.462175448442053,42.97720122741751,36.50892068519211,35.675174361947285,39.6596478380364,40.0809202137846,50.85011459613446,45.24160704099839,56.50272864464737,49.498435479874125,8.400791515207358,5.268552835584715,10.199385105291054,6.409151856486704,17.36721492481747,7.2689820559902705,21.411573086958718,32.122869706739415,21.701078090124014,112.48789904333306,115.16611166295279,108.3345729189904,107.51797111688444,90.2211518212981,91.79270578158977
81.62575496396273,94.38111165787417,91.24703406044706,89.79941176610832,129.87118762470288,132.66187761684233,130.47094430827022,14.30009430575565,1000.0,15.18189748676746,3.109122082349489,120.65210946817234,120.65210946817234,109.80141748585349,107.71531260814096,137.65504718265834,138.31016108891868,107.2087167919335,100.95938528165712,100.91636609904877,102.87682478195048,100.95938528165712,45.033030300636455,44.25723304236075,52.79298852773306,61.174775791517995,50.030177714177164,46.361724473874986,52.79298852773306,49.741437209896446,49.733538541647064,49.741437209896446,49.741437209896446,49.733538541647064,49.733538541647064,9.891486704357762,11.226697475910157,9.734453873058712,9.891486704357762,9.891486704357762,11.983779280129472,8.54398151935527,6.374436527301607,5.243593173791881,98.14824045803732,113.99215653173546,113.99215653173546,113.86923347122574,114.11420167437714,112.87180452427434,73.52454049069668,89.11467130885735,91.03722010163455,91.03722010163455,129.71312625061788,126.06898165107673,132.95341915545546,8.971219232034816,15.910364359472553,15.9980884485357,8.61153253589475,108.90322972998067,107.91988300183148,93.76745915148881,106.02344759411012,133.58567994532794,124.90111871116434,96.71722907536,122.17028826594857,108.7890909253766,120.8619666581747,116.26976425577357,46.70223724348839,59.49837923141018,57.39194007175502,43.76226955916299,56.2772951742044,49.80901472273229,48.975268410247736,52.95974183297977,53.38101420280077,64.15020841508527,58.54170095297053,69.80282236006128,62.7985293221283,6.899302797320319,10.031541476149675,5.100709206316524,8.890942455888847,4.0671206268520965,8.031112256601892,8.111478803733903,18.822775487131416,8.400983808149356,125.78799120479452,128.46620372609766,121.63466522860121,120.81806345500554,103.52124471554856,105.09279862908211
67.44385835965839,80.19921538855897,77.0651377039005,75.61751537035201,115.68929256637239,118.47998267108984,116.28904927392121,1.8818031829507045,15.18189748676746,1000.0,13.072775408630038,106.47021405590004,106.47021405590004,95.61952169236869,93.53341674575456,123.47315244463226,124.12826637874625,93.02682091302857,86.7774892058548,86.73447002193515,88.69492876520815,86.7774892058548,30.85113303081692,30.075335763188605,38.61109136234884,46.99287876115211,35.84828050934221,32.179827220533184,38.61109136234884,35.55954000108324,35.551641332725396,35.55954000108324,35.55954000108324,35.551641332725396,35.551641332725396,24.073384157168416,25.408594921358578,23.916351326696372,24.073384157168416,24.073384157168416,26.16567672114072,22.725878978996594,20.556333996675836,19.425490647620766,83.96634429781338,99.8102608809449,99.8102608809449,99.68733781616835,99.93230602782783,98.68990883477649,59.34264370124077,74.93277489479277,76.85532373936265,76.85532373936265,115.53123118598671,111.88708644342837,118.77152422160964,23.153116689575594,30.092261774419896,30.179985862842315,22.79342999520798,94.72133390665614,93.73798714613915,79.58556286484138,91.84155167688367,119.4037850373985,110.71922345859419,82.53533287315072,107.98839291006499,94.60719509827896,106.68007125365239,102.0878686849308,32.520339994462866,45.31648217219578,43.21004297759867,29.580372274127235,42.09539806214717,35.62711751484771,34.793371191011026,38.77784467005689,39.199117046136664,49.968311438192,44.35980387770616,55.62092549274542,48.6166323205837,9.282594697528157,6.150356018309541,11.081188287288654,7.2909550390877635,18.24901810486565,8.150785238480344,22.293376265440006,33.004672879441365,22.58288126848021,111.60609598629748,114.2843086120452,107.45276985273787,106.63616804886074,89.33934871892424,90.91090268208693
79.51663303679862,92.2719897843178,89.13791217298689,87.69028987238694,127.76206594178392,130.5527559514947,128.3618226290959,12.19097222706798,3.109122082349489,13.072775408630038,1000.0,118.5429877298773,118.5429877298773,107.69229568764213,105.60619079906303,135.54592554968661,136.2010394602839,105.09959498024847,98.85026343883361,98.80724425601747,100.76770294847982,98.85026343883361,42.923908263629265,42.148111003732225,50.68386650856214,59.06565379491632,47.9210556883186,44.25260243971297,50.68386650856214,47.63231518336049,47.624416515092626,47.63231518336049,47.63231518336049,47.624416515092626,47.624416515092626,12.000608784298016,13.33581955515207,11.84357595307532,12.000608784298016,12.000608784298016,14.092901358936349,10.653103599911168,8.483558608660612,7.352715255477514,96.03911860182374,111.88303475599015,111.88303475599015,111.76011169480937,112.00507989929885,110.7626827424398,71.4154185335909,87.0055494122098,88.92809821326054,88.92809821326054,127.60400456671498,123.95985994482204,130.84429749196522,11.08034131240521,18.019486435569426,18.107210524563335,10.720654616421912,106.79410792706481,105.81076119380982,91.65833727517253,103.91432577637393,131.47655828587972,122.7919969978821,94.6081072124774,120.06116653649053,106.67996912186572,118.75284492109458,114.16064249259449,44.593115210069435,57.38925723002028,55.282818064542965,41.65314751951543,54.16817316399909,47.69989269635451,46.866146381934044,50.85061981422444,51.27189218510134,62.04108642731973,56.43257894890956,67.69370039027086,60.68940733029517,4.790180715521139,7.922419395338673,2.991587124168058,6.7818203746621375,6.176242708810657,5.921990175104098,10.220600884468414,20.931897560726664,10.510105888765326,123.67886949684298,126.3570820344745,119.52554349601273,118.70894171767108,101.41212288526121,102.98367680664234
40.026358852659065,27.271001198280807,30.405079073230198,31.852701486625143,10.21907979418279,13.009770327924416,10.818836592350197,107.35201712428204,120.65210946817234,106.47021405590004,118.5429877298773,1000.0,1.0,11.850693611383234,13.936798765265614,18.00294091593393,18.658054961365625,14.44339464673562,20.692726904091128,20.735746091470233,18.775287185989228,20.692726904091128,76.61908377820784,77.39488100190916,68.8591258051044,60.47733862824453,71.6219365473666,75.29038966030583,68.8591258051044,71.91067704297545,71.91857571098438,71.91067704297545,71.91067704297545,71.91857571098438,71.91857571098438,129.54359458541262,130.8788050995388,129.3865617840614,129.54359458541262,129.54359458541262,131.63588675557787,128.19608965515,126.02654506256827,124.89570191205928,23.503872028765386,7.65995397460583,7.65995397460583,7.782877053133785,7.537908814033564,8.780306144756818,48.12757370301404,32.53744199818031,30.61489304965596,30.61489304965596,10.06101839005971,6.416873116943834,13.301311924347461,128.62332728761203,135.5624710406497,135.650195111475,128.26364065904016,12.748881487627811,13.732228345021422,27.88465376113379,15.628663994498261,13.93357284038991,5.249009968859199,24.93488355634647,2.518179051450822,12.86302030736971,1.2098572246915145,5.382345909213753,74.9498769040856,62.153735186526454,64.26017433286037,77.88984446217577,65.37481921839213,71.84309953218991,72.67684581849328,68.69237250348388,68.27110014248065,57.501905988770794,63.1104134604384,51.84929194614632,58.85358509198938,114.75280760196743,111.62056937803055,116.55140091938749,112.76116823581242,123.719229572517,113.62099831021655,127.76358702021456,138.47488155129776,128.05309197067902,6.135882620233732,8.814095630970472,1.9825559238844472,1.1659540142552474,18.130867176920475,16.559313074550893
40.026358852659065,27.271001198280807,30.405079073230198,31.852701486625143,10.21907979418279,13.009770327924416,10.818836592350197,107.35201712428204,120.65210946817234,106.47021405590004,118.5429877298773,1.0,1000.0,11.850693611383234,13.936798765265614,18.00294091593393,18.658054961365625,14.44339464673562,20.692726904091128,20.735746091470233,18.775287185989228,20.692726904091128,76.61908377820784,77.39488100190916,68.8591258051044,60.47733862824453,71.6219365473666,75.29038966030583,68.8591258051044,71.91067704297545,71.91857571098438,71.91067704297545,71.91067704297545,71.91857571098438,71.91857571098438,129.54359458541262,130.8788050995388,129.3865617840614,129.54359458541262,129.54359458541262,131.63588675557787,128.19608965515,126.02654506256827,124.89570191205928,23.503872028765386,7.65995397460583,7.65995397460583,7.782877053133785,7.537908814033564,8.780306144756818,48.12757370301404,32.53744199818031,30.61489304965596,30.61489304965596,10.06101839005971,6.416873116943834,13.301311924347461,128.62332728761203,135.5624710406497,135.650195111475,128.26364065904016,12.748881487627811,13.732228345021422,27.88465376113379,15.628663994498261,13.93357284038991,5.249009968859199,24.93488355634647,2.518179051450822,12.86302030736971,1.2098572246915145,5.382345909213753,74.9498769040856,62.153735186526454,64.26017433286037,77.88984446217577,65.37481921839213,71.84309953218991,72.67684581849328,68.69237250348388,68.27110014248065,57.501905988770794,63.1104134604384,51.84929194614632,58.85358509198938,114.75280760196743,111.62056937803055,116.55140091938749,112.76116823581242,123.719229572517,113.62099831021655,127.76358702021456,138.47488155129776,128.05309197067902,6.135882620233732,8.814095630970472,1.9825559238844472,1.1659540142552474,18.130867176920475,16.559313074550893
29.175665378279614,16.42030763733717,19.554385529789887,21.00200795209759,21.06977338257272,23.860463905194198,21.669530178513273,96.50132478297027,109.80141748585349,95.61952169236869,107.69229568764213,11.850693611383234,11.850693611383234,1000.0,3.086105157240167,28.853634468487698,29.508748510217973,3.5927010396891257,9.842033314380247,9.885052501912423,7.924593589924417,9.842033314380247,65.76839077825925,66.54418801565845,58.00843267647042,49.62664537760955,60.771243462813636,64.43969663724886,58.00843267647042,61.059983963140105,61.06788263127838,61.059983963140105,61.059983963140105,61.06788263127838,61.06788263127838,118.69290286807929,120.02811342372907,118.53587006187425,118.69290286807929,118.69290286807929,120.7851951035136,117.34539789636925,115.17585323802305,114.0450100537085,12.653178450027069,5.190739640248807,5.190739640248807,5.067816561681242,5.312784800856677,4.070387469597799,37.276880304736345,21.68674846805092,19.764199507475013,19.764199507475013,20.911711979021653,17.267566717374105,24.152005500344067,117.77263554192268,124.7117795140744,124.79950358774799,117.41294890232625,1.8981878775574625,2.8815347366187742,17.03396020342426,4.777970389991929,24.78426641355298,16.099703572267195,14.08418998395075,13.368872660499497,2.012326697480583,12.060550835786158,7.468347705694729,64.09918387517797,51.30304195888123,53.4094811351024,67.03915148474353,54.524126036899986,60.99240645124856,61.82615275127763,57.84167937225071,57.4204070047122,46.65121269906772,52.25972024622895,40.99859858833808,48.00289181975888,103.90211545489123,100.76987714705689,105.7007088216091,101.91047603510243,112.86853767934065,102.7703061325382,116.91289524822834,127.6241901203286,117.20240020752694,16.98657622141139,19.664789224227537,12.833249533822155,12.016647625411167,7.2801735789259645,5.7086194722843135
27.089560238660106,14.334202485022423,17.468280379870397,18.915902803443647,23.155878529181642,25.946569048801617,23.755635324508468,94.41521984035515,107.71531260814096,93.53341674575456,105.60619079906303,13.936798765265614,13.936798765265614,3.086105157240167,1000.0,30.939739605798177,31.59485364661409,1.5065958824803993,7.755928158570507,7.798947346118803,5.838488433486461,7.755928158570507,63.68228571852794,64.4580829583206,55.922327594399995,47.540540274677504,58.68513838836307,62.353591573486,55.922327594399995,58.973878889507176,58.98177755766785,58.973878889507176,58.973878889507176,58.98177755766785,58.98177755766785,116.60679803856021,117.94200860177996,116.4497652314706,116.60679803856021,116.60679803856021,118.69909028589537,115.25929305929867,113.08974838898023,111.95890519851632,10.567073295456947,7.27684479685953,7.27684479685953,7.15392171832239,7.398889957436478,6.156492626459091,35.19077517724089,19.60064332003066,17.678094357732718,17.678094357732718,22.997817125789453,19.353671867474453,26.238110643616498,115.68653070723678,122.62567471936705,122.71339879356107,115.3268440656321,2.1879172797082433,1.2045704206306063,14.947855051541392,2.6918652329047776,26.870371556084983,18.185808723301417,11.998084830157197,15.454977813463238,2.0737784597856024,14.146655989548112,9.55445286161099,62.0130788103957,49.216936859850335,51.323376041165666,64.95304642894787,52.4380209457455,58.90630137742389,59.74004767983379,55.755574289732174,55.334301921067606,44.56510758954541,50.17361514948512,38.91249346747141,45.91678671317746,101.81601054732873,98.68377222433394,103.61460392296786,99.82437111784492,110.78243281781715,100.68420121944251,114.82679040875273,125.53808534310079,115.11629536966018,19.072681371742373,21.750894372206968,14.91935468712257,14.10275277919849,5.194068422316431,3.622514315339773
57.02929934231925,44.27394189274224,47.408019723272,48.855642114852124,8.783861135704143,5.993170599667691,8.18410433729898,124.3549554734155,137.65504718265834,123.47315244463226,135.54592554968661,18.00294091593393,18.00294091593393,28.853634468487698,30.939739605798177,1000.0,1.6551140476799628,31.446335482987546,37.69566767929616,37.73868686620217,35.778227981546635,37.69566767929616,93.62202332604387,94.39782052407462,85.86206559666151,77.48027865641973,88.62487625487003,92.29332925155632,85.86206559666151,88.91361674152094,88.92151540928437,88.91361674152094,88.91361674152094,88.92151540928437,88.92151540928437,146.54653183646195,147.88174227828193,146.38949904356804,146.54653183646195,146.54653183646195,148.63882389300758,145.1990269784527,143.029482500686,141.8986394092811,40.50681277153527,24.66289485987098,24.66289485987098,24.785817937670416,24.540849700016206,25.78324702316421,65.13051402950093,49.54038261580295,47.61783369658681,47.61783369658681,8.941922539866592,12.586067811195687,5.701629002830256,145.62626458808438,152.5654079601506,152.6531320260371,145.26657797873798,29.751822337805276,30.735169187254172,44.887594447200364,32.63160482034358,5.069368085775617,13.753930957614552,41.93782428141902,16.48476186905602,29.865961156644374,17.79308369192798,22.38528680691184,91.95281650635017,79.15667516958798,81.26311425766836,94.89278396783922,82.37775911166837,88.84603923283488,89.67978549310982,85.69531230001797,85.27403995153946,74.50484609429728,80.11335341725932,68.85223218903985,75.85652516280811,131.7557456066108,128.62350753112247,133.5543388370302,129.7641063352974,140.7221671306886,130.6239363689495,144.76652436655516,155.4778183051946,145.056029301607,12.867058307553489,10.188845298925777,17.020384995111502,17.836986902222236,35.13380797899558,33.56225389184082
57.68441336616648,44.929055926166974,48.063133754570835,49.510756145119046,9.438975182892465,6.648284647136602,8.839218384557444,125.01006940588712,138.31016108891868,124.12826637874625,136.2010394602839,18.658054961365625,18.658054961365625,29.508748510217973,31.59485364661409,1.6551140476799628,1000.0,32.10144952357156,38.35078171670172,38.393800903583816,36.4333420199899,38.35078171670172,94.27713730876458,95.05293450570365,86.51717958979873,78.13539265978201,89.27999024440338,92.94844323612544,86.51717958979873,89.56873073067099,89.57662939842389,89.56873073067099,89.56873073067099,89.57662939842389,89.57662939842389,147.20164572369072,148.53685616254816,147.04461293114338,147.20164572369072,147.20164572369072,149.29393777558192,145.85414086864353,143.6845963955874,142.5537533066093,41.161926807319425,25.318008903240397,25.318008903240397,25.440931980995515,25.19596374342941,26.43836106612126,65.78562804599,50.195496645570756,48.27294772773805,48.27294772773805,9.59703658703553,13.241181857813924,6.356743050321748,146.28137847733902,153.22052183380913,153.30824589949373,145.92169186878095,30.406936379149887,31.39028322816265,45.54270848022049,33.286718860369895,5.724482133311712,14.409045004014185,42.59293831633208,17.139875914864657,30.52107519793911,18.448197737413842,23.040400851061463,92.60793049138867,79.8117891709904,81.91822825654778,95.54789794876702,83.03287310918552,89.50115322207473,90.33489948123659,86.35042629336903,85.9291539454288,75.15996010103329,80.7684674175242,69.50734620181598,76.51163916802813,132.4108595248309,129.27862145547627,134.20945275166034,130.419220257435,141.3772810305207,131.27905028940324,145.4216382576908,156.13293217208738,145.71114319211046,13.522172354120993,10.84395934592868,17.675499040791102,18.49210094769683,35.788922017775185,34.217367931414444
26.582964360065553,13.827606603537161,16.961684498919567,18.409306922778338,23.662474408746387,26.453164927595413,24.26223120391513,93.908624008587,107.2087167919335,93.02682091302857,105.09959498024847,14.44339464673562,14.44339464673562,3.5927010396891257,1.5065958824803993,31.446335482987546,32.10144952357156,1000.0,7.249332276335657,7.292351463887214,5.3318925511279485,7.249332276335657,63.17568985878215,63.95148709914433,55.41573172934627,47.033944404684014,58.178542525118125,61.84699571278123,55.41573172934627,58.46728302645643,58.47518169462244,58.46728302645643,58.46728302645643,58.47518169462244,58.47518169462244,116.10020223392218,117.43541279896012,115.94316942662012,116.10020223392218,116.10020223392218,118.19249448411585,114.7526972528471,112.58315257965398,111.45230938771381,10.060477413480756,7.783440679092472,7.783440679092472,7.660517600564572,7.905485839660071,6.663088508769765,34.68417930146846,19.094047439508905,17.171498476821753,17.171498476821753,23.50441300539517,19.860267747944373,26.744706522324545,115.17993490135788,122.11907892309209,122.20680299741116,114.82024825927094,2.6945131621769405,1.7111663031101598,14.441259170151755,2.1852693504360374,27.376967434603703,18.692404604015724,11.491488948348021,15.96157369468728,2.5803743422561367,14.653251870985708,10.061048743640958,61.50648294944846,48.71034099077896,50.81678017329959,64.44645057013868,51.931425078538304,58.39970551432761,59.23345181730314,55.248978424572144,54.827706055640455,44.05851171799635,49.66701928095471,38.40589759325263,45.410190842322216,101.30941472396132,98.17717639733215,103.10800810173976,99.31777529215314,110.27583700549485,100.17760539474848,114.32019460172366,125.03148955102674,114.60969956301744,19.579277252272547,22.25749025212571,15.42595056843644,14.609348660642913,4.687472539925965,3.11591843289164
20.333632119265324,7.5782743332598885,10.712352233715972,12.159974660395141,29.911806638130304,32.70249714611626,30.511563431058313,87.65929231280154,100.95938528165712,86.7774892058548,98.85026343883361,20.692726904091128,20.692726904091128,9.842033314380247,7.755928158570507,37.69566767929616,38.35078171670172,7.249332276335657,1000.0,1.0430191875709858,2.9174397258037814,1.0,56.92635783276265,57.70215507977451,49.16639964160955,40.784612260073374,51.92921045835536,55.59766367557547,49.16639964160955,52.21795096194942,52.22584963017731,52.21795096194942,52.21795096194942,52.22584963017731,52.22584963017731,109.85087086205581,111.18608144887563,109.6938380522091,109.85087086205581,109.85087086205581,111.9431631464977,108.50336585926243,106.33382115165912,105.20297794205565,3.811145138973393,14.03277294908757,14.03277294908757,13.909849870733247,14.154818109480692,12.912420780266816,28.43484709155527,12.844715178564808,10.92216621200826,10.92216621200826,29.753745235361055,26.10959999033738,32.99403873964634,108.93060351463046,115.86974765147464,115.95747172729399,108.57091686676867,8.943845437546912,7.96049857909068,8.191926900756727,6.064062926330287,33.62629964928342,24.941736849989553,5.242156675207349,22.210905948272703,8.82970661770409,20.902584127839724,16.310381010028244,55.257150909417135,42.46100885673069,44.5674480530992,58.19711855505696,45.68209296592522,52.15037344929157,52.98411975884024,48.999646335604865,48.57837396358231,37.809179555638565,43.41768715311619,32.15656540070137,39.16085868786806,95.06008312821979,91.92784475827504,96.85867653151725,93.06844366870378,104.02650554165893,93.92827378319022,108.07086320122437,118.78215832981961,108.36036816714353,25.828609495544924,28.506822486557468,21.67528282338963,20.85868091760237,3.561859737087596,5.133413844071578
20.29061293187885,7.535255145710158,10.669333046191426,12.11695547288551,29.954825825288204,32.74551633319071,30.55458261819892,87.61627312895756,100.91636609904877,86.73447002193515,98.80724425601747,20.735746091470233,20.735746091470233,9.885052501912423,7.798947346118803,37.73868686620217,38.393800903583816,7.292351463887214,1.0430191875709858,1000.0,2.9604589133729093,1.0430191875709858,56.88333864674091,57.659135893796154,49.12338045518711,40.74159307328547,51.88619127206871,55.55464448948087,49.12338045518711,52.17493177567739,52.18283044390568,52.17493177567739,52.17493177567739,52.18283044390568,52.18283044390568,109.80785168037261,111.14306226733822,109.65081887050889,109.80785168037261,109.80785168037261,111.90014396504375,108.46034667743393,106.2908019696005,105.15995875987896,3.7681259514062533,14.07579213657439,14.07579213657439,13.952869058221642,14.197837296965934,12.955439967767456,28.391827904356237,12.801695991062955,10.879147024485748,10.879147024485748,29.796764422523452,26.152619177596648,33.037057926711626,108.88758433284784,115.82672847046284,115.91445254629224,108.52789768494743,8.986864625086554,8.003517766637582,8.148907713211159,6.107082113888494,33.66931883632855,24.9847560372771,5.199137487645169,22.253925135621145,8.872725805244624,20.945603315214733,16.353400197483154,55.21413172330414,42.41798967001029,44.52442886646759,58.15409936910659,45.63907377934237,52.10735426301611,52.94110057260744,48.95662714917447,48.53535477713195,37.766160368737765,43.37466796643558,32.11354621361028,39.11783950101745,95.0170639450415,91.88482557480827,96.81565734850903,93.02542448534093,103.98348635936074,93.88525459990653,108.0278440193496,118.73913914914574,108.31734898529974,25.871628682811114,28.549841673754482,21.718302010749152,20.901700104978236,3.604878924655285,5.176433031634034
22.251071836010098,9.495714057832265,12.629791957030564,14.077414382982445,27.99436692949007,30.785057441075242,28.5941237231628,89.57673186874482,102.87682478195048,88.69492876520815,100.76770294847982,18.775287185989228,18.775287185989228,7.924593589924417,5.838488433486461,35.778227981546635,36.4333420199899,5.3318925511279485,2.9174397258037814,2.9604589133729093,1000.0,2.9174397258037814,58.843797487098016,59.61959473214359,51.083839314141024,42.70205194925561,53.846650124715055,57.515103333216295,51.083839314141024,54.13539062764454,54.1432892958542,54.13539062764454,54.13539062764454,54.1432892958542,54.1432892958542,111.76831032072987,113.10352090099384,111.61127751164895,111.76831032072987,111.76831032072987,113.8606025948632,110.42080532447164,108.25126062721924,107.12041742292742,5.728584864484344,12.115333226472307,12.115333226472307,11.992410148053002,12.237378386930605,10.994981057083859,30.35228679959589,14.762154900775874,12.839605935223174,12.839605935223174,27.836305526527184,24.192160277342992,31.07659903500103,110.84804297777644,117.78718707996411,117.87491115533152,110.48835633165223,7.026405712797124,6.043058854059768,10.109366625116943,4.146623200877388,31.708859945509072,23.0242971357851,7.159596400435462,20.293466231472355,6.9122668929194875,18.98514440991171,14.392941288737187,57.17459056789243,44.37844854283204,46.48488773515263,60.11455820615756,47.599532645757,54.06781311514257,54.90155942275396,50.91708600849798,50.495813637383606,39.72661924998223,45.33512683740351,34.074005103769935,41.07829837991563,96.97752265417317,93.84528429721988,98.77611604981237,94.9858832029686,105.94394502799584,95.84571331388857,109.9883026685139,120.6995977431198,110.27780763304149,23.911169782253918,26.589382776234423,19.757843106118536,18.941241199637812,1.644420011320173,3.215974118469499
