0.0,3.4180940878728676,6.3761692043478675,7.392968518395099,6.3761692043478675,6.799346376544301,6.799346376544301,2.06851654514746,5.5653306214387275,4.819250645439499,4.751159764944379,2.179212137222541,11.037946426243725,31.33848950761497,31.75722417339122,32.53619447957965,31.48057483556802,27.08400639340912,26.263311470205227,26.263311470205227,5.508517974293634,7.826178075107813,36.27027665348187,32.15046934102449,32.050172803056455,32.050172803056455,32.050172803056455,32.050172803056455,32.050172803056455,30.42873250188303,1.4774468865769839,2.016301705390211,8.909005086121216,10.266740636469336,8.670881935651765,8.909005086121216,8.909005086121216,9.071931929693593,6.356535183873988,4.497594934814107,6.882895979539952,7.3800182267093755,4.19682732663791,37.48980056084067,33.46938249032114,35.28731775083096,32.56670154430434,36.89633521852567,36.557811518312946,36.942307702007064,11.900236648198973,10.83908646351886,33.331472130806034,33.966697912863225,27.451734399144293,29.173396343780094,28.19137512204282,28.734619162790654,27.8361794269359,33.00550329485224
3.4180940878728676,0.0,8.794263286987238,9.811062599233594,8.794263286987238,9.217440458465498,9.217440458465498,4.486610632554809,7.983424705329389,7.237344730336614,7.169253849926428,4.59730622456536,13.45604049850875,33.75658347171481,34.175318134184614,34.954288434106736,33.89866879855078,29.502100388643587,28.68140547092995,28.68140547092995,7.926612058265818,10.244272155100722,38.68837057588815,34.56856329867323,34.46826676151089,34.46826676151089,34.46826676151089,34.46826676151089,34.46826676151089,32.84682647301706,3.8955409742770946,4.434395792826937,11.327099163795936,12.68483471082444,11.088976013861343,11.327099163795936,11.327099163795936,11.490026006994215,8.774629266545597,6.91568902010228,9.300990061314076,9.798112307572428,6.614921412268382,39.90789447201046,35.887476437143825,37.70541168202676,34.98479549858297,39.31442913520941,38.975905438103,39.36040161826677,14.318330717951689,13.257180536337,35.74956607878087,36.384791855492146,29.86982839186462,31.591490324284102,30.609469109604827,31.15271314647775,30.254273416991975,35.423597245531624
6.3761692043478675,8.794263286987238,0.0,2.0167993158504753,1.0,1.4231771728772766,1.4231771728772766,5.307652660478013,1.810838583936237,2.5569185605583726,2.625009441094966,5.196957068499038,5.661777234871717,25.962320512791013,26.381055185012215,27.16002550344666,26.104405842920173,21.707837338571267,20.887142404937055,20.887142404937055,1.867651231139626,2.4500088735055856,30.894107740681715,26.77430035878591,26.674003819243712,26.674003819243712,26.674003819243712,26.674003819243712,26.674003819243712,25.05256349338886,5.898722318420132,5.3598675001875655,3.5328358873294707,4.890571442119571,3.2947127361862396,3.5328358873294707,3.5328358873294707,3.695762731380962,1.019634020503057,2.8785742713570457,1.5067267760190861,2.00384902413818,3.179341879643332,32.11363167038327,28.09321352929772,29.911148820616383,27.190532568657737,31.520166317093494,31.18164261070713,31.566138801418127,6.524067460546355,5.462917271347509,27.95530316751953,28.590528960087486,22.075565349100284,23.79722731717054,22.81520608186653,23.358450130053747,22.46001038198327,27.62933432625817
7.392968518395099,9.811062599233594,2.0167993158504753,0.0,2.0167993158504753,1.5936221429863697,1.5936221429863697,6.324451975125274,2.827637899709001,3.5737178761987023,3.6418087567203,6.213756383201605,4.644977919911751,24.94552122819526,25.364255901494957,26.14322622198422,25.087606558688325,20.691038044052046,19.87034310872041,19.87034310872041,2.88445054690436,1.433209557688043,29.877308469945007,25.757501076298084,25.657204536491804,25.657204536491804,25.657204536491804,25.657204536491804,25.657204536491804,24.035764206512795,6.9155216327503,6.376666814808292,2.516036571680281,3.8737721268550933,2.277913420489487,2.516036571680281,2.516036571680281,2.6789634157677384,2.0364333363524647,3.89537358692226,1.5100725398449406,1.012950291712976,4.196141195128485,31.096832403463207,27.076414250379965,28.89434954691576,26.173733287277052,30.50336704829683,30.164843340856383,30.549339532765533,5.507268146000617,4.446117956303064,26.93850388822,27.573729682562814,21.058766055364387,22.78042802728935,21.79840678974884,22.341650839160852,21.44321108908136,26.612535046064163
6.3761692043478675,8.794263286987238,1.0,2.0167993158504753,0.0,1.4231771728772766,1.4231771728772766,5.307652660478013,1.810838583936237,2.5569185605583726,2.625009441094966,5.196957068499038,5.661777234871717,25.962320512791013,26.381055185012215,27.16002550344666,26.104405842920173,21.707837338571267,20.887142404937055,20.887142404937055,1.867651231139626,2.4500088735055856,30.894107740681715,26.77430035878591,26.674003819243712,26.674003819243712,26.674003819243712,26.674003819243712,26.674003819243712,25.05256349338886,5.898722318420132,5.3598675001875655,3.5328358873294707,4.890571442119571,3.2947127361862396,3.5328358873294707,3.5328358873294707,3.695762731380962,1.019634020503057,2.8785742713570457,1.5067267760190861,2.00384902413818,3.179341879643332,32.11363167038327,28.09321352929772,29.911148820616383,27.190532568657737,31.520166317093494,31.18164261070713,31.566138801418127,6.524067460546355,5.462917271347509,27.95530316751953,28.590528960087486,22.075565349100284,23.79722731717054,22.81520608186653,23.358450130053747,22.46001038198327,27.62933432625817
6.799346376544301,9.217440458465498,1.4231771728772766,1.5936221429863697,1.4231771728772766,0.0,1.0,5.730829832910328,2.234015756791675,2.9800957333683575,3.048186613899592,5.620134240952938,5.238600062425445,25.539143353244857,25.957878025920333,26.736848345220057,25.681228683527305,21.284660174839996,20.463965240488704,20.463965240488704,2.290828403992458,2.0268317006607983,30.470930586967377,26.35112320012756,26.250826660474154,26.250826660474154,26.250826660474154,26.250826660474154,26.250826660474154,24.629386332881886,6.321899490728134,5.783044672609515,3.109658714568776,4.467394269536576,2.8715355634026656,3.109658714568776,3.109658714568776,3.2725855586373456,1.4428111933801437,3.3017514441399345,1.0835496031427334,1.5806718512736238,3.602519052396797,31.690454518273157,27.670036372142263,29.487971665655774,26.767355410465548,31.09698916419468,30.758465457365237,31.14296164857987,6.100890288283648,5.039740098863502,27.5321260102034,28.16735180351825,21.65238818569978,23.374050155396606,22.392028919149084,22.935272967853084,22.036833218934845,27.206157168565547
6.799346376544301,9.217440458465498,1.4231771728772766,1.5936221429863697,1.4231771728772766,1.0,0.0,5.730829832910328,2.234015756791675,2.9800957333683575,3.048186613899592,5.620134240952938,5.238600062425445,25.539143353244857,25.957878025920333,26.736848345220057,25.681228683527305,21.284660174839996,20.463965240488704,20.463965240488704,2.290828403992458,2.0268317006607983,30.470930586967377,26.35112320012756,26.250826660474154,26.250826660474154,26.250826660474154,26.250826660474154,26.250826660474154,24.629386332881886,6.321899490728134,5.783044672609515,3.109658714568776,4.467394269536576,2.8715355634026656,3.109658714568776,3.109658714568776,3.2725855586373456,1.4428111933801437,3.3017514441399345,1.0835496031427334,1.5806718512736238,3.602519052396797,31.690454518273157,27.670036372142263,29.487971665655774,26.767355410465548,31.09698916419468,30.758465457365237,31.14296164857987,6.100890288283648,5.039740098863502,27.5321260102034,28.16735180351825,21.65238818569978,23.374050155396606,22.392028919149084,22.935272967853084,22.036833218934845,27.206157168565547
2.06851654514746,4.486610632554809,5.307652660478013,6.324451975125274,5.307652660478013,5.730829832910328,5.730829832910328,0.0,4.496814077172047,3.7507341008717154,3.68264322035217,1.1106955920822856,9.969429886060663,30.269973011320204,30.688707678476888,31.467677987284343,30.412058339739524,26.015489884175516,25.194794958703554,25.194794958703554,4.440001430001866,6.757661532128238,35.20176017466138,31.081952847424024,30.9816563091193,30.9816563091193,30.9816563091193,30.9816563091193,30.9816563091193,29.3602160026551,1.5910696585860533,1.0522148397601778,7.840488543957551,9.198224095511176,7.602365393297599,7.840488543957551,7.840488543957551,8.003415387663871,5.288018639993668,3.4290783901354445,5.8143794359548835,6.3115016834311914,3.128310781865892,36.42128408675061,32.400866001250634,34.218801268315744,31.498185052112945,35.82781874211335,35.48929504059315,35.87379122577326,10.831720108960063,9.770569923129672,32.26295564125297,32.89818142555012,26.383217890950856,28.104879840653403,27.122858615986363,27.666102658341877,26.767662919845733,31.93698680416683
5.5653306214387275,7.983424705329389,1.810838583936237,2.827637899709001,1.810838583936237,2.234015756791675,2.234015756791675,4.496814077172047,0.0,1.746079976670724,1.814170857214071,4.38611848515743,6.472615817741539,26.77315906989563,27.191893741224796,27.970864057961105,26.915244399723726,22.518675903914428,21.697980971696534,21.697980971696534,1.0568126472054509,3.260847457304742,31.70494628635762,27.585138914147507,27.48484237482357,27.48484237482357,27.48484237482357,27.48484237482357,27.48484237482357,25.86340205238142,5.087883735321857,4.549028916898769,4.343674470911617,5.701410025291166,4.105551319824515,4.343674470911617,4.343674470911617,4.506601314921975,1.7912045634338298,2.0677356875047135,2.3175653599274026,2.8146876079982404,2.3685032958318564,32.9244702129224,28.904052081711605,30.721987368730957,28.001371123104647,32.33100486117448,31.99248115565455,32.376977345380716,7.334906043019954,6.273755854299899,28.766141720248392,29.40136751135246,22.886403913790684,24.608065878655456,23.626044645209976,24.169288692378966,23.27084894597923,28.440172879725246
4.819250645439499,7.237344730336614,2.5569185605583726,3.5737178761987023,2.5569185605583726,2.9800957333683575,2.9800957333683575,3.7507341008717154,1.746079976670724,0.0,1.068090880545481,3.640038508830936,7.218695793103079,27.519239020333245,27.93797369081653,28.716944005943652,27.66132434987582,23.264755862187556,22.444060931322042,22.444060931322042,1.6892673294667802,4.006927433713855,32.451026225983775,28.33121886293267,28.230922323815562,28.230922323815562,28.230922323815562,28.230922323815562,28.230922323815562,26.609482004610722,4.3418037591772105,3.802948940611107,5.089754447056166,6.44749000097659,4.851631296034977,5.089754447056166,5.089754447056166,5.252681291018911,2.5372845400577395,1.3216557108472107,3.063645336493482,3.5607675844901276,1.622423319193925,33.67055014958923,29.65013202770544,31.46806731065991,28.747451071023235,33.07708479929558,32.73856109459318,33.123057283390125,8.080986017965245,7.019835829749326,29.5122216665403,30.147447456259336,23.632483871441153,25.354145833253277,24.37212460157675,24.915368647776273,24.016928902967685,29.186252826715954
4.751159764944379,7.169253849926428,2.625009441094966,3.6418087567203,2.625009441094966,3.048186613899592,3.048186613899592,3.68264322035217,1.814170857214071,1.068090880545481,0.0,3.571947628309319,7.2867866735112905,27.58732989840871,28.006064568813592,28.785034883791624,27.729415227924815,23.3328467409903,22.512151810250558,22.512151810250558,1.7573582100104272,4.075018314226859,32.51911710305843,28.399309740854992,28.29901320175706,28.29901320175706,28.29901320175706,28.29901320175706,28.29901320175706,26.677572882852306,4.2737128786701835,3.7348580600925683,5.157845327541927,6.515580881416565,4.919722176527435,5.157845327541927,5.157845327541927,5.32077217149986,2.6053754205945507,1.2535648303020164,3.13173621702351,3.6288584650119624,1.5543324386496564,33.73864102639032,29.718222905369245,31.536158187947535,28.815541948865285,33.14517567623108,32.80665197160425,33.191148160315294,8.149076898333,7.087926710166127,29.58031254423171,30.215538333822522,23.700574750186014,25.422236711714614,24.440215480202337,24.983459526311833,24.08501978165103,29.254343704472067
2.179212137222541,4.59730622456536,5.196957068499038,6.213756383201605,5.196957068499038,5.620134240952938,5.620134240952938,1.1106955920822856,4.38611848515743,3.640038508830936,3.571947628309319,0.0,9.858734294432198,30.15927742410158,30.578012091398456,31.356982400471978,30.301362752568245,25.904794295645146,25.084099369943747,25.084099369943747,4.329305837985034,6.646965940231718,35.09106458921979,30.971257260479046,30.870960722140115,30.870960722140115,30.870960722140115,30.870960722140115,30.870960722140115,29.24952041513874,1.701765250665967,1.1629104318424148,7.729792952138256,9.087528503807611,7.491669801460174,7.729792952138256,7.729792952138256,7.892719795857355,5.1773230480137435,3.3183827980853478,5.703683844001997,6.200806091506745,3.017615189808151,36.31058850179085,32.29017041476605,34.10810568249802,31.387489465311145,35.71712315691702,35.378599455263654,35.76309564059511,10.721024517423597,9.659874331481195,32.15226005471932,32.78748583924426,26.27252230252577,27.994184252741608,27.01216302777767,27.555407070296074,26.656967331532346,31.826291217518083
11.037946426243725,13.45604049850875,5.661777234871717,4.644977919911751,5.661777234871717,5.238600062425445,5.238600062425445,9.969429886060663,6.472615817741539,7.218695793103079,7.2867866735112905,9.858734294432198,0.0,21.300543399352684,21.71927807615178,22.498248403324865,21.442628731025838,17.04606018336231,16.225365242664594,16.225365242664594,6.529428464858354,4.211768362485059,26.23233068646448,22.112523254300815,22.012226713635688,22.012226713635688,22.012226713635688,22.012226713635688,22.012226713635688,20.390786370292606,10.560499542031325,10.021644725602833,3.128941348837651,1.771205793472842,3.3670644999904003,3.128941348837651,3.128941348837651,2.9660145047639515,5.681411255352686,7.540351503275662,5.155050459358552,4.657928211615829,7.84111911093148,27.451854632596433,23.431436440025383,25.24937175367122,22.528755468884057,26.858389271222606,26.51986556030002,26.904361756167482,1.862290226818575,1.1988599637373685,23.293526076617674,23.92875187676655,17.413788197160613,19.135450181395942,18.153428936698162,18.69667299002504,17.798233233530542,22.967557231540795
31.33848950761497,33.75658347171481,25.962320512791013,24.94552122819526,25.962320512791013,25.539143353244857,25.539143353244857,30.269973011320204,26.77315906989563,27.519239020333245,27.58732989840871,30.15927742410158,21.300543399352684,0.0,1.418734685826863,2.19770503076274,1.1420853346956543,5.254483287064159,6.075178237143121,6.075178237143121,26.829971715155548,24.512311683047816,5.931787416533954,1.8119798727855922,1.7116833298430676,1.7116833298430676,1.7116833298430676,1.7116833298430676,1.7116833298430676,1.9097570474192112,30.861042643309187,30.322187848773343,23.429484698375177,22.07174917587499,23.667607843366568,23.429484698375177,23.429484698375177,23.266557858448802,25.98195453266436,27.840894719400687,25.45559375268057,24.95847151952622,28.141662316476403,7.151311402448034,3.1308930904008263,4.948828453919506,2.2282120970432127,6.5578460213297225,6.219322299471456,6.603818507778014,20.438253190014198,21.499403358838244,2.9929827234895106,3.628208540104026,4.886755268608013,3.1650932588260616,4.147114518850312,3.6038704572926927,4.502310227067872,2.667013870288281
31.75722417339122,34.175318134184614,26.381055185012215,25.364255901494957,26.381055185012215,25.957878025920333,25.957878025920333,30.688707678476888,27.191893741224796,27.93797369081653,28.006064568813592,30.578012091398456,21.71927807615178,1.418734685826863,0.0,1.7789703449558534,1.2766493511320507,5.673217972465052,6.493912922372552,6.493912922372552,27.24870638642114,24.931046356793445,5.513052731183459,1.3932451869655662,1.2929486440206688,1.2929486440206688,1.2929486440206688,1.2929486440206688,1.2929486440206688,2.32849173322019,31.279777309708365,30.740922515863726,23.8482193732,22.49048385198149,24.086342517958407,23.8482193732,23.8482193732,23.685292533431625,26.400689204864296,28.25962938951187,25.87432842544482,25.377206192812455,28.56039698623559,6.732576717375787,2.712158404652074,4.5300937683910245,1.809477411237637,6.139111336114129,5.800587614180838,6.185083822572986,20.85698786755732,21.918138035461208,2.574248037729819,3.2094738544014794,5.3054899540763625,3.5838279445330983,4.565849204436775,4.0226051429509635,4.921044912600539,2.2482791845059706
32.53619447957965,34.954288434106736,27.16002550344666,26.14322622198422,27.16002550344666,26.736848345220057,26.736848345220057,31.467677987284343,27.970864057961105,28.716944005943652,28.785034883791624,31.356982400471978,22.498248403324865,2.19770503076274,1.7789703449558534,0.0,2.055619696076272,6.45218831640553,7.272883265954904,7.272883265954904,28.027676703036498,25.710016678132945,4.734082386898487,1.3857251579963288,1.4860217009408556,1.4860217009408556,1.4860217009408556,1.4860217009408556,1.4860217009408556,3.1074620780645126,32.05874761707841,31.519892824545327,24.627189696598776,23.26945417782936,24.865312840912406,24.627189696598776,24.627189696598776,24.46426285713211,27.179659523258252,29.038599703931414,26.65329874491368,26.15617651327608,29.339367299985994,5.953606373550257,1.9331880597598472,3.7511234238218365,1.030507066282767,5.360140992050242,5.021617269993534,5.406113478526564,21.635958196155645,22.69710836229714,1.7952776928238223,2.430503509571484,6.084460298159868,4.362798289142772,5.344819548775293,4.8015754874489875,5.700015256822041,1.4693088395734475
31.48057483556802,33.89866879855078,26.104405842920173,25.087606558688325,26.104405842920173,25.681228683527305,25.681228683527305,30.412058339739524,26.915244399723726,27.66132434987582,27.729415227924815,30.301362752568245,21.442628731025838,1.1420853346956543,1.2766493511320507,2.055619696076272,0.0,5.396568621623825,6.2172635716462565,6.2172635716462565,26.972057044962188,24.654397013691323,5.789702082009856,1.66989453809389,1.569597995150359,1.569597995150359,1.569597995150359,1.569597995150359,1.569597995150359,2.0518423821079113,31.003127971472654,30.464273177170266,23.5715700293827,22.213834507314687,23.809693174295518,23.5715700293827,23.5715700293827,23.408643189509608,26.124039862786336,27.982980048817645,25.597679082992965,25.100556850014737,28.283747645774525,7.009226068020801,2.9888077557359605,4.806743119333038,2.0861267623572504,6.415760686852658,6.077236964968252,6.461733173304626,20.580338521938085,21.641488690452032,2.8508973888206546,3.486123205455838,5.02884060318983,3.3071785934854083,4.28919985347072,3.7459557919363746,4.6443955616707395,2.524928535611095
27.08400639340912,29.502100388643587,21.707837338571267,20.691038044052046,21.707837338571267,21.284660174839996,21.284660174839996,26.015489884175516,22.518675903914428,23.264755862187556,23.3328467409903,25.904794295645146,17.04606018336231,5.254483287064159,5.673217972465052,6.45218831640553,5.396568621623825,0.0,1.8206949509862076,1.8206949509862076,22.575488549762408,20.257828494814486,10.186270693741053,6.066463158954273,5.966166616137888,5.966166616137888,5.966166616137888,5.966166616137888,5.966166616137888,4.34472624030743,26.60655952325984,26.067704722249275,19.175001500278402,17.81726596613708,19.413124647394742,19.175001500278402,19.175001500278402,19.012074658912432,21.7274713586407,23.5864115647085,21.201110573458706,20.703988335506537,23.887179165054548,11.405794675587448,7.385376374503643,9.203311733934964,6.482695382641649,10.812329296529317,10.473805575777693,10.858301782823483,16.183769967341497,17.24492014443517,7.247466007843761,7.882691823231468,1.3677280187674226,3.0893900292231193,2.107368768972778,2.65061283070738,1.7521730605699908,6.921497155203947
26.263311470205227,28.68140547092995,20.887142404937055,19.87034310872041,20.887142404937055,20.463965240488704,20.463965240488704,25.194794958703554,21.697980971696534,22.444060931322042,22.512151810250558,25.084099369943747,16.225365242664594,6.075178237143121,6.493912922372552,7.272883265954904,6.2172635716462565,1.8206949509862076,0.0,1.0,21.754793617645838,19.437133558786233,11.006965640866902,6.887158108687347,6.78686156591668,6.78686156591668,6.78686156591668,6.78686156591668,6.78686156591668,5.165421190708186,25.785864599030532,25.247009796885894,18.35430656257839,16.996571026481007,18.592429710053857,18.35430656257839,18.35430656257839,18.191379720969465,20.906776425040118,22.76571663444058,20.38041563896763,19.88329340019597,23.066484235353336,12.226489621668577,8.206071323556959,10.024006681812155,7.303390332175962,11.633024243134411,11.29450052266845,11.678996729389041,15.363075025538626,16.42422520400124,8.068160956974987,8.70338677199058,2.18842296973526,3.910084979953788,2.928063719869244,3.471307781522142,2.5728680115064693,7.7421921045129825
26.263311470205227,28.68140547092995,20.887142404937055,19.87034310872041,20.887142404937055,20.463965240488704,20.463965240488704,25.194794958703554,21.697980971696534,22.444060931322042,22.512151810250558,25.084099369943747,16.225365242664594,6.075178237143121,6.493912922372552,7.272883265954904,6.2172635716462565,1.8206949509862076,1.0,0.0,21.754793617645838,19.437133558786233,11.006965640866902,6.887158108687347,6.78686156591668,6.78686156591668,6.78686156591668,6.78686156591668,6.78686156591668,5.165421190708186,25.785864599030532,25.247009796885894,18.35430656257839,16.996571026481007,18.592429710053857,18.35430656257839,18.35430656257839,18.191379720969465,20.906776425040118,22.76571663444058,20.38041563896763,19.88329340019597,23.066484235353336,12.226489621668577,8.206071323556959,10.024006681812155,7.303390332175962,11.633024243134411,11.29450052266845,11.678996729389041,15.363075025538626,16.42422520400124,8.068160956974987,8.70338677199058,2.18842296973526,3.910084979953788,2.928063719869244,3.471307781522142,2.5728680115064693,7.7421921045129825
5.508517974293634,7.926612058265818,1.867651231139626,2.88445054690436,1.867651231139626,2.290828403992458,2.290828403992458,4.440001430001866,1.0568126472054509,1.6892673294667802,1.7573582100104272,4.329305837985034,6.529428464858354,26.829971715155548,27.24870638642114,28.027676703036498,26.972057044962188,22.575488549762408,21.754793617645838,21.754793617645838,0.0,3.3176601044948395,31.761758930804238,27.641951559283235,27.541655019974836,27.541655019974836,27.541655019974836,27.541655019974836,27.541655019974836,25.920214697775933,5.031071088164726,4.492216269729658,4.400487118083756,5.758222672431087,4.162363967001191,4.400487118083756,4.400487118083756,4.563413962090817,1.8480172106373143,2.0109230403024263,2.3743780071275467,2.871500255193739,2.311690648631668,32.98128285714613,28.96086472663744,30.77880001335093,28.058183768175226,32.38781750550774,32.049293800049384,32.43378998970557,7.391718690106816,6.330568501423004,28.822954365196644,29.45818015619653,22.943216559591992,24.664878524227788,23.68285729091503,24.22610133801129,23.32766159173091,28.49698552472606
7.826178075107813,10.244272155100722,2.4500088735055856,1.433209557688043,2.4500088735055856,2.0268317006607983,2.0268317006607983,6.757661532128238,3.260847457304742,4.006927433713855,4.075018314226859,6.646965940231718,4.211768362485059,24.512311683047816,24.931046356793445,25.710016678132945,24.654397013691323,20.257828494814486,19.437133558786233,19.437133558786233,3.3176601044948395,0.0,29.44409893054251,25.32429153202244,25.223994992106885,25.223994992106885,25.223994992106885,25.223994992106885,25.223994992106885,23.602554660423277,7.348731189599021,6.8098763717982616,2.082827014028895,3.44056256932364,1.8447038628255488,2.082827014028895,2.082827014028895,2.245753858126399,2.469642894006485,4.328583144394992,1.9432820975222374,1.44615984940089,4.629350752557366,30.663622865647316,26.64320470758262,28.461140006282317,25.740523743459615,30.07015750970062,29.731633801822046,30.11612999422921,5.074058588722478,4.012908398846818,26.505294345264485,27.140520140342893,20.625556506448643,22.347218479960155,21.36519724149859,21.908441291414835,21.010001540508494,26.1793255027381
36.27027665348187,38.68837057588815,30.894107740681715,29.877308469945007,30.894107740681715,30.470930586967377,30.470930586967377,35.20176017466138,31.70494628635762,32.451026225983775,32.51911710305843,35.09106458921979,26.23233068646448,5.931787416533954,5.513052731183459,4.734082386898487,5.789702082009856,10.186270693741053,11.006965640866902,11.006965640866902,31.761758930804238,29.44409893054251,0.0,5.119807544591573,5.220104087447944,5.220104087447944,5.220104087447944,5.220104087447944,5.220104087447944,6.841544462613331,35.792829797056044,35.25397501127413,28.361271959812306,27.003536453952183,28.599395101788758,28.361271959812306,28.361271959812306,28.19834512193218,30.913741760282278,32.7726819203027,30.387380987543718,29.890258761102753,33.073449512890605,2.219523987803861,3.800894327637336,1.982958963592505,4.703575320637279,1.6260586056723745,1.2875348833155995,1.6720310921928145,25.37004048686995,26.431190643649323,3.9388046945205946,3.3035788779556956,9.818542676497717,8.096880671485625,9.078901928972583,8.535657868878742,9.434097636152483,4.264773547617391
32.15046934102449,34.56856329867323,26.77430035878591,25.757501076298084,26.77430035878591,26.35112320012756,26.35112320012756,31.081952847424024,27.585138914147507,28.33121886293267,28.399309740854992,30.971257260479046,22.112523254300815,1.8119798727855922,1.3932451869655662,1.3857251579963288,1.66989453809389,6.066463158954273,6.887158108687347,6.887158108687347,27.641951559283235,25.32429153202244,5.119807544591573,0.0,1.1002965429454883,1.1002965429454883,1.1002965429454883,1.1002965429454883,1.1002965429454883,2.7217369201397554,31.673022477934435,31.13416768474773,24.241464549460172,22.883729029467506,24.479587693995892,24.241464549460172,24.241464549460172,24.07853770984284,26.793934378617696,28.652874561273293,26.26757359973678,25.770451367602746,28.953642157661548,6.339331531025298,2.3189132177319074,4.136848581648035,1.4162322242788452,5.745866149638709,5.4073424276404864,5.791838636106738,21.25023304641917,22.31138321344159,2.1810028508016313,2.8162286675165857,5.698735140634936,3.9770731313439422,4.959094391118349,4.415850329708848,5.314290099225795,1.8550339975618635
32.050172803056455,34.46826676151089,26.674003819243712,25.657204536491804,26.674003819243712,26.250826660474154,26.250826660474154,30.9816563091193,27.48484237482357,28.230922323815562,28.29901320175706,30.870960722140115,22.012226713635688,1.7116833298430676,1.2929486440206688,1.4860217009408556,1.569597995150359,5.966166616137888,6.78686156591668,6.78686156591668,27.541655019974836,25.223994992106885,5.220104087447944,1.1002965429454883,0.0,1.0,1.0,1.0,1.0,2.621440377208587,31.57272593981451,31.033871146459187,24.141168009279998,22.78343248897264,24.379291153872867,24.141168009279998,24.141168009279998,23.978241169623896,26.6936378390807,28.552578022247143,26.16727706006163,25.670154827799752,28.85334561872142,6.4396280738219325,2.4192097606677976,4.237145124541469,1.5165287672232308,5.846162692466316,5.507638970484146,5.892135178932075,21.149936505570945,22.21108667281977,2.281299393739361,2.916525210444227,5.5984385978003095,3.8767765884423886,4.858797848251239,4.31555378682146,5.213993556373584,1.9553305405031631
32.050172803056455,34.46826676151089,26.674003819243712,25.657204536491804,26.674003819243712,26.250826660474154,26.250826660474154,30.9816563091193,27.48484237482357,28.230922323815562,28.29901320175706,30.870960722140115,22.012226713635688,1.7116833298430676,1.2929486440206688,1.4860217009408556,1.569597995150359,5.966166616137888,6.78686156591668,6.78686156591668,27.541655019974836,25.223994992106885,5.220104087447944,1.1002965429454883,1.0,0.0,1.0,1.0,1.0,2.621440377208587,31.57272593981451,31.033871146459187,24.141168009279998,22.78343248897264,24.379291153872867,24.141168009279998,24.141168009279998,23.978241169623896,26.6936378390807,28.552578022247143,26.16727706006163,25.670154827799752,28.85334561872142,6.4396280738219325,2.4192097606677976,4.237145124541469,1.5165287672232308,5.846162692466316,5.507638970484146,5.892135178932075,21.149936505570945,22.21108667281977,2.281299393739361,2.916525210444227,5.5984385978003095,3.8767765884423886,4.858797848251239,4.31555378682146,5.213993556373584,1.9553305405031631
32.050172803056455,34.46826676151089,26.674003819243712,25.657204536491804,26.674003819243712,26.250826660474154,26.250826660474154,30.9816563091193,27.48484237482357,28.230922323815562,28.29901320175706,30.870960722140115,22.012226713635688,1.7116833298430676,1.2929486440206688,1.4860217009408556,1.569597995150359,5.966166616137888,6.78686156591668,6.78686156591668,27.541655019974836,25.223994992106885,5.220104087447944,1.1002965429454883,1.0,1.0,0.0,1.0,1.0,2.621440377208587,31.57272593981451,31.033871146459187,24.141168009279998,22.78343248897264,24.379291153872867,24.141168009279998,24.141168009279998,23.978241169623896,26.6936378390807,28.552578022247143,26.16727706006163,25.670154827799752,28.85334561872142,6.4396280738219325,2.4192097606677976,4.237145124541469,1.5165287672232308,5.846162692466316,5.507638970484146,5.892135178932075,21.149936505570945,22.21108667281977,2.281299393739361,2.916525210444227,5.5984385978003095,3.8767765884423886,4.858797848251239,4.31555378682146,5.213993556373584,1.9553305405031631
32.050172803056455,34.46826676151089,26.674003819243712,25.657204536491804,26.674003819243712,26.250826660474154,26.250826660474154,30.9816563091193,27.48484237482357,28.230922323815562,28.29901320175706,30.870960722140115,22.012226713635688,1.7116833298430676,1.2929486440206688,1.4860217009408556,1.569597995150359,5.966166616137888,6.78686156591668,6.78686156591668,27.541655019974836,25.223994992106885,5.220104087447944,1.1002965429454883,1.0,1.0,1.0,0.0,1.0,2.621440377208587,31.57272593981451,31.033871146459187,24.141168009279998,22.78343248897264,24.379291153872867,24.141168009279998,24.141168009279998,23.978241169623896,26.6936378390807,28.552578022247143,26.16727706006163,25.670154827799752,28.85334561872142,6.4396280738219325,2.4192097606677976,4.237145124541469,1.5165287672232308,5.846162692466316,5.507638970484146,5.892135178932075,21.149936505570945,22.21108667281977,2.281299393739361,2.916525210444227,5.5984385978003095,3.8767765884423886,4.858797848251239,4.31555378682146,5.213993556373584,1.9553305405031631
32.050172803056455,34.46826676151089,26.674003819243712,25.657204536491804,26.674003819243712,26.250826660474154,26.250826660474154,30.9816563091193,27.48484237482357,28.230922323815562,28.29901320175706,30.870960722140115,22.012226713635688,1.7116833298430676,1.2929486440206688,1.4860217009408556,1.569597995150359,5.966166616137888,6.78686156591668,6.78686156591668,27.541655019974836,25.223994992106885,5.220104087447944,1.1002965429454883,1.0,1.0,1.0,1.0,0.0,2.621440377208587,31.57272593981451,31.033871146459187,24.141168009279998,22.78343248897264,24.379291153872867,24.141168009279998,24.141168009279998,23.978241169623896,26.6936378390807,28.552578022247143,26.16727706006163,25.670154827799752,28.85334561872142,6.4396280738219325,2.4192097606677976,4.237145124541469,1.5165287672232308,5.846162692466316,5.507638970484146,5.892135178932075,21.149936505570945,22.21108667281977,2.281299393739361,2.916525210444227,5.5984385978003095,3.8767765884423886,4.858797848251239,4.31555378682146,5.213993556373584,1.9553305405031631
30.42873250188303,32.84682647301706,25.05256349338886,24.035764206512795,25.05256349338886,24.629386332881886,24.629386332881886,29.3602160026551,25.86340205238142,26.609482004610722,26.677572882852306,29.24952041513874,20.390786370292606,1.9097570474192112,2.32849173322019,3.1074620780645126,2.0518423821079113,4.34472624030743,5.165421190708186,5.165421190708186,25.920214697775933,23.602554660423277,6.841544462613331,2.7217369201397554,2.621440377208587,2.621440377208587,2.621440377208587,2.621440377208587,2.621440377208587,0.0,29.951285636253353,29.412430840249083,22.519727673472882,21.161992148272,22.757850818955745,22.519727673472882,22.519727673472882,22.356800833213303,25.0721975133072,26.931137704466728,24.54583673212988,24.048714497872183,27.231905302288588,8.061068447847497,4.040650137518609,5.858585500446348,3.137969144340251,7.467603067077311,7.129079345402971,7.513575553499803,19.52849615939094,20.589646330148557,3.902739770639584,4.537965587090679,3.9769982217274626,2.2553362115333533,3.2373574717588647,2.69411341007881,3.5925531800713415,3.576770917507647
1.4774468865769839,3.8955409742770946,5.898722318420132,6.9155216327503,5.898722318420132,6.321899490728134,6.321899490728134,1.5910696585860533,5.087883735321857,4.3418037591772105,4.2737128786701835,1.701765250665967,10.560499542031325,30.861042643309187,31.279777309708365,32.05874761707841,31.003127971472654,26.60655952325984,25.785864599030532,25.785864599030532,5.031071088164726,7.348731189599021,35.792829797056044,31.673022477934435,31.57272593981451,31.57272593981451,31.57272593981451,31.57272593981451,31.57272593981451,29.951285636253353,0.0,1.5388548188267346,8.431558200992782,9.789293751899356,8.19343505043474,8.431558200992782,8.431558200992782,8.594485044627387,5.879088297941291,4.020148048497585,6.405449093746856,6.902571341060652,3.7193804402752892,37.01235370654632,32.99193562927445,34.809870892739895,32.08925468184997,36.41888836318502,36.08036466238313,36.46486084674685,11.42278976442102,10.36163957921146,32.854025269541715,33.48925105260905,26.97428752946515,28.695949476390034,27.713928253329332,28.257172294803443,27.358732557755342,32.5280564330772
2.016301705390211,4.434395792826937,5.3598675001875655,6.376666814808292,5.3598675001875655,5.783044672609515,5.783044672609515,1.0522148397601778,4.549028916898769,3.802948940611107,3.7348580600925683,1.1629104318424148,10.021644725602833,30.322187848773343,30.740922515863726,31.519892824545327,30.464273177170266,26.067704722249275,25.247009796885894,25.247009796885894,4.492216269729658,6.8098763717982616,35.25397501127413,31.13416768474773,31.033871146459187,31.033871146459187,31.033871146459187,31.033871146459187,31.033871146459187,29.412430840249083,1.5388548188267346,0.0,7.892703383590671,9.250438935089107,7.6545802329393755,7.892703383590671,7.892703383590671,8.055630227290893,5.340233479703679,3.481293229879373,5.866594275651909,6.363716523114583,3.1805256216135573,36.473498923135544,32.4530808383566,34.27101610510635,31.550399889368947,35.88003357861014,35.5415098771529,35.92600606226145,10.883934948458458,9.822784762681371,32.31517047838213,32.95039626257157,26.435432728974796,28.157094678434472,27.175073453907906,27.71831749618634,26.81987775781681,31.989201641350434
8.909005086121216,11.327099163795936,3.5328358873294707,2.516036571680281,3.5328358873294707,3.109658714568776,3.109658714568776,7.840488543957551,4.343674470911617,5.089754447056166,5.157845327541927,7.729792952138256,3.128941348837651,23.429484698375177,23.8482193732,24.627189696598776,23.5715700293827,19.175001500278402,18.35430656257839,18.35430656257839,4.400487118083756,2.082827014028895,28.361271959812306,24.241464549460172,24.141168009279998,24.141168009279998,24.141168009279998,24.141168009279998,24.141168009279998,22.519727673472882,8.431558200992782,7.892703383590671,0.0,2.3577355554796355,1.2381231512145712,1.0,1.0,1.162926844108831,3.552469907825983,5.411410157604052,3.0261091114444536,2.52898686339171,5.7121777656313695,29.5807958987797,25.56037772860388,27.378313032558495,24.657696762007472,28.987330540932785,28.64880683198773,29.03330302560719,3.9912315753734244,2.93008138514237,25.422467365902012,26.05769316276535,19.542729512685863,21.264391490017342,20.282370249336626,20.82561430046728,19.927174547570207,25.096498522477027
10.266740636469336,12.68483471082444,4.890571442119571,3.8737721268550933,4.890571442119571,4.467394269536576,4.467394269536576,9.198224095511176,5.701410025291166,6.44749000097659,6.515580881416565,9.087528503807611,1.771205793472842,22.07174917587499,22.49048385198149,23.26945417782936,22.213834507314687,17.81726596613708,16.996571026481007,16.996571026481007,5.758222672431087,3.44056256932364,27.003536453952183,22.883729029467506,22.78343248897264,22.78343248897264,22.78343248897264,22.78343248897264,22.78343248897264,21.161992148272,9.789293751899356,9.250438935089107,2.3577355554796355,0.0,2.5958587066676233,2.3577355554796355,2.3577355554796355,2.1948087113844226,4.910205462607232,6.7691457113024756,4.383844666444373,3.8867224185625324,7.06991331910909,28.223060397554555,24.2026422128793,26.02057752311256,23.299961243335677,27.62959503742634,27.29107132720185,27.67556752227572,2.633496020235481,1.572345829739994,24.06473184971985,24.6999576487128,18.184993979451384,19.906655961278663,18.924634717983093,19.46787877054369,18.569439015303896,23.738763005223777
8.670881935651765,11.088976013861343,3.2947127361862396,2.277913420489487,3.2947127361862396,2.8715355634026656,2.8715355634026656,7.602365393297599,4.105551319824515,4.851631296034977,4.919722176527435,7.491669801460174,3.3670644999904003,23.667607843366568,24.086342517958407,24.865312840912406,23.809693174295518,19.413124647394742,18.592429710053857,18.592429710053857,4.162363967001191,1.8447038628255488,28.599395101788758,24.479587693995892,24.379291153872867,24.379291153872867,24.379291153872867,24.379291153872867,24.379291153872867,22.757850818955745,8.19343505043474,7.6545802329393755,1.2381231512145712,2.5958587066676233,0.0,1.2381231512145712,1.2381231512145712,1.4010499953226003,3.3143467566839204,5.173287006615501,2.7879859602743458,2.2908637122013618,5.4740546146756355,29.818919039919376,25.79850087236522,27.61643617518308,24.89581990630338,29.225453682484186,28.886929973770147,29.271426167127,4.229354726469501,3.168204536305601,25.660590509746307,26.29581630622371,19.780852659635965,21.502514636145246,20.520493395942356,21.063737446811583,20.16529769434298,25.33462166651556
8.909005086121216,11.327099163795936,3.5328358873294707,2.516036571680281,3.5328358873294707,3.109658714568776,3.109658714568776,7.840488543957551,4.343674470911617,5.089754447056166,5.157845327541927,7.729792952138256,3.128941348837651,23.429484698375177,23.8482193732,24.627189696598776,23.5715700293827,19.175001500278402,18.35430656257839,18.35430656257839,4.400487118083756,2.082827014028895,28.361271959812306,24.241464549460172,24.141168009279998,24.141168009279998,24.141168009279998,24.141168009279998,24.141168009279998,22.519727673472882,8.431558200992782,7.892703383590671,1.0,2.3577355554796355,1.2381231512145712,0.0,1.0,1.162926844108831,3.552469907825983,5.411410157604052,3.0261091114444536,2.52898686339171,5.7121777656313695,29.5807958987797,25.56037772860388,27.378313032558495,24.657696762007472,28.987330540932785,28.64880683198773,29.03330302560719,3.9912315753734244,2.93008138514237,25.422467365902012,26.05769316276535,19.542729512685863,21.264391490017342,20.282370249336626,20.82561430046728,19.927174547570207,25.096498522477027
8.909005086121216,11.327099163795936,3.5328358873294707,2.516036571680281,3.5328358873294707,3.109658714568776,3.109658714568776,7.840488543957551,4.343674470911617,5.089754447056166,5.157845327541927,7.729792952138256,3.128941348837651,23.429484698375177,23.8482193732,24.627189696598776,23.5715700293827,19.175001500278402,18.35430656257839,18.35430656257839,4.400487118083756,2.082827014028895,28.361271959812306,24.241464549460172,24.141168009279998,24.141168009279998,24.141168009279998,24.141168009279998,24.141168009279998,22.519727673472882,8.431558200992782,7.892703383590671,1.0,2.3577355554796355,1.2381231512145712,1.0,0.0,1.162926844108831,3.552469907825983,5.411410157604052,3.0261091114444536,2.52898686339171,5.7121777656313695,29.5807958987797,25.56037772860388,27.378313032558495,24.657696762007472,28.987330540932785,28.64880683198773,29.03330302560719,3.9912315753734244,2.93008138514237,25.422467365902012,26.05769316276535,19.542729512685863,21.264391490017342,20.282370249336626,20.82561430046728,19.927174547570207,25.096498522477027
