0.0,2.429450009728278,2.429450009728278,20.159167546439686,18.604114511299052,20.159167546439686,20.359740390828325,18.604114511299052,20.11278513197334,18.604114511299052,17.76109883223302,17.76109883223302,17.76109883223302,13.135604422917764,17.76109883223302,12.259416363119353,12.295767364231397,12.567773539784014,17.76109883223302,12.567773539784014,17.76109883223302,12.295767364231397,17.978589946941444,17.978589946941444,14.877351719914959,24.97619703418716,14.837250092603368,17.25522488843983,17.389421999760156,17.34178729221733,17.389421999760156,17.513523052165418,17.389421999760156,17.389421999760156,17.49597339928145,17.24651794346037,13.182610431512785,13.182610431512785,16.140271783066122,17.947251141187277,17.091078669534223,17.24651794346037,34.72553605546541,16.473711296824504,16.473711296824504,12.70941759404147,17.118029817099405,16.540775390019906,24.942309865199626,20.159167546439686,18.78525409994225,18.904342584970035,21.449108497013725,20.001216707336184,20.640543031414914,21.21092576009538,20.759633669009663,21.511788256476745,15.964777737218641,16.992675702477094,17.47528988366231,17.47528988366231,33.59089228079248,26.319439863308666,21.361356898057487,12.197995735312082,11.466151021495525,3.586936832158813,17.299793555221346,22.006959701870006,24.833870281369446,29.46616035961582,21.99442368643463,24.9278930353141,11.41602231870195,8.890757230877929,9.793092337343559,10.175329122202198,31.917158890001442,16.998943404574057,31.917158890001442,28.362916694183852,31.917158890001442,16.184145341407383,15.67019912053458,16.01491886255452,30.155693671892163,30.155693671892163,29.948833191867312,16.134004133402875,14.115840845162033,13.846337570920744,21.900403619506406,19.725430110646784,29.33452270835843,26.288098510876,30.93925987641743,18.233688181711518,17.588109110395795,32.80730583518669
2.429450009728278,0.0,1.0,18.72971754780212,17.174664510868592,18.72971754780212,18.930290392433477,17.174664510868592,18.68333513328002,17.174664510868592,16.331648830896444,16.331648830896444,16.331648830896444,11.70615441743376,16.331648830896444,10.829966357006878,10.866317358144002,11.138323533887005,16.331648830896444,11.138323533887005,16.331648830896444,10.866317358144002,16.549139945834206,16.549139945834206,16.30680172269072,26.40564702396336,16.266700095417406,18.684674888757492,15.959971998038792,15.9123372904473,15.959971998038792,16.084073050571533,15.959971998038792,15.959971998038792,16.066523397669478,15.817067941593457,11.753160426063912,11.753160426063912,14.710821780117513,16.517801140046807,15.661628667510508,15.817067941593457,33.29608608126079,15.04426129419354,15.04426129419354,11.279967588245517,15.688579815102765,15.1113253874537,23.512859873063654,18.72971754780212,17.355804099712532,17.47489258487345,20.019658499982892,18.571766708509323,19.21109303336427,19.781475762759715,19.33018367110655,20.08233825952674,14.53532773410576,15.563225700354922,16.04583988202905,16.04583988202905,32.161442304189464,24.889989873320584,19.93190690091392,10.768545729157427,12.895601027149867,2.157486822528421,15.870343553408542,20.57750970556758,23.404420289069577,28.036710374998435,20.564973690115604,23.49844304315629,12.845472324392908,10.320207238200176,11.222542344130892,11.60477912874685,30.48770891001313,15.569493402458134,30.48770891001313,26.93346670761022,30.48770891001313,14.754695338500152,14.240749117150472,14.58546885948837,28.726243688537597,28.726243688537597,28.519383208130666,14.704554130448361,12.686390840440474,12.416887565983318,20.47095362306328,18.2959801114933,27.905072723503473,24.85864852083767,29.50980989453543,16.8042381808772,16.15865910887901,31.377855856976147
2.429450009728278,1.0,0.0,18.72971754780212,17.174664510868592,18.72971754780212,18.930290392433477,17.174664510868592,18.68333513328002,17.174664510868592,16.331648830896444,16.331648830896444,16.331648830896444,11.70615441743376,16.331648830896444,10.829966357006878,10.866317358144002,11.138323533887005,16.331648830896444,11.138323533887005,16.331648830896444,10.866317358144002,16.549139945834206,16.549139945834206,16.30680172269072,26.40564702396336,16.266700095417406,18.684674888757492,15.959971998038792,15.9123372904473,15.959971998038792,16.084073050571533,15.959971998038792,15.959971998038792,16.066523397669478,15.817067941593457,11.753160426063912,11.753160426063912,14.710821780117513,16.517801140046807,15.661628667510508,15.817067941593457,33.29608608126079,15.04426129419354,15.04426129419354,11.279967588245517,15.688579815102765,15.1113253874537,23.512859873063654,18.72971754780212,17.355804099712532,17.47489258487345,20.019658499982892,18.571766708509323,19.21109303336427,19.781475762759715,19.33018367110655,20.08233825952674,14.53532773410576,15.563225700354922,16.04583988202905,16.04583988202905,32.161442304189464,24.889989873320584,19.93190690091392,10.768545729157427,12.895601027149867,2.157486822528421,15.870343553408542,20.57750970556758,23.404420289069577,28.036710374998435,20.564973690115604,23.49844304315629,12.845472324392908,10.320207238200176,11.222542344130892,11.60477912874685,30.48770891001313,15.569493402458134,30.48770891001313,26.93346670761022,30.48770891001313,14.754695338500152,14.240749117150472,14.58546885948837,28.726243688537597,28.726243688537597,28.519383208130666,14.704554130448361,12.686390840440474,12.416887565983318,20.47095362306328,18.2959801114933,27.905072723503473,24.85864852083767,29.50980989453543,16.8042381808772,16.15865910887901,31.377855856976147
20.159167546439686,18.72971754780212,18.72971754780212,0.0,2.5550530471059325,1.0,1.2005728460856318,2.5550530471059325,1.0463824148537746,2.5550530471059325,3.398068731776017,3.398068731776017,3.398068731776017,8.023563160792015,3.398068731776017,8.899751222215826,8.863400221049694,8.591394045055683,3.398068731776017,8.591394045055683,3.398068731776017,8.863400221049694,3.180577615681189,3.180577615681189,34.03651906549831,44.13536412718097,33.99641743901085,36.414392182627616,3.769745566522522,3.8173802743480185,3.769745566522522,3.645644513371518,3.769745566522522,3.769745566522522,3.663194166361761,3.912649623664377,7.9765571520908285,7.9765571520908285,5.018895789973743,3.211916421637674,4.068088898486204,3.912649623664377,15.566368723488226,4.685456274544997,4.685456274544997,8.44974999054276,4.041137750767236,4.618392181001907,5.783142368790805,1.0,2.3739134571775926,2.2548249712893,2.2899409621010376,1.1579508404151684,1.4813754891069955,2.05175822294497,1.6004661277551342,2.3526207221611557,5.194389836661349,4.166491866099452,3.683877682105808,3.683877682105808,14.431724925472757,7.160272385003625,2.2021893623146136,8.961171850111867,30.625318432127578,17.57223073304023,3.859374011591555,2.8477921723920527,5.674702783605295,10.30699292888061,2.835256156831562,5.768725538724499,30.57518973021367,28.04992468384692,28.95225977614205,29.334496554782323,12.757991502293965,4.1602241639673245,12.757991502293965,9.203749245788488,12.757991502293965,4.9750222314182455,5.488968454695129,5.144248711088178,10.996526252733009,10.996526252733009,10.78966576919186,5.025163439667462,7.04332673593394,7.312830010977574,2.74123608896938,1.433737439342559,10.175355275460332,7.128931032140567,11.780092470915593,2.925479379232352,3.5710584546864697,13.64813846440056
18.604114511299052,17.174664510868592,17.174664510868592,2.5550530471059325,0.0,2.5550530471059325,2.75562589317909,1.0,2.508670632254637,1.0,1.8430156847417123,1.8430156847417123,1.8430156847417123,6.46851011504742,1.8430156847417123,7.344698176886503,7.30834717570206,7.0363409995740005,1.8430156847417123,7.0363409995740005,1.8430156847417123,7.30834717570206,1.6255245686235849,1.6255245686235849,32.48146605532688,42.58031114381789,32.44136442874748,34.85933917811273,2.2146925195357983,2.2623272273680994,2.2146925195357983,2.090591466367818,2.2146925195357983,2.2146925195357983,2.1081411193603956,2.357596576698554,6.421504106325493,6.421504106325493,3.463842743218692,1.6568633745832204,2.5130358515447577,2.357596576698554,17.12142176228432,3.1304032277172813,3.1304032277172813,6.89469694499335,2.4860847038214393,3.06333913416053,7.338195414823157,2.5550530471059325,1.181139589937157,1.3002280758299798,3.8449940090769767,2.3971022066985817,3.036428536178202,3.6068112699537833,3.1555191748152174,3.907673769127777,3.63933678994771,2.611438819174323,2.128824635107222,2.128824635107222,15.98677796545484,8.715325430426631,3.757242409303132,7.406118804813697,29.070265414546093,16.0171776947614,2.3043209646177703,4.402845219275272,7.229755829679928,11.862045972407802,4.390309203717107,7.323778584762518,29.020136712529485,26.494871661220778,27.397206755229575,27.779443534613282,14.313044543859514,2.6051711170411354,14.313044543859514,10.758802290060068,14.313044543859514,3.4199691846531834,3.933915408055911,3.5891956643624834,12.551579295751262,12.551579295751262,12.344718812366326,3.4701103929138526,5.488273689789316,5.757776964936138,4.296289135872013,2.1213156077806032,11.730408319080869,8.683984077578934,13.335145513314702,1.3704263321516899,2.0160054076730924,15.203191505148604
20.159167546439686,18.72971754780212,18.72971754780212,1.0,2.5550530471059325,0.0,1.2005728460856318,2.5550530471059325,1.0463824148537746,2.5550530471059325,3.398068731776017,3.398068731776017,3.398068731776017,8.023563160792015,3.398068731776017,8.899751222215826,8.863400221049694,8.591394045055683,3.398068731776017,8.591394045055683,3.398068731776017,8.863400221049694,3.180577615681189,3.180577615681189,34.03651906549831,44.13536412718097,33.99641743901085,36.414392182627616,3.769745566522522,3.8173802743480185,3.769745566522522,3.645644513371518,3.769745566522522,3.769745566522522,3.663194166361761,3.912649623664377,7.9765571520908285,7.9765571520908285,5.018895789973743,3.211916421637674,4.068088898486204,3.912649623664377,15.566368723488226,4.685456274544997,4.685456274544997,8.44974999054276,4.041137750767236,4.618392181001907,5.783142368790805,1.0,2.3739134571775926,2.2548249712893,2.2899409621010376,1.1579508404151684,1.4813754891069955,2.05175822294497,1.6004661277551342,2.3526207221611557,5.194389836661349,4.166491866099452,3.683877682105808,3.683877682105808,14.431724925472757,7.160272385003625,2.2021893623146136,8.961171850111867,30.625318432127578,17.57223073304023,3.859374011591555,2.8477921723920527,5.674702783605295,10.30699292888061,2.835256156831562,5.768725538724499,30.57518973021367,28.04992468384692,28.95225977614205,29.334496554782323,12.757991502293965,4.1602241639673245,12.757991502293965,9.203749245788488,12.757991502293965,4.9750222314182455,5.488968454695129,5.144248711088178,10.996526252733009,10.996526252733009,10.78966576919186,5.025163439667462,7.04332673593394,7.312830010977574,2.74123608896938,1.433737439342559,10.175355275460332,7.128931032140567,11.780092470915593,2.925479379232352,3.5710584546864697,13.64813846440056
20.359740390828325,18.930290392433477,18.930290392433477,1.2005728460856318,2.75562589317909,1.2005728460856318,0.0,2.75562589317909,1.246955260939354,2.75562589317909,3.598641577833173,3.598641577833173,3.598641577833173,8.224136006645718,3.598641577833173,9.10032406800894,9.063973066845461,8.791966890870924,3.598641577833173,8.791966890870924,3.598641577833173,9.063973066845461,3.3811504617430956,3.3811504617430956,34.23709190655507,44.33593696469896,34.196990280079795,36.61496502293573,3.9703184125705597,4.017953120394796,3.9703184125705597,3.8462173594227416,3.9703184125705597,3.9703184125705597,3.8637670124125423,4.113222469708575,8.177129997947585,8.177129997947585,5.21946863598188,3.412489267698923,4.2686617445260095,4.113222469708575,15.36579587835756,4.88602912056518,4.88602912056518,8.650322836367868,4.241710596807819,4.818965027024392,5.582569522805276,1.2005728460856318,2.5744863032533405,2.4553978173665874,2.0893681160218245,1.3585236865005414,1.2808026430219812,1.851185376863428,1.3998932816705993,2.1520478760826434,5.394962682662736,4.367064712136363,3.8844505281560653,3.8844505281560653,14.231152080198227,6.959699539085644,2.0016165162344826,9.161744695900468,30.82589127416746,17.772803577854393,4.059946857637206,2.6472193263203243,5.474129937615183,10.10642008318191,2.634683310759635,5.568152692738354,30.775762572267208,28.25049752655814,29.152832618624988,29.535069397166307,12.55741865682862,4.360797010004422,12.55741865682862,9.003176400002626,12.55741865682862,5.175595077428025,5.689541300684556,5.344821557091522,10.795953407094423,10.795953407094423,10.589092923534784,5.225736285675362,7.243899581847104,7.513402856875266,2.540663242896003,1.6343102854269338,9.974782429750649,6.928358186220858,11.579519625350576,3.126052225299279,3.7716313007395392,13.447565619033519
18.604114511299052,17.174664510868592,17.174664510868592,2.5550530471059325,1.0,2.5550530471059325,2.75562589317909,0.0,2.508670632254637,1.0,1.8430156847417123,1.8430156847417123,1.8430156847417123,6.46851011504742,1.8430156847417123,7.344698176886503,7.30834717570206,7.0363409995740005,1.8430156847417123,7.0363409995740005,1.8430156847417123,7.30834717570206,1.6255245686235849,1.6255245686235849,32.48146605532688,42.58031114381789,32.44136442874748,34.85933917811273,2.2146925195357983,2.2623272273680994,2.2146925195357983,2.090591466367818,2.2146925195357983,2.2146925195357983,2.1081411193603956,2.357596576698554,6.421504106325493,6.421504106325493,3.463842743218692,1.6568633745832204,2.5130358515447577,2.357596576698554,17.12142176228432,3.1304032277172813,3.1304032277172813,6.89469694499335,2.4860847038214393,3.06333913416053,7.338195414823157,2.5550530471059325,1.181139589937157,1.3002280758299798,3.8449940090769767,2.3971022066985817,3.036428536178202,3.6068112699537833,3.1555191748152174,3.907673769127777,3.63933678994771,2.611438819174323,2.128824635107222,2.128824635107222,15.98677796545484,8.715325430426631,3.757242409303132,7.406118804813697,29.070265414546093,16.0171776947614,2.3043209646177703,4.402845219275272,7.229755829679928,11.862045972407802,4.390309203717107,7.323778584762518,29.020136712529485,26.494871661220778,27.397206755229575,27.779443534613282,14.313044543859514,2.6051711170411354,14.313044543859514,10.758802290060068,14.313044543859514,3.4199691846531834,3.933915408055911,3.5891956643624834,12.551579295751262,12.551579295751262,12.344718812366326,3.4701103929138526,5.488273689789316,5.757776964936138,4.296289135872013,2.1213156077806032,11.730408319080869,8.683984077578934,13.335145513314702,1.3704263321516899,2.0160054076730924,15.203191505148604
20.11278513197334,18.68333513328002,18.68333513328002,1.0463824148537746,2.508670632254637,1.0463824148537746,1.246955260939354,2.508670632254637,0.0,2.508670632254637,3.3516863169282005,3.3516863169282005,3.3516863169282005,7.977180745990043,3.3516863169282005,8.853368807427636,8.8170178062609,8.545011630262456,3.3516863169282005,8.545011630262456,3.3516863169282005,8.8170178062609,3.134195200832332,3.134195200832332,33.99013665179884,44.088981714297226,33.95003502530857,36.36800976910065,3.723363151676719,3.770997859502494,3.723363151676719,3.5992620985250103,3.723363151676719,3.723363151676719,3.6168117515153506,3.866267208819425,7.930174737288162,7.930174737288162,4.97251337513684,3.165534006788961,4.021706483642227,3.866267208819425,15.612751138117362,4.6390738597053955,4.6390738597053955,8.403367575747286,3.9947553359230854,4.572009766161792,5.829524783620183,1.0463824148537746,2.327531042325745,2.2084425564371273,2.3363233769529907,1.1115684255614124,1.5277579039605016,2.0981406377975245,1.6468485426084984,2.399003137012932,5.148007421825962,4.120109451256118,3.637495267259514,3.637495267259514,14.478107340135464,7.206654799817024,2.248571777166802,8.914789435324703,30.578936018201652,17.52584831847616,3.81299159674628,2.89417458724213,5.721085198435762,10.353375343642478,2.881638571681689,5.815107953554023,30.528807316284603,28.003542269766427,28.9058773621141,29.28811414077717,12.80437391700123,4.113841749123948,12.80437391700123,9.2501316605708,12.80437391700123,4.928639816580975,5.442586039862431,5.09786629625235,11.042908667480797,11.042908667480797,10.836048183943976,4.978781024830612,6.9969443211184705,7.266447596165614,2.787618503819867,1.3873550244889619,10.221737690224773,7.175313446954373,11.826474885646162,2.8790969643824003,3.5246760398395542,13.694520879084859
18.604114511299052,17.174664510868592,17.174664510868592,2.5550530471059325,1.0,2.5550530471059325,2.75562589317909,1.0,2.508670632254637,0.0,1.8430156847417123,1.8430156847417123,1.8430156847417123,6.46851011504742,1.8430156847417123,7.344698176886503,7.30834717570206,7.0363409995740005,1.8430156847417123,7.0363409995740005,1.8430156847417123,7.30834717570206,1.6255245686235849,1.6255245686235849,32.48146605532688,42.58031114381789,32.44136442874748,34.85933917811273,2.2146925195357983,2.2623272273680994,2.2146925195357983,2.090591466367818,2.2146925195357983,2.2146925195357983,2.1081411193603956,2.357596576698554,6.421504106325493,6.421504106325493,3.463842743218692,1.6568633745832204,2.5130358515447577,2.357596576698554,17.12142176228432,3.1304032277172813,3.1304032277172813,6.89469694499335,2.4860847038214393,3.06333913416053,7.338195414823157,2.5550530471059325,1.181139589937157,1.3002280758299798,3.8449940090769767,2.3971022066985817,3.036428536178202,3.6068112699537833,3.1555191748152174,3.907673769127777,3.63933678994771,2.611438819174323,2.128824635107222,2.128824635107222,15.98677796545484,8.715325430426631,3.757242409303132,7.406118804813697,29.070265414546093,16.0171776947614,2.3043209646177703,4.402845219275272,7.229755829679928,11.862045972407802,4.390309203717107,7.323778584762518,29.020136712529485,26.494871661220778,27.397206755229575,27.779443534613282,14.313044543859514,2.6051711170411354,14.313044543859514,10.758802290060068,14.313044543859514,3.4199691846531834,3.933915408055911,3.5891956643624834,12.551579295751262,12.551579295751262,12.344718812366326,3.4701103929138526,5.488273689789316,5.757776964936138,4.296289135872013,2.1213156077806032,11.730408319080869,8.683984077578934,13.335145513314702,1.3704263321516899,2.0160054076730924,15.203191505148604
17.76109883223302,16.331648830896444,16.331648830896444,3.398068731776017,1.8430156847417123,3.398068731776017,3.598641577833173,1.8430156847417123,3.3516863169282005,1.8430156847417123,0.0,1.0,1.0,5.625494430791817,1.0,6.501682492815668,6.465331491622971,6.193325315434772,1.0,6.193325315434772,1.0,6.465331491622971,1.217491116120741,1.217491116120741,31.63845038915776,41.73729549171679,31.598348762530378,34.016323514900584,1.3716768348027595,1.4193115426365566,1.3716768348027595,1.247575781631293,1.3716768348027595,1.3716768348027595,1.2651254346243275,1.5145808919702626,5.578488422060813,5.578488422060813,2.620827058553709,1.186152310160841,1.6700201668225216,1.5145808919702626,17.964437441778568,2.2873875430282635,2.2873875430282635,6.051681260823931,1.6430690190980877,2.2203234494671946,8.181211098690918,3.398068731776017,2.024155274675306,2.143243760565099,4.688009693617174,3.2401178913801787,3.8794442208072883,4.449826954522773,3.9985348594327865,4.7506894536600335,2.7963211052970918,1.7684231344564008,1.2858089503717078,1.2858089503717078,16.829793645644294,9.558341113900624,4.6002580938541895,6.56310312075692,28.227249744517035,15.174162014113262,1.4613052798876174,5.2458609037395085,8.072771513575606,12.705061654709109,5.23332488818318,8.166794268634018,28.17712104244704,25.65185598857556,26.5541910834718,26.93642786324092,15.156060224984483,1.762155432322927,15.156060224984483,11.601817972815736,15.156060224984483,2.5769534999847936,3.090899723432069,2.746179979707641,13.3945949777449,13.3945949777449,13.187734494454176,2.627094708249362,4.645258005362003,4.9147612805523515,5.13930482035168,2.964331292480007,12.573424001438836,9.526999761062696,14.178161194936603,1.4725893525933855,1.1729897229347568,16.04620718578939
17.76109883223302,16.331648830896444,16.331648830896444,3.398068731776017,1.8430156847417123,3.398068731776017,3.598641577833173,1.8430156847417123,3.3516863169282005,1.8430156847417123,1.0,0.0,1.0,5.625494430791817,1.0,6.501682492815668,6.465331491622971,6.193325315434772,1.0,6.193325315434772,1.0,6.465331491622971,1.217491116120741,1.217491116120741,31.63845038915776,41.73729549171679,31.598348762530378,34.016323514900584,1.3716768348027595,1.4193115426365566,1.3716768348027595,1.247575781631293,1.3716768348027595,1.3716768348027595,1.2651254346243275,1.5145808919702626,5.578488422060813,5.578488422060813,2.620827058553709,1.186152310160841,1.6700201668225216,1.5145808919702626,17.964437441778568,2.2873875430282635,2.2873875430282635,6.051681260823931,1.6430690190980877,2.2203234494671946,8.181211098690918,3.398068731776017,2.024155274675306,2.143243760565099,4.688009693617174,3.2401178913801787,3.8794442208072883,4.449826954522773,3.9985348594327865,4.7506894536600335,2.7963211052970918,1.7684231344564008,1.2858089503717078,1.2858089503717078,16.829793645644294,9.558341113900624,4.6002580938541895,6.56310312075692,28.227249744517035,15.174162014113262,1.4613052798876174,5.2458609037395085,8.072771513575606,12.705061654709109,5.23332488818318,8.166794268634018,28.17712104244704,25.65185598857556,26.5541910834718,26.93642786324092,15.156060224984483,1.762155432322927,15.156060224984483,11.601817972815736,15.156060224984483,2.5769534999847936,3.090899723432069,2.746179979707641,13.3945949777449,13.3945949777449,13.187734494454176,2.627094708249362,4.645258005362003,4.9147612805523515,5.13930482035168,2.964331292480007,12.573424001438836,9.526999761062696,14.178161194936603,1.4725893525933855,1.1729897229347568,16.04620718578939
17.76109883223302,16.331648830896444,16.331648830896444,3.398068731776017,1.8430156847417123,3.398068731776017,3.598641577833173,1.8430156847417123,3.3516863169282005,1.8430156847417123,1.0,1.0,0.0,5.625494430791817,1.0,6.501682492815668,6.465331491622971,6.193325315434772,1.0,6.193325315434772,1.0,6.465331491622971,1.217491116120741,1.217491116120741,31.63845038915776,41.73729549171679,31.598348762530378,34.016323514900584,1.3716768348027595,1.4193115426365566,1.3716768348027595,1.247575781631293,1.3716768348027595,1.3716768348027595,1.2651254346243275,1.5145808919702626,5.578488422060813,5.578488422060813,2.620827058553709,1.186152310160841,1.6700201668225216,1.5145808919702626,17.964437441778568,2.2873875430282635,2.2873875430282635,6.051681260823931,1.6430690190980877,2.2203234494671946,8.181211098690918,3.398068731776017,2.024155274675306,2.143243760565099,4.688009693617174,3.2401178913801787,3.8794442208072883,4.449826954522773,3.9985348594327865,4.7506894536600335,2.7963211052970918,1.7684231344564008,1.2858089503717078,1.2858089503717078,16.829793645644294,9.558341113900624,4.6002580938541895,6.56310312075692,28.227249744517035,15.174162014113262,1.4613052798876174,5.2458609037395085,8.072771513575606,12.705061654709109,5.23332488818318,8.166794268634018,28.17712104244704,25.65185598857556,26.5541910834718,26.93642786324092,15.156060224984483,1.762155432322927,15.156060224984483,11.601817972815736,15.156060224984483,2.5769534999847936,3.090899723432069,2.746179979707641,13.3945949777449,13.3945949777449,13.187734494454176,2.627094708249362,4.645258005362003,4.9147612805523515,5.13930482035168,2.964331292480007,12.573424001438836,9.526999761062696,14.178161194936603,1.4725893525933855,1.1729897229347568,16.04620718578939
13.135604422917764,11.70615441743376,11.70615441743376,8.023563160792015,6.46851011504742,8.023563160792015,8.224136006645718,6.46851011504742,7.977180745990043,6.46851011504742,5.625494430791817,5.625494430791817,5.625494430791817,0.0,5.625494430791817,1.8761880625323935,1.8398370613153765,1.5678308849540472,5.625494430791817,1.5678308849540472,5.625494430791817,1.8398370613153765,5.842985546801487,5.842985546801487,27.012956042603786,37.11180121652844,26.972854415736197,29.390829183199852,5.253817596155788,5.206182888341254,5.253817596155788,5.377918649274823,5.253817596155788,5.253817596155788,5.360368996289401,5.110913539044637,1.0470060087537076,1.0470060087537076,4.0046673727517295,5.811646740858206,4.955474264248785,5.110913539044637,22.58993183399616,4.338106888216774,4.338106888216774,1.426186830259234,4.9824254119638045,4.405170981762862,12.806705520546586,8.023563160792015,6.6496497048570085,6.768738190661509,9.313504121176674,7.865612320550431,8.50493864932076,9.0753213823776,8.624029287814402,9.376183881139832,3.8291733260307184,4.857071296647982,5.339685480550908,5.339685480550908,21.45528804233063,14.18383553280165,9.225752521523887,1.9376086905153733,23.601755378751072,10.548667597608976,5.164189151106777,9.87135533056055,12.698265935646978,17.330556065361275,9.858819315021542,12.792288690518504,23.551626676417175,21.026361609940235,21.928696709185427,22.310933490848857,19.78155462776898,4.86333899877941,19.78155462776898,16.227312386597067,19.78155462776898,4.048540931314037,3.5345947079186906,3.8793144516144418,18.020089386311344,18.020089386311344,17.81322890365684,3.998399723056987,1.9802364258067215,1.710733150532958,9.764799247318843,7.589825721906984,17.198918412477823,14.152494180035402,18.803655601011553,6.098083783131146,5.452504707938285,20.671701585403966
17.76109883223302,16.331648830896444,16.331648830896444,3.398068731776017,1.8430156847417123,3.398068731776017,3.598641577833173,1.8430156847417123,3.3516863169282005,1.8430156847417123,1.0,1.0,1.0,5.625494430791817,0.0,6.501682492815668,6.465331491622971,6.193325315434772,1.0,6.193325315434772,1.0,6.465331491622971,1.217491116120741,1.217491116120741,31.63845038915776,41.73729549171679,31.598348762530378,34.016323514900584,1.3716768348027595,1.4193115426365566,1.3716768348027595,1.247575781631293,1.3716768348027595,1.3716768348027595,1.2651254346243275,1.5145808919702626,5.578488422060813,5.578488422060813,2.620827058553709,1.186152310160841,1.6700201668225216,1.5145808919702626,17.964437441778568,2.2873875430282635,2.2873875430282635,6.051681260823931,1.6430690190980877,2.2203234494671946,8.181211098690918,3.398068731776017,2.024155274675306,2.143243760565099,4.688009693617174,3.2401178913801787,3.8794442208072883,4.449826954522773,3.9985348594327865,4.7506894536600335,2.7963211052970918,1.7684231344564008,1.2858089503717078,1.2858089503717078,16.829793645644294,9.558341113900624,4.6002580938541895,6.56310312075692,28.227249744517035,15.174162014113262,1.4613052798876174,5.2458609037395085,8.072771513575606,12.705061654709109,5.23332488818318,8.166794268634018,28.17712104244704,25.65185598857556,26.5541910834718,26.93642786324092,15.156060224984483,1.762155432322927,15.156060224984483,11.601817972815736,15.156060224984483,2.5769534999847936,3.090899723432069,2.746179979707641,13.3945949777449,13.3945949777449,13.187734494454176,2.627094708249362,4.645258005362003,4.9147612805523515,5.13930482035168,2.964331292480007,12.573424001438836,9.526999761062696,14.178161194936603,1.4725893525933855,1.1729897229347568,16.04620718578939
12.259416363119353,10.829966357006878,10.829966357006878,8.899751222215826,7.344698176886503,8.899751222215826,9.10032406800894,7.344698176886503,8.853368807427636,7.344698176886503,6.501682492815668,6.501682492815668,6.501682492815668,1.8761880625323935,6.501682492815668,0.0,1.0363510012176274,1.3083571775818466,6.501682492815668,1.3083571775818466,6.501682492815668,1.0363510012176274,6.719173608780384,6.719173608780384,26.13676799316826,36.235613179501094,26.09666636625958,28.514641136316474,6.1300056582520845,6.082370950446435,6.1300056582520845,6.254106711347544,6.1300056582520845,6.1300056582520845,6.236557058365492,5.98710160116732,1.9231940712852336,1.9231940712852336,4.880855435051072,6.687834802843697,5.8316623263992415,5.98710160116732,23.466119886847924,5.214294950468015,5.214294950468015,1.4500012322769935,5.8586134741095135,5.281359044003891,13.682893580088166,8.899751222215826,7.525837766652687,7.644926252427938,10.189692182182768,8.741800382020827,9.381126710596456,9.951509443465822,9.500217349052027,10.252371942123936,4.705361388353593,5.733259358815523,6.2158735426309555,6.2158735426309555,22.331476096153636,15.060023591632138,10.1019405825605,1.0614206279841312,22.725567326051337,9.672479536733194,6.040377213219719,10.74754339136543,13.57445399524134,18.206744122283254,10.735007375831074,13.668476750067134,22.675438623672964,20.150173555085857,21.052508655055647,21.434745437035883,20.657742682931147,5.739527060945874,20.657742682931147,17.10350044423309,20.657742682931147,4.924728993607303,4.410782770278299,4.7555025139307165,18.89627744276243,18.89627744276243,18.689416960251176,4.874587785357191,2.85642448830274,2.586921213042806,10.640987308163114,8.466013783456333,18.075106469487547,15.028682238882919,19.679843656904534,6.974271845054911,6.32869276999654,21.547889639867808
12.295767364231397,10.866317358144002,10.866317358144002,8.863400221049694,7.30834717570206,8.863400221049694,9.063973066845461,7.30834717570206,8.8170178062609,7.30834717570206,6.465331491622971,6.465331491622971,6.465331491622971,1.8398370613153765,6.465331491622971,1.0363510012176274,0.0,1.272006176364289,6.465331491622971,1.272006176364289,6.465331491622971,1.0,6.682822607589705,6.682822607589705,26.17311899386004,36.27196417968513,26.133017366953037,28.550992136904025,6.093654657056123,6.046019949250073,6.093654657056123,6.217755710152647,6.093654657056123,6.093654657056123,6.200206057170443,5.950750599970164,1.8868430700682854,1.8868430700682854,4.844504433845817,6.651483801652724,5.795311325200826,5.950750599970164,23.429768886047572,5.1779439492649875,5.1779439492649875,1.4136502310595205,5.822262472911315,5.245008042801335,13.646542579003455,8.863400221049694,7.489486765470172,7.608575251246716,10.153341181034865,8.705449380852652,9.344775709436803,9.915158442314345,9.463866347894038,10.216020940976987,4.669010387147239,5.69690835761633,6.1795225414357295,6.1795225414357295,22.295125095312198,15.023672590577892,10.065589581411269,1.0977716292017534,22.761918326876167,9.708830537888135,6.004026212023004,10.71119239022626,13.538102994154364,18.17039312131038,10.698656374691701,13.632125748982116,22.71178962449959,20.186524555998275,21.088859655938634,21.471096437905995,20.62139168203299,5.703176059746729,20.62139168203299,17.067149443229816,20.62139168203299,4.888377992402331,4.374431769070216,4.719151512724672,18.859926441809563,18.859926441809563,18.653065959292228,4.8382367841518965,2.820073487087915,2.5505702118272193,10.60463630702224,8.429662782284689,18.03875546851094,14.992331237827939,19.643492655975376,6.937920843866697,6.292341768802295,21.511538638999237
12.567773539784014,11.138323533887005,11.138323533887005,8.591394045055683,7.0363409995740005,8.591394045055683,8.791966890870924,7.0363409995740005,8.545011630262456,7.0363409995740005,6.193325315434772,6.193325315434772,6.193325315434772,1.5678308849540472,6.193325315434772,1.3083571775818466,1.272006176364289,0.0,6.193325315434772,1.0,6.193325315434772,1.272006176364289,6.410816431416179,6.410816431416179,26.44512516624134,36.54397034824772,26.40502353934697,28.82299830850088,5.821648480844207,5.774013773035241,5.821648480844207,5.94574953394846,5.821648480844207,5.821648480844207,5.928199880965152,5.6787444237495865,1.6148368937073805,1.6148368937073805,4.572498257566748,6.379477625477047,5.523305148971113,5.6787444237495865,23.157762712762736,4.90593777300195,4.90593777300195,1.1416440546955953,5.5502562966831634,4.973001866541688,13.374536403609545,8.591394045055683,7.217480589356184,7.336569075142203,9.881335005174787,8.433443204843659,9.072769533490362,9.643152266427986,9.191860171959808,9.94401476512394,4.397004210860285,5.424902181380988,5.907516365229141,5.907516365229141,22.02311892172211,14.751666415409275,9.793583405541428,1.369777805565818,23.033924500259573,9.980836713766676,5.732020035805626,10.439186214430487,13.266096818743712,17.898386946744626,10.426650198894446,13.36011957358597,22.98379579789664,20.45853073004208,21.36086582976047,21.74310261163074,20.34938550802164,5.4311698835117435,20.34938550802164,16.79514326843876,20.34938550802164,4.616371816125293,4.102425592770887,4.447145336439933,18.587920267392278,18.587920267392278,18.38105978482978,4.566230607872539,2.5480673107411107,2.2785640354752337,10.332630131213886,8.157656606250274,17.76674929391751,14.720325062653938,19.371486481733925,6.665914667711125,6.020335592602845,21.239532465207617
17.76109883223302,16.331648830896444,16.331648830896444,3.398068731776017,1.8430156847417123,3.398068731776017,3.598641577833173,1.8430156847417123,3.3516863169282005,1.8430156847417123,1.0,1.0,1.0,5.625494430791817,1.0,6.501682492815668,6.465331491622971,6.193325315434772,0.0,6.193325315434772,1.0,6.465331491622971,1.217491116120741,1.217491116120741,31.63845038915776,41.73729549171679,31.598348762530378,34.016323514900584,1.3716768348027595,1.4193115426365566,1.3716768348027595,1.247575781631293,1.3716768348027595,1.3716768348027595,1.2651254346243275,1.5145808919702626,5.578488422060813,5.578488422060813,2.620827058553709,1.186152310160841,1.6700201668225216,1.5145808919702626,17.964437441778568,2.2873875430282635,2.2873875430282635,6.051681260823931,1.6430690190980877,2.2203234494671946,8.181211098690918,3.398068731776017,2.024155274675306,2.143243760565099,4.688009693617174,3.2401178913801787,3.8794442208072883,4.449826954522773,3.9985348594327865,4.7506894536600335,2.7963211052970918,1.7684231344564008,1.2858089503717078,1.2858089503717078,16.829793645644294,9.558341113900624,4.6002580938541895,6.56310312075692,28.227249744517035,15.174162014113262,1.4613052798876174,5.2458609037395085,8.072771513575606,12.705061654709109,5.23332488818318,8.166794268634018,28.17712104244704,25.65185598857556,26.5541910834718,26.93642786324092,15.156060224984483,1.762155432322927,15.156060224984483,11.601817972815736,15.156060224984483,2.5769534999847936,3.090899723432069,2.746179979707641,13.3945949777449,13.3945949777449,13.187734494454176,2.627094708249362,4.645258005362003,4.9147612805523515,5.13930482035168,2.964331292480007,12.573424001438836,9.526999761062696,14.178161194936603,1.4725893525933855,1.1729897229347568,16.04620718578939
12.567773539784014,11.138323533887005,11.138323533887005,8.591394045055683,7.0363409995740005,8.591394045055683,8.791966890870924,7.0363409995740005,8.545011630262456,7.0363409995740005,6.193325315434772,6.193325315434772,6.193325315434772,1.5678308849540472,6.193325315434772,1.3083571775818466,1.272006176364289,1.0,6.193325315434772,0.0,6.193325315434772,1.272006176364289,6.410816431416179,6.410816431416179,26.44512516624134,36.54397034824772,26.40502353934697,28.82299830850088,5.821648480844207,5.774013773035241,5.821648480844207,5.94574953394846,5.821648480844207,5.821648480844207,5.928199880965152,5.6787444237495865,1.6148368937073805,1.6148368937073805,4.572498257566748,6.379477625477047,5.523305148971113,5.6787444237495865,23.157762712762736,4.90593777300195,4.90593777300195,1.1416440546955953,5.5502562966831634,4.973001866541688,13.374536403609545,8.591394045055683,7.217480589356184,7.336569075142203,9.881335005174787,8.433443204843659,9.072769533490362,9.643152266427986,9.191860171959808,9.94401476512394,4.397004210860285,5.424902181380988,5.907516365229141,5.907516365229141,22.02311892172211,14.751666415409275,9.793583405541428,1.369777805565818,23.033924500259573,9.980836713766676,5.732020035805626,10.439186214430487,13.266096818743712,17.898386946744626,10.426650198894446,13.36011957358597,22.98379579789664,20.45853073004208,21.36086582976047,21.74310261163074,20.34938550802164,5.4311698835117435,20.34938550802164,16.79514326843876,20.34938550802164,4.616371816125293,4.102425592770887,4.447145336439933,18.587920267392278,18.587920267392278,18.38105978482978,4.566230607872539,2.5480673107411107,2.2785640354752337,10.332630131213886,8.157656606250274,17.76674929391751,14.720325062653938,19.371486481733925,6.665914667711125,6.020335592602845,21.239532465207617
17.76109883223302,16.331648830896444,16.331648830896444,3.398068731776017,1.8430156847417123,3.398068731776017,3.598641577833173,1.8430156847417123,3.3516863169282005,1.8430156847417123,1.0,1.0,1.0,5.625494430791817,1.0,6.501682492815668,6.465331491622971,6.193325315434772,1.0,6.193325315434772,0.0,6.465331491622971,1.217491116120741,1.217491116120741,31.63845038915776,41.73729549171679,31.598348762530378,34.016323514900584,1.3716768348027595,1.4193115426365566,1.3716768348027595,1.247575781631293,1.3716768348027595,1.3716768348027595,1.2651254346243275,1.5145808919702626,5.578488422060813,5.578488422060813,2.620827058553709,1.186152310160841,1.6700201668225216,1.5145808919702626,17.964437441778568,2.2873875430282635,2.2873875430282635,6.051681260823931,1.6430690190980877,2.2203234494671946,8.181211098690918,3.398068731776017,2.024155274675306,2.143243760565099,4.688009693617174,3.2401178913801787,3.8794442208072883,4.449826954522773,3.9985348594327865,4.7506894536600335,2.7963211052970918,1.7684231344564008,1.2858089503717078,1.2858089503717078,16.829793645644294,9.558341113900624,4.6002580938541895,6.56310312075692,28.227249744517035,15.174162014113262,1.4613052798876174,5.2458609037395085,8.072771513575606,12.705061654709109,5.23332488818318,8.166794268634018,28.17712104244704,25.65185598857556,26.5541910834718,26.93642786324092,15.156060224984483,1.762155432322927,15.156060224984483,11.601817972815736,15.156060224984483,2.5769534999847936,3.090899723432069,2.746179979707641,13.3945949777449,13.3945949777449,13.187734494454176,2.627094708249362,4.645258005362003,4.9147612805523515,5.13930482035168,2.964331292480007,12.573424001438836,9.526999761062696,14.178161194936603,1.4725893525933855,1.1729897229347568,16.04620718578939
12.295767364231397,10.866317358144002,10.866317358144002,8.863400221049694,7.30834717570206,8.863400221049694,9.063973066845461,7.30834717570206,8.8170178062609,7.30834717570206,6.465331491622971,6.465331491622971,6.465331491622971,1.8398370613153765,6.465331491622971,1.0363510012176274,1.0,1.272006176364289,6.465331491622971,1.272006176364289,6.465331491622971,0.0,6.682822607589705,6.682822607589705,26.17311899386004,36.27196417968513,26.133017366953037,28.550992136904025,6.093654657056123,6.046019949250073,6.093654657056123,6.217755710152647,6.093654657056123,6.093654657056123,6.200206057170443,5.950750599970164,1.8868430700682854,1.8868430700682854,4.844504433845817,6.651483801652724,5.795311325200826,5.950750599970164,23.429768886047572,5.1779439492649875,5.1779439492649875,1.4136502310595205,5.822262472911315,5.245008042801335,13.646542579003455,8.863400221049694,7.489486765470172,7.608575251246716,10.153341181034865,8.705449380852652,9.344775709436803,9.915158442314345,9.463866347894038,10.216020940976987,4.669010387147239,5.69690835761633,6.1795225414357295,6.1795225414357295,22.295125095312198,15.023672590577892,10.065589581411269,1.0977716292017534,22.761918326876167,9.708830537888135,6.004026212023004,10.71119239022626,13.538102994154364,18.17039312131038,10.698656374691701,13.632125748982116,22.71178962449959,20.186524555998275,21.088859655938634,21.471096437905995,20.62139168203299,5.703176059746729,20.62139168203299,17.067149443229816,20.62139168203299,4.888377992402331,4.374431769070216,4.719151512724672,18.859926441809563,18.859926441809563,18.653065959292228,4.8382367841518965,2.820073487087915,2.5505702118272193,10.60463630702224,8.429662782284689,18.03875546851094,14.992331237827939,19.643492655975376,6.937920843866697,6.292341768802295,21.511538638999237
