0.0,1.0,1.0,1.8213916677499609,1.0091961880124303,2.7021518561343947,3.0211010326939443,1.8213916677499609,28.351582727642818,28.50338064709486,28.419745388119807,1.7398710766014354,1.7398710766014354,1.7398710766014354,1.7398710766014354,1.7666233272502363,1.7398710766014354,2.0512833465003197,1.4447596175872914,17.847817163754176,17.769630367903087,17.769630367903087,17.52712643559665,22.857393754756053,22.671320793773347,22.857393754756053,25.24669915727014,25.24669915727014,25.24669915727014,1.7398710766014354,1.7398710766014354,1.9492907591467459,1.4660779101104873,1.4694219553913856,1.256656748642988,5.0042207525587274,7.465225160241077,7.482365130991167,4.169685174081419,2.9399500309729167,2.7342953618414967,1.2666889147057532,5.305623194927394,5.149278350370836,23.11455160097757,20.049627461411962,21.885638520838004,23.11455160097757,18.863835521143084,22.758294159751564,2.2180659793957727,1.4363995010564683,1.9137727215276386,1.9505447672941454,5.361361876169377,1.9095925806524119,1.7290029717928754,1.5208405955839162,32.07177417412396,25.6485488797327,28.437726960177613,9.388273049375847,10.341455948037085,9.388273049375847,10.50032105532428,10.190952502396195,7.364893710250381,3.4646226077371036,4.848294628678008,17.620364914779508,17.6663570365029,17.122815755701794,24.109740664164363,20.116527477944114,23.093644422921187,20.5973732710663,30.930102190615223,33.97460313381864,27.722649480579918,1.859430910080134,4.722885135370135,1.3904188418965846,1.0401288294856168,4.366557782619898,1.4280393835101493,10.90584681728175,9.287938779767726,7.699332448965276,4.053066100600185,3.5347567025351947,3.024803301723828,3.4228202630644704,7.9125379980520165,8.150827339025266,27.061941257180756,28.935358386909755,29.583539200427744,20.940239291298184,23.482518980178106,25.213664789723527
1.0,0.0,1.0,1.8213916677499609,1.0091961880124303,2.7021518561343947,3.0211010326939443,1.8213916677499609,28.351582727642818,28.50338064709486,28.419745388119807,1.7398710766014354,1.7398710766014354,1.7398710766014354,1.7398710766014354,1.7666233272502363,1.7398710766014354,2.0512833465003197,1.4447596175872914,17.847817163754176,17.769630367903087,17.769630367903087,17.52712643559665,22.857393754756053,22.671320793773347,22.857393754756053,25.24669915727014,25.24669915727014,25.24669915727014,1.7398710766014354,1.7398710766014354,1.9492907591467459,1.4660779101104873,1.4694219553913856,1.256656748642988,5.0042207525587274,7.465225160241077,7.482365130991167,4.169685174081419,2.9399500309729167,2.7342953618414967,1.2666889147057532,5.305623194927394,5.149278350370836,23.11455160097757,20.049627461411962,21.885638520838004,23.11455160097757,18.863835521143084,22.758294159751564,2.2180659793957727,1.4363995010564683,1.9137727215276386,1.9505447672941454,5.361361876169377,1.9095925806524119,1.7290029717928754,1.5208405955839162,32.07177417412396,25.6485488797327,28.437726960177613,9.388273049375847,10.341455948037085,9.388273049375847,10.50032105532428,10.190952502396195,7.364893710250381,3.4646226077371036,4.848294628678008,17.620364914779508,17.6663570365029,17.122815755701794,24.109740664164363,20.116527477944114,23.093644422921187,20.5973732710663,30.930102190615223,33.97460313381864,27.722649480579918,1.859430910080134,4.722885135370135,1.3904188418965846,1.0401288294856168,4.366557782619898,1.4280393835101493,10.90584681728175,9.287938779767726,7.699332448965276,4.053066100600185,3.5347567025351947,3.024803301723828,3.4228202630644704,7.9125379980520165,8.150827339025266,27.061941257180756,28.935358386909755,29.583539200427744,20.940239291298184,23.482518980178106,25.213664789723527
1.0,1.0,0.0,1.8213916677499609,1.0091961880124303,2.7021518561343947,3.0211010326939443,1.8213916677499609,28.351582727642818,28.50338064709486,28.419745388119807,1.7398710766014354,1.7398710766014354,1.7398710766014354,1.7398710766014354,1.7666233272502363,1.7398710766014354,2.0512833465003197,1.4447596175872914,17.847817163754176,17.769630367903087,17.769630367903087,17.52712643559665,22.857393754756053,22.671320793773347,22.857393754756053,25.24669915727014,25.24669915727014,25.24669915727014,1.7398710766014354,1.7398710766014354,1.9492907591467459,1.4660779101104873,1.4694219553913856,1.256656748642988,5.0042207525587274,7.465225160241077,7.482365130991167,4.169685174081419,2.9399500309729167,2.7342953618414967,1.2666889147057532,5.305623194927394,5.149278350370836,23.11455160097757,20.049627461411962,21.885638520838004,23.11455160097757,18.863835521143084,22.758294159751564,2.2180659793957727,1.4363995010564683,1.9137727215276386,1.9505447672941454,5.361361876169377,1.9095925806524119,1.7290029717928754,1.5208405955839162,32.07177417412396,25.6485488797327,28.437726960177613,9.388273049375847,10.341455948037085,9.388273049375847,10.50032105532428,10.190952502396195,7.364893710250381,3.4646226077371036,4.848294628678008,17.620364914779508,17.6663570365029,17.122815755701794,24.109740664164363,20.116527477944114,23.093644422921187,20.5973732710663,30.930102190615223,33.97460313381864,27.722649480579918,1.859430910080134,4.722885135370135,1.3904188418965846,1.0401288294856168,4.366557782619898,1.4280393835101493,10.90584681728175,9.287938779767726,7.699332448965276,4.053066100600185,3.5347567025351947,3.024803301723828,3.4228202630644704,7.9125379980520165,8.150827339025266,27.061941257180756,28.935358386909755,29.583539200427744,20.940239291298184,23.482518980178106,25.213664789723527
1.8213916677499609,1.8213916677499609,1.8213916677499609,0.0,1.8121954797378426,1.8807601884470102,2.1997093650451887,1.0,27.530191090093748,27.681989009886646,27.59835375072356,2.5612627443031677,2.5612627443031677,2.5612627443031677,2.5612627443031677,2.5880149949493676,2.5612627443031677,2.87267501416808,2.2661512853137413,17.02642550725525,16.948238711297414,16.948238711297414,16.705734778663107,22.0360021061543,21.849929144841045,22.0360021061543,24.425307513167787,24.425307513167787,24.425307513167787,2.5612627443031677,2.5612627443031677,2.770682426826525,2.2874695778353953,2.2908136231160485,2.0780484163813977,4.182829085340596,6.643833494013341,6.660973464772099,4.991076841303055,3.7613416984991894,3.5556870294063803,2.088080582443599,4.484231527803427,4.327886683197077,22.293159952837364,19.22823580812756,21.064246870541634,22.293159952837364,18.042443866077495,21.936902510973407,3.0394576470420085,2.2577911687835126,1.0923810537812015,2.771936434973782,6.1827535429752025,1.0882009129058001,2.550394639495647,1.3005510721725797,31.25038254547712,24.827157236433553,27.616335322821744,8.566881384273268,9.52006428360636,8.566881384273268,9.678929391012879,9.369560837854355,6.543502043972397,2.6432309401561738,4.026902961414137,16.798973257971447,16.844965379757006,16.301424098232488,23.288349017861968,19.29513582476369,22.272252774743254,19.775981618644067,30.108710559114726,33.1532115101673,26.901257841638962,1.0380392423315379,3.9014934680709463,2.211810509626793,1.7812628382656528,5.187949449781028,2.2494310512377815,10.084455153284482,8.466547114598825,6.877940782858046,4.874457767856137,4.356148369929901,3.8461949692331396,2.601428595476447,7.091146332058504,7.329435673163334,26.24054961681284,28.11396675068194,28.762147565699955,20.118847639428303,22.66112733270786,24.392273145555748
1.0091961880124303,1.0091961880124303,1.0091961880124303,1.8121954797378426,0.0,2.6929556681233113,3.0119048446834142,1.8121954797378426,28.342386539978893,28.494184459434813,28.41054920045762,1.7490672646136063,1.7490672646136063,1.7490672646136063,1.7490672646136063,1.7758195152623886,1.7490672646136063,2.0604795345122286,1.4539558055996271,17.838620975874107,17.760434180021793,17.760434180021793,17.517930247711593,22.8481975669663,22.662124605979823,22.8481975669663,25.23750296953167,25.23750296953167,25.23750296953167,1.7490672646136063,1.7490672646136063,1.958486947158751,1.475274098122814,1.478618143403711,1.2658529366553866,4.995024564553772,7.456028972248143,7.473168942998337,4.178881362089136,2.949146218983579,2.7434915498525134,1.275885102718149,5.296427006923605,5.140082162366431,23.105355413193085,20.040431273568714,21.876442333028912,23.105355413193085,18.854639333279454,22.749097971959795,2.2272621674075044,1.4455956890688078,1.9045765335155946,1.959740955306149,5.370558064172892,1.9003963926403644,1.7381991598050544,1.5116444075716102,32.062577986561124,25.63935269200338,28.42853077251589,9.379076861396243,10.332259760065364,9.379076861396243,10.491124867353955,10.18175631442317,7.355697522256847,3.4554264197275018,4.8390984406724815,17.611168726895883,17.657160848619995,17.113619567810588,24.100544476400824,20.10733129010206,23.084448235136268,20.588177083232917,30.920906003019997,33.96540694631244,27.71345329290018,1.8502347220680453,4.713688947364165,1.3996150299089418,1.0309326414731872,4.375753970627014,1.4372355715224918,10.896650629315095,9.278742591787337,7.690136260973781,4.062262288608244,3.5439528905446096,3.0339994897343323,3.4136240750547726,7.903341810061876,8.141631151036687,27.052745069484786,28.92616219926085,29.574343012795882,20.93104310347112,23.47332279240126,25.20446860198432
2.7021518561343947,2.7021518561343947,2.7021518561343947,1.8807601884470102,2.6929556681233113,0.0,1.3189491766153008,1.8807601884470102,26.649430932009338,26.801228852156154,26.717593592797815,3.442022932579521,3.442022932579521,3.442022932579521,3.442022932579521,3.468775183220895,3.442022932579521,3.7534352023842827,3.146911473639081,16.145665329651532,16.067478533585184,16.067478533585184,15.824974600617791,21.155241936636894,20.96916897498338,21.155241936636894,23.544547348292973,23.544547348292973,23.544547348292973,3.442022932579521,3.442022932579521,3.651442615063384,3.1682297661574585,3.1715738114375935,2.9588086047338917,3.302068897221377,5.763073306768613,5.780213277535359,5.871837028879504,4.6421018864959755,4.436447217460234,2.968840770794725,3.603471339762215,3.447126495114388,21.41239978379528,18.34747563380297,20.183486699281165,21.41239978379528,17.161683689933305,21.056142341274406,3.9202178352224237,3.138551357110127,1.788379134669068,3.6526966232103932,7.063513730015,1.7925592755443382,3.431154827773943,2.1813112606037004,30.369622396654936,23.946397072389367,26.73557516493793,7.686121198088515,8.639304098069399,7.686121198088515,8.798169205591773,8.488800652209722,5.662741856681436,1.7624707517652247,3.146142773257751,15.918213080053578,15.964205201902283,15.42066391964347,22.407588850714713,18.414375650545477,21.391492605662304,18.89522144520223,29.22795040731963,32.27245136655672,26.020497682109966,1.842720946116907,3.0207332798862434,3.092570697960303,2.6620230266545475,6.068709637277597,3.130191239565664,9.203694968169318,7.585786928350602,5.997180595724697,5.755217955478264,5.236908557740297,4.726955157205275,1.7206684070810772,6.210386145030854,6.448675486258619,25.35978945580408,27.23320659396979,27.88138741054688,19.238087466552614,21.780367164356125,23.511512980613286
3.0211010326939443,3.0211010326939443,3.0211010326939443,2.1997093650451887,3.0119048446834142,1.3189491766153008,0.0,2.1997093650451887,26.330481765890593,26.48227968616262,26.398644426735203,3.7609721090855475,3.7609721090855475,3.7609721090855475,3.7609721090855475,3.787724359724655,3.7609721090855475,4.072384378862473,3.465860650168585,15.826716156668471,15.748529360564346,15.748529360564346,15.506025427481045,20.836292766484735,20.65021980471162,20.836292766484735,23.22559817977558,23.22559817977558,23.22559817977558,3.7609721090855475,3.7609721090855475,3.9703917915510387,3.487178942685361,3.4905229879652437,3.277757781276886,2.983119720680026,5.444124130496099,5.461264101265405,6.190786205084839,4.9610510628774325,4.755396393866357,3.287789947337029,3.284522163243254,3.128177318583446,21.093450613810248,18.028526461964574,19.86453752851669,21.093450613810248,16.842734517459036,20.73719317105841,4.239167011684414,3.4575005336402542,2.107328311270223,3.9716457996979324,7.382462906002828,2.1115084521453644,3.750104004280885,2.5002604371902817,30.050673233818003,23.62744790416496,26.41662599889015,7.367172022162464,8.320354922359403,7.367172022162464,8.479220029920643,8.169851476463657,5.343792680394128,1.443521575155403,2.827193596705971,15.599263906961175,15.645256028831858,15.101714746317697,22.08863968139651,18.0954264787443,21.0725434356636,18.576272273672853,28.909001243428303,31.953502205570068,25.701548515480326,2.1616701227163446,2.7017841033266476,3.411519874493822,2.980972203216492,6.3876588134501775,3.4491404160964136,8.884745792601095,7.266837752403518,5.678231419487967,6.074167131702407,5.555857734042694,5.045904333576155,1.4017192304704666,5.891436968828254,6.129726310095905,25.04084028865142,26.914257428336633,27.56243824546571,18.919138295221593,21.461417994613942,23.19256381207204
1.8213916677499609,1.8213916677499609,1.8213916677499609,1.0,1.8121954797378426,1.8807601884470102,2.1997093650451887,0.0,27.530191090093748,27.681989009886646,27.59835375072356,2.5612627443031677,2.5612627443031677,2.5612627443031677,2.5612627443031677,2.5880149949493676,2.5612627443031677,2.87267501416808,2.2661512853137413,17.02642550725525,16.948238711297414,16.948238711297414,16.705734778663107,22.0360021061543,21.849929144841045,22.0360021061543,24.425307513167787,24.425307513167787,24.425307513167787,2.5612627443031677,2.5612627443031677,2.770682426826525,2.2874695778353953,2.2908136231160485,2.0780484163813977,4.182829085340596,6.643833494013341,6.660973464772099,4.991076841303055,3.7613416984991894,3.5556870294063803,2.088080582443599,4.484231527803427,4.327886683197077,22.293159952837364,19.22823580812756,21.064246870541634,22.293159952837364,18.042443866077495,21.936902510973407,3.0394576470420085,2.2577911687835126,1.0923810537812015,2.771936434973782,6.1827535429752025,1.0882009129058001,2.550394639495647,1.3005510721725797,31.25038254547712,24.827157236433553,27.616335322821744,8.566881384273268,9.52006428360636,8.566881384273268,9.678929391012879,9.369560837854355,6.543502043972397,2.6432309401561738,4.026902961414137,16.798973257971447,16.844965379757006,16.301424098232488,23.288349017861968,19.29513582476369,22.272252774743254,19.775981618644067,30.108710559114726,33.1532115101673,26.901257841638962,1.0380392423315379,3.9014934680709463,2.211810509626793,1.7812628382656528,5.187949449781028,2.2494310512377815,10.084455153284482,8.466547114598825,6.877940782858046,4.874457767856137,4.356148369929901,3.8461949692331396,2.601428595476447,7.091146332058504,7.329435673163334,26.24054961681284,28.11396675068194,28.762147565699955,20.118847639428303,22.66112733270786,24.392273145555748
28.351582727642818,28.351582727642818,28.351582727642818,27.530191090093748,28.342386539978893,26.649430932009338,26.330481765890593,27.530191090093748,0.0,1.151797925220645,1.068162663059444,29.09145377543473,29.09145377543473,29.09145377543473,29.09145377543473,29.118206025013315,29.09145377543473,29.402866032752414,28.796342328094312,11.50376580869953,11.581952605230521,11.581952605230521,11.824456539538227,6.494189138921076,6.680262104069158,6.494189138921076,4.104883674430891,4.104883674430891,4.104883674430891,29.09145377543473,29.09145377543473,29.30087344954909,28.81766061978234,28.821004664932108,28.6082394664644,24.347362104601675,21.886357754426204,21.869217784017692,31.521267767588736,30.29153267983911,30.085878019554904,28.61827163213955,24.045959670179407,24.202304510645455,6.237031286785594,9.301955484957027,7.465944393538787,6.237031286785594,10.487747440938781,6.593288736155875,29.569648658798844,28.787982211890668,27.4378100395954,29.30212745764564,32.71294441201502,27.441990180322748,29.080585671060373,27.83074215142675,4.720191606133071,3.703033939997787,1.0861442358006508,19.963309898531378,19.010127012544704,19.963309898531378,18.851261907125092,19.16063045635179,21.986689202401102,25.886960204896287,24.503288224272428,11.731218059605157,11.685225937502851,12.228767222408104,5.241842198992367,9.235055467422603,6.257938465329605,8.754209666732786,3.57851956957741,6.62302066221031,1.6289332702870931,27.492151849116752,24.6286977141453,28.74200155452676,28.31145389967624,31.718140366873758,28.77962209467132,18.445736149617705,20.06364416665882,21.65225047029694,31.404648699537976,30.886339325150548,30.37638594690537,25.92876254826813,21.439044925262596,21.200755588669278,2.289641516909836,1.5837756817988191,2.2319565214342294,8.411343640714751,5.869063898805354,4.137918042941733
28.50338064709486,28.50338064709486,28.50338064709486,27.681989009886646,28.494184459434813,26.801228852156154,26.48227968616262,27.681989009886646,1.151797925220645,0.0,1.0836352621612442,29.243251694570844,29.243251694570844,29.243251694570844,29.243251694570844,29.270003944137848,29.243251694570844,29.55466395175302,28.948140247357454,11.655563733063543,11.733750529581817,11.733750529581817,11.976254463849484,6.645987063904438,6.832060029036392,6.645987063904438,4.256681599574209,4.256681599574209,4.256681599574209,29.243251694570844,29.243251694570844,29.45267136859425,28.96945853903635,28.972802584184688,28.760037385807816,24.499160025617037,22.03815567627977,22.021015705876763,31.673065685627837,30.443330598444813,30.23767593825308,28.770069551478695,24.197757591302434,24.35410243171281,6.388829211790368,9.453753409640644,7.61774231843208,6.388829211790368,10.639545365459517,6.7450866611307125,29.72144657772627,28.939780131157384,27.58960795942598,29.453925376690247,32.86474232948278,27.593788100151624,29.232383590201188,27.982540071096135,4.568393681013868,3.854831865159423,1.0656536894200372,20.115107820974995,19.161924935259698,20.115107820974995,19.00305982988396,19.31242837902486,22.138487124222312,26.038758125339818,24.655086145231547,11.883015983931916,11.837023861837206,12.380565146650602,5.393640124070469,9.38685339211477,6.409736390332677,8.906007591484366,3.4267216444045867,6.471222737224699,1.7807311955039842,27.643949768925186,24.7804956350589,28.893799473813143,28.463251819145178,31.869938284819995,28.931420013941626,18.5975340724868,20.215442089073054,21.804048392225376,31.556446617631817,31.038137243485114,30.528183865472723,26.08056046869563,21.59084284725849,21.35255351073973,2.441439442116268,1.4319777565801017,2.0801585962237557,8.563141565506532,6.0208618238390095,4.289715968083436
28.419745388119807,28.419745388119807,28.419745388119807,27.59835375072356,28.41054920045762,26.717593592797815,26.398644426735203,27.59835375072356,1.068162663059444,1.0836352621612442,0.0,29.15961643577007,29.15961643577007,29.15961643577007,29.15961643577007,29.186368685343464,29.15961643577007,29.471028693026994,28.864504988486605,11.571928471377332,11.650115267902633,11.650115267902633,11.892619202192433,6.56235180187555,6.748424767016442,6.56235180187555,4.173046337456505,4.173046337456505,4.173046337456505,29.15961643577007,29.15961643577007,29.369036109843645,28.885823280170527,28.88916732531967,28.676402126892686,24.4155247657795,21.95452041597971,21.93738044557366,31.589430427432173,30.359695339936625,30.154040679693882,28.686434292565924,24.11412233140549,24.270467171846587,6.305193949749608,9.37011814777771,7.534107056453094,6.305193949749608,10.555910103686667,6.661451399106547,29.63781131904062,28.856144872284556,27.5059727002421,29.37029011793995,32.78110707160225,27.510152840968686,29.148748331397826,27.89890481200118,4.6520289431202455,3.7711966030315103,1.017981572741212,20.031472560349282,19.078289674484196,20.031472560349282,18.919424569084235,19.228793118272495,22.054851863940108,25.95512286581779,24.571450885425044,11.799380722266294,11.753388600167385,12.296929885031549,5.310004861989022,9.303218130247105,6.32610112829286,8.822372329583828,3.5103569065401796,6.554857999258019,1.6970959333450324,27.560314509753535,24.69686037527751,28.81016421492947,28.379616560160798,31.786303026675554,28.847784755066822,18.51389881162623,20.13180682846356,21.720413131884,31.47281135940597,30.95450198512647,30.44454860698568,25.99692520918244,21.50720758687988,21.268918250319977,2.357804179963268,1.515613018740408,2.163793858379706,8.47950630358375,5.937226561782231,4.20608070596663
1.7398710766014354,1.7398710766014354,1.7398710766014354,2.5612627443031677,1.7490672646136063,3.442022932579521,3.7609721090855475,2.5612627443031677,29.09145377543473,29.243251694570844,29.15961643577007,0.0,1.0,1.0,1.0,1.0267522506495725,1.0,1.3114122699111992,1.2951114590190806,18.587688229231976,18.50950143348163,18.50950143348163,18.266997501484756,23.597264812826303,23.41119185215227,23.597264812826303,25.986570211147246,25.986570211147246,25.986570211147246,1.0,1.0,1.2094196825527885,1.2737931664957478,1.2704491212148248,1.4832143279631116,5.7440918284460025,8.205096235091752,8.222236205833028,3.42981409776976,2.2000789544590633,1.99442428530494,1.4731821619004284,6.045494270712155,5.889149426209626,23.854422658616983,20.78949852386498,22.625509580491748,23.854422658616983,19.603706585270142,23.498165217986532,1.4781949028162482,1.3034715755499482,2.6536437980722467,1.2106736907002429,4.621490800162293,2.6494636571974226,1.0108681048088575,2.2607116721606557,32.811645213678744,26.388419932862735,29.17759800779045,10.128144123100123,11.081327021100222,10.128144123100123,11.2401921282706,10.930823575568251,8.104764785152208,4.204493684041571,5.588165704615642,18.36023598054911,18.406228102213813,17.86268682209624,24.849611720089925,20.856398540299555,23.833515480595814,21.337244332710554,31.66997323280747,34.714474168761974,28.46252052966252,2.599301986629878,5.462756211346944,1.3494522347099822,1.7799999060858749,3.6266867063511827,1.3118316930963063,11.645717889921306,10.02780985355763,8.43920352369366,3.3131950242644663,2.794885626104925,2.2849322252202704,4.162691339377782,8.65240907266545,8.890698413506186,27.801812307587486,29.675229433477288,30.323410245606052,21.680110352424787,24.22239003719244,25.953535843661523
1.7398710766014354,1.7398710766014354,1.7398710766014354,2.5612627443031677,1.7490672646136063,3.442022932579521,3.7609721090855475,2.5612627443031677,29.09145377543473,29.243251694570844,29.15961643577007,1.0,0.0,1.0,1.0,1.0267522506495725,1.0,1.3114122699111992,1.2951114590190806,18.587688229231976,18.50950143348163,18.50950143348163,18.266997501484756,23.597264812826303,23.41119185215227,23.597264812826303,25.986570211147246,25.986570211147246,25.986570211147246,1.0,1.0,1.2094196825527885,1.2737931664957478,1.2704491212148248,1.4832143279631116,5.7440918284460025,8.205096235091752,8.222236205833028,3.42981409776976,2.2000789544590633,1.99442428530494,1.4731821619004284,6.045494270712155,5.889149426209626,23.854422658616983,20.78949852386498,22.625509580491748,23.854422658616983,19.603706585270142,23.498165217986532,1.4781949028162482,1.3034715755499482,2.6536437980722467,1.2106736907002429,4.621490800162293,2.6494636571974226,1.0108681048088575,2.2607116721606557,32.811645213678744,26.388419932862735,29.17759800779045,10.128144123100123,11.081327021100222,10.128144123100123,11.2401921282706,10.930823575568251,8.104764785152208,4.204493684041571,5.588165704615642,18.36023598054911,18.406228102213813,17.86268682209624,24.849611720089925,20.856398540299555,23.833515480595814,21.337244332710554,31.66997323280747,34.714474168761974,28.46252052966252,2.599301986629878,5.462756211346944,1.3494522347099822,1.7799999060858749,3.6266867063511827,1.3118316930963063,11.645717889921306,10.02780985355763,8.43920352369366,3.3131950242644663,2.794885626104925,2.2849322252202704,4.162691339377782,8.65240907266545,8.890698413506186,27.801812307587486,29.675229433477288,30.323410245606052,21.680110352424787,24.22239003719244,25.953535843661523
1.7398710766014354,1.7398710766014354,1.7398710766014354,2.5612627443031677,1.7490672646136063,3.442022932579521,3.7609721090855475,2.5612627443031677,29.09145377543473,29.243251694570844,29.15961643577007,1.0,1.0,0.0,1.0,1.0267522506495725,1.0,1.3114122699111992,1.2951114590190806,18.587688229231976,18.50950143348163,18.50950143348163,18.266997501484756,23.597264812826303,23.41119185215227,23.597264812826303,25.986570211147246,25.986570211147246,25.986570211147246,1.0,1.0,1.2094196825527885,1.2737931664957478,1.2704491212148248,1.4832143279631116,5.7440918284460025,8.205096235091752,8.222236205833028,3.42981409776976,2.2000789544590633,1.99442428530494,1.4731821619004284,6.045494270712155,5.889149426209626,23.854422658616983,20.78949852386498,22.625509580491748,23.854422658616983,19.603706585270142,23.498165217986532,1.4781949028162482,1.3034715755499482,2.6536437980722467,1.2106736907002429,4.621490800162293,2.6494636571974226,1.0108681048088575,2.2607116721606557,32.811645213678744,26.388419932862735,29.17759800779045,10.128144123100123,11.081327021100222,10.128144123100123,11.2401921282706,10.930823575568251,8.104764785152208,4.204493684041571,5.588165704615642,18.36023598054911,18.406228102213813,17.86268682209624,24.849611720089925,20.856398540299555,23.833515480595814,21.337244332710554,31.66997323280747,34.714474168761974,28.46252052966252,2.599301986629878,5.462756211346944,1.3494522347099822,1.7799999060858749,3.6266867063511827,1.3118316930963063,11.645717889921306,10.02780985355763,8.43920352369366,3.3131950242644663,2.794885626104925,2.2849322252202704,4.162691339377782,8.65240907266545,8.890698413506186,27.801812307587486,29.675229433477288,30.323410245606052,21.680110352424787,24.22239003719244,25.953535843661523
1.7398710766014354,1.7398710766014354,1.7398710766014354,2.5612627443031677,1.7490672646136063,3.442022932579521,3.7609721090855475,2.5612627443031677,29.09145377543473,29.243251694570844,29.15961643577007,1.0,1.0,1.0,0.0,1.0267522506495725,1.0,1.3114122699111992,1.2951114590190806,18.587688229231976,18.50950143348163,18.50950143348163,18.266997501484756,23.597264812826303,23.41119185215227,23.597264812826303,25.986570211147246,25.986570211147246,25.986570211147246,1.0,1.0,1.2094196825527885,1.2737931664957478,1.2704491212148248,1.4832143279631116,5.7440918284460025,8.205096235091752,8.222236205833028,3.42981409776976,2.2000789544590633,1.99442428530494,1.4731821619004284,6.045494270712155,5.889149426209626,23.854422658616983,20.78949852386498,22.625509580491748,23.854422658616983,19.603706585270142,23.498165217986532,1.4781949028162482,1.3034715755499482,2.6536437980722467,1.2106736907002429,4.621490800162293,2.6494636571974226,1.0108681048088575,2.2607116721606557,32.811645213678744,26.388419932862735,29.17759800779045,10.128144123100123,11.081327021100222,10.128144123100123,11.2401921282706,10.930823575568251,8.104764785152208,4.204493684041571,5.588165704615642,18.36023598054911,18.406228102213813,17.86268682209624,24.849611720089925,20.856398540299555,23.833515480595814,21.337244332710554,31.66997323280747,34.714474168761974,28.46252052966252,2.599301986629878,5.462756211346944,1.3494522347099822,1.7799999060858749,3.6266867063511827,1.3118316930963063,11.645717889921306,10.02780985355763,8.43920352369366,3.3131950242644663,2.794885626104925,2.2849322252202704,4.162691339377782,8.65240907266545,8.890698413506186,27.801812307587486,29.675229433477288,30.323410245606052,21.680110352424787,24.22239003719244,25.953535843661523
1.7666233272502363,1.7666233272502363,1.7666233272502363,2.5880149949493676,1.7758195152623886,3.468775183220895,3.787724359724655,2.5880149949493676,29.118206025013315,29.270003944137848,29.186368685343464,1.0267522506495725,1.0267522506495725,1.0267522506495725,1.0267522506495725,0.0,1.0267522506495725,1.2846600192617472,1.321863709668524,18.614440479461003,18.536253683714378,18.536253683714378,18.293749751728953,23.62401706278226,23.43794410211958,23.62401706278226,26.0133224609491,26.0133224609491,26.0133224609491,1.0267522506495725,1.0267522506495725,1.1826674319032682,1.3005454171452082,1.2972013718642879,1.509966578612349,5.770844079064807,8.231848485670508,8.248988456411446,3.403061847128132,2.173326703811407,1.9676720346566767,1.4999344125496792,6.072246521326936,5.9159016768265245,23.8811749085571,20.816250773982336,22.65226183050598,23.8811749085571,19.63045883544927,23.52491746794855,1.4514426521669694,1.3302238261993842,2.6803960487180403,1.183921440050723,4.594738549530435,2.6762159078432353,1.0376203554584293,2.287463922808021,32.83839746295561,26.415172182637157,29.204350257362474,10.154896373636145,11.108079271611343,10.154896373636145,11.266944378777334,10.957575826083469,8.131517035732916,4.231245934677064,5.614917955236429,18.386988230788926,18.43298035245146,17.889439072359163,24.876363969967034,20.883150790413318,23.860267730537217,21.363996582798098,31.696725482180895,34.741226417870124,28.489272779288427,2.6260542372759135,5.489508461969279,1.3762044853593758,1.8067521567345914,3.5999344557109016,1.3385839437457352,11.672470140416523,10.05456210409613,8.46595577426775,3.286442773622089,2.76813337545967,2.2581799745728968,4.189443590013638,8.67916132323516,8.917450664070856,27.828564557261966,29.701981683011,30.350162495088856,21.706862602493256,24.24914228710957,25.980288093465617
1.7398710766014354,1.7398710766014354,1.7398710766014354,2.5612627443031677,1.7490672646136063,3.442022932579521,3.7609721090855475,2.5612627443031677,29.09145377543473,29.243251694570844,29.15961643577007,1.0,1.0,1.0,1.0,1.0267522506495725,0.0,1.3114122699111992,1.2951114590190806,18.587688229231976,18.50950143348163,18.50950143348163,18.266997501484756,23.597264812826303,23.41119185215227,23.597264812826303,25.986570211147246,25.986570211147246,25.986570211147246,1.0,1.0,1.2094196825527885,1.2737931664957478,1.2704491212148248,1.4832143279631116,5.7440918284460025,8.205096235091752,8.222236205833028,3.42981409776976,2.2000789544590633,1.99442428530494,1.4731821619004284,6.045494270712155,5.889149426209626,23.854422658616983,20.78949852386498,22.625509580491748,23.854422658616983,19.603706585270142,23.498165217986532,1.4781949028162482,1.3034715755499482,2.6536437980722467,1.2106736907002429,4.621490800162293,2.6494636571974226,1.0108681048088575,2.2607116721606557,32.811645213678744,26.388419932862735,29.17759800779045,10.128144123100123,11.081327021100222,10.128144123100123,11.2401921282706,10.930823575568251,8.104764785152208,4.204493684041571,5.588165704615642,18.36023598054911,18.406228102213813,17.86268682209624,24.849611720089925,20.856398540299555,23.833515480595814,21.337244332710554,31.66997323280747,34.714474168761974,28.46252052966252,2.599301986629878,5.462756211346944,1.3494522347099822,1.7799999060858749,3.6266867063511827,1.3118316930963063,11.645717889921306,10.02780985355763,8.43920352369366,3.3131950242644663,2.794885626104925,2.2849322252202704,4.162691339377782,8.65240907266545,8.890698413506186,27.801812307587486,29.675229433477288,30.323410245606052,21.680110352424787,24.22239003719244,25.953535843661523
2.0512833465003197,2.0512833465003197,2.0512833465003197,2.87267501416808,2.0604795345122286,3.7534352023842827,4.072384378862473,2.87267501416808,29.402866032752414,29.55466395175302,29.471028693026994,1.3114122699111992,1.3114122699111992,1.3114122699111992,1.3114122699111992,1.2846600192617472,1.3114122699111992,0.0,1.6065237289274459,18.899100494168486,18.820913698461847,18.820913698461847,18.578409766599307,23.9086770745616,23.722604114020573,23.9086770745616,26.297982471077876,26.297982471077876,26.297982471077876,1.3114122699111992,1.3114122699111992,1.1019925873587486,1.58520543640441,1.5818613911235322,1.7946265978682314,6.055504097977649,8.516508504146127,8.53364847488341,3.118401827940086,1.8886666845647535,1.6830120154044965,1.7845944318057496,6.356906540195634,6.200561695718449,24.165834920166652,21.100910787491713,22.9369218429097,24.165834920166652,19.915118849621223,23.809577479792797,1.1667826329063118,1.6148838454581926,2.9650560679320033,1.1007385792112925,4.310078530440977,2.960875927057419,1.3222803747200012,2.5721239420404767,33.12305746746748,26.699832192472226,29.489010265031332,10.439556391648388,11.392739289354347,10.439556391648388,11.551604396472914,11.242235843870727,8.416177054229784,4.515905953774438,5.899577974171078,18.671648245612232,18.717640367251466,18.174099087430637,25.16102398090167,21.167810803884105,24.144927742160654,21.648656595987767,31.981385487725333,35.0258864205781,28.773932787533916,2.9107142564927004,5.774168480920957,1.6608645046175248,2.0914121759835957,3.315274436536306,1.6232439630044282,11.957130157987754,10.33922212213519,8.750615792692667,3.001782754426605,2.4834733562358946,1.9735199553288807,4.474103609115067,8.963821341612526,9.20211068239352,28.11322456602721,29.986641690269906,30.63482250180316,21.991522615478402,24.533802298472896,26.264948103618323
1.4447596175872914,1.4447596175872914,1.4447596175872914,2.2661512853137413,1.4539558055996271,3.146911473639081,3.465860650168585,2.2661512853137413,28.796342328094312,28.948140247357454,28.864504988486605,1.2951114590190806,1.2951114590190806,1.2951114590190806,1.2951114590190806,1.321863709668524,1.2951114590190806,1.6065237289274459,0.0,18.29257677476712,18.214389978976072,18.214389978976072,17.971886046854102,23.302153361349518,23.116080400551123,23.302153361349518,25.691458761358916,25.691458761358916,25.691458761358916,1.2951114590190806,1.2951114590190806,1.504531141570284,1.0213182925234205,1.024662337804356,1.1881028689453947,5.448980369743435,7.909984776819069,7.927124747563977,3.7249255566894712,2.495190413451218,2.2895357443047786,1.178070702882612,5.750382812052488,5.594037967527364,23.559311207313762,20.494387070621304,22.33039812837687,23.559311207313762,19.30859513135084,23.203053766443382,1.7733063618297802,1.0083601165309055,2.3585323390868664,1.5057851497177248,4.91660225896847,2.3543521982118545,1.2842433542102696,1.9656002131598376,32.51653376964869,26.093308483375075,28.882486560522036,9.833032665289558,10.786215563559727,9.833032665289558,10.94508067077776,10.635712117983307,7.809653326858454,3.909382225162324,5.293054245891946,18.065124525966347,18.111116647654764,17.56757536726093,24.554500269476943,20.561287087095252,23.538404029278407,21.042132879793126,31.374861787717787,34.41936272658397,28.16740908180309,2.3041905276420866,5.167644752606785,1.0543407756911864,1.4848884470724684,3.9217981652550784,1.0167202340773038,11.35060643255353,9.73269839572022,8.14409206547132,3.608306483192996,3.0899970850677096,2.580043684208884,3.8675798804947283,8.357297614490381,8.595586955385563,27.506700859195494,29.380117986629134,30.028298799316346,21.384998899716127,23.927278586140996,25.658424393848687
17.847817163754176,17.847817163754176,17.847817163754176,17.02642550725525,17.838620975874107,16.145665329651532,15.826716156668471,17.02642550725525,11.50376580869953,11.655563733063543,11.571928471377332,18.587688229231976,18.587688229231976,18.587688229231976,18.587688229231976,18.614440479461003,18.587688229231976,18.899100494168486,18.29257677476712,0.0,1.078186796969703,1.078186796969703,1.3206907326794037,6.009576684364386,5.823503719150475,6.009576684364386,8.398882146439558,8.398882146439558,8.398882146439558,18.587688229231976,18.587688229231976,18.797107908458468,18.31389506696668,18.317239112196745,18.104473908644664,13.843596455134847,11.382592060847877,11.365452090154774,21.017502283582157,19.787767163566432,19.582112498043934,18.11450607455846,13.542194014963233,13.698538858399518,6.266734536530439,3.2018103334325985,5.037821428998204,6.266734536530439,2.016018372871569,5.910477087099095,19.065883124337926,18.284216658363,16.93404445467069,18.798361916585765,22.209178960818242,16.938224595492244,18.5768201245936,17.326976575438525,15.22395738681947,8.800731879872405,11.589910044017039,9.459544174975708,8.50636127559017,9.459544174975708,8.347496168031427,8.656864721448567,11.482923510494913,15.383194586309267,13.999522577817965,1.2274522521999027,1.1814601298314553,1.7250014180255802,7.2619236237815725,3.268710351180913,6.245827357986559,3.7495561532683688,14.082285360416746,17.126786422914435,10.874832541701894,16.988386265418136,14.124932070132449,18.23823599989784,17.80768833484507,21.21437488818288,18.275856540943263,7.941970405185421,9.559878444569813,11.148484772858646,20.900883212402142,20.38257382428274,19.872620432807178,15.424996930554801,10.935279224359768,10.696989883951622,10.214124298083966,12.08754148707058,12.735722322477729,4.092422180133193,6.634701924432528,8.365847778003335
17.769630367903087,17.769630367903087,17.769630367903087,16.948238711297414,17.760434180021793,16.067478533585184,15.748529360564346,16.948238711297414,11.581952605230521,11.733750529581817,11.650115267902633,18.50950143348163,18.50950143348163,18.50950143348163,18.50950143348163,18.536253683714378,18.50950143348163,18.820913698461847,18.214389978976072,1.078186796969703,0.0,1.0,1.242503935710008,6.087763481233426,5.901690516026797,6.087763481233426,8.477068943190826,8.477068943190826,8.477068943190826,18.50950143348163,18.50950143348163,18.71892111273743,18.235708271178552,18.239052316409072,18.02628711282803,13.765409658813986,11.304405264301451,11.287265293606946,20.939315488193294,19.709580367988753,19.503925702435858,18.036319278743186,13.464007218612162,13.620352062064029,6.3449213333889665,3.2799971303824687,5.116008225902262,6.3449213333889665,2.0942051698368793,5.988663883972049,18.987696328655012,18.206029862570805,16.85585765870118,18.72017512086491,22.130992165623834,16.860037799523262,18.49863332884174,17.24878977951913,15.302144182986565,8.878918676599447,11.668096840540835,9.38135737828646,8.428174478840996,9.38135737828646,8.269309371272968,8.578677924708378,11.404736713956744,15.305007790153956,13.921335781513012,1.1492654552303339,1.1032733328618263,1.6468146210577304,7.340110420594498,3.3468971481295804,6.324014154845961,3.827742950207357,14.160472156707096,17.204973218853308,10.953019338283639,16.910199469455478,14.046745273840434,18.160049204099373,17.729501538988647,21.136188092825364,18.197669745149927,7.863783608404157,9.481691647887292,11.070297976293265,20.822696416994862,20.304387028794892,19.79443363724214,15.346810134404253,10.857092427777504,10.618803087350914,10.292311094715675,12.165728283551674,12.813909118900275,4.170608977064164,6.712888721275106,8.444034574756541
17.769630367903087,17.769630367903087,17.769630367903087,16.948238711297414,17.760434180021793,16.067478533585184,15.748529360564346,16.948238711297414,11.581952605230521,11.733750529581817,11.650115267902633,18.50950143348163,18.50950143348163,18.50950143348163,18.50950143348163,18.536253683714378,18.50950143348163,18.820913698461847,18.214389978976072,1.078186796969703,1.0,0.0,1.242503935710008,6.087763481233426,5.901690516026797,6.087763481233426,8.477068943190826,8.477068943190826,8.477068943190826,18.50950143348163,18.50950143348163,18.71892111273743,18.235708271178552,18.239052316409072,18.02628711282803,13.765409658813986,11.304405264301451,11.287265293606946,20.939315488193294,19.709580367988753,19.503925702435858,18.036319278743186,13.464007218612162,13.620352062064029,6.3449213333889665,3.2799971303824687,5.116008225902262,6.3449213333889665,2.0942051698368793,5.988663883972049,18.987696328655012,18.206029862570805,16.85585765870118,18.72017512086491,22.130992165623834,16.860037799523262,18.49863332884174,17.24878977951913,15.302144182986565,8.878918676599447,11.668096840540835,9.38135737828646,8.428174478840996,9.38135737828646,8.269309371272968,8.578677924708378,11.404736713956744,15.305007790153956,13.921335781513012,1.1492654552303339,1.1032733328618263,1.6468146210577304,7.340110420594498,3.3468971481295804,6.324014154845961,3.827742950207357,14.160472156707096,17.204973218853308,10.953019338283639,16.910199469455478,14.046745273840434,18.160049204099373,17.729501538988647,21.136188092825364,18.197669745149927,7.863783608404157,9.481691647887292,11.070297976293265,20.822696416994862,20.304387028794892,19.79443363724214,15.346810134404253,10.857092427777504,10.618803087350914,10.292311094715675,12.165728283551674,12.813909118900275,4.170608977064164,6.712888721275106,8.444034574756541
