1000.0,1.0842080375756007,1.0710505349532649,1.0,1.0710505349532649,1.0192976796379765,1.0,1.0736820355791075,1.0692962346045463,107.83570113773457,104.51845900440685,104.51845900440685,107.91821620736033,140.30552726511988,132.1779449876212,139.6742337554243,132.30964029257862,126.88828331550185,126.88828331550185,132.46591887765578,140.87536203473047,140.48727709270315,126.88828331550185,133.37374278227145,117.75452742886463,91.50742768332486,92.86000045297702,11.405335445538464,11.405335445538464,9.660533900239738,161.07654194100388,156.28985433310262,147.8654604613855,120.12218985732257,120.20207829455995,108.67314351148123,108.63188575407275,108.63188575407275,108.63188575407275,108.63188575407275,108.63188575407275,108.63188575407275,119.51468802882539,120.7288163547985,119.51468802882539,17.868040368950894,17.868040368950894,16.911818929675924,60.953733955450616,60.953733955450616,3.9025759630531547,14.043192791085625,22.131637252580216,7.972772172766587,21.517531137655606,22.70188099499824,15.885423181281208,18.83304093314476,12.192213662676785,120.27318781999463,125.53187860673442,122.93323607793367,129.59674136622553,129.6055208918306,110.50254193531296,118.49107081312236,112.0299845578599,125.97084313116007,128.83292469134528,137.63901152405523,128.420289785323,135.33866560497404,142.81931459263058,140.94911585259024,91.1563401417893,101.90878513806638,96.49296332395306,2.139444860349392,2.490314997254041,6.2095911255134535,152.88192822996905,150.01058708108314,150.80085874182615,96.49296332395306,107.45648355448807,100.09178489499416,108.71176780575121,115.30438464006411,117.72731314489576,110.97657411572773,111.45060785937528,119.96592469085442,95.98386901066512,106.06953887720783,112.3196737828042,28.790470636674268,25.25484610881386,31.11543243830254,50.48865217331683,50.48865217331683
1.0842080375756007,1000.0,1.0131575026223367,1.0842080375756007,1.0131575026223367,1.0649103579376256,1.0842080375756007,1.0105260019964941,1.1535042721801365,107.9199091640961,104.60266703145184,104.60266703145184,108.00242423370459,140.3897352836656,132.26215300831475,139.7584417741414,132.3938483132384,126.97249133752466,126.97249133752466,132.5501268982754,140.9595700531208,140.57148511119942,126.97249133752466,133.45795080265702,117.8387354530552,91.59163571284411,92.9442084822544,11.489543483006361,11.489543483006361,9.744741937740601,161.1607499534815,156.37406234705236,147.9496684778189,120.20639788096675,120.28628631818549,108.75735153766685,108.71609378026706,108.71609378026706,108.71609378026706,108.71609378026706,108.71609378026706,108.71609378026706,119.59889605261078,120.81302437830091,119.59889605261078,17.952248406244422,17.952248406244422,16.996026967000443,61.0379419894837,61.0379419894837,3.9867840006201978,14.127400828492293,22.21584528971367,8.056980210293624,21.60173917481433,22.78608903210758,15.969631218636982,18.91724897040519,12.276421700127857,120.35739584360361,125.61608662908938,123.01744410091499,129.68094938757446,129.6897289131773,110.58674996110955,118.57527883714414,112.11419258332671,126.05505115340793,128.91713271288572,137.7232195433197,128.50449780696636,135.4228736248475,142.90352261048616,141.03332387096046,91.24054817137078,101.99299316563403,96.57717135256314,2.223652897923616,2.574523034827325,6.2937991630618315,152.96613624493997,150.09479509689712,150.88506675740965,96.57717135256314,107.54069158092884,100.17599292291793,108.7959758319287,115.3885926648087,117.81152116909252,111.06078214142246,111.53481588496771,120.050132714535,96.06807703937025,106.15374690393591,112.40388180820793,28.87467867348617,25.339054145807367,31.19964047498164,50.57286020847662,50.57286020847662
1.0710505349532649,1.0131575026223367,1000.0,1.0710505349532649,1.0,1.0517528553152893,1.0710505349532649,1.0026315006258426,1.1403467695578031,107.90675166322713,104.58950953047606,104.58950953047606,107.98926673283832,140.37657778401822,132.24899550833166,139.74528427446725,132.3806908132606,126.95933383733383,126.95933383733383,132.53696939830385,140.9464125534977,140.55832761155975,126.95933383733383,133.44479330272205,117.82557795252555,91.57847821148157,92.93105098092968,11.476385980400966,11.476385980400966,9.731584435130037,161.14759245478248,156.36090484812323,147.93651097850162,120.19324038052251,120.27312881774415,108.74419403682538,108.70293627942424,108.70293627942424,108.70293627942424,108.70293627942424,108.70293627942424,108.70293627942424,119.58573855214445,120.7998668778788,119.58573855214445,17.939090903666347,17.939090903666347,16.98286946441751,61.02478448741553,61.02478448741553,3.97362649799923,14.114243325896497,22.20268778716065,8.043822707678952,21.588581672257355,22.772931529558335,15.956473716049157,18.90409146783229,12.2632641975251,120.34423834316485,125.60292912884664,123.00428660057435,129.66779188748893,129.67657141309212,110.5735924603289,118.56212133664084,112.10103508259758,126.04189365318194,128.90397521277032,137.71006204355993,128.4913403068349,135.4097161249926,142.89036511094662,141.02016637134048,91.22739066999847,101.97983566457653,96.5640138513427,2.210495395301507,2.561365532205367,6.280641660443807,152.95297874585128,150.08163759767666,150.8719092582252,96.5640138513427,107.52753408004746,100.16283542180476,108.7828183310885,115.37543516419244,117.7983636685619,111.04762464065769,111.52165838421897,120.03697521408505,96.05491953813497,106.14058940300968,112.39072430748865,28.861521170983462,25.325896643276252,31.18648297249971,50.5597027062323,50.5597027062323
1.0,1.0842080375756007,1.0710505349532649,1000.0,1.0710505349532649,1.0192976796379765,1.0,1.0736820355791075,1.0692962346045463,107.83570113773457,104.51845900440685,104.51845900440685,107.91821620736033,140.30552726511988,132.1779449876212,139.6742337554243,132.30964029257862,126.88828331550185,126.88828331550185,132.46591887765578,140.87536203473047,140.48727709270315,126.88828331550185,133.37374278227145,117.75452742886463,91.50742768332486,92.86000045297702,11.405335445538464,11.405335445538464,9.660533900239738,161.07654194100388,156.28985433310262,147.8654604613855,120.12218985732257,120.20207829455995,108.67314351148123,108.63188575407275,108.63188575407275,108.63188575407275,108.63188575407275,108.63188575407275,108.63188575407275,119.51468802882539,120.7288163547985,119.51468802882539,17.868040368950894,17.868040368950894,16.911818929675924,60.953733955450616,60.953733955450616,3.9025759630531547,14.043192791085625,22.131637252580216,7.972772172766587,21.517531137655606,22.70188099499824,15.885423181281208,18.83304093314476,12.192213662676785,120.27318781999463,125.53187860673442,122.93323607793367,129.59674136622553,129.6055208918306,110.50254193531296,118.49107081312236,112.0299845578599,125.97084313116007,128.83292469134528,137.63901152405523,128.420289785323,135.33866560497404,142.81931459263058,140.94911585259024,91.1563401417893,101.90878513806638,96.49296332395306,2.139444860349392,2.490314997254041,6.2095911255134535,152.88192822996905,150.01058708108314,150.80085874182615,96.49296332395306,107.45648355448807,100.09178489499416,108.71176780575121,115.30438464006411,117.72731314489576,110.97657411572773,111.45060785937528,119.96592469085442,95.98386901066512,106.06953887720783,112.3196737828042,28.790470636674268,25.25484610881386,31.11543243830254,50.48865217331683,50.48865217331683
1.0710505349532649,1.0131575026223367,1.0,1.0710505349532649,1000.0,1.0517528553152893,1.0710505349532649,1.0026315006258426,1.1403467695578031,107.90675166322713,104.58950953047606,104.58950953047606,107.98926673283832,140.37657778401822,132.24899550833166,139.74528427446725,132.3806908132606,126.95933383733383,126.95933383733383,132.53696939830385,140.9464125534977,140.55832761155975,126.95933383733383,133.44479330272205,117.82557795252555,91.57847821148157,92.93105098092968,11.476385980400966,11.476385980400966,9.731584435130037,161.14759245478248,156.36090484812323,147.93651097850162,120.19324038052251,120.27312881774415,108.74419403682538,108.70293627942424,108.70293627942424,108.70293627942424,108.70293627942424,108.70293627942424,108.70293627942424,119.58573855214445,120.7998668778788,119.58573855214445,17.939090903666347,17.939090903666347,16.98286946441751,61.02478448741553,61.02478448741553,3.97362649799923,14.114243325896497,22.20268778716065,8.043822707678952,21.588581672257355,22.772931529558335,15.956473716049157,18.90409146783229,12.2632641975251,120.34423834316485,125.60292912884664,123.00428660057435,129.66779188748893,129.67657141309212,110.5735924603289,118.56212133664084,112.10103508259758,126.04189365318194,128.90397521277032,137.71006204355993,128.4913403068349,135.4097161249926,142.89036511094662,141.02016637134048,91.22739066999847,101.97983566457653,96.5640138513427,2.210495395301507,2.561365532205367,6.280641660443807,152.95297874585128,150.08163759767666,150.8719092582252,96.5640138513427,107.52753408004746,100.16283542180476,108.7828183310885,115.37543516419244,117.7983636685619,111.04762464065769,111.52165838421897,120.03697521408505,96.05491953813497,106.14058940300968,112.39072430748865,28.861521170983462,25.325896643276252,31.18648297249971,50.5597027062323,50.5597027062323
1.0192976796379765,1.0649103579376256,1.0517528553152893,1.0192976796379765,1.0517528553152893,1000.0,1.0192976796379765,1.054384355941132,1.0885939142425214,107.85499881480422,104.53775668163308,104.53775668163308,107.93751388442602,140.32482494039888,132.1972426633923,139.69353143074252,132.32893796834196,126.90758099157749,126.90758099157749,132.48521655340994,140.8946597099739,140.50657476797085,126.90758099157749,133.39304045797198,117.77382510543694,91.52672536111791,92.87929813071469,11.42463312515191,11.42463312515191,9.679831579860714,161.09583961489258,156.3091520073286,147.88475813618055,120.14148753376969,120.22137597100279,108.6924411885106,108.65118343110407,108.65118343110407,108.65118343110407,108.65118343110407,108.65118343110407,108.65118343110407,119.53398570530484,120.74811403121312,119.53398570530484,17.887338048524477,17.887338048524477,16.9311166092566,60.973031634277646,60.973031634277646,3.9218736426892127,14.062490470685082,22.15093493211717,7.992069852393537,21.536828817198355,22.721178674529682,15.904720860869029,18.852338612710767,12.21151134228639,120.29248549643366,125.55117628288616,122.95253375422891,129.6160390421468,129.62481856775128,110.5218396122532,118.51036848965597,112.04928223472456,125.99014080728728,128.85222236731042,137.6583091994989,128.43958746131173,135.35796328055724,142.8386122677515,140.96841352782906,91.17563781959662,101.92808281541234,96.51226100153785,2.1587425399870694,2.509612676891508,6.228888805145268,152.90122590442903,150.02988475573625,150.82015641642639,96.51226100153785,107.4757812315759,100.11108257242175,108.7310654827787,115.32368231676331,117.74661082146947,110.9958717926446,111.46990553626875,119.98522236730987,96.00316668827166,106.08883655436148,112.3389714596544,28.809768316137635,25.274143788318796,31.13473011773551,50.507949852401914,50.507949852401914
1.0,1.0842080375756007,1.0710505349532649,1.0,1.0710505349532649,1.0192976796379765,1000.0,1.0736820355791075,1.0692962346045463,107.83570113773457,104.51845900440685,104.51845900440685,107.91821620736033,140.30552726511988,132.1779449876212,139.6742337554243,132.30964029257862,126.88828331550185,126.88828331550185,132.46591887765578,140.87536203473047,140.48727709270315,126.88828331550185,133.37374278227145,117.75452742886463,91.50742768332486,92.86000045297702,11.405335445538464,11.405335445538464,9.660533900239738,161.07654194100388,156.28985433310262,147.8654604613855,120.12218985732257,120.20207829455995,108.67314351148123,108.63188575407275,108.63188575407275,108.63188575407275,108.63188575407275,108.63188575407275,108.63188575407275,119.51468802882539,120.7288163547985,119.51468802882539,17.868040368950894,17.868040368950894,16.911818929675924,60.953733955450616,60.953733955450616,3.9025759630531547,14.043192791085625,22.131637252580216,7.972772172766587,21.517531137655606,22.70188099499824,15.885423181281208,18.83304093314476,12.192213662676785,120.27318781999463,125.53187860673442,122.93323607793367,129.59674136622553,129.6055208918306,110.50254193531296,118.49107081312236,112.0299845578599,125.97084313116007,128.83292469134528,137.63901152405523,128.420289785323,135.33866560497404,142.81931459263058,140.94911585259024,91.1563401417893,101.90878513806638,96.49296332395306,2.139444860349392,2.490314997254041,6.2095911255134535,152.88192822996905,150.01058708108314,150.80085874182615,96.49296332395306,107.45648355448807,100.09178489499416,108.71176780575121,115.30438464006411,117.72731314489576,110.97657411572773,111.45060785937528,119.96592469085442,95.98386901066512,106.06953887720783,112.3196737828042,28.790470636674268,25.25484610881386,31.11543243830254,50.48865217331683,50.48865217331683
1.0736820355791075,1.0105260019964941,1.0026315006258426,1.0736820355791075,1.0026315006258426,1.054384355941132,1.0736820355791075,1000.0,1.142978270183645,107.90938316350234,104.5921410307726,104.5921410307726,107.99189823311299,140.3792092840491,132.2516270084297,139.7479157745035,132.38332231335755,126.96196533747339,126.96196533747339,132.53960089839956,140.94904405352375,140.56095911158909,126.96196533747339,133.44742480281047,117.82820945273293,91.5811097118555,92.93368248129602,11.479017481023426,11.479017481023426,9.73421593575353,161.1502239546237,156.36353634801048,147.93914247846652,120.19587188071277,120.27576031793382,108.74682553709508,108.7055677796942,108.7055677796942,108.7055677796942,108.7055677796942,108.7055677796942,108.7055677796942,119.58837005233914,120.80249837806467,119.58837005233914,17.941722404283343,17.941722404283343,16.98550096503548,61.027415987930574,61.027415987930574,3.9762579986248006,14.116874826517039,22.20531928777264,8.046454208303263,21.591213172870134,22.775563030169568,15.959105216668101,18.906722968448253,12.265895698147032,120.346869843354,125.60556062899661,123.00691810074393,129.67042338760749,129.6792029132106,110.57622396058643,118.56475283684293,112.10366658284482,126.04452515332852,128.90660671289476,137.71269354361334,128.49397180696258,135.41234762506502,142.89299661095595,141.0227978713659,91.23002217037435,101.98246716488946,96.56664535168818,2.2131268959273047,2.563997032831135,6.283273161068788,152.95561024577043,150.0842690976222,150.87454075816353,96.56664535168818,107.53016558032517,100.1654669221288,108.78544983135792,115.3780666644171,117.80099516876945,111.05025614091208,111.52428988447012,120.03960671427649,96.05755103848344,106.14322090329631,112.39335580773394,28.864152671585384,25.32852814388385,31.18911447309749,50.56233420678255,50.56233420678255
1.0692962346045463,1.1535042721801365,1.1403467695578031,1.0692962346045463,1.1403467695578031,1.0885939142425214,1.0692962346045463,1.142978270183645,1000.0,107.76640491234494,104.44916277845523,104.44916277845523,107.8489199819849,140.23623104615797,132.10864876689283,139.6049375363214,132.240344071878,126.81898709368022,126.81898709368022,132.39662265698814,140.80606581589632,140.41798087378191,126.81898709368022,133.30444656179637,117.6852312052603,91.43813145533873,92.79070422518978,11.33603921102125,11.33603921102125,9.591237665695616,161.00724572703297,156.22055811792086,147.79616424416088,120.05289363416762,120.1327820714203,108.60384728623629,108.56258952882061,108.56258952882061,108.56258952882061,108.56258952882061,108.56258952882061,108.56258952882061,119.44539180555425,120.65952013176008,119.44539180555425,17.798744134576367,17.798744134576367,16.84252269527601,60.88443772375382,60.88443772375382,3.833279728455289,13.973896556618474,22.06234101833688,7.903475938201134,21.448234903391565,22.632584760774684,15.816126946855707,18.76374469879734,12.122917428173325,120.20389159686863,125.46258238463969,122.86393985532382,129.52744514495814,129.536224670565,110.4332457103879,118.42177458965683,111.96068833320604,125.90154690915342,128.76362846992043,137.56971530450215,128.35099356381346,135.2693693849201,142.75001837423625,140.87981963377268,91.087043913752,101.83948891168495,96.42366709671447,2.070148625745836,2.4210187626512143,6.140294890930658,152.8126320139473,149.94129086436806,150.73156252530055,96.42366709671447,107.38718732903331,100.02248866831995,108.64247158051293,115.23508841600415,117.65801692128629,110.90727789088642,111.38131163461813,119.89662846766953,95.91457278334838,106.0002426515168,112.25037755820216,28.721174402694704,25.18554987468531,31.04613620443198,50.419355940694125,50.419355940694125
107.83570113773457,107.9199091640961,107.90675166322713,107.83570113773457,107.90675166322713,107.85499881480422,107.83570113773457,107.90938316350234,107.76640491234494,1000.0,4.317242558675067,4.317242558675067,1.0825150805516013,33.46983171936399,25.342247799254263,32.83853807628241,25.473943129536774,20.052585145113543,20.052585145113543,25.630221744721556,34.039666610213324,33.65158158553018,20.052585145113543,26.538045825417598,10.918827724556222,17.328275286198288,15.975702389791577,97.4303669412407,97.4303669412407,99.17516829600434,54.24085132789661,49.45416248972972,41.029766588792164,13.286490530956282,13.36637898118628,1.8374424854110323,1.7961847224607865,1.7961847224607865,1.7961847224607865,1.7961847224607865,1.7961847224607865,1.7961847224607865,12.67898860417126,13.893117127483483,12.67898860417126,90.96766265725084,90.96766265725084,91.92388400849727,47.881970671933885,47.881970671933885,104.93312555036249,94.7925098692952,86.70406613832553,100.86292983192449,87.31817220351866,86.13382244124375,92.95027965986075,90.00266217957761,96.64348880753936,13.437488518199073,18.696180195594653,16.097537218175006,22.761043690081866,22.769823217318287,3.666841159180594,11.655371224909205,5.194283996722286,19.135144797438702,21.997226873995977,30.80331542154012,21.584591892286202,28.502969036155765,35.98361958769592,34.113420443823195,17.679362859897136,6.926916740581017,12.342739156003601,106.69625642737972,106.34538633600812,102.62611067145161,46.046235544814074,43.17489370872599,43.96516555659484,12.342739156003601,1.3792176332431556,8.743917193454312,1.876066784872818,8.468684559159641,10.891613436323317,4.140873405703079,4.6149072160116855,13.1302253391193,12.851833522095394,2.766162490363844,5.483973263089493,80.04523323303664,83.58085752044525,77.7202715725318,58.34705248990514,58.34705248990514
104.51845900440685,104.60266703145184,104.58950953047606,104.51845900440685,104.58950953047606,104.53775668163308,104.51845900440685,104.5921410307726,104.44916277845523,4.317242558675067,1000.0,1.0,4.399757639215941,36.787074233681146,28.65949033221594,36.15578059222783,28.791185662236426,23.369827687507104,23.369827687507104,28.94746427710857,37.35690912303472,36.96882409937295,23.369827687507104,29.855288355951654,14.236070278213525,14.011032735654428,12.658459837798407,94.11312472770331,94.11312472770331,95.85792609532965,57.55809377175114,52.77140495272664,44.347009081256154,16.60373308230492,16.683621532449564,5.154685043953056,5.113427281010619,5.113427281010619,5.113427281010619,5.113427281010619,5.113427281010619,5.113427281010619,15.996231156153069,17.210359678171763,15.996231156153069,87.65042039812934,87.65042039812934,88.60664175591606,44.56472819155771,44.56472819155771,101.61588339381386,91.47526763676036,83.38682385090524,97.545687643917,84.00092992008749,82.81658015014547,89.63303741437878,86.6854199139277,93.32624658827845,16.75473106938597,22.013422740063255,19.414779766227177,26.078286227912393,26.08706575513311,6.984083717245486,14.972613777894173,8.511526554192844,22.452387341251125,25.31446941316994,34.12055794252839,24.90183443216742,31.82021156246431,39.30086209522879,37.43066295644918,14.362120309752402,3.609674182497614,9.025496600811723,103.37901428485821,103.02814419067585,99.3088684969138,49.3634780203803,46.4921361941981,47.28240803940304,9.025496600811723,3.9380249254745183,5.426674636090661,5.193309343407412,11.785927114755426,14.208855990004663,7.458115963602604,7.93214977372867,16.447467890633504,9.534590967290828,2.551080068415991,8.801215820427217,76.72799090423854,80.26361521318964,74.40302923009543,55.0298100500811,55.0298100500811
104.51845900440685,104.60266703145184,104.58950953047606,104.51845900440685,104.58950953047606,104.53775668163308,104.51845900440685,104.5921410307726,104.44916277845523,4.317242558675067,1.0,1000.0,4.399757639215941,36.787074233681146,28.65949033221594,36.15578059222783,28.791185662236426,23.369827687507104,23.369827687507104,28.94746427710857,37.35690912303472,36.96882409937295,23.369827687507104,29.855288355951654,14.236070278213525,14.011032735654428,12.658459837798407,94.11312472770331,94.11312472770331,95.85792609532965,57.55809377175114,52.77140495272664,44.347009081256154,16.60373308230492,16.683621532449564,5.154685043953056,5.113427281010619,5.113427281010619,5.113427281010619,5.113427281010619,5.113427281010619,5.113427281010619,15.996231156153069,17.210359678171763,15.996231156153069,87.65042039812934,87.65042039812934,88.60664175591606,44.56472819155771,44.56472819155771,101.61588339381386,91.47526763676036,83.38682385090524,97.545687643917,84.00092992008749,82.81658015014547,89.63303741437878,86.6854199139277,93.32624658827845,16.75473106938597,22.013422740063255,19.414779766227177,26.078286227912393,26.08706575513311,6.984083717245486,14.972613777894173,8.511526554192844,22.452387341251125,25.31446941316994,34.12055794252839,24.90183443216742,31.82021156246431,39.30086209522879,37.43066295644918,14.362120309752402,3.609674182497614,9.025496600811723,103.37901428485821,103.02814419067585,99.3088684969138,49.3634780203803,46.4921361941981,47.28240803940304,9.025496600811723,3.9380249254745183,5.426674636090661,5.193309343407412,11.785927114755426,14.208855990004663,7.458115963602604,7.93214977372867,16.447467890633504,9.534590967290828,2.551080068415991,8.801215820427217,76.72799090423854,80.26361521318964,74.40302923009543,55.0298100500811,55.0298100500811
107.91821620736033,108.00242423370459,107.98926673283832,107.91821620736033,107.98926673283832,107.93751388442602,107.91821620736033,107.99189823311299,107.8489199819849,1.0825150805516013,4.399757639215941,4.399757639215941,1000.0,33.38731663981076,25.259732719263553,32.75602299669073,25.39142804955215,19.970070064905325,19.970070064905325,25.54770666474421,33.95715153069548,33.56906650598819,19.970070064905325,26.455530745483408,10.836312644097362,17.410790366494826,16.05821747012854,97.51288201289532,97.51288201289532,99.25768336733336,54.15833625002895,49.37164741140136,40.94725150975807,13.20397545054719,13.283863900779053,1.7549274048600325,1.7136696419097253,1.7136696419097253,1.7136696419097253,1.7136696419097253,1.7136696419097253,1.7136696419097253,12.596473523748381,13.810602047088853,12.596473523748381,91.0501777300602,91.0501777300602,92.00639908114088,47.9644857503862,47.9644857503862,105.01564062057527,94.87502494143091,86.7865812118526,100.9454449029329,87.40068727694455,86.21633751486416,93.03279473232443,90.08517725255251,96.72600387933888,13.354973437793513,18.613665115339206,16.015022137838823,22.67852860997839,22.68730813721517,3.584326078635546,11.572856144464687,5.111768916187083,19.052629717198155,21.91471179386156,30.720800341829587,21.502076812135524,28.420453956320326,35.90110450830333,34.03090536430996,17.76187794018261,7.009431821098734,12.42525423643188,106.77877149723787,106.4279014059373,102.70862574211932,45.96372046618409,43.092378629858885,43.88265047779146,12.42525423643188,1.4617327137945904,8.82643227394825,1.793551704321878,8.386169478660483,10.809098355863942,4.0583583251606115,4.532392135472226,13.047710258706594,12.934348602512392,2.84867757091234,5.401458182556657,80.1277483076145,83.66337259447586,77.80278664745647,58.42956756731492,58.42956756731492
140.30552726511988,140.3897352836656,140.37657778401822,140.30552726511988,140.37657778401822,140.32482494039888,140.30552726511988,140.3792092840491,140.23623104615797,33.46983171936399,36.787074233681146,36.787074233681146,33.38731663981076,1000.0,9.127583993924565,1.631293650577594,8.995888662838357,14.417246669653542,14.417246669653542,8.839610046683074,1.5698348978704044,1.181749868379328,14.417246669653542,7.931785959989328,23.551004078326663,49.798106707631995,48.445533843497905,129.9001939928724,129.9001939928724,131.6449951984021,21.771020020486606,16.98433105895713,8.559934982240343,21.18334128098919,21.103452830991934,32.632389243848905,32.673647006323904,32.673647006323904,32.673647006323904,32.673647006323904,32.673647006323904,32.673647006323904,21.79084320584835,20.57671468610998,21.79084320584835,123.43749024148708,123.43749024148708,124.39371151592928,80.351800997991,80.351800997991,137.4029519438517,127.26233714215083,119.17389405656792,133.3327565877645,119.78800007450313,118.60365040311245,125.42010708407938,122.47248984061933,129.11331592571608,21.032343294182304,15.773651621345605,18.372294599093074,11.708788116238592,11.700008588965895,30.802990589871662,22.814460581241725,29.275547766937358,15.33468701894854,12.472604935260554,3.666516327465539,12.885239918375426,5.966862734165874,3.5137879011238047,1.6435887324066734,50.14919427272939,39.39674837489941,44.81257068959926,139.1660826599923,138.81521260082434,135.09593727187104,13.576404036581334,10.705062141927732,11.495334005304246,44.81257068959926,33.84904934795332,41.21374879643082,32.59376494483088,26.001147229934368,23.578218366431052,30.32895834806926,29.854924542312645,21.339606472357122,45.32166504509239,35.235994187136335,28.985858503143653,112.51506164533424,116.05068567460309,110.19010014941281,90.81688227909196,90.81688227909196
132.1779449876212,132.26215300831475,132.24899550833166,132.1779449876212,132.24899550833166,132.1972426633923,132.1779449876212,132.2516270084297,132.10864876689283,25.342247799254263,28.65949033221594,28.65949033221594,25.259732719263553,9.127583993924565,1000.0,8.49629034378817,1.1316953311844193,6.289662682350362,6.289662682350362,1.2879739474520489,9.69741889133294,9.309333862163099,6.289662682350362,2.195798034708288,15.423420114762342,41.670522899217396,40.31795002393024,121.77261146036928,121.77261146036928,123.51741270722052,29.898603958513696,25.111915016981587,16.687518965112947,13.0557573097739,12.975868859536776,24.504805319358315,24.54606308204607,24.54606308204607,24.54606308204607,24.54606308204607,24.54606308204607,24.54606308204607,13.663259236496184,12.449130713103116,13.663259236496184,115.30990756097493,115.30990756097493,116.26612885681594,72.22421753322087,72.22421753322087,129.27536959314554,119.13475454827605,111.04631128275759,125.20517413710486,111.66041731391806,110.47606761708558,117.29252444812867,114.34490713868813,120.98573337476714,12.904759322514636,7.646067636582019,10.244710620155018,3.5812041248924684,3.572424597608892,22.67540665626799,14.68687661518496,21.147963826204883,7.207103033325466,4.345020944915905,6.4610676678168,4.757655928617123,4.160721261222646,11.64137189255486,9.771172725804984,42.02161046726597,31.26916448955147,36.684986841775405,131.03850035356365,130.6876302855371,126.96835486412327,21.70398800624763,18.832646119726146,19.622917981017462,36.684986841775405,25.72146542987059,33.08616492305879,24.466181020141406,17.87356327539157,15.450634402960768,22.20137441220646,21.727340604232793,13.212022501614486,37.194081201078845,27.108410276696613,20.85827456110844,104.38747873271835,107.92310283464023,102.06251719031438,82.68929897249738,82.68929897249738
139.6742337554243,139.7584417741414,139.74528427446725,139.6742337554243,139.74528427446725,139.69353143074252,139.6742337554243,139.7479157745035,139.6049375363214,32.83853807628241,36.15578059222783,36.15578059222783,32.75602299669073,1.631293650577594,8.49629034378817,1000.0,8.364595012687186,13.785953020318596,13.785953020318596,8.208316396514695,2.2011285484430445,1.813043518955852,13.785953020318596,7.300492309727977,22.919710431331406,49.16681307411249,47.81424020903869,129.26890046280502,129.26890046280502,131.013701671639,22.402313667850017,17.615624707613957,9.191228632369882,20.552047633271133,20.47215918325091,32.001095600381596,32.04235336287536,32.04235336287536,32.04235336287536,32.04235336287536,32.04235336287536,32.04235336287536,21.159549558307987,19.94542103821984,21.159549558307987,122.80619669957255,122.80619669957255,123.76241797572878,79.72050739282199,79.72050739282199,136.77165842831226,126.63104360717332,118.54260050717521,132.7014630642405,119.156706526171,117.9723568527399,124.78881354573373,121.84119629698873,128.4820223941732,20.401049646420912,15.14235797228155,17.74100095062257,11.077494466442595,11.068714939168574,30.17169694559721,22.183166934012885,28.644254122026265,14.703393369793895,11.841311285583807,3.035222676927234,12.253946268766619,5.335569083744195,4.14508155164418,2.274882382978328,49.51790063945818,38.76545473483962,44.181277052748065,138.53478914798777,138.1839190881127,134.46464375177584,14.20769768595742,11.33635579177959,12.12662765503704,44.181277052748065,33.21775570504977,40.58245515739988,31.96247130134603,25.369853583772848,22.946924719444578,29.6976647035936,29.22363089763905,20.708312824684263,44.6903714085648,34.60470054490174,28.354564858115644,111.88376808479863,115.41939211990255,109.55880658514056,90.18558868677695,90.18558868677695
132.30964029257862,132.3938483132384,132.3806908132606,132.30964029257862,132.3806908132606,132.32893796834196,132.30964029257862,132.38332231335755,132.240344071878,25.473943129536774,28.791185662236426,28.791185662236426,25.39142804955215,8.995888662838357,1.1316953311844193,8.364595012687186,1000.0,6.421358013491411,6.421358013491411,1.1562786162676975,9.565723560261103,9.17763853108137,6.421358013491411,2.064102703525793,15.555115445629108,41.80221822788736,40.44964535276458,121.90430676933296,121.90430676933296,123.64910801553573,29.76690862858421,24.98021968667025,16.555823634297177,13.187452640736034,13.107564190501828,24.6365006497017,24.677758412386503,24.677758412386503,24.677758412386503,24.677758412386503,24.677758412386503,24.677758412386503,13.794954567435468,12.580826044086944,13.794954567435468,115.44160287225878,115.44160287225878,116.39782416776465,72.35591285669179,72.35591285669179,129.40706489925412,119.26644985820226,111.17800659550164,125.33686944478384,111.79211262645528,110.60776293002074,117.42421975871444,114.47660245030738,121.1174286840202,13.03645465348227,7.77776296769831,10.376405951208314,3.7128994560662996,3.7041199287827915,22.807101986736924,14.818571946083214,21.279659156770876,7.338798364450376,4.476716276082739,6.329372336676371,4.889351259779441,4.0290259300527,11.50967656153943,9.63947739473508,42.153305795892365,31.400859819342344,36.81668217102369,131.1701956589761,130.81932559108887,127.10005017112827,21.572292675706464,18.700950789018517,19.491222650353166,36.81668217102369,25.853160760124844,33.21786025267755,24.59787635048754,18.005258606141762,15.582329733826342,22.33306974270627,21.859035934762797,13.343717832570846,37.32577653027154,27.240105606843777,20.989969891692034,104.51917404763111,108.0547981484185,102.19421250595224,82.82099429353174,82.82099429353174
126.88828331550185,126.97249133752466,126.95933383733383,126.88828331550185,126.95933383733383,126.90758099157749,126.88828331550185,126.96196533747339,126.81898709368022,20.052585145113543,23.369827687507104,23.369827687507104,19.970070064905325,14.417246669653542,6.289662682350362,13.785953020318596,6.421358013491411,1000.0,1.0,6.577636629704842,14.987081566296979,14.598996537652376,1.0,7.485460716587581,10.133757440420805,36.38086030446871,35.02828742302473,116.48294963076276,116.48294963076276,118.22775090308572,35.18826658094126,30.401577656323635,21.97718162749007,7.7660946323817885,7.686206182053631,19.215142663048656,19.256400425841264,19.256400425841264,19.256400425841264,19.256400425841264,19.256400425841264,19.256400425841264,8.373596559821726,7.159468035039201,8.373596559821726,110.02024564030495,110.02024564030495,110.9764669492939,66.9345551372343,66.9345551372343,123.98570787574543,113.84509268087609,105.75664930483987,119.91551235796798,106.37075534410748,105.18640563168157,112.00286255484532,109.05524520486414,115.6960715337966,7.615096644951117,2.356404954779459,4.955047940026816,3.7084585578826297,3.717238085166134,17.385743995517643,9.39721393982132,15.858301162059298,1.9174403513211427,2.9446417378296683,11.750730346601813,2.5320067540830067,9.450383941950813,16.931034564613057,15.06083540066714,36.731947874152,25.97950185320617,31.395324225439666,125.74883866354418,125.39796859003803,121.67869311147822,26.993650655942883,24.122308777053235,24.912580636343634,31.395324225439666,20.431802776740152,27.796502293027466,19.17651836373377,12.583900604925407,10.160971728658264,16.911711750371996,16.43767794134159,7.922359824402683,31.90441858680823,21.818747627410538,15.568611896351,99.09781666988685,102.63344081621304,96.77285509912477,77.39963667093029,77.39963667093029
126.88828331550185,126.97249133752466,126.95933383733383,126.88828331550185,126.95933383733383,126.90758099157749,126.88828331550185,126.96196533747339,126.81898709368022,20.052585145113543,23.369827687507104,23.369827687507104,19.970070064905325,14.417246669653542,6.289662682350362,13.785953020318596,6.421358013491411,1.0,1000.0,6.577636629704842,14.987081566296979,14.598996537652376,1.0,7.485460716587581,10.133757440420805,36.38086030446871,35.02828742302473,116.48294963076276,116.48294963076276,118.22775090308572,35.18826658094126,30.401577656323635,21.97718162749007,7.7660946323817885,7.686206182053631,19.215142663048656,19.256400425841264,19.256400425841264,19.256400425841264,19.256400425841264,19.256400425841264,19.256400425841264,8.373596559821726,7.159468035039201,8.373596559821726,110.02024564030495,110.02024564030495,110.9764669492939,66.9345551372343,66.9345551372343,123.98570787574543,113.84509268087609,105.75664930483987,119.91551235796798,106.37075534410748,105.18640563168157,112.00286255484532,109.05524520486414,115.6960715337966,7.615096644951117,2.356404954779459,4.955047940026816,3.7084585578826297,3.717238085166134,17.385743995517643,9.39721393982132,15.858301162059298,1.9174403513211427,2.9446417378296683,11.750730346601813,2.5320067540830067,9.450383941950813,16.931034564613057,15.06083540066714,36.731947874152,25.97950185320617,31.395324225439666,125.74883866354418,125.39796859003803,121.67869311147822,26.993650655942883,24.122308777053235,24.912580636343634,31.395324225439666,20.431802776740152,27.796502293027466,19.17651836373377,12.583900604925407,10.160971728658264,16.911711750371996,16.43767794134159,7.922359824402683,31.90441858680823,21.818747627410538,15.568611896351,99.09781666988685,102.63344081621304,96.77285509912477,77.39963667093029,77.39963667093029
132.46591887765578,132.5501268982754,132.53696939830385,132.46591887765578,132.53696939830385,132.48521655340994,132.46591887765578,132.53960089839956,132.39662265698814,25.630221744721556,28.94746427710857,28.94746427710857,25.54770666474421,8.839610046683074,1.2879739474520489,8.208316396514695,1.1562786162676975,6.577636629704842,6.577636629704842,1000.0,9.409444944122582,9.021359914931308,6.577636629704842,1.9078240872598284,15.711394061512337,41.95849684115015,40.60592396622312,122.06058535916955,122.06058535916955,123.80538660460188,29.610630013790857,24.823941071426205,16.399545018458902,13.343731256733648,13.263842806502954,24.79277926495914,24.834037027640424,24.834037027640424,24.834037027640424,24.834037027640424,24.834037027640424,24.834037027640424,13.951233183405657,12.737104660110626,13.951233183405657,115.59788146485197,115.59788146485197,116.55410275995959,72.51219146376928,72.51219146376928,129.5633434856988,119.42272844918244,111.33428518982986,125.49314803309419,111.94839122053767,110.76404152457597,117.5804983504782,114.63288104329905,121.27370727420058,13.192733269486501,7.934041583881658,10.53268456731557,3.8691780723200297,3.8603985450366105,22.96338060214431,14.974850562004189,21.435937772294213,7.495076980644184,4.632994892327771,6.173093720458122,5.045629876018904,3.8727473138006108,11.353397945466844,9.483198778598814,42.30958440910327,31.557138433940644,36.97296078497534,131.32647424459375,130.975604176872,127.25632875863785,21.41601406019147,18.544672173307458,19.334944034693134,36.97296078497534,26.009439375275882,33.37413886707071,24.754154965748274,18.161537221885393,15.73860834970814,22.489348358150547,22.015314550243147,13.499996448561538,37.48205514415696,27.396384221867034,21.14624850723642,104.67545264453625,108.2110767439755,102.350491103719,82.97727289771247,82.97727289771247
140.87536203473047,140.9595700531208,140.9464125534977,140.87536203473047,140.9464125534977,140.8946597099739,140.87536203473047,140.94904405352375,140.80606581589632,34.039666610213324,37.35690912303472,37.35690912303472,33.95715153069548,1.5698348978704044,9.69741889133294,2.2011285484430445,9.565723560261103,14.987081566296979,14.987081566296979,9.409444944122582,1000.0,1.388085029491537,14.987081566296979,8.50162085751988,24.120838972786515,50.367941589722044,49.01536872644679,130.47002878095319,130.47002878095319,132.21482998348662,21.201185125354474,16.414496162695066,7.990100084715042,21.75317617612005,21.673287726144157,33.202224135053,33.24348189751074,33.24348189751074,33.24348189751074,33.24348189751074,33.24348189751074,33.24348189751074,22.360678100814056,21.14654958140094,22.360678100814056,124.00732504031231,124.00732504031231,124.9635463131999,80.92163585425085,80.92163585425085,137.97278671875995,127.8321719346844,119.74372886217678,133.90259136991202,120.35783487914985,119.17348520961028,125.98994187966768,123.04232464100114,129.68315071513484,21.60217818935347,16.34348651773388,18.94212949492519,12.278623013319457,12.269843486048016,31.37282548181868,23.38429547591819,29.845382659471007,15.904521915422027,13.04243983222778,4.236351225279556,13.455074815278085,6.536697631856567,2.943953003285322,1.0737538345365791,50.71902915459259,39.96658326297462,45.38240557473574,139.735917431696,139.38504737316904,135.66577205090974,13.006569139696776,10.135227244636246,10.925499108114035,45.38240557473574,34.41888423863898,41.7835836835631,33.163599836051105,26.570982123622425,24.148053260882765,30.898793240201616,30.424759434627394,21.90944136744597,45.8914999299328,35.80582907720731,29.55569339578511,113.08489646105346,116.62052048502751,110.75993496852317,91.38671712366698,91.38671712366698
