0.0,4.113171475580211,1.4482147021492076,34.95083556802197,34.95083556802197,34.95083556802197,34.95083556802197,34.95083556802197,34.95083556802197,39.71391595386793,35.418048331863275,35.445629665401675,40.11507269827058,38.92204234985212,37.80044948457271,35.80711126637005,42.50023526261392,42.9694857310604,42.64982748009695,42.9694857310604,42.9694857310604,42.64982748009695,42.62851687691944,34.284696645933465,34.284696645933465,34.284696645933465,35.854751473629754,35.7381582760416,35.87188522426797,35.28975319485057,35.28975319485057,35.28975319485057,35.66251885520119,35.78412694398319,35.418048331863275,39.71642319082595,35.12510045146624,35.568491834234734,32.510244752241206,41.851719966628785,34.74857073417785,35.66251885520119,54.36965330185807,55.37399700147386,52.00746568503841,52.00746568503841,4.5517468345359315,2.9103150007831036,4.932205545728634,4.984048107441129,10.279308024820677,5.956506945909089,4.0834870551511315,35.67965265398773,35.96382234952851,36.70767272791145,39.0269295649841,38.855599767815384,39.6662784341931,38.019838507446195,38.57562088298813,35.8133797165855,40.17190304681228,37.42226294564905,37.40136860078096,35.462345619708046,44.63460945547742,43.45210418166213,45.980049957825045,41.149711943000774,42.37822125639534,43.86995290370307,35.077877637212794,30.376328079193918,32.37400372633901,31.68025687058934,34.21281677601484,35.570999223137385,34.98593932125082,38.33742898926074,36.29813812706802,37.57270204029471,47.630476542217764,38.62158764419408,35.84263247668438,33.48983481426838,33.20983396718645,35.97635922067645,34.19610051637163,35.182352846264855,33.067743546725765,32.86714480362774,62.49923331429434,50.22929540037123,53.471413290351116,53.471413290351116,3.460529345595891,6.583622684347952,1.796493695603649,2.6619645236173453
4.113171475580211,0.0,4.56138617747815,31.837664257886463,31.837664257886463,31.837664257886463,31.837664257886463,31.837664257886463,31.837664257886463,36.60074469619946,32.30487702655461,32.332458360380116,37.001901445351145,35.80887108295982,34.68727820495804,32.69393996513389,39.38706403899074,39.856314513414596,39.536656258371664,39.856314513414596,39.856314513414596,39.536656258371664,39.51534565492335,31.17152532903615,31.17152532903615,31.17152532903615,32.74158017289558,32.624986974080166,32.75871392371451,32.17658188820955,32.17658188820955,32.17658188820955,32.54934755244588,32.670955642505106,32.30487702655461,36.60325193318702,32.01192914312296,32.45532053049511,29.397073418021034,38.73854873486041,31.635399421974263,32.54934755244588,51.25648225105295,52.26082596736101,48.89429459624745,48.89429459624745,1.4385753592010315,2.2028564751589057,1.8190340706556305,1.870876632407345,7.166136558256984,2.8433354717679347,1.0296844204434934,32.56648135141209,32.850651049946336,33.59450143628682,35.91375829930205,35.742428500158255,36.5531071759641,34.906667230288534,35.46244961212354,32.70020841541534,37.05873179456977,34.309091661834934,34.28819731673616,32.34917431486062,41.5214382596095,40.338932970237316,42.86687878020079,38.03654070256661,39.265050031229435,40.75678169772443,31.964706328382903,27.26315672546805,29.260832390830203,28.56708552861034,31.099645458396342,32.45782791942398,31.872768011475557,35.22425771568705,33.18496683104048,34.45953075814563,44.51730538776269,35.50841637385437,32.729461175822436,30.37666348948744,30.09666263967629,32.86318792122694,31.08292919858565,32.06918153851251,29.95457221784015,29.753973472811253,59.386062407893924,47.11612428416463,50.35824222489096,50.35824222489096,1.6526421302371777,3.4704512109405474,3.316677780267058,2.4512069523426057
1.4482147021492076,4.56138617747815,0.0,35.399050243611285,35.399050243611285,35.399050243611285,35.399050243611285,35.399050243611285,35.399050243611285,40.162130621518955,35.86626300671995,35.89384434021478,40.563287365205476,39.370257018895025,38.24866415553783,36.25532594060899,42.94844992513842,43.41770039268643,43.09804214233613,43.41770039268643,43.41770039268643,43.09804214233613,43.07673153919932,34.732911322550066,34.732911322550066,34.732911322550066,36.30296614779257,36.18637295039052,36.320099898403384,35.737967869909426,35.737967869909426,35.737967869909426,36.110733529670505,36.232341618258815,35.86626300671995,40.1646378584725,35.573315126783456,36.01670650885335,32.95845943149507,42.29993463037832,35.19678541008123,36.110733529670505,54.817867938543344,55.822211635674805,52.45568032738329,52.45568032738329,4.9999615363631555,3.358529702830216,5.380420247487442,5.432262809190109,10.727522724922798,6.404721647451065,4.531701757053542,36.12786732842981,36.41203702351667,37.155887400693885,39.4751442338443,39.30381443697378,40.11449310192866,38.46805317803987,39.02383555263091,36.261594390814416,40.62011771364514,37.87047761724931,37.849583272416126,35.910560294494715,45.08282411383361,43.90031884235356,46.42826461344605,41.59792660805461,42.8264359191518,44.31816756357669,35.52609231260387,30.82454276142831,32.8222184057894,32.12847155102726,34.66103145274108,36.01921389775203,35.434153996785426,38.78564365931277,36.746352800517414,38.02091671164309,48.078691194369824,39.06980231375758,36.290847150866576,33.93804949208416,33.65804864541778,36.42457389464449,34.64431519312333,35.63056752149238,33.515958225166585,33.31535948236274,62.947447929532984,50.67751004680675,53.919627929218805,53.919627929218805,3.9087440475829127,7.031837385733671,2.2447083977303945,3.1101792256870864
34.95083556802197,31.837664257886463,35.399050243611285,0.0,1.0,1.0,1.0,1.0,1.0,5.763080704901506,1.4672127916513777,1.4947941268552003,6.164237479776,4.971207042377571,3.8496140979589195,1.8562757498948983,8.549400236855597,9.018650745551087,8.698992467086377,9.018650745551087,9.018650745551087,8.698992467086377,8.67768186208809,1.6661389604287709,1.6661389604287709,1.6661389604287709,1.9039159600972524,1.7873227553212985,1.9210497117957184,1.3389176469266313,1.3389176469266313,1.3389176469266313,1.7116833298430676,1.833291426091153,1.4672127916513777,5.765587942048234,1.1742648937284745,1.6176563031390654,3.4405909487360558,7.900884886506912,1.2022648456485319,1.7116833298430676,20.41881952999507,21.423163358275318,18.056631624453434,18.056631624453434,31.399088919562917,33.04052067270523,31.018630225732977,30.96678766634787,25.67152793800585,29.994328869825125,31.867348676895194,1.7288171296784252,2.01298684276282,2.7568372683963673,5.07609426513395,4.90476445553082,5.7154431816453055,4.069003135968432,4.624785550603484,1.862544200497084,6.221067832679797,3.47142753333618,3.450533187062742,1.5115100821721992,10.683774618977782,9.50126923834808,12.029215248781266,7.1988768056808015,8.42738622029707,9.91911799757651,1.1270420766777691,5.574507721099789,3.5768319814511242,4.270578870893651,1.7380188343924343,1.6201636921943279,1.0351037552920053,4.386593639990461,2.3473026413008276,3.621866638145154,13.679641998137212,4.670752315090748,1.8917969624025623,2.461000835827436,2.7410016977928855,2.0255237146911904,1.7547350949737806,1.2315172919288453,2.883092125702375,3.083690879197124,28.54840068521222,16.278461135301505,19.520579406402515,19.520579406402515,32.49030635594468,29.367213156711422,34.15434191791477,33.28887113686844
34.95083556802197,31.837664257886463,35.399050243611285,1.0,0.0,1.0,1.0,1.0,1.0,5.763080704901506,1.4672127916513777,1.4947941268552003,6.164237479776,4.971207042377571,3.8496140979589195,1.8562757498948983,8.549400236855597,9.018650745551087,8.698992467086377,9.018650745551087,9.018650745551087,8.698992467086377,8.67768186208809,1.6661389604287709,1.6661389604287709,1.6661389604287709,1.9039159600972524,1.7873227553212985,1.9210497117957184,1.3389176469266313,1.3389176469266313,1.3389176469266313,1.7116833298430676,1.833291426091153,1.4672127916513777,5.765587942048234,1.1742648937284745,1.6176563031390654,3.4405909487360558,7.900884886506912,1.2022648456485319,1.7116833298430676,20.41881952999507,21.423163358275318,18.056631624453434,18.056631624453434,31.399088919562917,33.04052067270523,31.018630225732977,30.96678766634787,25.67152793800585,29.994328869825125,31.867348676895194,1.7288171296784252,2.01298684276282,2.7568372683963673,5.07609426513395,4.90476445553082,5.7154431816453055,4.069003135968432,4.624785550603484,1.862544200497084,6.221067832679797,3.47142753333618,3.450533187062742,1.5115100821721992,10.683774618977782,9.50126923834808,12.029215248781266,7.1988768056808015,8.42738622029707,9.91911799757651,1.1270420766777691,5.574507721099789,3.5768319814511242,4.270578870893651,1.7380188343924343,1.6201636921943279,1.0351037552920053,4.386593639990461,2.3473026413008276,3.621866638145154,13.679641998137212,4.670752315090748,1.8917969624025623,2.461000835827436,2.7410016977928855,2.0255237146911904,1.7547350949737806,1.2315172919288453,2.883092125702375,3.083690879197124,28.54840068521222,16.278461135301505,19.520579406402515,19.520579406402515,32.49030635594468,29.367213156711422,34.15434191791477,33.28887113686844
34.95083556802197,31.837664257886463,35.399050243611285,1.0,1.0,0.0,1.0,1.0,1.0,5.763080704901506,1.4672127916513777,1.4947941268552003,6.164237479776,4.971207042377571,3.8496140979589195,1.8562757498948983,8.549400236855597,9.018650745551087,8.698992467086377,9.018650745551087,9.018650745551087,8.698992467086377,8.67768186208809,1.6661389604287709,1.6661389604287709,1.6661389604287709,1.9039159600972524,1.7873227553212985,1.9210497117957184,1.3389176469266313,1.3389176469266313,1.3389176469266313,1.7116833298430676,1.833291426091153,1.4672127916513777,5.765587942048234,1.1742648937284745,1.6176563031390654,3.4405909487360558,7.900884886506912,1.2022648456485319,1.7116833298430676,20.41881952999507,21.423163358275318,18.056631624453434,18.056631624453434,31.399088919562917,33.04052067270523,31.018630225732977,30.96678766634787,25.67152793800585,29.994328869825125,31.867348676895194,1.7288171296784252,2.01298684276282,2.7568372683963673,5.07609426513395,4.90476445553082,5.7154431816453055,4.069003135968432,4.624785550603484,1.862544200497084,6.221067832679797,3.47142753333618,3.450533187062742,1.5115100821721992,10.683774618977782,9.50126923834808,12.029215248781266,7.1988768056808015,8.42738622029707,9.91911799757651,1.1270420766777691,5.574507721099789,3.5768319814511242,4.270578870893651,1.7380188343924343,1.6201636921943279,1.0351037552920053,4.386593639990461,2.3473026413008276,3.621866638145154,13.679641998137212,4.670752315090748,1.8917969624025623,2.461000835827436,2.7410016977928855,2.0255237146911904,1.7547350949737806,1.2315172919288453,2.883092125702375,3.083690879197124,28.54840068521222,16.278461135301505,19.520579406402515,19.520579406402515,32.49030635594468,29.367213156711422,34.15434191791477,33.28887113686844
34.95083556802197,31.837664257886463,35.399050243611285,1.0,1.0,1.0,0.0,1.0,1.0,5.763080704901506,1.4672127916513777,1.4947941268552003,6.164237479776,4.971207042377571,3.8496140979589195,1.8562757498948983,8.549400236855597,9.018650745551087,8.698992467086377,9.018650745551087,9.018650745551087,8.698992467086377,8.67768186208809,1.6661389604287709,1.6661389604287709,1.6661389604287709,1.9039159600972524,1.7873227553212985,1.9210497117957184,1.3389176469266313,1.3389176469266313,1.3389176469266313,1.7116833298430676,1.833291426091153,1.4672127916513777,5.765587942048234,1.1742648937284745,1.6176563031390654,3.4405909487360558,7.900884886506912,1.2022648456485319,1.7116833298430676,20.41881952999507,21.423163358275318,18.056631624453434,18.056631624453434,31.399088919562917,33.04052067270523,31.018630225732977,30.96678766634787,25.67152793800585,29.994328869825125,31.867348676895194,1.7288171296784252,2.01298684276282,2.7568372683963673,5.07609426513395,4.90476445553082,5.7154431816453055,4.069003135968432,4.624785550603484,1.862544200497084,6.221067832679797,3.47142753333618,3.450533187062742,1.5115100821721992,10.683774618977782,9.50126923834808,12.029215248781266,7.1988768056808015,8.42738622029707,9.91911799757651,1.1270420766777691,5.574507721099789,3.5768319814511242,4.270578870893651,1.7380188343924343,1.6201636921943279,1.0351037552920053,4.386593639990461,2.3473026413008276,3.621866638145154,13.679641998137212,4.670752315090748,1.8917969624025623,2.461000835827436,2.7410016977928855,2.0255237146911904,1.7547350949737806,1.2315172919288453,2.883092125702375,3.083690879197124,28.54840068521222,16.278461135301505,19.520579406402515,19.520579406402515,32.49030635594468,29.367213156711422,34.15434191791477,33.28887113686844
34.95083556802197,31.837664257886463,35.399050243611285,1.0,1.0,1.0,1.0,0.0,1.0,5.763080704901506,1.4672127916513777,1.4947941268552003,6.164237479776,4.971207042377571,3.8496140979589195,1.8562757498948983,8.549400236855597,9.018650745551087,8.698992467086377,9.018650745551087,9.018650745551087,8.698992467086377,8.67768186208809,1.6661389604287709,1.6661389604287709,1.6661389604287709,1.9039159600972524,1.7873227553212985,1.9210497117957184,1.3389176469266313,1.3389176469266313,1.3389176469266313,1.7116833298430676,1.833291426091153,1.4672127916513777,5.765587942048234,1.1742648937284745,1.6176563031390654,3.4405909487360558,7.900884886506912,1.2022648456485319,1.7116833298430676,20.41881952999507,21.423163358275318,18.056631624453434,18.056631624453434,31.399088919562917,33.04052067270523,31.018630225732977,30.96678766634787,25.67152793800585,29.994328869825125,31.867348676895194,1.7288171296784252,2.01298684276282,2.7568372683963673,5.07609426513395,4.90476445553082,5.7154431816453055,4.069003135968432,4.624785550603484,1.862544200497084,6.221067832679797,3.47142753333618,3.450533187062742,1.5115100821721992,10.683774618977782,9.50126923834808,12.029215248781266,7.1988768056808015,8.42738622029707,9.91911799757651,1.1270420766777691,5.574507721099789,3.5768319814511242,4.270578870893651,1.7380188343924343,1.6201636921943279,1.0351037552920053,4.386593639990461,2.3473026413008276,3.621866638145154,13.679641998137212,4.670752315090748,1.8917969624025623,2.461000835827436,2.7410016977928855,2.0255237146911904,1.7547350949737806,1.2315172919288453,2.883092125702375,3.083690879197124,28.54840068521222,16.278461135301505,19.520579406402515,19.520579406402515,32.49030635594468,29.367213156711422,34.15434191791477,33.28887113686844
34.95083556802197,31.837664257886463,35.399050243611285,1.0,1.0,1.0,1.0,1.0,0.0,5.763080704901506,1.4672127916513777,1.4947941268552003,6.164237479776,4.971207042377571,3.8496140979589195,1.8562757498948983,8.549400236855597,9.018650745551087,8.698992467086377,9.018650745551087,9.018650745551087,8.698992467086377,8.67768186208809,1.6661389604287709,1.6661389604287709,1.6661389604287709,1.9039159600972524,1.7873227553212985,1.9210497117957184,1.3389176469266313,1.3389176469266313,1.3389176469266313,1.7116833298430676,1.833291426091153,1.4672127916513777,5.765587942048234,1.1742648937284745,1.6176563031390654,3.4405909487360558,7.900884886506912,1.2022648456485319,1.7116833298430676,20.41881952999507,21.423163358275318,18.056631624453434,18.056631624453434,31.399088919562917,33.04052067270523,31.018630225732977,30.96678766634787,25.67152793800585,29.994328869825125,31.867348676895194,1.7288171296784252,2.01298684276282,2.7568372683963673,5.07609426513395,4.90476445553082,5.7154431816453055,4.069003135968432,4.624785550603484,1.862544200497084,6.221067832679797,3.47142753333618,3.450533187062742,1.5115100821721992,10.683774618977782,9.50126923834808,12.029215248781266,7.1988768056808015,8.42738622029707,9.91911799757651,1.1270420766777691,5.574507721099789,3.5768319814511242,4.270578870893651,1.7380188343924343,1.6201636921943279,1.0351037552920053,4.386593639990461,2.3473026413008276,3.621866638145154,13.679641998137212,4.670752315090748,1.8917969624025623,2.461000835827436,2.7410016977928855,2.0255237146911904,1.7547350949737806,1.2315172919288453,2.883092125702375,3.083690879197124,28.54840068521222,16.278461135301505,19.520579406402515,19.520579406402515,32.49030635594468,29.367213156711422,34.15434191791477,33.28887113686844
39.71391595386793,36.60074469619946,40.162130621518955,5.763080704901506,5.763080704901506,5.763080704901506,5.763080704901506,5.763080704901506,5.763080704901506,0.0,5.295867913739224,5.268286578560951,1.4011567753795964,1.7918736632905503,2.9134666082716687,4.906804955821843,3.7863195370840916,4.255570047016445,3.935911767697493,4.255570047016445,4.255570047016445,3.935911767697493,3.914601162644032,6.4292196644490724,6.4292196644490724,6.4292196644490724,4.859164745654356,4.975757950343018,4.842030993968159,5.424163058340257,5.424163058340257,5.424163058340257,5.051397375761077,4.929789279608371,5.295867913739224,1.0025072371496417,5.588815811367892,5.145424402386393,8.203671649354682,3.1378041852030254,5.965345550305319,5.051397375761077,15.65573889459326,16.660082731485918,13.29355097074462,13.29355097074462,36.16216936489203,37.80360109129973,35.78171067707335,35.72986811850197,30.434608466443247,34.7574093370026,36.63042911472998,5.034263575939594,4.750093863064452,4.006243437792342,1.6869864404502048,1.8583162501877157,1.0476375233109654,2.694077570200393,2.138295155303841,4.900536505224309,1.4579871283612973,3.291653172945784,3.3125475192200287,5.251570623259255,5.920693925700103,4.738188541197713,7.266134560740946,2.435796102949568,3.6643055202215744,5.15603730171654,5.636038628367255,10.337588415598212,8.339912681745213,9.03365956939509,6.501099538304734,5.142917013333286,5.727976949649943,2.3764870660473805,4.415778064722248,3.141214068124724,8.916561317730157,2.092328390788205,4.871283743340282,7.224081538513499,7.50408239993568,4.737556991144407,6.517815798860601,5.531563413228312,7.646172827554881,7.846771580623078,23.785320133736985,11.515380469615282,14.757498763717095,14.757498763717095,37.25338678364542,34.13029363333523,38.91742231762869,38.0519515513049
35.418048331863275,32.30487702655461,35.86626300671995,1.4672127916513777,1.4672127916513777,1.4672127916513777,1.4672127916513777,1.4672127916513777,1.4672127916513777,5.295867913739224,0.0,1.0275813352041485,5.697024688704458,4.50399425105878,3.3824013064697835,1.38906295825148,8.082187446482632,8.551437955347634,8.231779676766305,8.551437955347634,8.551437955347634,8.231779676766305,8.210469071760418,2.1333517520621132,2.1333517520621132,2.1333517520621132,1.436703168455306,1.3201099636759424,1.453836920154328,1.1282951447257852,1.1282951447257852,1.1282951447257852,1.2444705381958467,1.366078634447064,1.0,5.298375150886496,1.292947897924123,1.1504435114899079,3.9078037402179358,7.433672095917043,1.6694776372966746,1.2444705381958467,19.95160674715497,20.955950576383135,17.58941883957503,17.58941883957503,31.86630168887424,33.50773343956269,31.48584299559488,31.434000436284265,26.13874071488117,30.46154164113532,32.33456144551949,1.2616043380316027,1.545774051124652,2.289624476799128,4.608881473834163,4.43755166420026,5.24823039047276,3.6017903445078834,4.157572759225655,1.3953314088538535,5.753855041621731,3.0042147418031706,2.9833203955275076,1.044297290521363,10.216561829460968,9.034056448329967,11.562002459916348,6.731664014878837,7.96017342988176,9.45190520772788,1.3401707149746411,6.041720512200458,4.04404477291516,4.737791662253082,2.205231626022564,1.1529509005452163,1.4321090363597349,3.9193808485753707,1.8800898496777825,3.154653846628779,13.212429210190514,4.203539523720423,1.4245841707602316,2.9282136274115222,3.208214489352434,1.5583109230534928,2.2219478866031275,1.2356954997238363,3.3503049172480397,3.5509036707215467,28.081187911439294,15.811248349065641,19.05336662275573,19.05336662275573,32.95751912363889,29.834425928883824,34.6215546830346,33.756083903343544
35.445629665401675,32.332458360380116,35.89384434021478,1.4947941268552003,1.4947941268552003,1.4947941268552003,1.4947941268552003,1.4947941268552003,1.4947941268552003,5.268286578560951,1.0275813352041485,0.0,5.669443353531261,4.476412915871819,3.3548199712735496,1.36148162304753,8.05460611134901,8.523856620223691,8.2041983416357,8.523856620223691,8.523856620223691,8.2041983416357,8.18288773662938,2.1609330872644064,2.1609330872644064,2.1609330872644064,1.4091218332514095,1.292528628471926,1.4262555849504523,1.1558764799299057,1.1558764799299057,1.1558764799299057,1.216889202991773,1.3384972992430901,1.0275813352041485,5.270793815708254,1.320529233128139,1.1228621762857853,3.9353850754100486,7.406090760771069,1.697058972500165,1.216889202991773,19.924025412457755,20.928369241741184,17.56183750475914,17.56183750475914,31.893883022738027,33.535314773280476,31.51342432949144,31.461581770185262,26.166322049195486,30.489122975118093,32.36214277934239,1.2340230028275405,1.5181927159209025,2.262043141597275,4.581300138648253,4.409970329012653,5.220649055293915,3.5742090093131846,4.129991424035452,1.3677500736499102,5.72627370644929,2.9766334066046114,2.9557390603288316,1.0167159553172154,10.1889804943764,9.006475113216629,11.534421124869324,6.704082679720834,7.932592094745724,9.424323872624257,1.3677520501786131,6.0693018473685765,4.071626108106125,4.765372997437387,2.232812961224617,1.125369565341095,1.4596903715636032,3.891799513383134,1.8525085144746922,3.127072511431096,13.184847875196542,4.175958188530629,1.3970028355563207,2.9557949626103532,3.2357958245496206,1.5307295878497622,2.2495292218051226,1.2632768349278973,3.3778862524443074,3.5784850059164204,28.053606577271683,15.783667014170858,19.02578528801152,19.02578528801152,32.985100457406446,29.862007262917928,34.64913601664903,33.78366523703858
40.11507269827058,37.001901445351145,40.563287365205476,6.164237479776,6.164237479776,6.164237479776,6.164237479776,6.164237479776,6.164237479776,1.4011567753795964,5.697024688704458,5.669443353531261,0.0,2.1930304386507387,3.31462338356029,5.307961730855804,3.3851627618410793,3.85441327182784,3.5347549924708423,3.85441327182784,3.85441327182784,3.5347549924708423,3.513444387414995,6.830376439178711,6.830376439178711,6.830376439178711,5.260321520696306,5.376914725365252,5.243187769012958,5.825319833281467,5.825319833281467,5.825319833281467,5.45255415077022,5.330946054638443,5.697024688704458,1.3986495382299753,5.989972586277279,5.546581177378939,8.60482842360965,2.7366474098997244,6.366502325137755,5.45255415077022,15.25458212351291,16.258925961024417,12.892394198372914,12.892394198372914,36.56332611468112,38.20475783866312,36.182867427409064,36.13102486891171,30.835765223839267,35.15856608878077,37.031585863838224,5.435420350951724,5.151250638124339,4.407400212961553,2.088143215814444,2.259473025545104,1.4487942986901228,3.0952343455070777,2.5394519306474397,5.301693280259324,1.0568303529822354,3.6928099481986267,3.7137042944707233,5.652727398232628,5.519537150777675,4.337031766074517,6.864977786116942,2.034639327600497,3.263148744965898,4.754880526657713,6.037195403267309,10.738745189111434,8.741069455958403,9.434816343383728,6.902256313017652,5.544073788326278,6.129133724531567,2.7776438413767117,4.816934839834079,3.542370843392503,8.515404543574022,2.4934851661342883,5.272440518380208,7.625238313046473,7.905239174393203,5.138713766206327,6.918972573569603,5.93272018814889,8.04732960197289,8.247928354983891,23.384163368863007,11.11422369642338,14.356341992118555,14.356341992118555,37.65454353183409,34.53145038597549,39.31857906328379,38.45310829829174
38.92204234985212,35.80887108295982,39.370257018895025,4.971207042377571,4.971207042377571,4.971207042377571,4.971207042377571,4.971207042377571,4.971207042377571,1.7918736632905503,4.50399425105878,4.476412915871819,2.1930304386507387,0.0,2.1215929450681275,4.114931293024557,4.578193199970224,5.047443709772471,4.72778543054409,5.047443709772471,5.047443709772471,4.72778543054409,4.7064748254963735,5.637346002178858,5.637346002178858,5.637346002178858,4.067291082843606,4.1838842875655455,4.050157331152612,4.632289395701029,4.632289395701029,4.632289395701029,4.259523713005782,4.137915616817647,4.50399425105878,1.7943809004401112,4.796942148783513,4.3535507396593145,7.411797987935599,3.929677848239541,5.173471887854625,4.259523713005782,16.447612548688156,17.451956384310627,14.085424627502906,14.085424627502906,35.37029575041535,37.011727481531935,34.98983706153605,34.93799450282104,29.642734837227763,33.96553571866748,35.838555501574625,4.242389913179235,3.958220200223567,3.214369774771645,1.1048872228432671,1.0664425868994778,1.7442361399810224,1.9022039069718089,1.3464214920292794,4.10866284242524,2.249860791628634,2.4997795097945694,2.520673856072043,4.459696960564888,6.712567587850148,5.530062203801278,8.058008222236818,3.2276697661103957,4.456179183138608,5.947910964172827,4.8441649657990125,9.54571475554008,7.5480390204020145,8.241785908461578,5.709225876064041,4.351043350605444,4.936103287113635,1.5846134027894567,3.623904401795002,2.349340404951306,9.708434978222614,1.3004547275109615,4.079410080532939,6.4322078765930355,6.7122087381506015,3.9456833283001207,5.725942136626836,4.739689750624613,6.854299165840934,7.054897919012332,24.577193775187332,12.307254128078645,15.549372418878335,15.549372418878335,36.46151317227513,33.3384200133287,38.12554871117911,37.26007794226835
37.80044948457271,34.68727820495804,38.24866415553783,3.8496140979589195,3.8496140979589195,3.8496140979589195,3.8496140979589195,3.8496140979589195,3.8496140979589195,2.9134666082716687,3.3824013064697835,3.3548199712735496,3.31462338356029,2.1215929450681275,0.0,2.993338348312819,5.699786144072381,6.16903665363879,5.849378374573814,6.16903665363879,6.16903665363879,5.849378374573814,5.828067769536572,4.515753058046371,4.515753058046371,4.515753058046371,2.945698138118032,3.0622913428742957,2.928564386422125,3.5106964511563152,3.5106964511563152,3.5106964511563152,3.1379307683376334,3.016322672112677,3.3824013064697835,2.91597384542084,3.675349204298398,3.2319577950207976,6.290205044813669,5.051270792625957,4.051878943517483,3.1379307683376334,17.569205479034416,18.573549312747467,15.207017561881088,15.207017561881088,34.24870287070964,35.890134608315435,33.868244180369906,33.81640162145716,28.521141937275672,32.84394283365113,34.71696262368895,3.120796968505796,2.8366272554672958,2.092776829842424,2.2264801679040076,2.055150358172675,2.8658290849694117,1.2193890381076824,1.7751714530542657,2.9870698977116668,3.3714537365265516,1.3781865647590044,1.3990809110387554,3.3381040159610422,7.8341605306752085,6.651655147398624,9.179601163987485,4.349262710750018,5.57777212729794,7.069503907515659,3.722572021331563,8.424121814111306,6.426446077372595,7.12019296593621,4.587632931965475,3.229450405966124,3.814510342681314,1.5369795422966943,2.5023114569531457,1.2277474599008216,10.830027918370726,1.821138217571331,2.95781713581086,5.310614932868595,5.590615794587153,2.8240903835404088,4.604349192536244,3.618096806118421,5.732706222362619,5.93330497565815,25.698786686730884,13.42884706506724,16.67096535083364,16.67096535083364,35.33992029684936,32.216827126013904,37.00395584254008,36.138485070060305
35.80711126637005,32.69393996513389,36.25532594060899,1.8562757498948983,1.8562757498948983,1.8562757498948983,1.8562757498948983,1.8562757498948983,1.8562757498948983,4.906804955821843,1.38906295825148,1.36148162304753,5.307961730855804,4.114931293024557,2.993338348312819,0.0,7.693124489175072,8.162374998173235,7.842716719500239,8.162374998173235,8.162374998173235,7.842716719500239,7.821406114488387,2.522414710279266,2.522414710279266,2.522414710279266,1.04764021020424,1.068952994575977,1.0647739619034329,1.5173581029759446,1.5173581029759446,1.5173581029759446,1.1445924200563367,1.0229843238045835,1.38906295825148,4.909312192969525,1.6820108561716278,1.2386194467622866,4.2968666982787305,7.044609138439906,2.0585405955340557,1.1445924200563367,19.562543795918046,20.566887625918472,17.200355886680995,17.200355886680995,32.25536462799659,33.896796376613665,31.874905935182195,31.823063375934506,26.52780366039988,30.850604581946126,32.723624384061736,1.1274586202205408,1.1567110928748738,1.9005615185707594,4.219818515813982,4.0484887061573716,4.859167432547643,3.212727386370986,3.7685098011481735,1.0062684506024229,5.36479208378333,2.615151783616115,2.594257437338955,1.344765667730421,9.827498872829986,8.644993491301683,11.172939503805294,6.342601057237044,7.571110472541011,9.062842250833612,1.7292336732211857,6.43078346990745,4.433107730958774,5.1268546201977685,2.5942945842358167,1.2361120577069824,1.8211719946041551,3.530317890470919,1.4910268914349019,2.765590888453011,12.823366254815982,3.8144765656484068,1.0355212125090514,3.317276585574117,3.5972774474898253,1.169247964803893,2.6110108448154437,1.6247584579723866,3.7393678753714488,3.9399666288238486,27.692124967614404,15.422185395071494,18.66430367086235,18.66430367086235,33.34658206139602,30.223488870423292,35.01061761861962,34.14514684007188
42.50023526261392,39.38706403899074,42.94844992513842,8.549400236855597,8.549400236855597,8.549400236855597,8.549400236855597,8.549400236855597,8.549400236855597,3.7863195370840916,8.082187446482632,8.05460611134901,3.3851627618410793,4.578193199970224,5.699786144072381,7.693124489175072,0.0,1.469250510150494,1.1495922306761122,1.469250510150494,1.469250510150494,1.1495922306761122,1.1282816256133272,9.21553919517022,9.21553919517022,9.21553919517022,7.645484279079289,7.762077483591313,7.628350527418726,8.210482590873116,8.210482590873116,8.210482590873116,7.837716908892707,7.716108812926771,8.082187446482632,3.7838122999354464,8.375135343623661,7.931743935370723,10.98999117617476,1.6485153520790101,8.751665081898405,7.837716908892707,12.869419382380556,13.873763223229611,10.50723145036679,10.50723145036679,38.94848871225996,40.58992042126052,38.568030028367524,38.516187470327985,33.22092786859683,37.54372869866441,39.41674845720952,7.820583109097793,7.53641339665112,6.792562972391599,4.473305977193725,4.6446357868253205,3.833957060375787,5.4803971062012655,4.924614691750336,7.686856038587008,3.3283324088750144,6.077972708369231,6.098867054621442,8.03789015607427,3.1343743901159926,1.9518690046217453,4.4798150267715116,2.350523434411355,1.1220140169089339,2.369717765445395,8.422358160542132,13.123907936539778,11.126232208228709,11.819979094082724,9.287419068885283,7.929236546321575,8.5142964816655,5.162806602313685,7.20209759878353,5.927533603703128,6.130241786448485,4.878647927267611,7.657603276747035,10.010401067598046,10.290401928400852,7.523876524749449,9.304135329408242,8.317882945581307,10.432492355697203,10.633091108299826,20.99900066186404,8.729060944146024,11.97117924821104,11.97117924821104,40.03970611952578,36.9166130011984,41.70374163534503,40.83827087856581
42.9694857310604,39.856314513414596,43.41770039268643,9.018650745551087,9.018650745551087,9.018650745551087,9.018650745551087,9.018650745551087,9.018650745551087,4.255570047016445,8.551437955347634,8.523856620223691,3.85441327182784,5.047443709772471,6.16903665363879,8.162374998173235,1.469250510150494,0.0,1.3196582794755323,1.0,1.0,1.3196582794755323,1.3409688845382188,9.684789703605917,9.684789703605917,9.684789703605917,8.11473478809326,8.231327992566406,8.097601036438352,8.679733099692614,8.679733099692614,8.679733099692614,8.30696741784223,8.18535932191727,8.551437955347634,4.253062809868162,8.844385852383603,8.400994444288077,11.45924168381455,2.1177658622120683,9.220915590517269,8.30696741784223,12.40016887548945,13.40451271692618,10.037980942285513,10.037980942285513,39.417739187488905,41.05917089342939,39.0372805042875,38.98543794634159,33.69017835350079,38.01297917641061,39.885998931578555,8.289833618053134,8.005663905700867,7.261813481670114,4.9425564870149366,5.113886296615281,4.303207570301164,5.9496476158185585,5.393865201486193,8.156106547587257,3.7975829188688577,6.547223217842494,6.56811756408936,8.5071406649548,2.6651238800510133,1.4826184944823033,4.010564516873128,2.8197739445027374,1.5912645270576924,1.9004672553245756,8.89160866928475,13.593158443022487,11.595482715801145,12.2892296012984,9.756669577291676,8.398487055239794,8.98354699037409,5.632057112000545,7.671348107939378,6.396784113214269,5.66099127687354,5.347898437012606,8.126853785756996,10.47965157569589,10.759652436372464,7.993127033803271,9.773385837807783,8.787133454362106,10.90174286360332,11.102341616111831,20.529750161130174,8.2598104353465,11.501928740835615,11.501928740835615,40.50895659273467,37.385863480038076,42.172992105364585,41.30752135026054
42.64982748009695,39.536656258371664,43.09804214233613,8.698992467086377,8.698992467086377,8.698992467086377,8.698992467086377,8.698992467086377,8.698992467086377,3.935911767697493,8.231779676766305,8.2041983416357,3.5347549924708423,4.72778543054409,5.849378374573814,7.842716719500239,1.1495922306761122,1.3196582794755323,0.0,1.3196582794755323,1.3196582794755323,1.0,1.0213106050628058,9.365131425319813,9.365131425319813,9.365131425319813,7.79507650940938,7.911669713909297,7.777942757750576,8.360074821142595,8.360074821142595,8.360074821142595,7.987309139202724,7.865701043249552,8.231779676766305,3.9334045305489567,8.52472757387456,8.081336165670713,11.139583406074975,1.7981075827511535,8.901257312105255,7.987309139202724,12.719827152772602,13.724170993811459,10.35763922037363,10.35763922037363,39.09808093189646,40.73951263992553,38.7176222482234,38.665779690213576,33.3705200913036,37.693320919099946,39.56634067657304,7.9701753394096215,7.68600562699235,6.942155202803933,4.622898207773382,4.794228017395433,3.983549290987081,5.629989336718381,5.074206922303887,7.836448268912826,3.4779246395068952,6.227564938841896,6.248459285092457,8.187482386362785,2.984782159472374,1.80227677395149,4.3302227961843,2.5001156650719336,1.2716062475847918,2.2201255347821007,8.57195039078762,13.27350016607636,11.275824438107787,11.96957132384977,9.437011299025711,8.078828776621837,8.66388871190037,5.3123988328522,7.351689829157762,6.077125834187502,5.980649555968427,5.028240157823962,7.8071955070758765,10.159993297641881,10.439994158405135,7.673468755091946,9.453727559546527,8.467475175838713,10.582084585680953,10.782683338254067,20.849408434238875,8.579468713919535,11.821587018446484,11.821587018446484,40.18929833852099,37.06620522198099,41.8533338533276,40.98786309708027
42.9694857310604,39.856314513414596,43.41770039268643,9.018650745551087,9.018650745551087,9.018650745551087,9.018650745551087,9.018650745551087,9.018650745551087,4.255570047016445,8.551437955347634,8.523856620223691,3.85441327182784,5.047443709772471,6.16903665363879,8.162374998173235,1.469250510150494,1.0,1.3196582794755323,0.0,1.0,1.3196582794755323,1.3409688845382188,9.684789703605917,9.684789703605917,9.684789703605917,8.11473478809326,8.231327992566406,8.097601036438352,8.679733099692614,8.679733099692614,8.679733099692614,8.30696741784223,8.18535932191727,8.551437955347634,4.253062809868162,8.844385852383603,8.400994444288077,11.45924168381455,2.1177658622120683,9.220915590517269,8.30696741784223,12.40016887548945,13.40451271692618,10.037980942285513,10.037980942285513,39.417739187488905,41.05917089342939,39.0372805042875,38.98543794634159,33.69017835350079,38.01297917641061,39.885998931578555,8.289833618053134,8.005663905700867,7.261813481670114,4.9425564870149366,5.113886296615281,4.303207570301164,5.9496476158185585,5.393865201486193,8.156106547587257,3.7975829188688577,6.547223217842494,6.56811756408936,8.5071406649548,2.6651238800510133,1.4826184944823033,4.010564516873128,2.8197739445027374,1.5912645270576924,1.9004672553245756,8.89160866928475,13.593158443022487,11.595482715801145,12.2892296012984,9.756669577291676,8.398487055239794,8.98354699037409,5.632057112000545,7.671348107939378,6.396784113214269,5.66099127687354,5.347898437012606,8.126853785756996,10.47965157569589,10.759652436372464,7.993127033803271,9.773385837807783,8.787133454362106,10.90174286360332,11.102341616111831,20.529750161130174,8.2598104353465,11.501928740835615,11.501928740835615,40.50895659273467,37.385863480038076,42.172992105364585,41.30752135026054
42.9694857310604,39.856314513414596,43.41770039268643,9.018650745551087,9.018650745551087,9.018650745551087,9.018650745551087,9.018650745551087,9.018650745551087,4.255570047016445,8.551437955347634,8.523856620223691,3.85441327182784,5.047443709772471,6.16903665363879,8.162374998173235,1.469250510150494,1.0,1.3196582794755323,1.0,0.0,1.3196582794755323,1.3409688845382188,9.684789703605917,9.684789703605917,9.684789703605917,8.11473478809326,8.231327992566406,8.097601036438352,8.679733099692614,8.679733099692614,8.679733099692614,8.30696741784223,8.18535932191727,8.551437955347634,4.253062809868162,8.844385852383603,8.400994444288077,11.45924168381455,2.1177658622120683,9.220915590517269,8.30696741784223,12.40016887548945,13.40451271692618,10.037980942285513,10.037980942285513,39.417739187488905,41.05917089342939,39.0372805042875,38.98543794634159,33.69017835350079,38.01297917641061,39.885998931578555,8.289833618053134,8.005663905700867,7.261813481670114,4.9425564870149366,5.113886296615281,4.303207570301164,5.9496476158185585,5.393865201486193,8.156106547587257,3.7975829188688577,6.547223217842494,6.56811756408936,8.5071406649548,2.6651238800510133,1.4826184944823033,4.010564516873128,2.8197739445027374,1.5912645270576924,1.9004672553245756,8.89160866928475,13.593158443022487,11.595482715801145,12.2892296012984,9.756669577291676,8.398487055239794,8.98354699037409,5.632057112000545,7.671348107939378,6.396784113214269,5.66099127687354,5.347898437012606,8.126853785756996,10.47965157569589,10.759652436372464,7.993127033803271,9.773385837807783,8.787133454362106,10.90174286360332,11.102341616111831,20.529750161130174,8.2598104353465,11.501928740835615,11.501928740835615,40.50895659273467,37.385863480038076,42.172992105364585,41.30752135026054
42.64982748009695,39.536656258371664,43.09804214233613,8.698992467086377,8.698992467086377,8.698992467086377,8.698992467086377,8.698992467086377,8.698992467086377,3.935911767697493,8.231779676766305,8.2041983416357,3.5347549924708423,4.72778543054409,5.849378374573814,7.842716719500239,1.1495922306761122,1.3196582794755323,1.0,1.3196582794755323,1.3196582794755323,0.0,1.0213106050628058,9.365131425319813,9.365131425319813,9.365131425319813,7.79507650940938,7.911669713909297,7.777942757750576,8.360074821142595,8.360074821142595,8.360074821142595,7.987309139202724,7.865701043249552,8.231779676766305,3.9334045305489567,8.52472757387456,8.081336165670713,11.139583406074975,1.7981075827511535,8.901257312105255,7.987309139202724,12.719827152772602,13.724170993811459,10.35763922037363,10.35763922037363,39.09808093189646,40.73951263992553,38.7176222482234,38.665779690213576,33.3705200913036,37.693320919099946,39.56634067657304,7.9701753394096215,7.68600562699235,6.942155202803933,4.622898207773382,4.794228017395433,3.983549290987081,5.629989336718381,5.074206922303887,7.836448268912826,3.4779246395068952,6.227564938841896,6.248459285092457,8.187482386362785,2.984782159472374,1.80227677395149,4.3302227961843,2.5001156650719336,1.2716062475847918,2.2201255347821007,8.57195039078762,13.27350016607636,11.275824438107787,11.96957132384977,9.437011299025711,8.078828776621837,8.66388871190037,5.3123988328522,7.351689829157762,6.077125834187502,5.980649555968427,5.028240157823962,7.8071955070758765,10.159993297641881,10.439994158405135,7.673468755091946,9.453727559546527,8.467475175838713,10.582084585680953,10.782683338254067,20.849408434238875,8.579468713919535,11.821587018446484,11.821587018446484,40.18929833852099,37.06620522198099,41.8533338533276,40.98786309708027
