1000.0,7.537660098718442,1.9412508745133359,72.29675469284614,72.29675469284614,72.29675469284614,72.29675469284614,72.29675469284614,72.29675469284614,82.29922350312266,73.27790149691288,73.3358222973435,83.1416526663682,80.63628893468945,78.28094391760268,74.09493365937709,88.15049405148922,89.13592003522683,88.4646377082036,89.13592003522683,89.13592003522683,88.4646377082036,88.41988544153082,70.89786295646027,70.89786295646027,70.89786295646027,74.19497809462248,73.95013237968736,74.23095897096273,73.00848170918619,73.00848170918619,73.00848170918619,73.79128959592249,74.0466665823647,73.27790149691288,82.30448870073448,72.66271094807911,73.59383285189293,67.17151397970653,86.78861192992045,71.87199854177348,73.79128959592249,113.07627193390194,115.1853937030951,108.11567793858066,108.11567793858066,8.458668352525455,5.011661501644517,9.25763164603013,9.366501025626372,20.48654685212342,11.408664586409087,7.475322815817375,73.82727057337422,74.42402693400987,75.98611272861403,80.85655208646659,80.4967595124123,82.1991847118055,78.741660865637,79.90880385427508,74.10809740482955,83.26099639830579,77.48675218586301,77.44287406164003,73.37092580138689,92.63267985650256,90.14941878149048,95.45810491143259,85.31439508030162,87.89426463843022,91.02690109777645,72.56354303814686,62.69028896630723,66.88540782531193,65.42853942823761,70.74691522963117,73.59909836858851,72.37047257462672,79.40860087744754,75.12609006684283,77.80267428461887,98.9240007386573,80.00533405280756,74.1695282010372,69.22865310996359,68.64065133109153,74.45035436342053,70.71181108438043,72.7829409771562,68.3422614481241,67.92100408761824,130.1483899600181,104.38152034077957,111.18996790973733,111.18996790973733,6.167111625751371,12.725607637130697,2.672636760767663,4.490125499596425
7.537660098718442,1000.0,8.478910972704114,65.75909494156157,65.75909494156157,65.75909494156157,65.75909494156157,65.75909494156157,65.75909494156157,75.76156386201887,66.74024175576469,66.79816255679825,76.6039930352374,74.09862927421563,71.74328423041187,67.55727392678118,81.61283448188054,82.59826047817064,81.9269781425805,82.59826047817064,82.59826047817064,81.9269781425805,81.88222587533903,64.36020319097591,64.36020319097591,64.36020319097591,67.65731836308072,67.41247264556834,67.69329923980047,66.47082196524005,66.47082196524005,66.47082196524005,67.25362986013636,67.50900684926071,66.74024175576469,75.76682905969272,66.12505120055822,67.05617311403972,60.63385417784417,80.25095234320685,65.33433878614595,67.25362986013636,106.5386127272112,108.64773453145811,101.57801865211964,101.57801865211964,1.921008254322166,3.525998597833701,2.7199715483768236,2.828840928055424,13.948886772339666,4.871004490712663,1.0623372829313362,67.28961083796538,67.8863672048873,69.44845301620232,74.3188924285343,73.95909985033232,75.6615250695246,72.20400118360591,73.37114418545943,67.57043767237221,76.72333676859651,70.94909248985337,70.90521436514594,66.83326606120731,86.09502034517995,83.61175923749835,88.92044543842167,78.77673547538988,81.35660506558182,84.48924156522129,66.0258832896041,56.1526291234829,60.34774802074342,58.89087961008171,64.20925546263231,67.06143863079035,65.83281282409867,72.8709412029428,68.58843034518499,71.26501459210581,92.38634131430165,73.46767438509417,67.63186846922711,62.69099332792362,62.1029915433202,67.91269463457655,64.17415131702987,66.24528123087626,61.80460165746431,61.38334429290363,123.61073105657724,97.84386099674572,104.652308672271,104.652308672271,2.370548473498073,6.18794754297515,5.865023338560821,4.047534599919471
1.9412508745133359,8.478910972704114,1000.0,73.2380055115837,73.2380055115837,73.2380055115837,73.2380055115837,73.2380055115837,73.2380055115837,83.2404743051898,74.21915231411188,74.27707311445103,84.0829034669315,81.57753973967955,79.22219472662944,75.03618447527887,89.09174484279066,90.07717082464148,89.40588849890588,90.07717082464148,90.07717082464148,89.40588849890588,89.36113623231857,71.83911377735514,71.83911377735514,71.83911377735514,75.1362289103644,74.89138319582008,75.1722097866471,73.94973252680978,73.94973252680978,73.94973252680978,74.73254041230805,74.98791739834351,74.21915231411188,83.24573950279226,73.60396176624525,74.53508366859204,68.11276480613965,87.72986272379445,72.81324936117059,74.73254041230805,114.01752267094102,116.12664443491708,109.0569286875049,109.0569286875049,9.399919226362625,5.952912375943453,10.198882519723629,10.307751899299229,21.427797722337875,12.349915459647233,8.416573689812438,74.76852138970258,75.365277749385,76.92736354145717,81.79780289107302,81.43801031764494,83.14043551405018,79.68291167388371,80.85005466052492,75.04934822071027,84.20224719865479,78.42800299622354,78.38412487207385,74.3121766184389,93.57393063905057,91.09066956894249,96.3993556882367,86.25564587691468,88.83551543021876,91.96815188351104,73.50479385646813,63.63153979899945,67.82665865215773,66.36979025715723,71.68816605075625,74.54034918527927,73.31172339324938,80.34985168455681,76.06734088108657,78.74392509445047,99.86525150817663,80.94658485889092,75.1107790168198,70.16990393337673,69.58190215537734,75.39160517875342,71.653061905559,73.72419179513399,69.28351227284982,68.86225491296176,131.08964065201926,105.32277109829418,112.13121865135949,112.13121865135949,7.108362499924116,13.666858510040708,3.6138876352338287,5.431376373942881
72.29675469284614,65.75909494156157,73.2380055115837,1000.0,1.0,1.0,1.0,1.0,1.0,11.002469480293161,1.9811468624678934,2.0390676663959204,11.844898707529602,9.3395347889929,6.9841896057137305,2.798179074779286,16.85374049739675,17.83916656565728,17.167884180881387,17.83916656565728,17.83916656565728,17.167884180881387,17.123131910384988,2.3988918169004187,2.3988918169004187,2.3988918169004187,2.89822351620423,2.653377786174727,2.934204394771009,1.7117270585459257,1.7117270585459257,1.7117270585459257,2.4945349926704417,2.7499119947914217,1.9811468624678934,11.007734678301292,1.3659562768297964,2.2970782365920375,6.125240992345717,15.491858261664513,1.4247561758619167,2.4945349926704417,41.77952101298964,43.888643052378164,36.81892641135221,36.81892641135221,64.83808673108211,68.28509341268096,64.03912347403926,63.930254099330526,52.810208669812276,61.88809062663276,65.8214322214799,2.530515972324693,3.1272723698019225,4.689358263632371,9.559797956781294,9.200005356614723,10.90243068145514,7.444906585533708,8.612049656267317,2.8113428210438767,11.964242448627571,6.189997820005978,6.146119692831758,2.074171172561618,21.33592669985334,18.852665400530967,24.16135202244066,14.017641291929683,16.597511062623845,19.73014779491067,1.2667883610233153,10.606466214309558,6.41134716104736,7.868215628876666,2.549839552224112,2.3023437536080884,1.073717886113211,8.111846643979968,3.8293355467317385,6.505919940104823,27.627248196088143,8.70857986169057,2.872773621045381,4.068101755237615,4.6561035653650595,3.153599800851499,2.584943699444939,1.4861863130505748,4.954493463974987,5.375750846313959,58.851641438945656,33.08476838413316,39.89321675344528,39.89321675344528,67.12964334748384,60.571147629093986,70.62411802762102,68.80662938742371
72.29675469284614,65.75909494156157,73.2380055115837,1.0,1000.0,1.0,1.0,1.0,1.0,11.002469480293161,1.9811468624678934,2.0390676663959204,11.844898707529602,9.3395347889929,6.9841896057137305,2.798179074779286,16.85374049739675,17.83916656565728,17.167884180881387,17.83916656565728,17.83916656565728,17.167884180881387,17.123131910384988,2.3988918169004187,2.3988918169004187,2.3988918169004187,2.89822351620423,2.653377786174727,2.934204394771009,1.7117270585459257,1.7117270585459257,1.7117270585459257,2.4945349926704417,2.7499119947914217,1.9811468624678934,11.007734678301292,1.3659562768297964,2.2970782365920375,6.125240992345717,15.491858261664513,1.4247561758619167,2.4945349926704417,41.77952101298964,43.888643052378164,36.81892641135221,36.81892641135221,64.83808673108211,68.28509341268096,64.03912347403926,63.930254099330526,52.810208669812276,61.88809062663276,65.8214322214799,2.530515972324693,3.1272723698019225,4.689358263632371,9.559797956781294,9.200005356614723,10.90243068145514,7.444906585533708,8.612049656267317,2.8113428210438767,11.964242448627571,6.189997820005978,6.146119692831758,2.074171172561618,21.33592669985334,18.852665400530967,24.16135202244066,14.017641291929683,16.597511062623845,19.73014779491067,1.2667883610233153,10.606466214309558,6.41134716104736,7.868215628876666,2.549839552224112,2.3023437536080884,1.073717886113211,8.111846643979968,3.8293355467317385,6.505919940104823,27.627248196088143,8.70857986169057,2.872773621045381,4.068101755237615,4.6561035653650595,3.153599800851499,2.584943699444939,1.4861863130505748,4.954493463974987,5.375750846313959,58.851641438945656,33.08476838413316,39.89321675344528,39.89321675344528,67.12964334748384,60.571147629093986,70.62411802762102,68.80662938742371
72.29675469284614,65.75909494156157,73.2380055115837,1.0,1.0,1000.0,1.0,1.0,1.0,11.002469480293161,1.9811468624678934,2.0390676663959204,11.844898707529602,9.3395347889929,6.9841896057137305,2.798179074779286,16.85374049739675,17.83916656565728,17.167884180881387,17.83916656565728,17.83916656565728,17.167884180881387,17.123131910384988,2.3988918169004187,2.3988918169004187,2.3988918169004187,2.89822351620423,2.653377786174727,2.934204394771009,1.7117270585459257,1.7117270585459257,1.7117270585459257,2.4945349926704417,2.7499119947914217,1.9811468624678934,11.007734678301292,1.3659562768297964,2.2970782365920375,6.125240992345717,15.491858261664513,1.4247561758619167,2.4945349926704417,41.77952101298964,43.888643052378164,36.81892641135221,36.81892641135221,64.83808673108211,68.28509341268096,64.03912347403926,63.930254099330526,52.810208669812276,61.88809062663276,65.8214322214799,2.530515972324693,3.1272723698019225,4.689358263632371,9.559797956781294,9.200005356614723,10.90243068145514,7.444906585533708,8.612049656267317,2.8113428210438767,11.964242448627571,6.189997820005978,6.146119692831758,2.074171172561618,21.33592669985334,18.852665400530967,24.16135202244066,14.017641291929683,16.597511062623845,19.73014779491067,1.2667883610233153,10.606466214309558,6.41134716104736,7.868215628876666,2.549839552224112,2.3023437536080884,1.073717886113211,8.111846643979968,3.8293355467317385,6.505919940104823,27.627248196088143,8.70857986169057,2.872773621045381,4.068101755237615,4.6561035653650595,3.153599800851499,2.584943699444939,1.4861863130505748,4.954493463974987,5.375750846313959,58.851641438945656,33.08476838413316,39.89321675344528,39.89321675344528,67.12964334748384,60.571147629093986,70.62411802762102,68.80662938742371
72.29675469284614,65.75909494156157,73.2380055115837,1.0,1.0,1.0,1000.0,1.0,1.0,11.002469480293161,1.9811468624678934,2.0390676663959204,11.844898707529602,9.3395347889929,6.9841896057137305,2.798179074779286,16.85374049739675,17.83916656565728,17.167884180881387,17.83916656565728,17.83916656565728,17.167884180881387,17.123131910384988,2.3988918169004187,2.3988918169004187,2.3988918169004187,2.89822351620423,2.653377786174727,2.934204394771009,1.7117270585459257,1.7117270585459257,1.7117270585459257,2.4945349926704417,2.7499119947914217,1.9811468624678934,11.007734678301292,1.3659562768297964,2.2970782365920375,6.125240992345717,15.491858261664513,1.4247561758619167,2.4945349926704417,41.77952101298964,43.888643052378164,36.81892641135221,36.81892641135221,64.83808673108211,68.28509341268096,64.03912347403926,63.930254099330526,52.810208669812276,61.88809062663276,65.8214322214799,2.530515972324693,3.1272723698019225,4.689358263632371,9.559797956781294,9.200005356614723,10.90243068145514,7.444906585533708,8.612049656267317,2.8113428210438767,11.964242448627571,6.189997820005978,6.146119692831758,2.074171172561618,21.33592669985334,18.852665400530967,24.16135202244066,14.017641291929683,16.597511062623845,19.73014779491067,1.2667883610233153,10.606466214309558,6.41134716104736,7.868215628876666,2.549839552224112,2.3023437536080884,1.073717886113211,8.111846643979968,3.8293355467317385,6.505919940104823,27.627248196088143,8.70857986169057,2.872773621045381,4.068101755237615,4.6561035653650595,3.153599800851499,2.584943699444939,1.4861863130505748,4.954493463974987,5.375750846313959,58.851641438945656,33.08476838413316,39.89321675344528,39.89321675344528,67.12964334748384,60.571147629093986,70.62411802762102,68.80662938742371
72.29675469284614,65.75909494156157,73.2380055115837,1.0,1.0,1.0,1.0,1000.0,1.0,11.002469480293161,1.9811468624678934,2.0390676663959204,11.844898707529602,9.3395347889929,6.9841896057137305,2.798179074779286,16.85374049739675,17.83916656565728,17.167884180881387,17.83916656565728,17.83916656565728,17.167884180881387,17.123131910384988,2.3988918169004187,2.3988918169004187,2.3988918169004187,2.89822351620423,2.653377786174727,2.934204394771009,1.7117270585459257,1.7117270585459257,1.7117270585459257,2.4945349926704417,2.7499119947914217,1.9811468624678934,11.007734678301292,1.3659562768297964,2.2970782365920375,6.125240992345717,15.491858261664513,1.4247561758619167,2.4945349926704417,41.77952101298964,43.888643052378164,36.81892641135221,36.81892641135221,64.83808673108211,68.28509341268096,64.03912347403926,63.930254099330526,52.810208669812276,61.88809062663276,65.8214322214799,2.530515972324693,3.1272723698019225,4.689358263632371,9.559797956781294,9.200005356614723,10.90243068145514,7.444906585533708,8.612049656267317,2.8113428210438767,11.964242448627571,6.189997820005978,6.146119692831758,2.074171172561618,21.33592669985334,18.852665400530967,24.16135202244066,14.017641291929683,16.597511062623845,19.73014779491067,1.2667883610233153,10.606466214309558,6.41134716104736,7.868215628876666,2.549839552224112,2.3023437536080884,1.073717886113211,8.111846643979968,3.8293355467317385,6.505919940104823,27.627248196088143,8.70857986169057,2.872773621045381,4.068101755237615,4.6561035653650595,3.153599800851499,2.584943699444939,1.4861863130505748,4.954493463974987,5.375750846313959,58.851641438945656,33.08476838413316,39.89321675344528,39.89321675344528,67.12964334748384,60.571147629093986,70.62411802762102,68.80662938742371
72.29675469284614,65.75909494156157,73.2380055115837,1.0,1.0,1.0,1.0,1.0,1000.0,11.002469480293161,1.9811468624678934,2.0390676663959204,11.844898707529602,9.3395347889929,6.9841896057137305,2.798179074779286,16.85374049739675,17.83916656565728,17.167884180881387,17.83916656565728,17.83916656565728,17.167884180881387,17.123131910384988,2.3988918169004187,2.3988918169004187,2.3988918169004187,2.89822351620423,2.653377786174727,2.934204394771009,1.7117270585459257,1.7117270585459257,1.7117270585459257,2.4945349926704417,2.7499119947914217,1.9811468624678934,11.007734678301292,1.3659562768297964,2.2970782365920375,6.125240992345717,15.491858261664513,1.4247561758619167,2.4945349926704417,41.77952101298964,43.888643052378164,36.81892641135221,36.81892641135221,64.83808673108211,68.28509341268096,64.03912347403926,63.930254099330526,52.810208669812276,61.88809062663276,65.8214322214799,2.530515972324693,3.1272723698019225,4.689358263632371,9.559797956781294,9.200005356614723,10.90243068145514,7.444906585533708,8.612049656267317,2.8113428210438767,11.964242448627571,6.189997820005978,6.146119692831758,2.074171172561618,21.33592669985334,18.852665400530967,24.16135202244066,14.017641291929683,16.597511062623845,19.73014779491067,1.2667883610233153,10.606466214309558,6.41134716104736,7.868215628876666,2.549839552224112,2.3023437536080884,1.073717886113211,8.111846643979968,3.8293355467317385,6.505919940104823,27.627248196088143,8.70857986169057,2.872773621045381,4.068101755237615,4.6561035653650595,3.153599800851499,2.584943699444939,1.4861863130505748,4.954493463974987,5.375750846313959,58.851641438945656,33.08476838413316,39.89321675344528,39.89321675344528,67.12964334748384,60.571147629093986,70.62411802762102,68.80662938742371
82.29922350312266,75.76156386201887,83.2404743051898,11.002469480293161,11.002469480293161,11.002469480293161,11.002469480293161,11.002469480293161,11.002469480293161,1000.0,10.02132261885237,9.963401814977997,1.8424292282971524,2.662934692910155,5.018279877370504,9.20429040722587,6.851271027876591,7.836697098734532,7.165414712164735,7.836697098734532,7.836697098734532,7.165414712164735,7.120662441552466,12.401361295343051,12.401361295343051,12.401361295343051,9.104245965874147,9.34909169572034,9.068265087333135,10.290742422514539,10.290742422514539,10.290742422514539,9.507934489098261,9.252557487177578,10.02132261885237,1.005265198014248,10.636513203872573,9.705391245011425,16.12771046364483,5.489388788926353,11.427225655641172,9.507934489098261,31.777051678645844,33.886173736120426,26.816457038563705,26.816457038563705,74.84055566627325,78.28756229172944,74.04159242185402,73.93272304885413,62.812677779530816,71.89055960770546,75.82390114093295,9.471953509473147,8.875197112435348,7.313111219363918,2.44267152494543,2.802464125394203,1.1000387989530274,4.5575628974208255,3.3904198261380665,9.191126660971047,1.961772969558724,5.8124716631861455,5.856349790362059,9.928298308844436,11.333457243970216,8.850195936515197,14.158882577555985,4.0151718161940915,6.595041592465305,9.727678333604734,10.735681119571234,20.608935672756246,16.413816631664947,17.870685095729687,12.55230903043994,9.7001257279999,10.92875159426488,3.8906228386994983,8.17313393591672,5.49654954306192,17.62477876723333,3.2938896206552304,9.129695861014591,14.070571230878347,14.658573039864926,8.848869681403254,12.587413177607264,10.516283167779456,14.95696293786525,15.378220319308461,48.84917228084766,23.08229898619209,29.890747403805893,29.890747403805893,77.13211224565538,70.57361663000398,80.62658686702025,78.80909825774029
73.27790149691288,66.74024175576469,74.21915231411188,1.9811468624678934,1.9811468624678934,1.9811468624678934,1.9811468624678934,1.9811468624678934,1.9811468624678934,10.02132261885237,1000.0,1.0579208039287118,10.863751846279362,8.358387927223436,6.003042743586545,1.8170322123281082,15.872593637613527,16.85801970623003,16.18673732120924,16.85801970623003,16.85801970623003,16.18673732120924,16.141985050696874,3.380038679330438,3.380038679330438,3.380038679330438,1.9170766537561428,1.672230923719479,1.9530575323240886,1.269419803924149,1.269419803924149,1.269419803924149,1.5133881302112782,1.7687651323388343,1.0,10.02658781686164,1.615190585640658,1.3159313741288063,7.106387854457664,14.51071140142579,2.4059030383230167,1.5133881302112782,40.79837416902543,42.90749621040458,35.83777956310755,35.83777956310755,65.8192335466359,69.26624022308164,65.02027029074924,64.91140091619695,53.79135550125046,62.86923744638417,66.80257903559092,1.5493691098663658,2.146125507361769,3.7082114012781684,8.578651095051743,8.218858494820546,9.921283819992796,6.463759723466555,7.630902794373875,1.8301959585930923,10.983095587405634,5.208850957786658,5.164972830607765,1.093024310094862,20.35477984186803,17.871518541492932,23.180205165824326,13.036494431245558,15.616364202751695,18.749000936228544,1.7143585014467462,11.587613075620961,7.392494023121835,8.849362490731473,3.5309864146473835,1.3211968911449543,1.9074289763554435,7.130699782008279,2.8481886843233433,5.524773077920435,26.646101341400076,7.727432999812887,1.891626758596486,5.0492486175641975,5.637250427640111,2.172452938412335,3.5660905618665675,1.4949605494200564,5.935640326220883,6.356897708515247,57.87049461402252,32.103621533037845,38.91206990778702,38.91206990778702,68.11079015964165,61.55229445065603,71.60526483437266,69.78777619702144
73.3358222973435,66.79816255679825,74.27707311445103,2.0390676663959204,2.0390676663959204,2.0390676663959204,2.0390676663959204,2.0390676663959204,2.0390676663959204,9.963401814977997,1.0579208039287118,1000.0,10.80583104241565,8.300467123330819,5.945121939674454,1.7591114083998127,15.814672833832923,16.80009890246975,16.12881651743497,16.80009890246975,16.80009890246975,16.12881651743497,16.0840642469217,3.4379594832552534,3.4379594832552534,3.4379594832552534,1.8591558498279603,1.6143101197910443,1.8951367283959497,1.3273406078528018,1.3273406078528018,1.3273406078528018,1.4554673262827236,1.7108443284104893,1.0579208039287118,9.968667012987334,1.673111389569092,1.2580105702001492,7.164308658361103,14.452790597619243,2.463823842250346,1.4554673262827236,40.74045336616128,42.84957540765649,35.7798587599942,35.7798587599942,65.87715434774985,69.32416102388899,65.07819109193203,64.96932171738905,53.84927630331052,62.927158247748,66.86049983661901,1.4914483059378352,2.0882047034338953,3.650290597354277,8.520730291161332,8.16093769092657,9.863363016117221,6.405838919557686,7.572981990474448,1.7722751546648112,10.925174783543508,5.150930153869684,5.107052026690546,1.0351035061661524,20.296859038190437,17.81359773775492,23.122284362225578,12.97857362741375,15.55844339896602,18.691080132510937,1.7722793053750876,11.64553387947401,7.450414827022862,8.907283294618512,3.5889072185716953,1.2632760872162991,1.9653497802835669,7.072778978104581,2.7902678803968533,5.466852274005301,26.588180537912734,7.669512195914321,1.8337059546682732,5.107169421481742,5.695171231554203,2.1145321344845005,3.6240113657907567,1.5528813533485843,5.993561130133045,6.414818512424482,57.812573812270536,32.04570072975879,38.85414910482419,38.85414910482419,68.16871096055354,61.610215252127645,71.66318563496297,69.84569699778102
83.1416526663682,76.6039930352374,84.0829034669315,11.844898707529602,11.844898707529602,11.844898707529602,11.844898707529602,11.844898707529602,11.844898707529602,1.8424292282971524,10.863751846279362,10.80583104241565,1000.0,3.505363921166551,5.860709105476609,10.046719634797187,6.008841799866266,6.994267870838463,6.322985484188768,6.994267870838463,6.994267870838463,6.322985484188768,6.278233213571489,13.243790522275292,13.243790522275292,13.243790522275292,9.946675193462243,10.191520923267028,9.91069431492721,11.133171649891082,11.133171649891082,11.133171649891082,10.35036371661746,10.09498671474073,10.863751846279362,1.837164030282948,11.478942431182286,10.54782047249577,16.970139689580265,4.646959560789421,12.269654882789284,10.35036371661746,30.93462245937711,33.04374451815127,25.97402781658312,25.97402781658312,75.68298484083034,79.12999146119255,74.88402159755904,74.77515222471457,63.65510697006246,72.73298878643962,76.66633031406026,10.31438273699862,9.717626340061111,8.155540447219261,3.2851007532103327,3.6448933536447186,1.9424680272492578,5.399992125564863,4.232849054359623,10.033555888544582,1.1193437412626943,6.654900891217116,6.698779018388518,10.770727536288517,10.491028016633116,8.007766708756487,13.316453350845578,3.172742587961043,5.752612364428386,8.885249105981197,11.578110346861347,21.45136489713401,17.256245857512646,18.71311432110583,13.39473825733707,10.542554955485183,11.771180821516289,4.733052066891094,9.015563163651567,6.338978771124256,16.782349541505447,4.136318848882006,9.972125088598435,14.913000457397594,15.501002266225726,9.691298909033288,13.429842404496164,11.358712395112669,15.799392164143066,16.22064954546617,48.00674307461232,22.239869762489096,29.048318183448963,29.048318183448963,77.9745414168516,71.41604581054852,81.46901603289595,79.65152742641264
80.63628893468945,74.09862927421563,81.57753973967955,9.3395347889929,9.3395347889929,9.3395347889929,9.3395347889929,9.3395347889929,9.3395347889929,2.662934692910155,8.358387927223436,8.300467123330819,3.505363921166551,1000.0,3.355345184643067,7.541355715351569,8.514205719937472,9.49963179052219,8.828349404142589,9.49963179052219,9.49963179052219,8.828349404142589,8.783597133542383,10.7384266045756,10.7384266045756,10.7384266045756,7.441311273971571,7.686157003887646,7.405330395420484,8.627807730972162,8.627807730972162,8.627807730972162,7.844999797312144,7.589622795317057,8.358387927223436,2.668199890924234,8.973578512445378,8.042456553284559,14.464775774664757,7.1523234813030365,9.76429096449471,7.844999797312144,33.43998635224512,35.549108407052316,28.4793917177561,28.4793917177561,73.17762107587224,76.62462771121706,72.37865782922569,72.26978845592419,61.149743158178296,70.22762500920172,74.1609665533067,7.809018817676393,7.212262420469489,5.650176527020454,1.2202631679708609,1.1395294324889034,2.562895893960147,2.8946282046407985,1.727485133261487,7.528191969093004,3.6247076624201315,4.149536970568596,4.1934150977512905,8.265363617186264,12.99639193448531,10.513130627982685,15.821817266697314,5.6781065088318305,8.257976284591077,11.390613024762935,9.072746428177926,18.946000986634168,14.75088194284423,16.20775040776931,10.889374339734484,8.037191036271434,9.265816902938633,2.227688145857859,6.510199243769505,3.8336148503977427,19.28771345426749,1.6309549277730193,7.466761169119171,12.407636540845374,12.995638350116263,7.185934989430254,10.924478486916355,8.853348476311687,13.294028248265962,13.715285629925898,50.5121069278934,24.745233668965152,31.5536820796445,31.5536820796445,75.46917766177778,68.91068202799026,78.96365229347613,77.14616367876353
78.28094391760268,71.74328423041187,79.22219472662944,6.9841896057137305,6.9841896057137305,6.9841896057137305,6.9841896057137305,6.9841896057137305,6.9841896057137305,5.018279877370504,6.003042743586545,5.945121939674454,5.860709105476609,3.355345184643067,1000.0,5.186010531456921,10.869550902552,11.85497697264146,11.183694586605009,11.85497697264146,11.85497697264146,11.183694586605009,11.138942316026801,8.383081421897378,8.383081421897378,8.383081421897378,5.085966090047867,5.330811820036021,5.049985211486462,6.272462547428262,6.272462547428262,6.272462547428262,5.48965461350903,5.234277611436621,6.003042743586545,5.023545075383764,6.618233329026635,5.687111369543675,12.109430594108703,9.507668664514506,7.408945781386714,5.48965461350903,35.795331505972264,37.904453556769674,30.834736879950285,30.834736879950285,70.82227602849025,74.2692826774624,70.0233127787768,69.91444340506003,58.79439806827891,67.87227995066736,71.80562150974679,5.453673633862171,4.856917236481321,3.29483134266909,3.5756083525984166,3.2158157521626176,4.918241078435765,1.4607169800261328,2.627860051413958,5.1728467851944995,5.980052846705758,1.7941917859939092,1.838069913181386,5.9100184335181885,15.351737114417936,12.868475809537108,18.177162444373717,8.033451692575039,10.613321467325672,13.745958205782884,6.717401244796282,16.590655809633745,12.395536762482447,13.852405228466042,8.534029157127495,5.68184585252886,6.91047171963076,2.1276570388230582,4.154854059601606,1.4782696657917251,21.643058628578522,2.7243902568997953,5.111415985202805,10.052291359024048,10.640293168633022,4.830589805434858,8.569133304326112,6.498003292848683,10.9386830669615,11.359940448882117,52.86745204213484,27.1005788366412,33.909027236750646,33.909027236750646,73.11383262338364,66.55533696462919,76.60830726933415,74.79081864712663
74.09493365937709,67.55727392678118,75.03618447527887,2.798179074779286,2.798179074779286,2.798179074779286,2.798179074779286,2.798179074779286,2.798179074779286,9.20429040722587,1.8170322123281082,1.7591114083998127,10.046719634797187,7.541355715351569,5.186010531456921,1000.0,15.055561427267651,16.040987496163787,15.369705110950502,16.040987496163787,16.040987496163787,15.369705110950502,15.324952840425613,4.197070891586459,4.197070891586459,4.197070891586459,1.1000444414289041,1.1448012886095515,1.136025319997209,2.086452016249484,2.086452016249484,2.086452016249484,1.3036440821183068,1.0482670799896254,1.8170322123281082,9.209555605236002,2.432222797960418,1.5011008382008018,7.923420066385332,13.6936791907238,3.222935250621516,1.3036440821183068,39.981341971427895,42.09046401442879,35.020747362030086,35.020747362030086,66.63626571879284,70.08327239088868,65.83730246388261,65.72843308946246,54.60838768683974,63.686269622086854,67.61961120652964,1.2676631024631357,1.329093295037235,2.8911791889985947,7.761618883209362,7.401826282930479,9.10425160835005,5.646727511379071,6.813870582411164,1.0131637462650878,10.166063375944992,4.391818745593841,4.347940618411806,1.7240079022338841,19.53774763294297,17.054486331733536,22.363172957991118,12.219462220197792,14.799331992336121,17.931968726750583,2.5313907137644893,12.404645286805644,8.209526235013424,9.666394702415314,4.348018626895215,1.495835321184663,2.7244611886687258,6.3136675699889295,2.0311564720132935,4.7077408657513224,25.82906913511356,6.910400787861654,1.074594546269008,5.866280829705645,6.454282639728633,1.3554207260881752,4.383122774112431,2.3119927617420117,6.752672538280041,7.173929920530083,57.05346243199025,31.286589329650138,38.09503770881093,38.09503770881093,68.92782232893164,62.36932662788891,72.42229699910119,70.60480836415095
88.15049405148922,81.61283448188054,89.09174484279066,16.85374049739675,16.85374049739675,16.85374049739675,16.85374049739675,16.85374049739675,16.85374049739675,6.851271027876591,15.872593637613527,15.814672833832923,6.008841799866266,8.514205719937472,10.869550902552,15.055561427267651,1000.0,1.9854260713160374,1.3141436844198353,1.9854260713160374,1.9854260713160374,1.3141436844198353,1.2693914137879874,18.252632309857457,18.252632309857457,18.252632309857457,14.955516986066506,15.200362715541758,14.919536107579322,16.142013440833544,16.142013440833544,16.142013440833544,15.359205508674686,15.103828507146218,15.872593637613527,6.846005829864437,16.487784221609687,15.556662264278518,21.978981469966993,2.3618822393659213,17.27849667198665,15.359205508674686,25.92578070299917,28.03490276878218,20.96518604577026,20.96518604577026,80.6918262957459,84.13883288464709,79.8928630595718,79.78399368768876,68.66394852405335,77.74183026719525,81.67517176013999,15.323224529105367,14.726468132967351,13.164382242022358,8.293942552106824,8.653735152333173,6.951309826789152,10.408833923022657,9.241690852675706,15.042397681032714,5.889498058637529,11.663742687575384,11.707620814705026,15.779569327755969,5.482186219243585,2.998924909705665,8.307611556220174,3.8360992122638446,1.256229435508761,3.876407307435329,16.586952137138475,26.460206666733534,22.26508763728029,23.721956097573717,18.403580044659094,15.551396747275307,16.78002261149755,9.741893864858737,14.02440495744541,11.34782056777657,11.773507751541818,9.145160647261982,14.980966881168774,19.921842241955893,20.50984404964179,14.700140701973842,18.438684191757307,16.367554185720746,20.808233946964123,21.22949132742963,42.99790138991449,17.23102798270665,24.039476421243183,24.039476421243183,82.98338285100414,76.42488730251664,86.47785743422457,84.66036884498818
89.13592003522683,82.59826047817064,90.07717082464148,17.83916656565728,17.83916656565728,17.83916656565728,17.83916656565728,17.83916656565728,17.83916656565728,7.836697098734532,16.85801970623003,16.80009890246975,6.994267870838463,9.49963179052219,11.85497697264146,16.040987496163787,1.9854260713160374,1000.0,1.6712823868986177,1.0,1.0,1.6712823868986177,1.7160346575302596,19.238058377572425,19.238058377572425,19.238058377572425,15.940943054995847,16.18578878438945,15.904962176520536,17.127439509354488,17.127439509354488,17.127439509354488,16.344631577468682,16.089254576026267,16.85801970623003,7.831431900723141,17.473210290005568,16.542088333004962,22.964407536010555,3.3473083106453427,18.263922740086265,16.344631577468682,24.940354638527843,27.049476705544976,19.979759978799574,19.979759978799574,81.67725229372668,85.12425887620171,80.87828905900375,80.76941968731734,69.64937454235165,78.72725627046228,82.66059775631496,16.30865059791158,15.71189420197182,14.149808311507238,9.279368622731367,9.639161222892088,7.9367358976324445,11.394259993218974,10.227116923121004,16.02782374993324,6.8749241296246,12.649168757469237,12.693046884587654,16.764995396405084,4.496760148107128,2.013498838412837,7.322185485433568,4.821525283455748,2.241655506821154,2.8909812361816085,17.572378205497976,27.445632730347224,23.2505137031824,24.70738216272664,19.38900611231252,16.536822816003564,17.765448679785592,10.727319935201145,15.009831026672693,12.333246637749964,10.788081681434434,10.130586717726473,15.96639295008969,20.907268308961367,21.495270116382173,15.685566770986869,19.424110259396343,17.35298025416042,21.793660013566967,22.214917393834845,42.01247533837336,16.24560191422765,23.05405035575479,23.05405035575479,83.9688088447428,77.41031330807996,87.46328342126563,85.64579483554711
88.4646377082036,81.9269781425805,89.40588849890588,17.167884180881387,17.167884180881387,17.167884180881387,17.167884180881387,17.167884180881387,17.167884180881387,7.165414712164735,16.18673732120924,16.12881651743497,6.322985484188768,8.828349404142589,11.183694586605009,15.369705110950502,1.3141436844198353,1.6712823868986177,1000.0,1.6712823868986177,1.6712823868986177,1.0,1.0447522706318921,18.566775993171607,18.566775993171607,18.566775993171607,15.269660669759697,15.514506399209525,15.23367979127621,16.456157124399446,16.456157124399446,16.456157124399446,15.67334919232572,15.41797219082406,16.18673732120924,7.160149514152809,16.801927905136573,15.870805947908497,22.293125152757444,2.676025923777422,17.592640355421032,15.67334919232572,25.611637020822464,27.720759087004062,20.65104236278462,20.65104236278462,81.00596995698257,84.45297654384362,80.20700672126912,80.0981373494485,68.97809219173756,78.05597393010987,81.9893154208034,15.637368212760205,15.040611816683933,13.47852592588826,8.6080862363241,8.967878836530408,7.26545351107287,10.7229776071086,9.555834536838162,15.356541364716934,6.2036417429644795,11.977886371567982,12.021764498694159,16.093713011361842,5.168042534891985,2.6847812252981287,7.993467871987031,4.1502428966510605,1.5703731199280626,3.5622636230424116,16.901095820654007,26.774350348760354,22.579231320026352,24.036099780084513,18.71772372795399,15.865540430905853,17.094166294990774,10.05603754898962,14.3385486412313,11.661964251793755,11.459364067533697,9.459304331430321,15.295110564859339,20.23598592504795,20.82398773265078,15.014284385693086,18.752827875047707,16.681697869261296,21.12237762993,21.543635010333542,42.683757711901634,16.916884299231025,23.725332738737617,23.725332738737617,83.29752651089407,76.73903096616007,86.79200109198796,84.97451250386857
89.13592003522683,82.59826047817064,90.07717082464148,17.83916656565728,17.83916656565728,17.83916656565728,17.83916656565728,17.83916656565728,17.83916656565728,7.836697098734532,16.85801970623003,16.80009890246975,6.994267870838463,9.49963179052219,11.85497697264146,16.040987496163787,1.9854260713160374,1.0,1.6712823868986177,1000.0,1.0,1.6712823868986177,1.7160346575302596,19.238058377572425,19.238058377572425,19.238058377572425,15.940943054995847,16.18578878438945,15.904962176520536,17.127439509354488,17.127439509354488,17.127439509354488,16.344631577468682,16.089254576026267,16.85801970623003,7.831431900723141,17.473210290005568,16.542088333004962,22.964407536010555,3.3473083106453427,18.263922740086265,16.344631577468682,24.940354638527843,27.049476705544976,19.979759978799574,19.979759978799574,81.67725229372668,85.12425887620171,80.87828905900375,80.76941968731734,69.64937454235165,78.72725627046228,82.66059775631496,16.30865059791158,15.71189420197182,14.149808311507238,9.279368622731367,9.639161222892088,7.9367358976324445,11.394259993218974,10.227116923121004,16.02782374993324,6.8749241296246,12.649168757469237,12.693046884587654,16.764995396405084,4.496760148107128,2.013498838412837,7.322185485433568,4.821525283455748,2.241655506821154,2.8909812361816085,17.572378205497976,27.445632730347224,23.2505137031824,24.70738216272664,19.38900611231252,16.536822816003564,17.765448679785592,10.727319935201145,15.009831026672693,12.333246637749964,10.788081681434434,10.130586717726473,15.96639295008969,20.907268308961367,21.495270116382173,15.685566770986869,19.424110259396343,17.35298025416042,21.793660013566967,22.214917393834845,42.01247533837336,16.24560191422765,23.05405035575479,23.05405035575479,83.9688088447428,77.41031330807996,87.46328342126563,85.64579483554711
89.13592003522683,82.59826047817064,90.07717082464148,17.83916656565728,17.83916656565728,17.83916656565728,17.83916656565728,17.83916656565728,17.83916656565728,7.836697098734532,16.85801970623003,16.80009890246975,6.994267870838463,9.49963179052219,11.85497697264146,16.040987496163787,1.9854260713160374,1.0,1.6712823868986177,1.0,1000.0,1.6712823868986177,1.7160346575302596,19.238058377572425,19.238058377572425,19.238058377572425,15.940943054995847,16.18578878438945,15.904962176520536,17.127439509354488,17.127439509354488,17.127439509354488,16.344631577468682,16.089254576026267,16.85801970623003,7.831431900723141,17.473210290005568,16.542088333004962,22.964407536010555,3.3473083106453427,18.263922740086265,16.344631577468682,24.940354638527843,27.049476705544976,19.979759978799574,19.979759978799574,81.67725229372668,85.12425887620171,80.87828905900375,80.76941968731734,69.64937454235165,78.72725627046228,82.66059775631496,16.30865059791158,15.71189420197182,14.149808311507238,9.279368622731367,9.639161222892088,7.9367358976324445,11.394259993218974,10.227116923121004,16.02782374993324,6.8749241296246,12.649168757469237,12.693046884587654,16.764995396405084,4.496760148107128,2.013498838412837,7.322185485433568,4.821525283455748,2.241655506821154,2.8909812361816085,17.572378205497976,27.445632730347224,23.2505137031824,24.70738216272664,19.38900611231252,16.536822816003564,17.765448679785592,10.727319935201145,15.009831026672693,12.333246637749964,10.788081681434434,10.130586717726473,15.96639295008969,20.907268308961367,21.495270116382173,15.685566770986869,19.424110259396343,17.35298025416042,21.793660013566967,22.214917393834845,42.01247533837336,16.24560191422765,23.05405035575479,23.05405035575479,83.9688088447428,77.41031330807996,87.46328342126563,85.64579483554711
88.4646377082036,81.9269781425805,89.40588849890588,17.167884180881387,17.167884180881387,17.167884180881387,17.167884180881387,17.167884180881387,17.167884180881387,7.165414712164735,16.18673732120924,16.12881651743497,6.322985484188768,8.828349404142589,11.183694586605009,15.369705110950502,1.3141436844198353,1.6712823868986177,1.0,1.6712823868986177,1.6712823868986177,1000.0,1.0447522706318921,18.566775993171607,18.566775993171607,18.566775993171607,15.269660669759697,15.514506399209525,15.23367979127621,16.456157124399446,16.456157124399446,16.456157124399446,15.67334919232572,15.41797219082406,16.18673732120924,7.160149514152809,16.801927905136573,15.870805947908497,22.293125152757444,2.676025923777422,17.592640355421032,15.67334919232572,25.611637020822464,27.720759087004062,20.65104236278462,20.65104236278462,81.00596995698257,84.45297654384362,80.20700672126912,80.0981373494485,68.97809219173756,78.05597393010987,81.9893154208034,15.637368212760205,15.040611816683933,13.47852592588826,8.6080862363241,8.967878836530408,7.26545351107287,10.7229776071086,9.555834536838162,15.356541364716934,6.2036417429644795,11.977886371567982,12.021764498694159,16.093713011361842,5.168042534891985,2.6847812252981287,7.993467871987031,4.1502428966510605,1.5703731199280626,3.5622636230424116,16.901095820654007,26.774350348760354,22.579231320026352,24.036099780084513,18.71772372795399,15.865540430905853,17.094166294990774,10.05603754898962,14.3385486412313,11.661964251793755,11.459364067533697,9.459304331430321,15.295110564859339,20.23598592504795,20.82398773265078,15.014284385693086,18.752827875047707,16.681697869261296,21.12237762993,21.543635010333542,42.683757711901634,16.916884299231025,23.725332738737617,23.725332738737617,83.29752651089407,76.73903096616007,86.79200109198796,84.97451250386857
