0.0,1.0,1.0,1.0,1.0,1.0,1.0,1.0,1.0,1.0,1.0,1.0,30.18137098878703,10.847179289918843,10.847179289918843,12.227238906160764,10.098515832195844,12.244168191044677,5.2220373839471,5.2220373839471,4.779963784385666,22.612051265878243,27.880133662528078,22.010557447172054,23.17215243293825,5.83341262874788,4.663958340046326,4.663958340046326,6.6448116886477475,2.6749421973092598,2.4241067323643097,11.647102781811773,1.6571811006844093,1.0790120090360427,4.378131216577323,2.0817059119680374,6.713786583383678,2.0817059119680374,2.1042924036007555,2.0817059119680374,1.8553395864847264,2.1042924036007555,2.1042924036007555,1.8014103404351252,7.554649527689271,7.554649527689271,10.15620198795322,7.881963441932689,7.881963441932689,10.262168863490578,2.2930291561139384,2.305570581253532,2.5313159718067695,2.305570581253532,2.2679463012284913,1.9794930294525754,2.826038373330606,2.2867584429650174,2.826038373330606,2.0359296029358607,2.826038373330606,2.2679463012284913,21.523504079560876,10.112310350652104,16.13155966715443,10.149931755201003,12.037254517538248,10.563766295029133,3.525906079513376,4.0840218155651815,7.997188163408599,21.079785638046655,22.258931944061487,31.567136760559194,23.75797260088255,20.95297452598953,12.770855659458238,10.1060401152273,12.990307973576252,16.871347296387093,9.546191057875497,2.4535798677099634,15.492031188803296,2.8009556487029053,13.736442331650894,2.844850412776504,4.926694807270453,14.112642472015047,10.845925251836533,12.832412250831087,12.267977463283216,11.132845788180532,11.785074608697833,11.860332046983064,4.863989267602233,1.1555157582808468,5.44714930793923,5.741863336747673,10.344308792329814,9.491555184628695
1.0,0.0,1.0,1.0,1.0,1.0,1.0,1.0,1.0,1.0,1.0,1.0,30.18137098878703,10.847179289918843,10.847179289918843,12.227238906160764,10.098515832195844,12.244168191044677,5.2220373839471,5.2220373839471,4.779963784385666,22.612051265878243,27.880133662528078,22.010557447172054,23.17215243293825,5.83341262874788,4.663958340046326,4.663958340046326,6.6448116886477475,2.6749421973092598,2.4241067323643097,11.647102781811773,1.6571811006844093,1.0790120090360427,4.378131216577323,2.0817059119680374,6.713786583383678,2.0817059119680374,2.1042924036007555,2.0817059119680374,1.8553395864847264,2.1042924036007555,2.1042924036007555,1.8014103404351252,7.554649527689271,7.554649527689271,10.15620198795322,7.881963441932689,7.881963441932689,10.262168863490578,2.2930291561139384,2.305570581253532,2.5313159718067695,2.305570581253532,2.2679463012284913,1.9794930294525754,2.826038373330606,2.2867584429650174,2.826038373330606,2.0359296029358607,2.826038373330606,2.2679463012284913,21.523504079560876,10.112310350652104,16.13155966715443,10.149931755201003,12.037254517538248,10.563766295029133,3.525906079513376,4.0840218155651815,7.997188163408599,21.079785638046655,22.258931944061487,31.567136760559194,23.75797260088255,20.95297452598953,12.770855659458238,10.1060401152273,12.990307973576252,16.871347296387093,9.546191057875497,2.4535798677099634,15.492031188803296,2.8009556487029053,13.736442331650894,2.844850412776504,4.926694807270453,14.112642472015047,10.845925251836533,12.832412250831087,12.267977463283216,11.132845788180532,11.785074608697833,11.860332046983064,4.863989267602233,1.1555157582808468,5.44714930793923,5.741863336747673,10.344308792329814,9.491555184628695
1.0,1.0,0.0,1.0,1.0,1.0,1.0,1.0,1.0,1.0,1.0,1.0,30.18137098878703,10.847179289918843,10.847179289918843,12.227238906160764,10.098515832195844,12.244168191044677,5.2220373839471,5.2220373839471,4.779963784385666,22.612051265878243,27.880133662528078,22.010557447172054,23.17215243293825,5.83341262874788,4.663958340046326,4.663958340046326,6.6448116886477475,2.6749421973092598,2.4241067323643097,11.647102781811773,1.6571811006844093,1.0790120090360427,4.378131216577323,2.0817059119680374,6.713786583383678,2.0817059119680374,2.1042924036007555,2.0817059119680374,1.8553395864847264,2.1042924036007555,2.1042924036007555,1.8014103404351252,7.554649527689271,7.554649527689271,10.15620198795322,7.881963441932689,7.881963441932689,10.262168863490578,2.2930291561139384,2.305570581253532,2.5313159718067695,2.305570581253532,2.2679463012284913,1.9794930294525754,2.826038373330606,2.2867584429650174,2.826038373330606,2.0359296029358607,2.826038373330606,2.2679463012284913,21.523504079560876,10.112310350652104,16.13155966715443,10.149931755201003,12.037254517538248,10.563766295029133,3.525906079513376,4.0840218155651815,7.997188163408599,21.079785638046655,22.258931944061487,31.567136760559194,23.75797260088255,20.95297452598953,12.770855659458238,10.1060401152273,12.990307973576252,16.871347296387093,9.546191057875497,2.4535798677099634,15.492031188803296,2.8009556487029053,13.736442331650894,2.844850412776504,4.926694807270453,14.112642472015047,10.845925251836533,12.832412250831087,12.267977463283216,11.132845788180532,11.785074608697833,11.860332046983064,4.863989267602233,1.1555157582808468,5.44714930793923,5.741863336747673,10.344308792329814,9.491555184628695
1.0,1.0,1.0,0.0,1.0,1.0,1.0,1.0,1.0,1.0,1.0,1.0,30.18137098878703,10.847179289918843,10.847179289918843,12.227238906160764,10.098515832195844,12.244168191044677,5.2220373839471,5.2220373839471,4.779963784385666,22.612051265878243,27.880133662528078,22.010557447172054,23.17215243293825,5.83341262874788,4.663958340046326,4.663958340046326,6.6448116886477475,2.6749421973092598,2.4241067323643097,11.647102781811773,1.6571811006844093,1.0790120090360427,4.378131216577323,2.0817059119680374,6.713786583383678,2.0817059119680374,2.1042924036007555,2.0817059119680374,1.8553395864847264,2.1042924036007555,2.1042924036007555,1.8014103404351252,7.554649527689271,7.554649527689271,10.15620198795322,7.881963441932689,7.881963441932689,10.262168863490578,2.2930291561139384,2.305570581253532,2.5313159718067695,2.305570581253532,2.2679463012284913,1.9794930294525754,2.826038373330606,2.2867584429650174,2.826038373330606,2.0359296029358607,2.826038373330606,2.2679463012284913,21.523504079560876,10.112310350652104,16.13155966715443,10.149931755201003,12.037254517538248,10.563766295029133,3.525906079513376,4.0840218155651815,7.997188163408599,21.079785638046655,22.258931944061487,31.567136760559194,23.75797260088255,20.95297452598953,12.770855659458238,10.1060401152273,12.990307973576252,16.871347296387093,9.546191057875497,2.4535798677099634,15.492031188803296,2.8009556487029053,13.736442331650894,2.844850412776504,4.926694807270453,14.112642472015047,10.845925251836533,12.832412250831087,12.267977463283216,11.132845788180532,11.785074608697833,11.860332046983064,4.863989267602233,1.1555157582808468,5.44714930793923,5.741863336747673,10.344308792329814,9.491555184628695
1.0,1.0,1.0,1.0,0.0,1.0,1.0,1.0,1.0,1.0,1.0,1.0,30.18137098878703,10.847179289918843,10.847179289918843,12.227238906160764,10.098515832195844,12.244168191044677,5.2220373839471,5.2220373839471,4.779963784385666,22.612051265878243,27.880133662528078,22.010557447172054,23.17215243293825,5.83341262874788,4.663958340046326,4.663958340046326,6.6448116886477475,2.6749421973092598,2.4241067323643097,11.647102781811773,1.6571811006844093,1.0790120090360427,4.378131216577323,2.0817059119680374,6.713786583383678,2.0817059119680374,2.1042924036007555,2.0817059119680374,1.8553395864847264,2.1042924036007555,2.1042924036007555,1.8014103404351252,7.554649527689271,7.554649527689271,10.15620198795322,7.881963441932689,7.881963441932689,10.262168863490578,2.2930291561139384,2.305570581253532,2.5313159718067695,2.305570581253532,2.2679463012284913,1.9794930294525754,2.826038373330606,2.2867584429650174,2.826038373330606,2.0359296029358607,2.826038373330606,2.2679463012284913,21.523504079560876,10.112310350652104,16.13155966715443,10.149931755201003,12.037254517538248,10.563766295029133,3.525906079513376,4.0840218155651815,7.997188163408599,21.079785638046655,22.258931944061487,31.567136760559194,23.75797260088255,20.95297452598953,12.770855659458238,10.1060401152273,12.990307973576252,16.871347296387093,9.546191057875497,2.4535798677099634,15.492031188803296,2.8009556487029053,13.736442331650894,2.844850412776504,4.926694807270453,14.112642472015047,10.845925251836533,12.832412250831087,12.267977463283216,11.132845788180532,11.785074608697833,11.860332046983064,4.863989267602233,1.1555157582808468,5.44714930793923,5.741863336747673,10.344308792329814,9.491555184628695
1.0,1.0,1.0,1.0,1.0,0.0,1.0,1.0,1.0,1.0,1.0,1.0,30.18137098878703,10.847179289918843,10.847179289918843,12.227238906160764,10.098515832195844,12.244168191044677,5.2220373839471,5.2220373839471,4.779963784385666,22.612051265878243,27.880133662528078,22.010557447172054,23.17215243293825,5.83341262874788,4.663958340046326,4.663958340046326,6.6448116886477475,2.6749421973092598,2.4241067323643097,11.647102781811773,1.6571811006844093,1.0790120090360427,4.378131216577323,2.0817059119680374,6.713786583383678,2.0817059119680374,2.1042924036007555,2.0817059119680374,1.8553395864847264,2.1042924036007555,2.1042924036007555,1.8014103404351252,7.554649527689271,7.554649527689271,10.15620198795322,7.881963441932689,7.881963441932689,10.262168863490578,2.2930291561139384,2.305570581253532,2.5313159718067695,2.305570581253532,2.2679463012284913,1.9794930294525754,2.826038373330606,2.2867584429650174,2.826038373330606,2.0359296029358607,2.826038373330606,2.2679463012284913,21.523504079560876,10.112310350652104,16.13155966715443,10.149931755201003,12.037254517538248,10.563766295029133,3.525906079513376,4.0840218155651815,7.997188163408599,21.079785638046655,22.258931944061487,31.567136760559194,23.75797260088255,20.95297452598953,12.770855659458238,10.1060401152273,12.990307973576252,16.871347296387093,9.546191057875497,2.4535798677099634,15.492031188803296,2.8009556487029053,13.736442331650894,2.844850412776504,4.926694807270453,14.112642472015047,10.845925251836533,12.832412250831087,12.267977463283216,11.132845788180532,11.785074608697833,11.860332046983064,4.863989267602233,1.1555157582808468,5.44714930793923,5.741863336747673,10.344308792329814,9.491555184628695
1.0,1.0,1.0,1.0,1.0,1.0,0.0,1.0,1.0,1.0,1.0,1.0,30.18137098878703,10.847179289918843,10.847179289918843,12.227238906160764,10.098515832195844,12.244168191044677,5.2220373839471,5.2220373839471,4.779963784385666,22.612051265878243,27.880133662528078,22.010557447172054,23.17215243293825,5.83341262874788,4.663958340046326,4.663958340046326,6.6448116886477475,2.6749421973092598,2.4241067323643097,11.647102781811773,1.6571811006844093,1.0790120090360427,4.378131216577323,2.0817059119680374,6.713786583383678,2.0817059119680374,2.1042924036007555,2.0817059119680374,1.8553395864847264,2.1042924036007555,2.1042924036007555,1.8014103404351252,7.554649527689271,7.554649527689271,10.15620198795322,7.881963441932689,7.881963441932689,10.262168863490578,2.2930291561139384,2.305570581253532,2.5313159718067695,2.305570581253532,2.2679463012284913,1.9794930294525754,2.826038373330606,2.2867584429650174,2.826038373330606,2.0359296029358607,2.826038373330606,2.2679463012284913,21.523504079560876,10.112310350652104,16.13155966715443,10.149931755201003,12.037254517538248,10.563766295029133,3.525906079513376,4.0840218155651815,7.997188163408599,21.079785638046655,22.258931944061487,31.567136760559194,23.75797260088255,20.95297452598953,12.770855659458238,10.1060401152273,12.990307973576252,16.871347296387093,9.546191057875497,2.4535798677099634,15.492031188803296,2.8009556487029053,13.736442331650894,2.844850412776504,4.926694807270453,14.112642472015047,10.845925251836533,12.832412250831087,12.267977463283216,11.132845788180532,11.785074608697833,11.860332046983064,4.863989267602233,1.1555157582808468,5.44714930793923,5.741863336747673,10.344308792329814,9.491555184628695
1.0,1.0,1.0,1.0,1.0,1.0,1.0,0.0,1.0,1.0,1.0,1.0,30.18137098878703,10.847179289918843,10.847179289918843,12.227238906160764,10.098515832195844,12.244168191044677,5.2220373839471,5.2220373839471,4.779963784385666,22.612051265878243,27.880133662528078,22.010557447172054,23.17215243293825,5.83341262874788,4.663958340046326,4.663958340046326,6.6448116886477475,2.6749421973092598,2.4241067323643097,11.647102781811773,1.6571811006844093,1.0790120090360427,4.378131216577323,2.0817059119680374,6.713786583383678,2.0817059119680374,2.1042924036007555,2.0817059119680374,1.8553395864847264,2.1042924036007555,2.1042924036007555,1.8014103404351252,7.554649527689271,7.554649527689271,10.15620198795322,7.881963441932689,7.881963441932689,10.262168863490578,2.2930291561139384,2.305570581253532,2.5313159718067695,2.305570581253532,2.2679463012284913,1.9794930294525754,2.826038373330606,2.2867584429650174,2.826038373330606,2.0359296029358607,2.826038373330606,2.2679463012284913,21.523504079560876,10.112310350652104,16.13155966715443,10.149931755201003,12.037254517538248,10.563766295029133,3.525906079513376,4.0840218155651815,7.997188163408599,21.079785638046655,22.258931944061487,31.567136760559194,23.75797260088255,20.95297452598953,12.770855659458238,10.1060401152273,12.990307973576252,16.871347296387093,9.546191057875497,2.4535798677099634,15.492031188803296,2.8009556487029053,13.736442331650894,2.844850412776504,4.926694807270453,14.112642472015047,10.845925251836533,12.832412250831087,12.267977463283216,11.132845788180532,11.785074608697833,11.860332046983064,4.863989267602233,1.1555157582808468,5.44714930793923,5.741863336747673,10.344308792329814,9.491555184628695
1.0,1.0,1.0,1.0,1.0,1.0,1.0,1.0,0.0,1.0,1.0,1.0,30.18137098878703,10.847179289918843,10.847179289918843,12.227238906160764,10.098515832195844,12.244168191044677,5.2220373839471,5.2220373839471,4.779963784385666,22.612051265878243,27.880133662528078,22.010557447172054,23.17215243293825,5.83341262874788,4.663958340046326,4.663958340046326,6.6448116886477475,2.6749421973092598,2.4241067323643097,11.647102781811773,1.6571811006844093,1.0790120090360427,4.378131216577323,2.0817059119680374,6.713786583383678,2.0817059119680374,2.1042924036007555,2.0817059119680374,1.8553395864847264,2.1042924036007555,2.1042924036007555,1.8014103404351252,7.554649527689271,7.554649527689271,10.15620198795322,7.881963441932689,7.881963441932689,10.262168863490578,2.2930291561139384,2.305570581253532,2.5313159718067695,2.305570581253532,2.2679463012284913,1.9794930294525754,2.826038373330606,2.2867584429650174,2.826038373330606,2.0359296029358607,2.826038373330606,2.2679463012284913,21.523504079560876,10.112310350652104,16.13155966715443,10.149931755201003,12.037254517538248,10.563766295029133,3.525906079513376,4.0840218155651815,7.997188163408599,21.079785638046655,22.258931944061487,31.567136760559194,23.75797260088255,20.95297452598953,12.770855659458238,10.1060401152273,12.990307973576252,16.871347296387093,9.546191057875497,2.4535798677099634,15.492031188803296,2.8009556487029053,13.736442331650894,2.844850412776504,4.926694807270453,14.112642472015047,10.845925251836533,12.832412250831087,12.267977463283216,11.132845788180532,11.785074608697833,11.860332046983064,4.863989267602233,1.1555157582808468,5.44714930793923,5.741863336747673,10.344308792329814,9.491555184628695
1.0,1.0,1.0,1.0,1.0,1.0,1.0,1.0,1.0,0.0,1.0,1.0,30.18137098878703,10.847179289918843,10.847179289918843,12.227238906160764,10.098515832195844,12.244168191044677,5.2220373839471,5.2220373839471,4.779963784385666,22.612051265878243,27.880133662528078,22.010557447172054,23.17215243293825,5.83341262874788,4.663958340046326,4.663958340046326,6.6448116886477475,2.6749421973092598,2.4241067323643097,11.647102781811773,1.6571811006844093,1.0790120090360427,4.378131216577323,2.0817059119680374,6.713786583383678,2.0817059119680374,2.1042924036007555,2.0817059119680374,1.8553395864847264,2.1042924036007555,2.1042924036007555,1.8014103404351252,7.554649527689271,7.554649527689271,10.15620198795322,7.881963441932689,7.881963441932689,10.262168863490578,2.2930291561139384,2.305570581253532,2.5313159718067695,2.305570581253532,2.2679463012284913,1.9794930294525754,2.826038373330606,2.2867584429650174,2.826038373330606,2.0359296029358607,2.826038373330606,2.2679463012284913,21.523504079560876,10.112310350652104,16.13155966715443,10.149931755201003,12.037254517538248,10.563766295029133,3.525906079513376,4.0840218155651815,7.997188163408599,21.079785638046655,22.258931944061487,31.567136760559194,23.75797260088255,20.95297452598953,12.770855659458238,10.1060401152273,12.990307973576252,16.871347296387093,9.546191057875497,2.4535798677099634,15.492031188803296,2.8009556487029053,13.736442331650894,2.844850412776504,4.926694807270453,14.112642472015047,10.845925251836533,12.832412250831087,12.267977463283216,11.132845788180532,11.785074608697833,11.860332046983064,4.863989267602233,1.1555157582808468,5.44714930793923,5.741863336747673,10.344308792329814,9.491555184628695
1.0,1.0,1.0,1.0,1.0,1.0,1.0,1.0,1.0,1.0,0.0,1.0,30.18137098878703,10.847179289918843,10.847179289918843,12.227238906160764,10.098515832195844,12.244168191044677,5.2220373839471,5.2220373839471,4.779963784385666,22.612051265878243,27.880133662528078,22.010557447172054,23.17215243293825,5.83341262874788,4.663958340046326,4.663958340046326,6.6448116886477475,2.6749421973092598,2.4241067323643097,11.647102781811773,1.6571811006844093,1.0790120090360427,4.378131216577323,2.0817059119680374,6.713786583383678,2.0817059119680374,2.1042924036007555,2.0817059119680374,1.8553395864847264,2.1042924036007555,2.1042924036007555,1.8014103404351252,7.554649527689271,7.554649527689271,10.15620198795322,7.881963441932689,7.881963441932689,10.262168863490578,2.2930291561139384,2.305570581253532,2.5313159718067695,2.305570581253532,2.2679463012284913,1.9794930294525754,2.826038373330606,2.2867584429650174,2.826038373330606,2.0359296029358607,2.826038373330606,2.2679463012284913,21.523504079560876,10.112310350652104,16.13155966715443,10.149931755201003,12.037254517538248,10.563766295029133,3.525906079513376,4.0840218155651815,7.997188163408599,21.079785638046655,22.258931944061487,31.567136760559194,23.75797260088255,20.95297452598953,12.770855659458238,10.1060401152273,12.990307973576252,16.871347296387093,9.546191057875497,2.4535798677099634,15.492031188803296,2.8009556487029053,13.736442331650894,2.844850412776504,4.926694807270453,14.112642472015047,10.845925251836533,12.832412250831087,12.267977463283216,11.132845788180532,11.785074608697833,11.860332046983064,4.863989267602233,1.1555157582808468,5.44714930793923,5.741863336747673,10.344308792329814,9.491555184628695
1.0,1.0,1.0,1.0,1.0,1.0,1.0,1.0,1.0,1.0,1.0,0.0,30.18137098878703,10.847179289918843,10.847179289918843,12.227238906160764,10.098515832195844,12.244168191044677,5.2220373839471,5.2220373839471,4.779963784385666,22.612051265878243,27.880133662528078,22.010557447172054,23.17215243293825,5.83341262874788,4.663958340046326,4.663958340046326,6.6448116886477475,2.6749421973092598,2.4241067323643097,11.647102781811773,1.6571811006844093,1.0790120090360427,4.378131216577323,2.0817059119680374,6.713786583383678,2.0817059119680374,2.1042924036007555,2.0817059119680374,1.8553395864847264,2.1042924036007555,2.1042924036007555,1.8014103404351252,7.554649527689271,7.554649527689271,10.15620198795322,7.881963441932689,7.881963441932689,10.262168863490578,2.2930291561139384,2.305570581253532,2.5313159718067695,2.305570581253532,2.2679463012284913,1.9794930294525754,2.826038373330606,2.2867584429650174,2.826038373330606,2.0359296029358607,2.826038373330606,2.2679463012284913,21.523504079560876,10.112310350652104,16.13155966715443,10.149931755201003,12.037254517538248,10.563766295029133,3.525906079513376,4.0840218155651815,7.997188163408599,21.079785638046655,22.258931944061487,31.567136760559194,23.75797260088255,20.95297452598953,12.770855659458238,10.1060401152273,12.990307973576252,16.871347296387093,9.546191057875497,2.4535798677099634,15.492031188803296,2.8009556487029053,13.736442331650894,2.844850412776504,4.926694807270453,14.112642472015047,10.845925251836533,12.832412250831087,12.267977463283216,11.132845788180532,11.785074608697833,11.860332046983064,4.863989267602233,1.1555157582808468,5.44714930793923,5.741863336747673,10.344308792329814,9.491555184628695
30.18137098878703,30.18137098878703,30.18137098878703,30.18137098878703,30.18137098878703,30.18137098878703,30.18137098878703,30.18137098878703,30.18137098878703,30.18137098878703,30.18137098878703,30.18137098878703,0.0,20.33419182444175,20.33419182444175,18.95413221559293,21.082855277103643,18.93720293078412,25.95933367431545,25.95933367431545,26.40140726770194,51.79342153233414,57.061503660125254,51.19192774201579,52.35352267253409,25.347958437630467,26.5174127103783,26.5174127103783,24.536559387741605,31.856313152037586,31.605477692428057,40.82847349133396,30.838552076547934,30.26038299629933,33.559502132890245,29.099665096853773,24.46758449381671,29.099665096853773,31.285663370347162,29.099665096853773,31.036710558340005,31.285663370347162,31.285663370347162,30.98278131338637,23.626721558894413,23.626721558894413,21.025169121762502,23.299407648051716,23.299407648051716,20.919202246978326,28.888341856442157,28.875800431522336,28.65005504488961,28.875800431522336,28.91342471088744,29.201877977541947,28.355332648383285,28.894612569481115,28.355332648383285,29.1454414050693,28.355332648383285,28.91342471088744,9.657867026518902,21.06906075874731,15.049811461909771,21.031439354469693,19.14411660334674,20.617604817502436,32.70727701552488,33.265392738784115,37.178558985438194,50.261155975885195,51.440302227240444,60.748506548404436,52.93934281194568,10.228396584338839,18.41051546451824,21.075330994126727,18.191063151187123,46.05271781446213,38.72756183429353,31.634950827151087,15.689339940440766,28.380415372588416,17.444928795312823,28.336520609253775,26.254676246895237,17.068728655779623,20.335445862516202,42.01378292005581,41.44934815192714,40.31421651461276,40.96644531362412,41.04170274939197,26.31738178567886,30.33688674406096,25.734221753368843,25.439507728446713,20.837062318712743,21.68981592002539
10.847179289918843,10.847179289918843,10.847179289918843,10.847179289918843,10.847179289918843,10.847179289918843,10.847179289918843,10.847179289918843,10.847179289918843,10.847179289918843,10.847179289918843,10.847179289918843,20.33419182444175,0.0,1.0,2.3800596196858255,1.7486634592367976,2.396988904617247,6.625141911247769,6.625141911247769,7.067215510627822,32.45923040504941,37.727312733643195,31.857736593334277,33.01933156545579,6.013766666554769,7.183220954905186,7.183220954905186,5.202367606541468,12.52212148294271,12.271286018718783,21.49428202331011,11.50436038907024,10.926191298780713,14.22531049657677,9.765473380056683,5.1333927117824025,9.765473380056683,11.951471690834046,9.765473380056683,11.702518874370698,11.951471690834046,11.951471690834046,11.64858962845886,4.292529767024771,4.292529767024771,1.6909773033716433,3.965215852520418,3.965215852520418,1.5850104276324468,9.55415013626154,9.54160871114214,9.31586332094044,9.54160871114214,9.579232991106391,9.867686262395377,9.0211409198415,9.560420849400339,9.0211409198415,9.811249689010268,9.0211409198415,9.579232991106391,11.676324838378841,1.7348689407548972,6.284380395013693,1.69724753613565,2.190075230538909,1.2834129954920965,13.373085362492757,13.931201096629431,17.84436742716593,30.926964794712056,32.10611108735627,41.414315776759956,33.6051517262927,11.105795280918715,2.9236763745725236,1.7411391761913655,3.14312868936935,26.718526495763076,19.393370312907006,12.300759153981165,5.644851913849838,9.04622364443454,3.889263049912265,9.002328880421413,6.920484487812863,4.265463191614883,1.001254038085055,22.67959148383178,22.115156700407987,20.980025033172165,21.632253849239014,21.707511286998606,6.983190027452412,11.002695047854228,6.400029987314639,6.105315958549408,1.5028704986333232,2.3556241078482474
10.847179289918843,10.847179289918843,10.847179289918843,10.847179289918843,10.847179289918843,10.847179289918843,10.847179289918843,10.847179289918843,10.847179289918843,10.847179289918843,10.847179289918843,10.847179289918843,20.33419182444175,1.0,0.0,2.3800596196858255,1.7486634592367976,2.396988904617247,6.625141911247769,6.625141911247769,7.067215510627822,32.45923040504941,37.727312733643195,31.857736593334277,33.01933156545579,6.013766666554769,7.183220954905186,7.183220954905186,5.202367606541468,12.52212148294271,12.271286018718783,21.49428202331011,11.50436038907024,10.926191298780713,14.22531049657677,9.765473380056683,5.1333927117824025,9.765473380056683,11.951471690834046,9.765473380056683,11.702518874370698,11.951471690834046,11.951471690834046,11.64858962845886,4.292529767024771,4.292529767024771,1.6909773033716433,3.965215852520418,3.965215852520418,1.5850104276324468,9.55415013626154,9.54160871114214,9.31586332094044,9.54160871114214,9.579232991106391,9.867686262395377,9.0211409198415,9.560420849400339,9.0211409198415,9.811249689010268,9.0211409198415,9.579232991106391,11.676324838378841,1.7348689407548972,6.284380395013693,1.69724753613565,2.190075230538909,1.2834129954920965,13.373085362492757,13.931201096629431,17.84436742716593,30.926964794712056,32.10611108735627,41.414315776759956,33.6051517262927,11.105795280918715,2.9236763745725236,1.7411391761913655,3.14312868936935,26.718526495763076,19.393370312907006,12.300759153981165,5.644851913849838,9.04622364443454,3.889263049912265,9.002328880421413,6.920484487812863,4.265463191614883,1.001254038085055,22.67959148383178,22.115156700407987,20.980025033172165,21.632253849239014,21.707511286998606,6.983190027452412,11.002695047854228,6.400029987314639,6.105315958549408,1.5028704986333232,2.3556241078482474
12.227238906160764,12.227238906160764,12.227238906160764,12.227238906160764,12.227238906160764,12.227238906160764,12.227238906160764,12.227238906160764,12.227238906160764,12.227238906160764,12.227238906160764,12.227238906160764,18.95413221559293,2.3800596196858255,2.3800596196858255,0.0,3.1287230788729445,1.0169292849321587,8.005201529705708,8.005201529705708,8.447275128905732,33.839289992605906,39.107372309819354,33.23779618208091,34.399391151883904,7.393826285241633,8.56328057313384,8.56328057313384,6.582427225496209,13.902181097998259,13.651345633963109,22.87434162904235,12.88442000486747,12.30625091497059,15.605370110247064,11.145532996972051,6.5134523307580245,11.145532996972051,13.331531306313387,11.145532996972051,13.082578490028578,13.331531306313387,13.331531306313387,13.028649244154904,5.6725893862311185,5.6725893862311185,3.0710369230128602,5.34527547180467,5.34527547180467,2.9650700472824374,10.934209753299973,10.92166832818779,10.695922938114306,10.92166832818779,10.959292608130362,11.247745879250221,10.401200537177989,10.940480466435158,10.401200537177989,11.19130930589861,10.401200537177989,10.959292608130362,10.296265221789486,3.1149285603922756,4.904320775971295,3.077307155776326,1.1899843891539652,2.6634726151632253,14.75314497687873,15.31126071055181,19.224427037294223,32.30702438525623,33.486170675614176,42.794375343950534,34.985211311519855,9.725735663983887,1.5436167549193023,3.1211987958281857,1.763069069734513,28.09858609376486,20.773429921270644,13.68081876920351,4.26479229463691,10.4262832617574,2.509203430362402,10.382388497768098,8.300544106151879,2.885403572121031,2.3813136577708267,24.059651087958542,23.495216305310137,22.360084639573827,23.01231345478885,23.08757089244846,8.363249645765478,12.382754663993346,7.780089605859576,7.485375577203472,2.8829301182896323,3.735683727418475
10.098515832195844,10.098515832195844,10.098515832195844,10.098515832195844,10.098515832195844,10.098515832195844,10.098515832195844,10.098515832195844,10.098515832195844,10.098515832195844,10.098515832195844,10.098515832195844,21.082855277103643,1.7486634592367976,1.7486634592367976,3.1287230788729445,0.0,3.145652363803356,5.876478452474592,5.876478452474592,6.318552051936394,31.710566962109894,36.978649296687706,31.10907314977077,32.27066812310824,5.265103207679411,6.4345574962363035,6.4345574962363035,4.453704147549999,11.77345802580301,11.522622561485703,20.745618570905197,10.755696931564819,10.1775278410831,13.476647040127244,9.016809922007289,4.38472925278209,9.016809922007289,11.202808233484987,9.016809922007289,10.953855416933745,11.202808233484987,11.202808233484987,10.899926171003141,3.5438663079295605,3.5438663079295605,1.0576861558658281,3.216552393394728,3.216552393394728,1.1636530316059692,8.805486678152992,8.792945253030126,8.567199862766996,8.792945253030126,8.830569533004784,9.119022804375135,8.272477461590444,8.811757391293522,8.272477461590444,9.062586230973887,8.272477461590444,8.830569533004784,12.424988295551529,1.0137945184820718,7.0330438537112165,1.0514159231017535,2.9387386897366907,1.4652504637469304,12.624421905685656,13.18253764005373,17.09570397250762,30.178301350206933,31.357447644048953,40.66565234454632,32.85648828457556,11.85445873829935,3.672339833722386,1.007524283045526,3.89179214850134,25.969863047363773,18.644706859150222,11.552095696758945,6.393515372662893,8.297560186189978,4.6379265089713,8.253665422165506,6.17182102909357,5.014126650629987,1.7474094211517586,21.930928032255146,21.366493248431045,20.231361580422607,20.883590396928085,20.958847834739217,6.234526568744941,10.2540315901814,5.65136652850237,5.356652499688548,1.2457929606055642,1.6069606486253605
12.244168191044677,12.244168191044677,12.244168191044677,12.244168191044677,12.244168191044677,12.244168191044677,12.244168191044677,12.244168191044677,12.244168191044677,12.244168191044677,12.244168191044677,12.244168191044677,18.93720293078412,2.396988904617247,2.396988904617247,1.0169292849321587,3.145652363803356,0.0,8.02213081461906,8.02213081461906,8.464204413816642,33.85621927712639,39.12430159419741,33.254725466616314,34.416320436390244,7.41075557015812,8.580209858044082,8.580209858044082,6.599356510416417,13.91911038286672,13.668274918834022,22.891270913791644,12.90134928974558,12.323180199853823,15.622299395097626,11.162462281864803,6.530381615678525,11.162462281864803,13.348460591187353,11.162462281864803,13.099507774904868,13.348460591187353,13.348460591187353,13.045578529031694,5.6895186711549,5.6895186711549,3.0879662079433654,5.362204756729581,5.362204756729581,2.981999332213107,10.951139038194349,10.938597613082258,10.712852223010469,10.938597613082258,10.976221893024546,11.26467516414218,10.418129822076304,10.957409751329486,10.418129822076304,11.208238590791007,10.418129822076304,10.976221893024546,10.279335936890346,3.1318578453227097,4.8873914910449425,3.0942364407068212,1.2069136740861088,2.6804019000943153,14.770074261738527,15.328189995405623,19.2413563220994,32.32395366981417,33.50309996014345,42.81130462821639,35.00214059601115,9.708806379080814,1.5266874699872535,3.13812808075861,1.7461397848025721,28.11551537841654,20.790359206053353,13.697748054074138,4.247863009708809,10.443212546655536,2.4922741454311046,10.39931778266655,8.317473391063615,2.86847428719022,2.3982429427022467,24.076580372687516,23.51214559004892,22.377013924331617,23.029242739535842,23.104500177194186,8.380178930676866,12.399683948875916,7.797018890774117,7.50230486211951,2.899859403220423,3.752613012347754
5.2220373839471,5.2220373839471,5.2220373839471,5.2220373839471,5.2220373839471,5.2220373839471,5.2220373839471,5.2220373839471,5.2220373839471,5.2220373839471,5.2220373839471,5.2220373839471,25.95933367431545,6.625141911247769,6.625141911247769,8.005201529705708,5.876478452474592,8.02213081461906,0.0,1.0,1.4420735997205247,26.834088596770897,32.102170967063884,26.23259478073989,27.39418976127822,1.6113752450821375,1.5580790440954466,1.5580790440954466,2.4227743054653805,6.896979580316389,6.646144115546189,15.869140150702906,5.879218484326332,5.301049392950798,8.600168598081392,4.140331472302403,2.4917492002481865,4.140331472302403,6.326329786988078,4.140331472302403,6.077376970018503,6.326329786988078,6.326329786988078,6.023447723999073,3.3326121451981203,3.3326121451981203,5.934164608309087,3.6599260597287873,3.6599260597287873,6.040131483989761,3.9290082281936662,3.916466803056011,3.690721412532545,3.916466803056011,3.954091083075147,4.24254435479684,3.3959990110329756,3.935278941341607,3.3959990110329756,4.186107781325409,3.3959990110329756,3.954091083075147,17.301466727506273,5.890272970949238,11.909522298937148,5.927894375548453,7.81521714075656,6.341728915947931,7.7479434618384975,8.306059197368208,12.219225539887821,25.301822975619096,26.480969276532974,35.789174043525584,27.98000992648906,16.730937171961905,8.548818283975834,5.884002735516073,8.768270598502475,21.093384650017114,13.768228431443408,6.6756172508719285,11.269993819037387,3.421081735659255,9.514404958035175,3.377186971588065,1.29534257678706,9.890605099174767,6.623887873163609,17.05444961671388,16.490014830631814,15.354883158293902,16.007111977252503,16.082369415352684,1.3580481164765854,5.377553142163152,1.225111924087446,1.5198259530352667,6.122271412941558,5.269517804134489
5.2220373839471,5.2220373839471,5.2220373839471,5.2220373839471,5.2220373839471,5.2220373839471,5.2220373839471,5.2220373839471,5.2220373839471,5.2220373839471,5.2220373839471,5.2220373839471,25.95933367431545,6.625141911247769,6.625141911247769,8.005201529705708,5.876478452474592,8.02213081461906,1.0,0.0,1.4420735997205247,26.834088596770897,32.102170967063884,26.23259478073989,27.39418976127822,1.6113752450821375,1.5580790440954466,1.5580790440954466,2.4227743054653805,6.896979580316389,6.646144115546189,15.869140150702906,5.879218484326332,5.301049392950798,8.600168598081392,4.140331472302403,2.4917492002481865,4.140331472302403,6.326329786988078,4.140331472302403,6.077376970018503,6.326329786988078,6.326329786988078,6.023447723999073,3.3326121451981203,3.3326121451981203,5.934164608309087,3.6599260597287873,3.6599260597287873,6.040131483989761,3.9290082281936662,3.916466803056011,3.690721412532545,3.916466803056011,3.954091083075147,4.24254435479684,3.3959990110329756,3.935278941341607,3.3959990110329756,4.186107781325409,3.3959990110329756,3.954091083075147,17.301466727506273,5.890272970949238,11.909522298937148,5.927894375548453,7.81521714075656,6.341728915947931,7.7479434618384975,8.306059197368208,12.219225539887821,25.301822975619096,26.480969276532974,35.789174043525584,27.98000992648906,16.730937171961905,8.548818283975834,5.884002735516073,8.768270598502475,21.093384650017114,13.768228431443408,6.6756172508719285,11.269993819037387,3.421081735659255,9.514404958035175,3.377186971588065,1.29534257678706,9.890605099174767,6.623887873163609,17.05444961671388,16.490014830631814,15.354883158293902,16.007111977252503,16.082369415352684,1.3580481164765854,5.377553142163152,1.225111924087446,1.5198259530352667,6.122271412941558,5.269517804134489
4.779963784385666,4.779963784385666,4.779963784385666,4.779963784385666,4.779963784385666,4.779963784385666,4.779963784385666,4.779963784385666,4.779963784385666,4.779963784385666,4.779963784385666,4.779963784385666,26.40140726770194,7.067215510627822,7.067215510627822,8.447275128905732,6.318552051936394,8.464204413816642,1.4420735997205247,1.4420735997205247,0.0,26.392015003578962,31.660097376830173,25.790521187245172,26.952116168374666,2.0534488447962396,1.1160054443755676,1.1160054443755676,2.8648479051594444,6.45490598091649,6.2040705161185405,15.427066553119118,5.437144884821616,4.858975793395729,8.158094998903053,3.6982578726663538,2.9338227999399416,3.6982578726663538,5.884256187526869,3.6982578726663538,5.635303370532578,5.884256187526869,5.884256187526869,5.581374124507956,3.774685744854094,3.774685744854094,6.376238207764988,4.101999659367018,4.101999659367018,6.48220508343465,3.486934628545763,3.4743932034074323,3.2486478128723424,3.4743932034074323,3.512017483428603,3.800470755166843,2.9539254113591267,3.4932053416940425,2.9539254113591267,3.744034181692045,2.9539254113591267,3.512017483428603,17.74354032450171,6.332346570409636,12.351595897421744,6.369967975004999,8.257290739983624,6.7838025153602475,7.305869862542073,7.863985598147482,11.777151941371983,24.859749381670007,26.03889568316242,35.34710045568927,27.537936333893796,17.173010769142433,8.9908918830945,6.3260763349771105,9.210344197586625,20.651311054228117,13.326154833290769,6.233543651447476,11.712067417660034,2.9790081359865,9.956478556994773,2.9351133719134035,1.1467310229338967,10.332678698067344,7.065961472543811,16.612376019489744,16.047941233232933,14.91280956056276,15.565038379709142,15.640295817831538,1.0840254832442393,4.935479542614362,1.6671855238064728,1.9618995527508047,6.564345012377755,5.711591403654355
22.612051265878243,22.612051265878243,22.612051265878243,22.612051265878243,22.612051265878243,22.612051265878243,22.612051265878243,22.612051265878243,22.612051265878243,22.612051265878243,22.612051265878243,22.612051265878243,51.79342153233414,32.45923040504941,32.45923040504941,33.839289992605906,31.710566962109894,33.85621927712639,26.834088596770897,26.834088596770897,26.392015003578962,0.0,6.268082465368026,1.6014938248416755,1.5601011730886047,27.445463832448855,26.276009560879494,26.276009560879494,28.25686287967829,20.937109084804852,21.1879445474923,11.964948540789276,21.954870171889855,22.5330392576695,19.23392007924523,23.693757165908618,28.325837773307533,23.693757165908618,21.507758873288687,23.693757165908618,21.756711688026034,21.507758873288687,21.507758873288687,21.810640933552403,29.16670070374849,29.16670070374849,31.76825311674763,29.494014612408463,29.494014612408463,31.874219990219785,23.905080407589253,23.917621832581172,24.143367220450077,23.917621832581172,23.8799975529987,23.591544284569945,24.438089618394628,23.89880969451411,24.438089618394628,23.64798085740473,24.438089618394628,23.8799975529987,43.1355549242858,31.724361480298708,37.743610662369534,31.761982884117266,33.64930560804273,32.175817415820475,20.086145209802897,19.528029478091895,15.614863152169773,2.5322656427699783,1.35311932546123,9.955085627478887,2.1459213476636485,42.56502538798341,34.38290673409336,31.718091244995495,34.60235904336203,6.7407040137425955,14.065860262265158,21.158471412415082,37.104082199981946,24.413006894074837,35.34849338459708,24.45690165760919,26.538746024370738,35.724693516264495,32.45797636699233,10.779639071265356,11.344073859223768,12.479205534214797,11.826976713914682,11.751719275627913,26.476040485599537,22.456535509219943,27.059200517446353,27.353914541837934,31.956359917450644,31.103606326126506
