1000.0,1.0,1.0,1.0,1.0,1.0,1.0,1.0,1.0,1.0,1.0,1.0,41.85391938430184,14.78605100588638,14.78605100588638,16.718134468625067,13.737922165074181,16.741835467462547,6.910852337525941,6.910852337525941,6.291949298139932,31.25687177222954,38.632187127539304,30.414780426040874,32.04101340611355,7.766777680247031,6.129541676064856,6.129541676064856,8.902736364106847,3.3449190762329635,2.9937494253100336,15.905943894536481,1.9200535409581732,1.1106168126504599,5.729383703208253,2.514388276755253,8.999301216737148,2.514388276755253,2.5460093650410585,2.514388276755253,2.1974754210786167,2.5460093650410585,2.5460093650410585,2.121974476609175,10.17650933876498,10.17650933876498,13.818682783134507,10.634748818705765,10.634748818705765,13.967036408886809,2.810240818559514,2.8277988137549444,3.1438423605294776,2.8277988137549444,2.775124821719888,2.3712902412336057,3.5564537226628485,2.8014618201510246,3.5564537226628485,2.450301444110205,3.5564537226628485,2.775124821719888,29.732905711385225,13.757234490912944,22.184183534016203,13.809904457281402,16.452156324553545,14.389272813040783,4.536268511318726,5.317630541791253,10.796063428772039,29.111699893265314,30.76250472168608,43.79399146478286,32.86116164123557,28.934164336385336,17.479197923241532,13.74845616131822,17.786431163006753,23.21988621494193,12.964667481025694,3.0350118147939487,21.288843664324613,3.5213379081840674,18.83101926431125,3.582790577887106,6.4973727301786335,19.357699460821067,14.784295352571146,17.56537715116352,16.775168448596503,15.185984103452745,16.099104452176967,16.204464865776288,6.409584974643126,1.2177220615931856,7.226009031114922,7.638608671446742,14.082032309261738,12.888177258480173
1.0,1000.0,1.0,1.0,1.0,1.0,1.0,1.0,1.0,1.0,1.0,1.0,41.85391938430184,14.78605100588638,14.78605100588638,16.718134468625067,13.737922165074181,16.741835467462547,6.910852337525941,6.910852337525941,6.291949298139932,31.25687177222954,38.632187127539304,30.414780426040874,32.04101340611355,7.766777680247031,6.129541676064856,6.129541676064856,8.902736364106847,3.3449190762329635,2.9937494253100336,15.905943894536481,1.9200535409581732,1.1106168126504599,5.729383703208253,2.514388276755253,8.999301216737148,2.514388276755253,2.5460093650410585,2.514388276755253,2.1974754210786167,2.5460093650410585,2.5460093650410585,2.121974476609175,10.17650933876498,10.17650933876498,13.818682783134507,10.634748818705765,10.634748818705765,13.967036408886809,2.810240818559514,2.8277988137549444,3.1438423605294776,2.8277988137549444,2.775124821719888,2.3712902412336057,3.5564537226628485,2.8014618201510246,3.5564537226628485,2.450301444110205,3.5564537226628485,2.775124821719888,29.732905711385225,13.757234490912944,22.184183534016203,13.809904457281402,16.452156324553545,14.389272813040783,4.536268511318726,5.317630541791253,10.796063428772039,29.111699893265314,30.76250472168608,43.79399146478286,32.86116164123557,28.934164336385336,17.479197923241532,13.74845616131822,17.786431163006753,23.21988621494193,12.964667481025694,3.0350118147939487,21.288843664324613,3.5213379081840674,18.83101926431125,3.582790577887106,6.4973727301786335,19.357699460821067,14.784295352571146,17.56537715116352,16.775168448596503,15.185984103452745,16.099104452176967,16.204464865776288,6.409584974643126,1.2177220615931856,7.226009031114922,7.638608671446742,14.082032309261738,12.888177258480173
1.0,1.0,1000.0,1.0,1.0,1.0,1.0,1.0,1.0,1.0,1.0,1.0,41.85391938430184,14.78605100588638,14.78605100588638,16.718134468625067,13.737922165074181,16.741835467462547,6.910852337525941,6.910852337525941,6.291949298139932,31.25687177222954,38.632187127539304,30.414780426040874,32.04101340611355,7.766777680247031,6.129541676064856,6.129541676064856,8.902736364106847,3.3449190762329635,2.9937494253100336,15.905943894536481,1.9200535409581732,1.1106168126504599,5.729383703208253,2.514388276755253,8.999301216737148,2.514388276755253,2.5460093650410585,2.514388276755253,2.1974754210786167,2.5460093650410585,2.5460093650410585,2.121974476609175,10.17650933876498,10.17650933876498,13.818682783134507,10.634748818705765,10.634748818705765,13.967036408886809,2.810240818559514,2.8277988137549444,3.1438423605294776,2.8277988137549444,2.775124821719888,2.3712902412336057,3.5564537226628485,2.8014618201510246,3.5564537226628485,2.450301444110205,3.5564537226628485,2.775124821719888,29.732905711385225,13.757234490912944,22.184183534016203,13.809904457281402,16.452156324553545,14.389272813040783,4.536268511318726,5.317630541791253,10.796063428772039,29.111699893265314,30.76250472168608,43.79399146478286,32.86116164123557,28.934164336385336,17.479197923241532,13.74845616131822,17.786431163006753,23.21988621494193,12.964667481025694,3.0350118147939487,21.288843664324613,3.5213379081840674,18.83101926431125,3.582790577887106,6.4973727301786335,19.357699460821067,14.784295352571146,17.56537715116352,16.775168448596503,15.185984103452745,16.099104452176967,16.204464865776288,6.409584974643126,1.2177220615931856,7.226009031114922,7.638608671446742,14.082032309261738,12.888177258480173
1.0,1.0,1.0,1000.0,1.0,1.0,1.0,1.0,1.0,1.0,1.0,1.0,41.85391938430184,14.78605100588638,14.78605100588638,16.718134468625067,13.737922165074181,16.741835467462547,6.910852337525941,6.910852337525941,6.291949298139932,31.25687177222954,38.632187127539304,30.414780426040874,32.04101340611355,7.766777680247031,6.129541676064856,6.129541676064856,8.902736364106847,3.3449190762329635,2.9937494253100336,15.905943894536481,1.9200535409581732,1.1106168126504599,5.729383703208253,2.514388276755253,8.999301216737148,2.514388276755253,2.5460093650410585,2.514388276755253,2.1974754210786167,2.5460093650410585,2.5460093650410585,2.121974476609175,10.17650933876498,10.17650933876498,13.818682783134507,10.634748818705765,10.634748818705765,13.967036408886809,2.810240818559514,2.8277988137549444,3.1438423605294776,2.8277988137549444,2.775124821719888,2.3712902412336057,3.5564537226628485,2.8014618201510246,3.5564537226628485,2.450301444110205,3.5564537226628485,2.775124821719888,29.732905711385225,13.757234490912944,22.184183534016203,13.809904457281402,16.452156324553545,14.389272813040783,4.536268511318726,5.317630541791253,10.796063428772039,29.111699893265314,30.76250472168608,43.79399146478286,32.86116164123557,28.934164336385336,17.479197923241532,13.74845616131822,17.786431163006753,23.21988621494193,12.964667481025694,3.0350118147939487,21.288843664324613,3.5213379081840674,18.83101926431125,3.582790577887106,6.4973727301786335,19.357699460821067,14.784295352571146,17.56537715116352,16.775168448596503,15.185984103452745,16.099104452176967,16.204464865776288,6.409584974643126,1.2177220615931856,7.226009031114922,7.638608671446742,14.082032309261738,12.888177258480173
1.0,1.0,1.0,1.0,1000.0,1.0,1.0,1.0,1.0,1.0,1.0,1.0,41.85391938430184,14.78605100588638,14.78605100588638,16.718134468625067,13.737922165074181,16.741835467462547,6.910852337525941,6.910852337525941,6.291949298139932,31.25687177222954,38.632187127539304,30.414780426040874,32.04101340611355,7.766777680247031,6.129541676064856,6.129541676064856,8.902736364106847,3.3449190762329635,2.9937494253100336,15.905943894536481,1.9200535409581732,1.1106168126504599,5.729383703208253,2.514388276755253,8.999301216737148,2.514388276755253,2.5460093650410585,2.514388276755253,2.1974754210786167,2.5460093650410585,2.5460093650410585,2.121974476609175,10.17650933876498,10.17650933876498,13.818682783134507,10.634748818705765,10.634748818705765,13.967036408886809,2.810240818559514,2.8277988137549444,3.1438423605294776,2.8277988137549444,2.775124821719888,2.3712902412336057,3.5564537226628485,2.8014618201510246,3.5564537226628485,2.450301444110205,3.5564537226628485,2.775124821719888,29.732905711385225,13.757234490912944,22.184183534016203,13.809904457281402,16.452156324553545,14.389272813040783,4.536268511318726,5.317630541791253,10.796063428772039,29.111699893265314,30.76250472168608,43.79399146478286,32.86116164123557,28.934164336385336,17.479197923241532,13.74845616131822,17.786431163006753,23.21988621494193,12.964667481025694,3.0350118147939487,21.288843664324613,3.5213379081840674,18.83101926431125,3.582790577887106,6.4973727301786335,19.357699460821067,14.784295352571146,17.56537715116352,16.775168448596503,15.185984103452745,16.099104452176967,16.204464865776288,6.409584974643126,1.2177220615931856,7.226009031114922,7.638608671446742,14.082032309261738,12.888177258480173
1.0,1.0,1.0,1.0,1.0,1000.0,1.0,1.0,1.0,1.0,1.0,1.0,41.85391938430184,14.78605100588638,14.78605100588638,16.718134468625067,13.737922165074181,16.741835467462547,6.910852337525941,6.910852337525941,6.291949298139932,31.25687177222954,38.632187127539304,30.414780426040874,32.04101340611355,7.766777680247031,6.129541676064856,6.129541676064856,8.902736364106847,3.3449190762329635,2.9937494253100336,15.905943894536481,1.9200535409581732,1.1106168126504599,5.729383703208253,2.514388276755253,8.999301216737148,2.514388276755253,2.5460093650410585,2.514388276755253,2.1974754210786167,2.5460093650410585,2.5460093650410585,2.121974476609175,10.17650933876498,10.17650933876498,13.818682783134507,10.634748818705765,10.634748818705765,13.967036408886809,2.810240818559514,2.8277988137549444,3.1438423605294776,2.8277988137549444,2.775124821719888,2.3712902412336057,3.5564537226628485,2.8014618201510246,3.5564537226628485,2.450301444110205,3.5564537226628485,2.775124821719888,29.732905711385225,13.757234490912944,22.184183534016203,13.809904457281402,16.452156324553545,14.389272813040783,4.536268511318726,5.317630541791253,10.796063428772039,29.111699893265314,30.76250472168608,43.79399146478286,32.86116164123557,28.934164336385336,17.479197923241532,13.74845616131822,17.786431163006753,23.21988621494193,12.964667481025694,3.0350118147939487,21.288843664324613,3.5213379081840674,18.83101926431125,3.582790577887106,6.4973727301786335,19.357699460821067,14.784295352571146,17.56537715116352,16.775168448596503,15.185984103452745,16.099104452176967,16.204464865776288,6.409584974643126,1.2177220615931856,7.226009031114922,7.638608671446742,14.082032309261738,12.888177258480173
1.0,1.0,1.0,1.0,1.0,1.0,1000.0,1.0,1.0,1.0,1.0,1.0,41.85391938430184,14.78605100588638,14.78605100588638,16.718134468625067,13.737922165074181,16.741835467462547,6.910852337525941,6.910852337525941,6.291949298139932,31.25687177222954,38.632187127539304,30.414780426040874,32.04101340611355,7.766777680247031,6.129541676064856,6.129541676064856,8.902736364106847,3.3449190762329635,2.9937494253100336,15.905943894536481,1.9200535409581732,1.1106168126504599,5.729383703208253,2.514388276755253,8.999301216737148,2.514388276755253,2.5460093650410585,2.514388276755253,2.1974754210786167,2.5460093650410585,2.5460093650410585,2.121974476609175,10.17650933876498,10.17650933876498,13.818682783134507,10.634748818705765,10.634748818705765,13.967036408886809,2.810240818559514,2.8277988137549444,3.1438423605294776,2.8277988137549444,2.775124821719888,2.3712902412336057,3.5564537226628485,2.8014618201510246,3.5564537226628485,2.450301444110205,3.5564537226628485,2.775124821719888,29.732905711385225,13.757234490912944,22.184183534016203,13.809904457281402,16.452156324553545,14.389272813040783,4.536268511318726,5.317630541791253,10.796063428772039,29.111699893265314,30.76250472168608,43.79399146478286,32.86116164123557,28.934164336385336,17.479197923241532,13.74845616131822,17.786431163006753,23.21988621494193,12.964667481025694,3.0350118147939487,21.288843664324613,3.5213379081840674,18.83101926431125,3.582790577887106,6.4973727301786335,19.357699460821067,14.784295352571146,17.56537715116352,16.775168448596503,15.185984103452745,16.099104452176967,16.204464865776288,6.409584974643126,1.2177220615931856,7.226009031114922,7.638608671446742,14.082032309261738,12.888177258480173
1.0,1.0,1.0,1.0,1.0,1.0,1.0,1000.0,1.0,1.0,1.0,1.0,41.85391938430184,14.78605100588638,14.78605100588638,16.718134468625067,13.737922165074181,16.741835467462547,6.910852337525941,6.910852337525941,6.291949298139932,31.25687177222954,38.632187127539304,30.414780426040874,32.04101340611355,7.766777680247031,6.129541676064856,6.129541676064856,8.902736364106847,3.3449190762329635,2.9937494253100336,15.905943894536481,1.9200535409581732,1.1106168126504599,5.729383703208253,2.514388276755253,8.999301216737148,2.514388276755253,2.5460093650410585,2.514388276755253,2.1974754210786167,2.5460093650410585,2.5460093650410585,2.121974476609175,10.17650933876498,10.17650933876498,13.818682783134507,10.634748818705765,10.634748818705765,13.967036408886809,2.810240818559514,2.8277988137549444,3.1438423605294776,2.8277988137549444,2.775124821719888,2.3712902412336057,3.5564537226628485,2.8014618201510246,3.5564537226628485,2.450301444110205,3.5564537226628485,2.775124821719888,29.732905711385225,13.757234490912944,22.184183534016203,13.809904457281402,16.452156324553545,14.389272813040783,4.536268511318726,5.317630541791253,10.796063428772039,29.111699893265314,30.76250472168608,43.79399146478286,32.86116164123557,28.934164336385336,17.479197923241532,13.74845616131822,17.786431163006753,23.21988621494193,12.964667481025694,3.0350118147939487,21.288843664324613,3.5213379081840674,18.83101926431125,3.582790577887106,6.4973727301786335,19.357699460821067,14.784295352571146,17.56537715116352,16.775168448596503,15.185984103452745,16.099104452176967,16.204464865776288,6.409584974643126,1.2177220615931856,7.226009031114922,7.638608671446742,14.082032309261738,12.888177258480173
1.0,1.0,1.0,1.0,1.0,1.0,1.0,1.0,1000.0,1.0,1.0,1.0,41.85391938430184,14.78605100588638,14.78605100588638,16.718134468625067,13.737922165074181,16.741835467462547,6.910852337525941,6.910852337525941,6.291949298139932,31.25687177222954,38.632187127539304,30.414780426040874,32.04101340611355,7.766777680247031,6.129541676064856,6.129541676064856,8.902736364106847,3.3449190762329635,2.9937494253100336,15.905943894536481,1.9200535409581732,1.1106168126504599,5.729383703208253,2.514388276755253,8.999301216737148,2.514388276755253,2.5460093650410585,2.514388276755253,2.1974754210786167,2.5460093650410585,2.5460093650410585,2.121974476609175,10.17650933876498,10.17650933876498,13.818682783134507,10.634748818705765,10.634748818705765,13.967036408886809,2.810240818559514,2.8277988137549444,3.1438423605294776,2.8277988137549444,2.775124821719888,2.3712902412336057,3.5564537226628485,2.8014618201510246,3.5564537226628485,2.450301444110205,3.5564537226628485,2.775124821719888,29.732905711385225,13.757234490912944,22.184183534016203,13.809904457281402,16.452156324553545,14.389272813040783,4.536268511318726,5.317630541791253,10.796063428772039,29.111699893265314,30.76250472168608,43.79399146478286,32.86116164123557,28.934164336385336,17.479197923241532,13.74845616131822,17.786431163006753,23.21988621494193,12.964667481025694,3.0350118147939487,21.288843664324613,3.5213379081840674,18.83101926431125,3.582790577887106,6.4973727301786335,19.357699460821067,14.784295352571146,17.56537715116352,16.775168448596503,15.185984103452745,16.099104452176967,16.204464865776288,6.409584974643126,1.2177220615931856,7.226009031114922,7.638608671446742,14.082032309261738,12.888177258480173
1.0,1.0,1.0,1.0,1.0,1.0,1.0,1.0,1.0,1000.0,1.0,1.0,41.85391938430184,14.78605100588638,14.78605100588638,16.718134468625067,13.737922165074181,16.741835467462547,6.910852337525941,6.910852337525941,6.291949298139932,31.25687177222954,38.632187127539304,30.414780426040874,32.04101340611355,7.766777680247031,6.129541676064856,6.129541676064856,8.902736364106847,3.3449190762329635,2.9937494253100336,15.905943894536481,1.9200535409581732,1.1106168126504599,5.729383703208253,2.514388276755253,8.999301216737148,2.514388276755253,2.5460093650410585,2.514388276755253,2.1974754210786167,2.5460093650410585,2.5460093650410585,2.121974476609175,10.17650933876498,10.17650933876498,13.818682783134507,10.634748818705765,10.634748818705765,13.967036408886809,2.810240818559514,2.8277988137549444,3.1438423605294776,2.8277988137549444,2.775124821719888,2.3712902412336057,3.5564537226628485,2.8014618201510246,3.5564537226628485,2.450301444110205,3.5564537226628485,2.775124821719888,29.732905711385225,13.757234490912944,22.184183534016203,13.809904457281402,16.452156324553545,14.389272813040783,4.536268511318726,5.317630541791253,10.796063428772039,29.111699893265314,30.76250472168608,43.79399146478286,32.86116164123557,28.934164336385336,17.479197923241532,13.74845616131822,17.786431163006753,23.21988621494193,12.964667481025694,3.0350118147939487,21.288843664324613,3.5213379081840674,18.83101926431125,3.582790577887106,6.4973727301786335,19.357699460821067,14.784295352571146,17.56537715116352,16.775168448596503,15.185984103452745,16.099104452176967,16.204464865776288,6.409584974643126,1.2177220615931856,7.226009031114922,7.638608671446742,14.082032309261738,12.888177258480173
1.0,1.0,1.0,1.0,1.0,1.0,1.0,1.0,1.0,1.0,1000.0,1.0,41.85391938430184,14.78605100588638,14.78605100588638,16.718134468625067,13.737922165074181,16.741835467462547,6.910852337525941,6.910852337525941,6.291949298139932,31.25687177222954,38.632187127539304,30.414780426040874,32.04101340611355,7.766777680247031,6.129541676064856,6.129541676064856,8.902736364106847,3.3449190762329635,2.9937494253100336,15.905943894536481,1.9200535409581732,1.1106168126504599,5.729383703208253,2.514388276755253,8.999301216737148,2.514388276755253,2.5460093650410585,2.514388276755253,2.1974754210786167,2.5460093650410585,2.5460093650410585,2.121974476609175,10.17650933876498,10.17650933876498,13.818682783134507,10.634748818705765,10.634748818705765,13.967036408886809,2.810240818559514,2.8277988137549444,3.1438423605294776,2.8277988137549444,2.775124821719888,2.3712902412336057,3.5564537226628485,2.8014618201510246,3.5564537226628485,2.450301444110205,3.5564537226628485,2.775124821719888,29.732905711385225,13.757234490912944,22.184183534016203,13.809904457281402,16.452156324553545,14.389272813040783,4.536268511318726,5.317630541791253,10.796063428772039,29.111699893265314,30.76250472168608,43.79399146478286,32.86116164123557,28.934164336385336,17.479197923241532,13.74845616131822,17.786431163006753,23.21988621494193,12.964667481025694,3.0350118147939487,21.288843664324613,3.5213379081840674,18.83101926431125,3.582790577887106,6.4973727301786335,19.357699460821067,14.784295352571146,17.56537715116352,16.775168448596503,15.185984103452745,16.099104452176967,16.204464865776288,6.409584974643126,1.2177220615931856,7.226009031114922,7.638608671446742,14.082032309261738,12.888177258480173
1.0,1.0,1.0,1.0,1.0,1.0,1.0,1.0,1.0,1.0,1.0,1000.0,41.85391938430184,14.78605100588638,14.78605100588638,16.718134468625067,13.737922165074181,16.741835467462547,6.910852337525941,6.910852337525941,6.291949298139932,31.25687177222954,38.632187127539304,30.414780426040874,32.04101340611355,7.766777680247031,6.129541676064856,6.129541676064856,8.902736364106847,3.3449190762329635,2.9937494253100336,15.905943894536481,1.9200535409581732,1.1106168126504599,5.729383703208253,2.514388276755253,8.999301216737148,2.514388276755253,2.5460093650410585,2.514388276755253,2.1974754210786167,2.5460093650410585,2.5460093650410585,2.121974476609175,10.17650933876498,10.17650933876498,13.818682783134507,10.634748818705765,10.634748818705765,13.967036408886809,2.810240818559514,2.8277988137549444,3.1438423605294776,2.8277988137549444,2.775124821719888,2.3712902412336057,3.5564537226628485,2.8014618201510246,3.5564537226628485,2.450301444110205,3.5564537226628485,2.775124821719888,29.732905711385225,13.757234490912944,22.184183534016203,13.809904457281402,16.452156324553545,14.389272813040783,4.536268511318726,5.317630541791253,10.796063428772039,29.111699893265314,30.76250472168608,43.79399146478286,32.86116164123557,28.934164336385336,17.479197923241532,13.74845616131822,17.786431163006753,23.21988621494193,12.964667481025694,3.0350118147939487,21.288843664324613,3.5213379081840674,18.83101926431125,3.582790577887106,6.4973727301786335,19.357699460821067,14.784295352571146,17.56537715116352,16.775168448596503,15.185984103452745,16.099104452176967,16.204464865776288,6.409584974643126,1.2177220615931856,7.226009031114922,7.638608671446742,14.082032309261738,12.888177258480173
41.85391938430184,41.85391938430184,41.85391938430184,41.85391938430184,41.85391938430184,41.85391938430184,41.85391938430184,41.85391938430184,41.85391938430184,41.85391938430184,41.85391938430184,41.85391938430184,1000.0,28.06786855421845,28.06786855421845,26.135785101830102,29.1159973879451,26.112084103097764,35.94306714404163,35.94306714404163,36.561970174782715,72.1107901452678,79.48610512417535,71.2686988388221,72.89493174154772,35.08714181268265,36.724377794529616,36.724377794529616,33.95118314283825,44.198838412852616,43.84766876939928,56.75986288786754,42.773972907167106,41.96453619481907,46.58330298604635,40.33953113559528,33.85461829134339,40.33953113559528,43.399928718486024,40.33953113559528,43.05139478167601,43.399928718486024,43.399928718486024,42.975893838740916,32.67741018245218,32.67741018245218,29.035236770467506,32.2191707072724,32.2191707072724,28.88688314576966,40.04367859901902,40.026120604131265,39.71007706284545,40.026120604131265,40.078794595242414,40.482629168558724,39.2974657077366,40.05245759727356,39.2974657077366,40.40361796709701,39.2974657077366,40.078794595242414,13.121013837126462,29.096685062246234,20.66973604667368,29.04401509625757,26.40176324468543,28.46464674450341,45.39018782173483,46.17154983429776,51.64998257961347,69.96561836623927,71.61642311813662,84.64790916776622,73.71507993672395,13.919755218074375,25.374721650325537,29.105463391777416,25.067488411661976,64.07380494024699,53.818586568010936,43.888931158011516,21.56507591661707,39.33258152162378,24.022900313437955,39.271128852955286,36.35654674565333,23.49622011809147,28.06962420752268,58.41929608807813,57.62908741269799,56.039903120457865,56.95302343907377,57.05838384914876,36.44433449995041,42.071641441685344,35.62791045471638,35.2153108198254,28.77188724619784,29.965742288035543
14.78605100588638,14.78605100588638,14.78605100588638,14.78605100588638,14.78605100588638,14.78605100588638,14.78605100588638,14.78605100588638,14.78605100588638,14.78605100588638,14.78605100588638,14.78605100588638,28.06786855421845,1000.0,1.0,2.9320834675601555,2.0481288429315163,2.955784466464146,8.875198675746876,8.875198675746876,9.49410171487895,45.04292256706918,52.41823782710046,44.20083123066798,45.8270641916381,8.019273333176676,9.656509336867261,9.656509336867261,6.883314649158055,17.130970076119794,16.779800426206293,29.691994832634155,15.706104544698333,14.896667818292997,19.515434695207475,13.271662732079358,6.786749796495363,13.271662732079358,16.332060367167664,13.271662732079358,15.983526424118978,16.332060367167664,16.332060367167664,15.908025479842404,5.609541673834679,5.609541673834679,1.9673682247203006,5.1513021935285845,5.1513021935285845,1.8190145986854258,12.975810190766156,12.958252195598995,12.642208649316615,12.958252195598995,13.010926187548947,13.414760767353528,12.229597287778098,12.984589189160474,12.229597287778098,13.335749564614375,12.229597287778098,13.010926187548947,15.946854773730376,2.028816517056856,8.39813255301917,1.97614655058991,2.666105322754472,1.396778193688935,18.32231950748986,19.103681535281204,24.582114398032303,42.89775071259688,44.54855552229878,57.58004208746394,46.647212416809786,15.148113393286199,3.693146924401533,2.037594846667912,4.0003801651170905,37.0059370940683,26.750718438069804,16.82106281557363,7.502792679389773,12.264713102208354,5.044968269877171,12.203260432589978,9.288678282938008,5.571648468260835,1.0017556533190768,31.351428077364485,30.561219380571185,28.97203504644103,29.885155388934617,29.990515801798047,9.376466038433378,15.00377306699592,8.560041982240495,8.147442341969171,1.7040186980866523,2.897873750987546
14.78605100588638,14.78605100588638,14.78605100588638,14.78605100588638,14.78605100588638,14.78605100588638,14.78605100588638,14.78605100588638,14.78605100588638,14.78605100588638,14.78605100588638,14.78605100588638,28.06786855421845,1.0,1000.0,2.9320834675601555,2.0481288429315163,2.955784466464146,8.875198675746876,8.875198675746876,9.49410171487895,45.04292256706918,52.41823782710046,44.20083123066798,45.8270641916381,8.019273333176676,9.656509336867261,9.656509336867261,6.883314649158055,17.130970076119794,16.779800426206293,29.691994832634155,15.706104544698333,14.896667818292997,19.515434695207475,13.271662732079358,6.786749796495363,13.271662732079358,16.332060367167664,13.271662732079358,15.983526424118978,16.332060367167664,16.332060367167664,15.908025479842404,5.609541673834679,5.609541673834679,1.9673682247203006,5.1513021935285845,5.1513021935285845,1.8190145986854258,12.975810190766156,12.958252195598995,12.642208649316615,12.958252195598995,13.010926187548947,13.414760767353528,12.229597287778098,12.984589189160474,12.229597287778098,13.335749564614375,12.229597287778098,13.010926187548947,15.946854773730376,2.028816517056856,8.39813255301917,1.97614655058991,2.666105322754472,1.396778193688935,18.32231950748986,19.103681535281204,24.582114398032303,42.89775071259688,44.54855552229878,57.58004208746394,46.647212416809786,15.148113393286199,3.693146924401533,2.037594846667912,4.0003801651170905,37.0059370940683,26.750718438069804,16.82106281557363,7.502792679389773,12.264713102208354,5.044968269877171,12.203260432589978,9.288678282938008,5.571648468260835,1.0017556533190768,31.351428077364485,30.561219380571185,28.97203504644103,29.885155388934617,29.990515801798047,9.376466038433378,15.00377306699592,8.560041982240495,8.147442341969171,1.7040186980866523,2.897873750987546
16.718134468625067,16.718134468625067,16.718134468625067,16.718134468625067,16.718134468625067,16.718134468625067,16.718134468625067,16.718134468625067,16.718134468625067,16.718134468625067,16.718134468625067,16.718134468625067,26.135785101830102,2.9320834675601555,2.9320834675601555,1000.0,3.980212310422122,1.023700998905022,10.80728214158799,10.80728214158799,11.426185180468023,46.975005989648274,54.3503212337471,46.13291465491327,47.75914761263746,9.951356799338285,11.588592802387375,11.588592802387375,8.815398115694691,19.06305353719756,18.71188388754835,31.624078280659283,17.638188006814456,16.828751280958826,21.447518154345886,15.203746195760871,8.718833263061233,15.203746195760871,18.26414382883874,15.203746195760871,17.915609886040006,18.26414382883874,18.26414382883874,17.840108941816865,7.541625140723565,7.541625140723565,3.899451692218004,7.083385660526538,7.083385660526538,3.7510980661954125,14.90789365461996,14.890335659462906,14.574292113360027,14.890335659462906,14.943009651382505,15.34684423095031,14.161680752049183,14.91667265300922,14.161680752049183,15.267833028258053,14.161680752049183,14.943009651382505,14.01477131050528,3.9608999845491852,6.466049086359813,3.908230018086856,1.2659781448155514,3.3288616612285153,20.25440296763022,21.03576499477253,26.51419785221191,44.82983413935871,46.480638945859845,59.51212548153074,48.57929583612779,13.21602992957744,1.7610634568870234,3.9696783141594603,2.068296697628318,38.9380205312708,28.6828018897789,18.753146276884912,5.570709212491674,14.196796566460359,3.1128848025073625,14.135343896875337,11.220761748612627,3.6395650009694434,2.933839120879157,33.283511523141954,32.49330282743419,30.90411849540336,31.817238836704387,31.922599249427844,11.30854950407167,16.935856529590684,10.492125448203407,10.07952580808486,3.636102165605485,4.829957218385864
13.737922165074181,13.737922165074181,13.737922165074181,13.737922165074181,13.737922165074181,13.737922165074181,13.737922165074181,13.737922165074181,13.737922165074181,13.737922165074181,13.737922165074181,13.737922165074181,29.1159973879451,2.0481288429315163,2.0481288429315163,3.980212310422122,1000.0,4.003913309324698,7.827069833464428,7.827069833464428,8.445972872710952,43.994793746953846,51.370109015362786,43.15270240967908,44.77893537235153,6.971144490751175,8.608380494730824,8.608380494730824,5.835185806569999,16.08284123612421,15.731671586079983,28.643865999267277,14.657975704190747,13.84853897751634,18.46730585617814,12.223533890810204,5.738620953894925,12.223533890810204,15.28393152687898,12.223533890810204,14.935397583707243,15.28393152687898,15.28393152687898,14.859896639404399,4.561412831101384,4.561412831101384,1.0807606182121594,4.103173350752619,4.103173350752619,1.229114244248357,11.927681349414188,11.910123354242177,11.594079807873793,11.910123354242177,11.962797346206695,12.366631926125187,11.181468446226623,11.93646034781093,11.181468446226623,12.28762072336344,11.181468446226623,11.962797346206695,16.994983613772142,1.0193123258749004,9.446261395195702,1.0719822923424547,3.714234165631366,1.6513506492457026,17.274190667959918,18.05555269607522,23.53398556151067,41.849621890289704,43.50042670166853,56.53191328236484,45.599083598405784,16.19624223361909,4.74127576721134,1.0105339962637363,5.048509007901876,35.95780826630928,25.702589602810306,15.772933975462522,8.55092152172805,11.21658426066597,6.0930971125598195,11.155131591031706,8.240549440730998,6.619777310881982,2.0463731896124617,30.303299245157206,29.51309054780346,27.92390621259165,28.837026555699317,28.9423869686349,8.328337196242916,13.955644226253959,7.511913139903319,7.0993134995639675,1.34411014484779,1.8497449080755046
16.741835467462547,16.741835467462547,16.741835467462547,16.741835467462547,16.741835467462547,16.741835467462547,16.741835467462547,16.741835467462547,16.741835467462547,16.741835467462547,16.741835467462547,16.741835467462547,26.112084103097764,2.955784466464146,2.955784466464146,1.023700998905022,4.003913309324698,1000.0,10.830983140466683,10.830983140466683,11.449886179343295,46.998706987976945,54.37402223187637,46.15661565326283,47.78284861094634,9.975057798221368,11.612293801261714,11.612293801261714,8.839099114582982,19.086754536013405,18.73558488636763,31.647779279308303,17.66188900564381,16.85245227979535,21.471219153136673,15.227447194610722,8.742534261949935,15.227447194610722,18.28784482766229,15.227447194610722,17.939310884866817,18.28784482766229,18.28784482766229,17.86380994064437,7.56532613961686,7.56532613961686,3.9231526911207113,7.107086659421413,7.107086659421413,3.774799065098349,14.931594653472086,14.91403665831516,14.597993112214654,14.91403665831516,14.966710650234363,15.370545229799049,14.185381750906826,14.940373651861277,14.185381750906826,15.29153402710741,14.185381750906826,14.966710650234363,13.991070311646483,3.9846009834517933,6.4423480874629195,3.9319310169895494,1.2896791437205524,3.3525626601320413,20.278103966433935,21.059465993567873,26.537898850939154,44.85353513773984,46.50433994420083,59.53582647950295,48.602996834415606,13.192328930713138,1.7373624579821545,3.993379313062054,2.044595698723601,38.961721529783155,28.70650288847469,18.77684727570379,5.547008213592331,14.22049756531775,3.089183803603546,14.159044895733171,11.24446274748906,3.615864002066308,2.957540119783145,33.30721252176252,32.51700382606849,30.927819494064266,31.840939835350177,31.946300248071857,11.33225050294761,16.95955752842628,10.515826447083763,10.103226806967312,3.659803164508592,4.853658217286856
6.910852337525941,6.910852337525941,6.910852337525941,6.910852337525941,6.910852337525941,6.910852337525941,6.910852337525941,6.910852337525941,6.910852337525941,6.910852337525941,6.910852337525941,6.910852337525941,35.94306714404163,8.875198675746876,8.875198675746876,10.80728214158799,7.827069833464428,10.830983140466683,1000.0,1.0,1.6189030396087345,37.16772403547925,44.54303935388943,36.32563269303584,37.951865665789505,1.8559253431149925,1.7813106617336252,1.7813106617336252,2.9918840276515324,9.255771412442945,8.904601761764663,21.816796210984066,7.830905878056864,7.021469150131116,11.64023603731395,5.396464061223364,3.0884488803474612,5.396464061223364,8.456861701783307,5.396464061223364,8.108327758025904,8.456861701783307,8.456861701783307,8.032826813598703,4.265657003277369,4.265657003277369,7.907830451632722,4.723896483620302,4.723896483620302,8.056184077585666,5.100611519471133,5.083053524278415,4.7670099775455625,5.083053524278415,5.135727516305205,5.539562096715574,4.354398615446166,5.10939051787825,4.354398615446166,5.460550893855572,4.354398615446166,5.135727516305205,23.82205341850878,7.8463821593289325,16.273331218512006,7.8990521257678346,10.541303997059183,8.478420482327103,10.447120846573895,11.228482876315491,16.70691575584295,35.022552165866735,36.673356987146164,49.70484366093582,38.77201389708468,23.023312040746667,11.568345597566168,7.837603829722501,11.875578837903463,29.130738510023956,18.875519804020772,8.945864151220698,15.377991346652339,4.389514429922956,12.920166941249244,4.3280617602232905,1.413479607501884,13.446847138844673,8.873443022429052,23.47622946339943,22.686020762884542,21.09683642161146,22.0099567681535,22.115317181493754,1.5012673630672193,7.1285743990284125,1.3151566937224242,1.7277563342493731,8.17117997811818,6.977324925788285
6.910852337525941,6.910852337525941,6.910852337525941,6.910852337525941,6.910852337525941,6.910852337525941,6.910852337525941,6.910852337525941,6.910852337525941,6.910852337525941,6.910852337525941,6.910852337525941,35.94306714404163,8.875198675746876,8.875198675746876,10.80728214158799,7.827069833464428,10.830983140466683,1.0,1000.0,1.6189030396087345,37.16772403547925,44.54303935388943,36.32563269303584,37.951865665789505,1.8559253431149925,1.7813106617336252,1.7813106617336252,2.9918840276515324,9.255771412442945,8.904601761764663,21.816796210984066,7.830905878056864,7.021469150131116,11.64023603731395,5.396464061223364,3.0884488803474612,5.396464061223364,8.456861701783307,5.396464061223364,8.108327758025904,8.456861701783307,8.456861701783307,8.032826813598703,4.265657003277369,4.265657003277369,7.907830451632722,4.723896483620302,4.723896483620302,8.056184077585666,5.100611519471133,5.083053524278415,4.7670099775455625,5.083053524278415,5.135727516305205,5.539562096715574,4.354398615446166,5.10939051787825,4.354398615446166,5.460550893855572,4.354398615446166,5.135727516305205,23.82205341850878,7.8463821593289325,16.273331218512006,7.8990521257678346,10.541303997059183,8.478420482327103,10.447120846573895,11.228482876315491,16.70691575584295,35.022552165866735,36.673356987146164,49.70484366093582,38.77201389708468,23.023312040746667,11.568345597566168,7.837603829722501,11.875578837903463,29.130738510023956,18.875519804020772,8.945864151220698,15.377991346652339,4.389514429922956,12.920166941249244,4.3280617602232905,1.413479607501884,13.446847138844673,8.873443022429052,23.47622946339943,22.686020762884542,21.09683642161146,22.0099567681535,22.115317181493754,1.5012673630672193,7.1285743990284125,1.3151566937224242,1.7277563342493731,8.17117997811818,6.977324925788285
6.291949298139932,6.291949298139932,6.291949298139932,6.291949298139932,6.291949298139932,6.291949298139932,6.291949298139932,6.291949298139932,6.291949298139932,6.291949298139932,6.291949298139932,6.291949298139932,36.561970174782715,9.49410171487895,9.49410171487895,11.426185180468023,8.445972872710952,11.449886179343295,1.6189030396087345,1.6189030396087345,1000.0,36.548821005010545,43.92413632756224,35.70672966214324,37.33296263572453,2.474828382714735,1.1624076221257946,1.1624076221257946,3.610787067223222,8.636868373283086,8.285698722565957,21.197893174366765,7.212002838750262,6.40256611075402,11.021332998464272,4.777561021732895,3.707351919915918,4.777561021732895,7.837958662537615,4.777561021732895,7.489424718745609,7.837958662537615,7.837958662537615,7.413923774311138,4.884560042795731,4.884560042795731,8.526733490870985,5.3427995231138246,5.3427995231138246,8.675087116808509,4.481708479964068,4.464150484770405,4.14810693802128,4.464150484770405,4.5168244768000445,4.92065905723358,3.735495575902777,4.4904874783716595,3.735495575902777,4.841647854368862,3.735495575902777,4.5168244768000445,24.44095645430239,8.46528519857349,16.89223425639044,8.517955165006999,11.160207035977074,9.097323521504347,9.828217807558902,10.609579837406473,16.088012717920776,34.40364913433801,36.05445395642738,49.085940637964974,38.15311086745131,23.642215076799403,12.1872486363323,8.456506868967953,12.494481876621276,28.511835475919362,18.256616766607074,8.326961112026465,15.99689438472405,3.7706113903811,13.539069979792682,3.7091587206787646,1.2054234321074553,14.06575017729428,9.492346061561335,22.857326427285642,22.067117726526106,20.47793338478786,21.391053731592798,21.496414144964152,1.117635676541935,6.509671359660107,1.934059733329062,2.3466593738511268,8.790083017328858,7.596227965116096
31.25687177222954,31.25687177222954,31.25687177222954,31.25687177222954,31.25687177222954,31.25687177222954,31.25687177222954,31.25687177222954,31.25687177222954,31.25687177222954,31.25687177222954,31.25687177222954,72.1107901452678,45.04292256706918,45.04292256706918,46.975005989648274,43.994793746953846,46.998706987976945,37.16772403547925,37.16772403547925,36.548821005010545,1000.0,8.375315451515235,1.8420913547783457,1.7841416423240466,38.02364936542839,36.38641338523129,36.38641338523129,39.1596080315496,28.911952718726795,29.26312236648922,16.350927957104986,30.336818240645798,31.146254960737302,26.527488110943317,32.77126003227207,39.256172882630544,32.77126003227207,29.71086242260416,32.77126003227207,30.059396363236445,29.71086242260416,29.71086242260416,30.13489730697336,40.43338098524788,40.43338098524788,44.07555436344667,40.89162045737184,40.89162045737184,44.223907986307694,33.06711257062496,33.084670565613635,33.400714108630105,33.084670565613635,33.031996574198175,32.62816199839792,33.81332546575248,33.058333572319754,33.81332546575248,32.70717320036661,33.81332546575248,33.031996574198175,59.989776894000116,44.01410607241819,52.441054927317346,44.066776037764164,46.70902785125982,44.64614438214866,27.720603293724054,26.939241269328654,21.460808413037682,3.145171899877969,1.4943670556457218,13.53711987847044,2.6042898867291076,59.191035543176774,47.73606942773071,44.005327742993686,48.04330266070683,9.036985619239633,19.29220436717122,29.221859977381115,51.54571507997471,33.77820965170477,49.08789073843591,33.83966232065286,36.75424443411903,49.61457092277029,45.041166913789255,14.691494699771496,15.481703402913274,17.070887747900716,16.157767399480555,16.052406985879077,36.66645667983935,31.03914971290792,37.48288072442489,37.8954803585731,44.3389038844309,43.145048856577105
