0.0,1.2578163515531768,1.0656033433669567,1.068946121102966,1.068946121102966,1.2452807329436206,1.0,1.2452807329436206,1.2578163515531768,1.0656033433669567,8.269400240158793,8.269400240158793,8.269400240158793,8.269400240158793,7.665537571037964,2.8716003363127687,7.896634558194249,7.775026462233307,7.687268176728808,12.302057487179832,12.200535299352488,14.403908937428556,23.42388264924482,23.373338685048004,23.373338685048004,7.651329101816866,7.864456449917895,7.897888251027519,8.608317886126123,8.608317886126123,8.608317886126123,8.608317886126123,8.608317886126123,8.608317886126123,3.845237186504013,8.141105095773863,8.113523760641423,3.4440804112673353,4.637110849374793,5.758703793448728,7.7520421384825395,1.0589176494438572,1.4103328607072183,1.0906745812322958,1.4103328607072183,1.4103328607072183,1.0906745812322958,1.0693639761694969,9.274456844408958,9.274456844408958,2.08098361333308,1.0363534179682583,10.002939906170269,6.1966713782748775,6.1966713782748775,4.778771536945699,1.679847504596594,1.0513962445634573,2.9918881265952235,3.7382618164797146,9.112309499586289,9.112309499586289,8.723658922844105,10.07767693485236,8.05919692092977,11.356496325711527,15.30176294839178,10.29081184033812,11.034699653545282,24.72882297857951,17.476982786540933,24.883375722316934,29.252479098098174,24.59933257310855,31.303271734480052,9.46335062753772,7.503394038726484,7.800100278767013,7.879500758400043,7.595331045964873,6.8514806217331525,4.532223626600544,4.703553436228427,3.8928747097948917,5.539314755583728,4.983532341146998,7.745773687894729,3.387250058302088,6.13689035773435,6.157784703985918,8.096807805367398,3.0754567406855178,1.8929513551804553,4.420897377363621,2.4094410838494635,1.1809316663527245,2.3108001160069613,8.481275809818417,13.182825585538144,11.185149857361424
1.2578163515531768,0.0,1.3234196949198531,1.188870230450383,1.188870230450383,1.012535618609597,1.2578163515531768,1.012535618609597,1.0,1.3234196949198531,8.527216590989365,8.527216590989365,8.527216590989365,8.527216590989365,7.923353921981676,3.1294166878132827,8.1544509090958,8.032842813157218,7.945084527668619,12.044241137278481,11.942718949421232,14.146092588207773,23.16606630427749,23.115522340050813,23.115522340050813,7.9091454527631235,8.1222728008254,8.155704601928838,8.866134236888985,8.866134236888985,8.866134236888985,8.866134236888985,8.866134236888985,8.866134236888985,4.1030535379405375,8.398921446629279,8.371340111502121,3.701896762733258,4.894927200740813,6.016520144686564,8.009858489410636,1.3167340009967876,1.1525165091548686,1.1671417703210816,1.1525165091548686,1.1525165091548686,1.1671417703210816,1.188452375383853,9.532273195029903,9.532273195029903,1.823167261791665,1.2214629335850251,9.745123555658711,5.93885502706111,5.93885502706111,5.036587888297364,1.4220311530472096,1.3092125961164243,2.7340717750877075,3.996078167924495,9.370125850242855,9.370125850242855,8.981475273583234,10.335493285286638,8.317013271800818,11.614312675813526,15.559579297197303,10.548628190720008,11.292516003734947,24.4710066344068,17.21916643852634,24.625559378241345,28.994662757031424,24.341516228854967,31.045455395001227,9.721166978116297,7.761210389698939,8.057916629686346,8.137317109304767,7.853147396921116,7.109296972814165,4.790039977976857,4.961369787587781,4.1506910612276435,5.79713110684925,5.241348692476972,8.003590038823965,3.645066409771832,6.394706708921479,6.415601055170134,8.35462415623129,2.817640389182211,1.635135003634775,4.163081025953511,2.667257435371588,1.4387480179048522,2.0529837644720295,8.739092160607015,13.440641935090913,11.442966207510441
1.0656033433669567,1.3234196949198531,0.0,1.1345494644698915,1.1345494644698915,1.310884076310321,1.0656033433669567,1.310884076310321,1.3234196949198531,1.0,8.203796896967802,8.203796896967802,8.203796896967802,8.203796896967802,7.5999342278188395,2.805996992957176,7.831031214985601,7.709423119019102,7.621664833510656,12.367660830114175,12.266138642294552,14.469512280187438,23.48948599091156,23.4389420267224,23.4389420267224,7.585725758597109,7.798853106707768,7.83228490781893,8.542714542951995,8.542714542951995,8.542714542951995,8.542714542951995,8.542714542951995,8.542714542951995,3.7796338431636447,8.075501752576692,8.047920417442937,3.3784770679199223,4.571507506051502,5.693100450156836,7.686438795267296,1.0066856939231006,1.4759362040735182,1.1562779245992048,1.4759362040735182,1.4759362040735182,1.1562779245992048,1.134967319536422,9.20885350127021,9.20885350127021,2.146586956695868,1.1019567613352024,10.068543249262383,6.262274721549814,6.262274721549814,4.7131681936259096,1.7454508479618462,1.014207098803502,3.057491469948394,3.6726584731373624,9.046706156438658,9.046706156438658,8.658055579675889,10.012073591760245,7.993593577728708,11.290892982702571,15.236159605708435,10.2252084972591,10.969096310514365,24.79442632004264,17.542586128989544,24.94897906375518,29.31808243876605,24.66493591459241,31.368875074741638,9.397747284409553,7.437790695500225,7.7344969355539455,7.813897415190609,7.529727702742638,6.785877278479977,4.46662028327475,4.637950092906761,3.827271366455431,5.473711412285031,4.9179289978325045,7.680170344679205,3.3216467149537654,6.071287014454952,6.092181360707236,8.031204462168118,3.141060084037527,1.9585546985445332,4.486500720690453,2.343837740488876,1.115328322985838,2.37640345936785,8.415672466637876,13.117222242666953,11.119546514340687
1.068946121102966,1.188870230450383,1.1345494644698915,0.0,1.0,1.1763346118408073,1.068946121102966,1.1763346118408073,1.188870230450383,1.1345494644698915,8.33834636107337,8.33834636107337,8.33834636107337,8.33834636107337,7.734483691982393,2.9405464574029008,7.965580679127558,7.843972583172515,7.756214297672211,12.233111366526149,12.131589178690737,14.334962816958278,23.35493652991803,23.3043925657132,23.3043925657132,7.720275222761968,7.933402570852776,7.9668343719607675,8.67726400702282,8.67726400702282,8.67726400702282,8.67726400702282,8.67726400702282,8.67726400702282,3.9141833075776824,8.210051216695,8.182469881563954,3.513026532348599,4.706056970430135,5.827649914470541,7.820988259422851,1.1278637705467967,1.3413867396047474,1.0217284601293366,1.3413867396047474,1.3413867396047474,1.0217284601293366,1.000417855066531,9.343402965268146,9.343402965268146,2.012037492233981,1.032592703134712,9.933993785351866,6.127725257266146,6.127725257266146,4.847717657997299,1.6109013834950963,1.1203423656664016,2.9229420055057975,3.8072079375555217,9.181255620454895,9.181255620454895,8.792605043734532,10.146623055662168,8.12814304185503,11.425442446433328,15.370709068769507,10.35975796113406,11.103645774290312,24.659876859466095,17.408036666395265,24.81442960322959,29.18353297981838,24.53038645397342,31.23432561662628,9.532296748385704,7.572340159678493,7.869046399705015,7.948446879334191,7.664277166912606,6.920426742713756,4.601169747658571,4.772499557282032,3.961820830867584,5.608260876612798,5.052478462192934,7.814719808835344,3.4561961793843365,6.205836478742856,6.226730824993657,8.16575392629077,3.0065106195972735,1.82400523408009,4.351951256301199,2.478387204945067,1.2498777874555307,2.241853994909749,8.55022193072191,13.25177170611429,11.254095978095686
1.068946121102966,1.188870230450383,1.1345494644698915,1.0,0.0,1.1763346118408073,1.068946121102966,1.1763346118408073,1.188870230450383,1.1345494644698915,8.33834636107337,8.33834636107337,8.33834636107337,8.33834636107337,7.734483691982393,2.9405464574029008,7.965580679127558,7.843972583172515,7.756214297672211,12.233111366526149,12.131589178690737,14.334962816958278,23.35493652991803,23.3043925657132,23.3043925657132,7.720275222761968,7.933402570852776,7.9668343719607675,8.67726400702282,8.67726400702282,8.67726400702282,8.67726400702282,8.67726400702282,8.67726400702282,3.9141833075776824,8.210051216695,8.182469881563954,3.513026532348599,4.706056970430135,5.827649914470541,7.820988259422851,1.1278637705467967,1.3413867396047474,1.0217284601293366,1.3413867396047474,1.3413867396047474,1.0217284601293366,1.000417855066531,9.343402965268146,9.343402965268146,2.012037492233981,1.032592703134712,9.933993785351866,6.127725257266146,6.127725257266146,4.847717657997299,1.6109013834950963,1.1203423656664016,2.9229420055057975,3.8072079375555217,9.181255620454895,9.181255620454895,8.792605043734532,10.146623055662168,8.12814304185503,11.425442446433328,15.370709068769507,10.35975796113406,11.103645774290312,24.659876859466095,17.408036666395265,24.81442960322959,29.18353297981838,24.53038645397342,31.23432561662628,9.532296748385704,7.572340159678493,7.869046399705015,7.948446879334191,7.664277166912606,6.920426742713756,4.601169747658571,4.772499557282032,3.961820830867584,5.608260876612798,5.052478462192934,7.814719808835344,3.4561961793843365,6.205836478742856,6.226730824993657,8.16575392629077,3.0065106195972735,1.82400523408009,4.351951256301199,2.478387204945067,1.2498777874555307,2.241853994909749,8.55022193072191,13.25177170611429,11.254095978095686
1.2452807329436206,1.012535618609597,1.310884076310321,1.1763346118408073,1.1763346118408073,0.0,1.2452807329436206,1.0,1.012535618609597,1.310884076310321,8.514680972416091,8.514680972416091,8.514680972416091,8.514680972416091,7.910818303402804,3.1168810692065816,8.14191529051901,8.020307194579326,7.932548909089939,12.056776755809505,11.955254567953693,14.158628206706036,23.178601922570362,23.128057958345128,23.128057958345128,7.896609834184127,8.10973718224832,8.143168983352062,8.853598618319054,8.853598618319054,8.853598618319054,8.853598618319054,8.853598618319054,8.853598618319054,4.090517919337103,8.386385828054774,8.358804492927355,3.689361144128329,4.882391582140931,6.003984526093089,7.997322870832536,1.3041983823872525,1.1650521277644494,1.1546061517115012,1.1650521277644494,1.1650521277644494,1.1546061517115012,1.1759167567742772,9.51973757646698,9.51973757646698,1.83570288040082,1.2089273149754578,9.757659174219041,5.951390645654983,5.951390645654983,5.024052269698202,1.4345667716566886,1.2966769775068863,2.746607393695358,3.9835425493206404,9.357590231678174,9.357590231678174,8.968939655014475,10.322957666732917,8.30447765322554,11.60177705727616,15.547043678723593,10.536092572168869,11.279980385193271,24.48354225266124,17.231702056966437,24.638094996491088,29.007198375135566,24.35405184711332,31.057991013028477,9.708631359555463,7.748674771118644,8.045381011108681,8.124781490727825,7.840611778341622,7.096761354228488,4.777504359376457,4.948834168988233,4.138155442624399,5.7845954882543955,5.2288130738788965,7.99105442024581,3.6325307911667086,6.382171090330529,6.403065436579331,8.342088537656366,2.83017600778967,1.6476706222441075,4.17561664455665,2.6547218167637636,1.4262123992953755,2.0655193830809053,8.726556542035812,13.428106316580541,11.430430588970761
1.0,1.2578163515531768,1.0656033433669567,1.068946121102966,1.068946121102966,1.2452807329436206,0.0,1.2452807329436206,1.2578163515531768,1.0656033433669567,8.269400240158793,8.269400240158793,8.269400240158793,8.269400240158793,7.665537571037964,2.8716003363127687,7.896634558194249,7.775026462233307,7.687268176728808,12.302057487179832,12.200535299352488,14.403908937428556,23.42388264924482,23.373338685048004,23.373338685048004,7.651329101816866,7.864456449917895,7.897888251027519,8.608317886126123,8.608317886126123,8.608317886126123,8.608317886126123,8.608317886126123,8.608317886126123,3.845237186504013,8.141105095773863,8.113523760641423,3.4440804112673353,4.637110849374793,5.758703793448728,7.7520421384825395,1.0589176494438572,1.4103328607072183,1.0906745812322958,1.4103328607072183,1.4103328607072183,1.0906745812322958,1.0693639761694969,9.274456844408958,9.274456844408958,2.08098361333308,1.0363534179682583,10.002939906170269,6.1966713782748775,6.1966713782748775,4.778771536945699,1.679847504596594,1.0513962445634573,2.9918881265952235,3.7382618164797146,9.112309499586289,9.112309499586289,8.723658922844105,10.07767693485236,8.05919692092977,11.356496325711527,15.30176294839178,10.29081184033812,11.034699653545282,24.72882297857951,17.476982786540933,24.883375722316934,29.252479098098174,24.59933257310855,31.303271734480052,9.46335062753772,7.503394038726484,7.800100278767013,7.879500758400043,7.595331045964873,6.8514806217331525,4.532223626600544,4.703553436228427,3.8928747097948917,5.539314755583728,4.983532341146998,7.745773687894729,3.387250058302088,6.13689035773435,6.157784703985918,8.096807805367398,3.0754567406855178,1.8929513551804553,4.420897377363621,2.4094410838494635,1.1809316663527245,2.3108001160069613,8.481275809818417,13.182825585538144,11.185149857361424
1.2452807329436206,1.012535618609597,1.310884076310321,1.1763346118408073,1.1763346118408073,1.0,1.2452807329436206,0.0,1.012535618609597,1.310884076310321,8.514680972416091,8.514680972416091,8.514680972416091,8.514680972416091,7.910818303402804,3.1168810692065816,8.14191529051901,8.020307194579326,7.932548909089939,12.056776755809505,11.955254567953693,14.158628206706036,23.178601922570362,23.128057958345128,23.128057958345128,7.896609834184127,8.10973718224832,8.143168983352062,8.853598618319054,8.853598618319054,8.853598618319054,8.853598618319054,8.853598618319054,8.853598618319054,4.090517919337103,8.386385828054774,8.358804492927355,3.689361144128329,4.882391582140931,6.003984526093089,7.997322870832536,1.3041983823872525,1.1650521277644494,1.1546061517115012,1.1650521277644494,1.1650521277644494,1.1546061517115012,1.1759167567742772,9.51973757646698,9.51973757646698,1.83570288040082,1.2089273149754578,9.757659174219041,5.951390645654983,5.951390645654983,5.024052269698202,1.4345667716566886,1.2966769775068863,2.746607393695358,3.9835425493206404,9.357590231678174,9.357590231678174,8.968939655014475,10.322957666732917,8.30447765322554,11.60177705727616,15.547043678723593,10.536092572168869,11.279980385193271,24.48354225266124,17.231702056966437,24.638094996491088,29.007198375135566,24.35405184711332,31.057991013028477,9.708631359555463,7.748674771118644,8.045381011108681,8.124781490727825,7.840611778341622,7.096761354228488,4.777504359376457,4.948834168988233,4.138155442624399,5.7845954882543955,5.2288130738788965,7.99105442024581,3.6325307911667086,6.382171090330529,6.403065436579331,8.342088537656366,2.83017600778967,1.6476706222441075,4.17561664455665,2.6547218167637636,1.4262123992953755,2.0655193830809053,8.726556542035812,13.428106316580541,11.430430588970761
1.2578163515531768,1.0,1.3234196949198531,1.188870230450383,1.188870230450383,1.012535618609597,1.2578163515531768,1.012535618609597,0.0,1.3234196949198531,8.527216590989365,8.527216590989365,8.527216590989365,8.527216590989365,7.923353921981676,3.1294166878132827,8.1544509090958,8.032842813157218,7.945084527668619,12.044241137278481,11.942718949421232,14.146092588207773,23.16606630427749,23.115522340050813,23.115522340050813,7.9091454527631235,8.1222728008254,8.155704601928838,8.866134236888985,8.866134236888985,8.866134236888985,8.866134236888985,8.866134236888985,8.866134236888985,4.1030535379405375,8.398921446629279,8.371340111502121,3.701896762733258,4.894927200740813,6.016520144686564,8.009858489410636,1.3167340009967876,1.1525165091548686,1.1671417703210816,1.1525165091548686,1.1525165091548686,1.1671417703210816,1.188452375383853,9.532273195029903,9.532273195029903,1.823167261791665,1.2214629335850251,9.745123555658711,5.93885502706111,5.93885502706111,5.036587888297364,1.4220311530472096,1.3092125961164243,2.7340717750877075,3.996078167924495,9.370125850242855,9.370125850242855,8.981475273583234,10.335493285286638,8.317013271800818,11.614312675813526,15.559579297197303,10.548628190720008,11.292516003734947,24.4710066344068,17.21916643852634,24.625559378241345,28.994662757031424,24.341516228854967,31.045455395001227,9.721166978116297,7.761210389698939,8.057916629686346,8.137317109304767,7.853147396921116,7.109296972814165,4.790039977976857,4.961369787587781,4.1506910612276435,5.79713110684925,5.241348692476972,8.003590038823965,3.645066409771832,6.394706708921479,6.415601055170134,8.35462415623129,2.817640389182211,1.635135003634775,4.163081025953511,2.667257435371588,1.4387480179048522,2.0529837644720295,8.739092160607015,13.440641935090913,11.442966207510441
1.0656033433669567,1.3234196949198531,1.0,1.1345494644698915,1.1345494644698915,1.310884076310321,1.0656033433669567,1.310884076310321,1.3234196949198531,0.0,8.203796896967802,8.203796896967802,8.203796896967802,8.203796896967802,7.5999342278188395,2.805996992957176,7.831031214985601,7.709423119019102,7.621664833510656,12.367660830114175,12.266138642294552,14.469512280187438,23.48948599091156,23.4389420267224,23.4389420267224,7.585725758597109,7.798853106707768,7.83228490781893,8.542714542951995,8.542714542951995,8.542714542951995,8.542714542951995,8.542714542951995,8.542714542951995,3.7796338431636447,8.075501752576692,8.047920417442937,3.3784770679199223,4.571507506051502,5.693100450156836,7.686438795267296,1.0066856939231006,1.4759362040735182,1.1562779245992048,1.4759362040735182,1.4759362040735182,1.1562779245992048,1.134967319536422,9.20885350127021,9.20885350127021,2.146586956695868,1.1019567613352024,10.068543249262383,6.262274721549814,6.262274721549814,4.7131681936259096,1.7454508479618462,1.014207098803502,3.057491469948394,3.6726584731373624,9.046706156438658,9.046706156438658,8.658055579675889,10.012073591760245,7.993593577728708,11.290892982702571,15.236159605708435,10.2252084972591,10.969096310514365,24.79442632004264,17.542586128989544,24.94897906375518,29.31808243876605,24.66493591459241,31.368875074741638,9.397747284409553,7.437790695500225,7.7344969355539455,7.813897415190609,7.529727702742638,6.785877278479977,4.46662028327475,4.637950092906761,3.827271366455431,5.473711412285031,4.9179289978325045,7.680170344679205,3.3216467149537654,6.071287014454952,6.092181360707236,8.031204462168118,3.141060084037527,1.9585546985445332,4.486500720690453,2.343837740488876,1.115328322985838,2.37640345936785,8.415672466637876,13.117222242666953,11.119546514340687
8.269400240158793,8.527216590989365,8.203796896967802,8.33834636107337,8.33834636107337,8.514680972416091,8.269400240158793,8.514680972416091,8.527216590989365,8.203796896967802,0.0,1.0,1.0,1.0,1.6038626706184145,6.397799907606836,1.3727656829210342,1.4943737791716618,1.58213206487838,19.57145764908638,19.469935462386754,21.673309074254814,30.693282640859408,30.64273867764634,30.64273867764634,1.6180711398714847,1.4049437912751097,1.3715119900847186,1.3389176469266313,1.3389176469266313,1.3389176469266313,1.3389176469266313,1.3389176469266313,1.3389176469266313,5.424163058340257,1.1282951447257852,1.1558764799299057,5.825319833281467,4.632289395701029,3.5106964511563152,1.5173581029759446,8.210482590873116,8.679733099692614,8.360074821142595,8.679733099692614,8.679733099692614,8.360074821142595,8.338764216138749,2.0050566073438003,2.0050566073438003,9.350383850130466,8.305753658028161,17.27234009172616,13.466071594298473,13.466071594298473,4.490628708122319,8.949247742742994,8.218003995733469,10.261288359883709,5.5311384282974805,1.8429092619712342,1.8429092619712342,1.4542586839905605,2.8082767007993317,1.2102033197810935,4.087096097443258,8.032362745621352,3.021411607164841,3.7652994237069746,31.99822294413162,24.74638288074426,32.15277568469759,36.521878963395636,31.868732541304034,38.57267154925648,2.19395039113781,1.7660062032858326,1.4692999625791265,1.3898994827567188,1.6740691958480234,2.4179196215129144,4.737176618471427,4.565846808845594,5.376525535076506,3.730085489187053,4.285867903883346,1.5236265535782807,5.882150186195165,3.132509886500909,3.11161554022581,1.172592435247098,10.3448569736211,9.162351592625127,11.690297603900465,6.859959159384121,8.088468574283599,9.580200351977428,1.2118755702493287,5.913425367637106,3.915749628247587
8.269400240158793,8.527216590989365,8.203796896967802,8.33834636107337,8.33834636107337,8.514680972416091,8.269400240158793,8.514680972416091,8.527216590989365,8.203796896967802,1.0,0.0,1.0,1.0,1.6038626706184145,6.397799907606836,1.3727656829210342,1.4943737791716618,1.58213206487838,19.57145764908638,19.469935462386754,21.673309074254814,30.693282640859408,30.64273867764634,30.64273867764634,1.6180711398714847,1.4049437912751097,1.3715119900847186,1.3389176469266313,1.3389176469266313,1.3389176469266313,1.3389176469266313,1.3389176469266313,1.3389176469266313,5.424163058340257,1.1282951447257852,1.1558764799299057,5.825319833281467,4.632289395701029,3.5106964511563152,1.5173581029759446,8.210482590873116,8.679733099692614,8.360074821142595,8.679733099692614,8.679733099692614,8.360074821142595,8.338764216138749,2.0050566073438003,2.0050566073438003,9.350383850130466,8.305753658028161,17.27234009172616,13.466071594298473,13.466071594298473,4.490628708122319,8.949247742742994,8.218003995733469,10.261288359883709,5.5311384282974805,1.8429092619712342,1.8429092619712342,1.4542586839905605,2.8082767007993317,1.2102033197810935,4.087096097443258,8.032362745621352,3.021411607164841,3.7652994237069746,31.99822294413162,24.74638288074426,32.15277568469759,36.521878963395636,31.868732541304034,38.57267154925648,2.19395039113781,1.7660062032858326,1.4692999625791265,1.3898994827567188,1.6740691958480234,2.4179196215129144,4.737176618471427,4.565846808845594,5.376525535076506,3.730085489187053,4.285867903883346,1.5236265535782807,5.882150186195165,3.132509886500909,3.11161554022581,1.172592435247098,10.3448569736211,9.162351592625127,11.690297603900465,6.859959159384121,8.088468574283599,9.580200351977428,1.2118755702493287,5.913425367637106,3.915749628247587
8.269400240158793,8.527216590989365,8.203796896967802,8.33834636107337,8.33834636107337,8.514680972416091,8.269400240158793,8.514680972416091,8.527216590989365,8.203796896967802,1.0,1.0,0.0,1.0,1.6038626706184145,6.397799907606836,1.3727656829210342,1.4943737791716618,1.58213206487838,19.57145764908638,19.469935462386754,21.673309074254814,30.693282640859408,30.64273867764634,30.64273867764634,1.6180711398714847,1.4049437912751097,1.3715119900847186,1.3389176469266313,1.3389176469266313,1.3389176469266313,1.3389176469266313,1.3389176469266313,1.3389176469266313,5.424163058340257,1.1282951447257852,1.1558764799299057,5.825319833281467,4.632289395701029,3.5106964511563152,1.5173581029759446,8.210482590873116,8.679733099692614,8.360074821142595,8.679733099692614,8.679733099692614,8.360074821142595,8.338764216138749,2.0050566073438003,2.0050566073438003,9.350383850130466,8.305753658028161,17.27234009172616,13.466071594298473,13.466071594298473,4.490628708122319,8.949247742742994,8.218003995733469,10.261288359883709,5.5311384282974805,1.8429092619712342,1.8429092619712342,1.4542586839905605,2.8082767007993317,1.2102033197810935,4.087096097443258,8.032362745621352,3.021411607164841,3.7652994237069746,31.99822294413162,24.74638288074426,32.15277568469759,36.521878963395636,31.868732541304034,38.57267154925648,2.19395039113781,1.7660062032858326,1.4692999625791265,1.3898994827567188,1.6740691958480234,2.4179196215129144,4.737176618471427,4.565846808845594,5.376525535076506,3.730085489187053,4.285867903883346,1.5236265535782807,5.882150186195165,3.132509886500909,3.11161554022581,1.172592435247098,10.3448569736211,9.162351592625127,11.690297603900465,6.859959159384121,8.088468574283599,9.580200351977428,1.2118755702493287,5.913425367637106,3.915749628247587
8.269400240158793,8.527216590989365,8.203796896967802,8.33834636107337,8.33834636107337,8.514680972416091,8.269400240158793,8.514680972416091,8.527216590989365,8.203796896967802,1.0,1.0,1.0,0.0,1.6038626706184145,6.397799907606836,1.3727656829210342,1.4943737791716618,1.58213206487838,19.57145764908638,19.469935462386754,21.673309074254814,30.693282640859408,30.64273867764634,30.64273867764634,1.6180711398714847,1.4049437912751097,1.3715119900847186,1.3389176469266313,1.3389176469266313,1.3389176469266313,1.3389176469266313,1.3389176469266313,1.3389176469266313,5.424163058340257,1.1282951447257852,1.1558764799299057,5.825319833281467,4.632289395701029,3.5106964511563152,1.5173581029759446,8.210482590873116,8.679733099692614,8.360074821142595,8.679733099692614,8.679733099692614,8.360074821142595,8.338764216138749,2.0050566073438003,2.0050566073438003,9.350383850130466,8.305753658028161,17.27234009172616,13.466071594298473,13.466071594298473,4.490628708122319,8.949247742742994,8.218003995733469,10.261288359883709,5.5311384282974805,1.8429092619712342,1.8429092619712342,1.4542586839905605,2.8082767007993317,1.2102033197810935,4.087096097443258,8.032362745621352,3.021411607164841,3.7652994237069746,31.99822294413162,24.74638288074426,32.15277568469759,36.521878963395636,31.868732541304034,38.57267154925648,2.19395039113781,1.7660062032858326,1.4692999625791265,1.3898994827567188,1.6740691958480234,2.4179196215129144,4.737176618471427,4.565846808845594,5.376525535076506,3.730085489187053,4.285867903883346,1.5236265535782807,5.882150186195165,3.132509886500909,3.11161554022581,1.172592435247098,10.3448569736211,9.162351592625127,11.690297603900465,6.859959159384121,8.088468574283599,9.580200351977428,1.2118755702493287,5.913425367637106,3.915749628247587
7.665537571037964,7.923353921981676,7.5999342278188395,7.734483691982393,7.734483691982393,7.910818303402804,7.665537571037964,7.910818303402804,7.923353921981676,7.5999342278188395,1.6038626706184145,1.6038626706184145,1.6038626706184145,1.6038626706184145,0.0,5.793937237788027,1.2310969877000408,1.1094888914484244,1.0217306057404254,18.967594988794254,18.86607280198003,21.069446416479092,30.089419997004516,30.038876033699314,30.038876033699314,1.0142084692533415,1.1989188793457926,1.2323506805363618,1.9427803175351788,1.9427803175351788,1.9427803175351788,1.9427803175351788,1.9427803175351788,1.9427803175351788,4.820300388244055,1.4755675258945133,1.4479861906906653,5.221457163292453,4.028426725422457,2.9068337806857887,1.086504567643852,7.606619921727008,8.075870430753788,7.756212152061088,8.075870430753788,8.075870430753788,7.756212152061088,7.734901547047955,2.608919277912283,2.608919277912283,8.746521181511564,7.701890988923035,16.66847742899586,12.862208928253109,12.862208928253109,3.8867660378152116,8.345385073929386,7.614141326590574,9.65742569174394,4.927275758228889,2.446771932551992,2.446771932551992,2.058121354594132,3.4121393712830725,1.3936593508398767,4.690958767709916,8.636225414582702,3.6252742776194107,4.36916209403776,31.39436030271054,24.142520227142278,31.548913043571794,35.918016331234554,31.2648698996367,37.96880892171462,2.7978130616899453,1.162143532671254,1.1345627080412384,1.213963187864272,1.0702065252310706,1.8140569509301514,4.1333139482147825,3.9619841385534826,4.772662864968236,3.1262228187479555,3.682005233537184,1.0802361170414314,5.278287516222139,2.528647215983189,2.5077528697057403,1.4312702353736153,9.740994305527863,8.558488923913714,11.086434936615943,6.256096489717509,7.484605905085827,8.976337683474558,1.8157382408624059,6.517288037418814,4.519612298549187
2.8716003363127687,3.1294166878132827,2.805996992957176,2.9405464574029008,2.9405464574029008,3.1168810692065816,2.8716003363127687,3.1168810692065816,3.1294166878132827,2.805996992957176,6.397799907606836,6.397799907606836,6.397799907606836,6.397799907606836,5.793937237788027,0.0,6.02503422520318,5.903426129104743,5.815667843502778,14.173657809192651,14.072135621603133,16.275509254071522,25.29548293316764,25.244938969197957,25.244938969197957,5.779728768551346,5.99285611689017,6.026287918037885,6.736717553996488,6.736717553996488,6.736717553996488,6.736717553996488,6.736717553996488,6.736717553996488,1.973636850456887,6.269504763067776,6.241923427902611,1.5724800750887433,2.7655105136777243,3.8871034584531228,5.880441805328306,2.812682686879156,3.2819331969301655,2.9622749175279965,3.2819331969301655,3.2819331969301655,2.9622749175279965,2.940964312469351,7.40285651317346,7.40285651317346,3.952583949339656,2.9079537542743727,11.874540233082472,8.068271711062216,8.068271711062216,2.907171201323929,3.551447840742963,2.820204091758285,4.8634884621696415,1.8666614803945145,7.240709168125326,7.240709168125326,6.852058590863213,8.206076604807919,6.187596588126926,9.484895997818041,13.430162629104117,8.419211510630447,9.163099325081088,26.600423256467316,19.348583093799924,26.75497599946817,31.124079352514435,26.47093285160994,33.17487197695,7.591750296571224,5.631793705301022,5.928499945666567,6.007900425389432,5.723730712638317,4.979880287652779,2.6606232908502045,2.831953100566197,2.0212743737654266,3.667714420431951,3.11193200564086,5.8741733547335135,1.5156497221073675,4.265290023029604,4.28618436929804,6.225207472608823,4.947057076212312,3.764551691256405,6.292497711939039,1.462159252525777,2.6906686699893854,4.1824004519195315,6.6096754775279,11.311225261258683,9.31354952916159
7.896634558194249,8.1544509090958,7.831031214985601,7.965580679127558,7.965580679127558,8.14191529051901,7.896634558194249,8.14191529051901,8.1544509090958,7.831031214985601,1.3727656829210342,1.3727656829210342,1.3727656829210342,1.3727656829210342,1.2310969877000408,6.02503422520318,0.0,1.1216080962517738,1.2093663819596692,19.19869197262161,19.09716978585079,21.300543399352684,30.320516974590372,30.269973011320204,30.269973011320204,1.245305456953341,1.032178108354324,1.0012536928363245,1.7116833298430676,1.7116833298430676,1.7116833298430676,1.7116833298430676,1.7116833298430676,1.7116833298430676,5.051397375761077,1.2444705381958467,1.216889202991773,5.45255415077022,4.259523713005782,3.1379307683376334,1.1445924200563367,7.837716908892707,8.30696741784223,7.987309139202724,8.30696741784223,8.30696741784223,7.987309139202724,7.965998534193048,2.3778222902384396,2.3778222902384396,8.977618168480523,7.93298797607347,16.899574413746173,13.093305914255314,13.093305914255314,4.117863025408834,8.576482060971092,7.845238313755076,9.888522678533553,5.158372745735815,2.2156749448727364,2.2156749448727364,1.8270243669044333,3.181042383645199,1.1625623631405921,4.459861780160753,8.405128427550459,3.3941772899936393,4.138065106462639,31.625457279370735,24.373617208432123,31.78001002011965,36.14911330437089,31.495966876390565,38.19990589309223,2.5667160740231907,1.393240520370541,1.096534279658956,1.0171337998358119,1.3013035129308612,2.0451539386201345,4.364410935790179,4.193081126141697,5.003759852489666,3.357319806388739,3.9131022211448507,1.1508608706587524,5.509384503694039,2.7597442036514286,2.7388498573747873,1.2001732476745948,9.972091292300036,8.78958591091725,11.31753192308455,6.4871934770764526,7.715702892270761,9.207434670400128,1.5846412531680016,6.286191050063286,4.288515310985896
7.775026462233307,8.032842813157218,7.709423119019102,7.843972583172515,7.843972583172515,8.020307194579326,7.775026462233307,8.020307194579326,8.032842813157218,7.709423119019102,1.4943737791716618,1.4943737791716618,1.4943737791716618,1.4943737791716618,1.1094888914484244,5.903426129104743,1.1216080962517738,0.0,1.0877582857080097,19.077083878420115,18.97556169162639,21.178935305654512,30.198908883680865,30.148364920392225,30.148364920392225,1.123697360701756,1.0894299878974678,1.1228617890880972,1.833291426091153,1.833291426091153,1.833291426091153,1.833291426091153,1.833291426091153,1.833291426091153,4.929789279608371,1.366078634447064,1.3384972992430901,5.330946054638443,4.137915616817647,3.016322672112677,1.0229843238045835,7.716108812926771,8.18535932191727,7.865701043249552,8.18535932191727,8.18535932191727,7.865701043249552,7.844390438238046,2.499430386477366,2.499430386477366,8.85601007261889,7.811379880115632,16.777966319057434,12.971697818905211,12.971697818905211,3.9962549292151825,8.454873965070906,7.723630217789775,9.76691458276692,5.036764649588494,2.3372830411144,2.3372830411144,1.9486324631513279,3.302650479865744,1.2841704593920786,4.581469876335488,8.526736523455867,3.5157853862079613,4.259673202650815,31.503849188949218,24.252009115569447,31.658401929757353,36.027505215806784,31.374358785919668,38.078297805455,2.6883241702585154,1.2716324241194317,1.0250738165928328,1.1044742964159728,1.1796954166794242,1.9235458423743652,4.242802839606287,4.071473029950943,4.882151756334608,3.2357117101697526,3.79149412494367,1.0292527744070061,5.387776407565389,2.6381361074175875,2.617241761140508,1.3217813439259678,9.850483196542637,8.667977815037297,11.19592382748781,6.365585381007908,7.59409479629462,9.085826574561487,1.7062493494172073,6.407799146137369,4.410123407167948
7.687268176728808,7.945084527668619,7.621664833510656,7.756214297672211,7.756214297672211,7.932548909089939,7.687268176728808,7.932548909089939,7.945084527668619,7.621664833510656,1.58213206487838,1.58213206487838,1.58213206487838,1.58213206487838,1.0217306057404254,5.815667843502778,1.2093663819596692,1.0877582857080097,0.0,18.9893255941747,18.88780340736454,21.091177021770346,30.11115060180065,30.060606638498733,30.060606638498733,1.0359390749937663,1.1771882736054062,1.2106200747959908,1.9210497117957184,1.9210497117957184,1.9210497117957184,1.9210497117957184,1.9210497117957184,1.9210497117957184,4.842030993968159,1.453836920154328,1.4262555849504523,5.243187769012958,4.050157331152612,2.928564386422125,1.0647739619034329,7.628350527418726,8.097601036438352,7.777942757750576,8.097601036438352,8.097601036438352,7.777942757750576,7.756632152737764,2.5871886721746953,2.5871886721746953,8.768251787185044,7.723621594613339,16.69020803446256,12.883939533836644,12.883939533836644,3.9084966435463016,8.367115679609617,7.635871932282179,9.679156297400771,4.949006363952068,2.425041326813858,2.425041326813858,2.0363907488549255,3.3904087655490542,1.371928745099614,4.669228161984537,8.614494808906848,3.60354367188658,4.347431488309866,31.416090907419942,24.16425083228532,31.570643648270657,35.93974693561365,31.286600504354872,37.99053952592881,2.776082455953069,1.1838741384116462,1.1128321023008299,1.1922325821238924,1.0919371309714887,1.8357875566698203,4.155044553944217,3.9837147442840823,4.794393470692745,3.1479534244833034,3.703735839269547,1.0585055113010113,5.3000181219421085,2.5503778217209794,2.5294834754436026,1.4095396296333862,9.762724911183074,8.580219529590405,11.108165542242922,6.277827095427083,7.506336510779325,8.998068289144015,1.7940076351227003,6.495557431712066,4.497881692822439
12.302057487179832,12.044241137278481,12.367660830114175,12.233111366526149,12.233111366526149,12.056776755809505,12.302057487179832,12.056776755809505,12.044241137278481,12.367660830114175,19.57145764908638,19.57145764908638,19.57145764908638,19.57145764908638,18.967594988794254,14.173657809192651,19.19869197262161,19.077083878420115,18.9893255941747,0.0,1.1015221884878108,3.101851466616565,12.121825307103409,12.071281341921207,12.071281341921207,18.95338651977582,19.166513864812476,19.199945665436655,19.91037528991393,19.91037528991393,19.91037528991393,19.91037528991393,19.91037528991393,19.91037528991393,15.147294650340697,19.443162506612442,19.41558117188835,14.746137878962935,15.939168305047266,17.060761236315752,19.054099554999972,12.360975136235389,11.891724629065353,12.211382906537267,11.891724629065353,11.891724629065353,12.211382906537267,12.232693511462323,20.576514237707688,20.576514237707688,11.22107388025699,12.265704069449152,3.299117593029146,7.105386127321033,7.105386127321033,16.080828991081127,11.622209986772768,12.353453731404786,10.310169371344932,15.04031928136366,20.414366895485426,20.414366895485426,20.025716324852457,21.37973431482167,19.36125433297844,22.658553682921024,26.603820223489436,21.592869216645322,22.33675701665979,13.426765662911427,6.174925348916273,13.58131840991598,17.950421889605124,13.297275254724624,20.001214582458353,20.7654080177688,18.805451458781583,19.10215769459245,19.181558173076336,18.897388464720255,18.153538050724006,15.834281083396105,16.005610891182876,15.19493217316095,16.841372201070072,16.285589793019675,19.047831104502226,14.689307526529301,17.438947795955432,17.45984214194549,19.398865216861374,10.22660075760555,11.409106137391882,8.881160125462182,13.711498560637727,12.482989152327333,10.991257378771344,19.783333215548407,24.48488290696954,22.487207217730038
12.200535299352488,11.942718949421232,12.266138642294552,12.131589178690737,12.131589178690737,11.955254567953693,12.200535299352488,11.955254567953693,11.942718949421232,12.266138642294552,19.469935462386754,19.469935462386754,19.469935462386754,19.469935462386754,18.86607280198003,14.072135621603133,19.09716978585079,18.97556169162639,18.88780340736454,1.1015221884878108,0.0,3.2033736550801764,12.223347494938327,12.172803529762021,12.172803529762021,18.851864332958943,19.064991678035586,19.098423478666074,19.808853103280274,19.808853103280274,19.808853103280274,19.808853103280274,19.808853103280274,19.808853103280274,15.045772462889305,19.34164031988815,19.314058985158777,14.644615691453438,15.837646117715485,16.959239049164545,18.952577368201933,12.259452948414976,11.79020244119074,12.109860718699327,11.79020244119074,11.79020244119074,12.109860718699327,12.131171323626862,20.474992051207177,20.474992051207177,11.119551692308894,12.164181881617552,3.1975954045677226,7.0038639390245825,7.0038639390245825,15.979306803771424,11.520687798868062,12.251931543583485,10.208647183304532,14.93879709389661,20.312844708952085,20.312844708952085,19.924194138241525,21.278212128487834,19.259732146238495,22.55703149686636,26.502298038402913,21.491347030356838,22.235234830533283,13.528287850584805,6.276447537261358,13.682840597569042,18.051944076580135,13.39879744241483,20.10273676904595,20.663885831306885,18.70392927193724,19.000635507803434,19.08003598630228,18.79586627789296,18.052015863761298,15.732758896048106,15.904088703861426,15.09340998571657,16.739850013882517,16.18406760574227,18.946308917703014,14.587785339011706,17.33742560886805,17.35831995486168,19.297343030128612,10.125078569557111,11.307583949463918,8.779637937294387,13.609976372986091,12.381466964521389,10.889735190799144,19.681811028889886,24.383360721342985,22.385685031636985
14.403908937428556,14.146092588207773,14.469512280187438,14.334962816958278,14.334962816958278,14.158628206706036,14.403908937428556,14.158628206706036,14.146092588207773,14.469512280187438,21.673309074254814,21.673309074254814,21.673309074254814,21.673309074254814,21.069446416479092,16.275509254071522,21.300543399352684,21.178935305654512,21.091177021770346,3.101851466616565,3.2033736550801764,0.0,10.019973851352919,9.969429886060663,9.969429886060663,21.055237947518915,21.26836529167704,21.301797092162516,22.012226713635688,22.012226713635688,22.012226713635688,22.012226713635688,22.012226713635688,22.012226713635688,17.249146092127763,21.545013932322064,21.51743259771385,16.847989322048605,18.041019744169223,19.162612671431962,21.15595098232914,14.46282658632658,13.993576080390506,14.313234357026985,13.993576080390506,13.993576080390506,14.313234357026985,14.33454496189556,22.678365658514075,22.678365658514075,13.322925333263331,14.36755551979471,5.400969058551378,9.207237588520522,9.207237588520522,18.182680429712075,13.724061438785192,14.455305181516126,12.412020826479452,17.142170723500406,22.51621831701023,22.51621831701023,22.127567748076245,23.481585731985923,21.463105759031723,24.76040509400062,28.705671613585043,23.694720632819873,24.43860842930359,11.324914210194367,4.073073884021101,11.47946695758268,15.848570450268246,11.195423801690026,17.8993631506535,22.867259437731132,20.907302887128754,21.204009121723328,21.283409599878514,20.999239892692568,20.25538948167707,17.93613252287882,18.107462330075073,17.2967836147915,18.943223636991124,18.387441230933288,21.14968253185722,16.791158969796136,19.54079922965993,19.561693575571102,21.500716642757038,12.328452212926353,13.510957589936647,10.983011583574807,15.813350006912748,14.584840602089896,13.093108832331485,21.885184639815336,26.586734308750536,24.589058629645283
