1000.0,1.5414143382616716,1.137767021070609,1.1447868543162287,1.1447868543162287,1.5150895391816033,1.0,1.5150895391816033,1.5414143382616716,1.137767021070609,16.265740504333465,16.265740504333465,16.265740504333465,16.265740504333465,14.997628899179722,4.930360706256813,15.482932572207922,15.227555570689944,15.043263171130498,24.734320723077644,24.52112412864022,29.148208768599964,48.09015356341413,47.98401123860081,47.98401123860081,14.967791113815418,15.415358544827576,15.48556532715779,16.97746756086486,16.97746756086486,16.97746756086486,16.97746756086486,16.97746756086486,16.97746756086486,6.974998091658428,15.996320701125113,15.938399897346985,6.132568863661404,8.637932783687063,10.993277966242328,15.179288490813333,1.1237270638321004,1.8616990074851585,1.190416620587821,1.8616990074851585,1.8616990074851585,1.190416620587821,1.1456643499559434,18.376359373258808,18.376359373258808,3.2700655879994684,1.0763421777333424,19.906173802957564,11.913009894377241,11.913009894377241,8.935420227585968,2.4276797596528477,1.1079321135832603,5.182965065849969,6.7503498146074,18.035849949131205,18.035849949131205,17.219683737972623,20.063121563189956,15.824313533952516,22.748642283994208,31.033702191622734,20.510704864710053,22.072869272445086,50.83052825501697,35.60166385173596,51.15508901686556,60.33020610600616,50.55859840352796,64.6368706424081,18.773036317829213,14.657127481325617,15.280210585410725,15.446951592640092,14.850195196526231,13.28810930563962,8.417669615861143,8.777462216079698,7.075036890569272,10.532560986725828,9.365417916408695,15.16612474457893,6.013225122434385,11.787469751242133,11.831347878370428,15.903296391271535,5.358459155439587,2.875197845878956,8.183884492463605,3.9598262760838736,1.3799564993407212,3.7526802436146185,16.710679200618674,26.583933729630104,22.388814700458987
1.5414143382616716,1000.0,1.6791813593316918,1.3966274839458044,1.3966274839458044,1.0263247990801538,1.5414143382616716,1.0263247990801538,1.0,1.6791813593316918,16.80715484107767,16.80715484107767,16.80715484107767,16.80715484107767,15.53904323616152,5.471775044407893,16.024346909101176,15.768969907630158,15.584677508104098,24.19290638828481,23.979709793784586,28.606794435236324,47.548739238982726,47.4425969141067,47.4425969141067,15.509205450802558,15.956772881733336,16.026979664050558,17.51888189746687,17.51888189746687,17.51888189746687,17.51888189746687,17.51888189746687,17.51888189746687,7.516412429675129,16.537735037921486,16.479814234154453,6.673983201739841,9.179347121555708,11.534692303841785,15.720702827762334,1.665141402093254,1.320284669225224,1.3509977176742711,1.320284669225224,1.320284669225224,1.3509977176742711,1.395749988306091,18.917773709562795,18.917773709562795,2.7286512497624966,1.4650721605285528,19.364759466883296,11.371595556828332,11.371595556828332,9.476834565424463,1.8862654213991399,1.6493464518444907,4.641550727684185,7.291764152641439,18.577264285509997,18.577264285509997,17.761098074524792,20.60453589910194,16.36572787078171,23.290056619208404,31.575116524114332,21.052119200512017,22.614283607843387,50.28911393225427,35.06024952090531,50.613674694306816,59.788791789765995,50.01718408059543,64.09545632950258,19.314450654044222,15.19854181836777,15.821624922341327,15.988365929540011,15.391609533534343,13.829523642909747,8.9590839537514,9.31887655393434,7.61645122857805,11.073975324383424,9.90683225420164,15.707539081530328,6.554639460520847,12.328884088735105,12.372762215857279,16.44471072808571,4.8170448172826426,2.3337835076330276,7.642470154502373,4.501240614280334,1.9213708376001897,3.2112659053912616,17.25209353727473,27.125348063690918,22.930229035771927
1.137767021070609,1.6791813593316918,1000.0,1.282553875386772,1.282553875386772,1.6528565602516736,1.137767021070609,1.6528565602516736,1.6791813593316918,1.0,16.12797348363239,16.12797348363239,16.12797348363239,16.12797348363239,14.859861878419563,4.792593685210069,15.34516555146976,15.089788549940113,14.905496150372379,24.872087743239767,24.658891148818558,29.28597578839362,48.22792058091428,48.12177825611704,48.12177825611704,14.830024093053929,15.277591524086313,15.347798306419753,16.83970054019919,16.83970054019919,16.83970054019919,16.83970054019919,16.83970054019919,16.83970054019919,6.8372310706436545,15.85855368041105,15.800632876630166,5.994801842631837,8.500165762708153,10.855510945329353,15.041521470061323,1.0140399572385115,1.9994660285543882,1.32818364165833,1.9994660285543882,1.9994660285543882,1.32818364165833,1.2834313710264862,18.238592352667442,18.238592352667442,3.4078326090613227,1.2141091988039252,20.043940823451006,12.050776915254609,12.050776915254609,8.79765320661441,2.565446780719877,1.0298349074873538,5.320732086891628,6.6125827935884605,17.898082928521177,17.898082928521177,17.08191671731937,19.925354542696514,15.686546513230287,22.610875263675396,30.895935171987713,20.37293784424411,21.935102252080164,50.968295272089534,35.73943087087804,51.292856033885876,60.467973121408704,50.696365420644064,64.77463765695744,18.63526929726006,14.519360460550471,15.142443564663285,15.309184571900278,14.712428175759538,13.15034228480795,8.279902594876976,8.6396951951042,6.937269869556404,10.394793965798563,9.227650895448258,15.028357723826327,5.8754581014029075,11.649702730355397,11.693580857485195,15.765529370553047,5.496226176478807,3.0129648669435194,8.32165151344995,3.8220592550266392,1.2421894782702596,3.8904472646724844,16.57291217993954,26.446166709600604,22.251047680115445
1.1447868543162287,1.3966274839458044,1.282553875386772,1000.0,1.0,1.3703026848656956,1.1447868543162287,1.3703026848656956,1.3966274839458044,1.282553875386772,16.41052735825408,16.41052735825408,16.41052735825408,16.41052735825408,15.142415753163025,5.075147560546092,15.627719426167872,15.372342424662278,15.188050025111643,24.58953386970491,24.376337275250545,29.00342191561238,47.94536671282786,47.83922438799772,47.83922438799772,15.112577967800132,15.560145398790828,15.63035218111761,17.122254414747925,17.122254414747925,17.122254414747925,17.122254414747925,17.122254414747925,17.122254414747925,7.119784945913133,16.1411075550595,16.083186751284302,6.277355717932057,8.782719637903284,11.138064820388136,15.324075344787987,1.2685139181482732,1.7169121531699694,1.045629766271607,1.7169121531699694,1.7169121531699694,1.045629766271607,1.000877495639715,18.521146227063106,18.521146227063106,3.1252787336913603,1.068444676582895,19.76138694923892,11.768223040258906,11.768223040258906,9.080207081794326,2.282892905339702,1.252718967899443,5.038178211562174,6.895136668866595,18.180636802955277,18.180636802955277,17.364470591842515,20.207908416890554,15.969100387895562,22.893429137509987,31.178489044415965,20.655491718381526,22.217656126009658,50.68574140487879,35.45687699943006,51.01030216678214,60.1854192576186,50.41381155334418,64.49208379491517,18.91782317160998,14.801914335324835,15.424997439380531,15.591738446601799,14.994982050516471,13.432896159698887,8.562456470083,8.922249070292267,7.219823744821927,10.677347840886876,9.510204770605162,15.31091159855422,6.158011976707106,11.932256605359996,11.97613473248668,16.048083245210616,5.213672301154275,2.7304109915681893,8.039097638232516,4.10461313038464,1.5247433536566144,3.6078933893104734,16.85546605451601,26.728720582840005,22.53360155400094
1.1447868543162287,1.3966274839458044,1.282553875386772,1.0,1000.0,1.3703026848656956,1.1447868543162287,1.3703026848656956,1.3966274839458044,1.282553875386772,16.41052735825408,16.41052735825408,16.41052735825408,16.41052735825408,15.142415753163025,5.075147560546092,15.627719426167872,15.372342424662278,15.188050025111643,24.58953386970491,24.376337275250545,29.00342191561238,47.94536671282786,47.83922438799772,47.83922438799772,15.112577967800132,15.560145398790828,15.63035218111761,17.122254414747925,17.122254414747925,17.122254414747925,17.122254414747925,17.122254414747925,17.122254414747925,7.119784945913133,16.1411075550595,16.083186751284302,6.277355717932057,8.782719637903284,11.138064820388136,15.324075344787987,1.2685139181482732,1.7169121531699694,1.045629766271607,1.7169121531699694,1.7169121531699694,1.045629766271607,1.000877495639715,18.521146227063106,18.521146227063106,3.1252787336913603,1.068444676582895,19.76138694923892,11.768223040258906,11.768223040258906,9.080207081794326,2.282892905339702,1.252718967899443,5.038178211562174,6.895136668866595,18.180636802955277,18.180636802955277,17.364470591842515,20.207908416890554,15.969100387895562,22.893429137509987,31.178489044415965,20.655491718381526,22.217656126009658,50.68574140487879,35.45687699943006,51.01030216678214,60.1854192576186,50.41381155334418,64.49208379491517,18.91782317160998,14.801914335324835,15.424997439380531,15.591738446601799,14.994982050516471,13.432896159698887,8.562456470083,8.922249070292267,7.219823744821927,10.677347840886876,9.510204770605162,15.31091159855422,6.158011976707106,11.932256605359996,11.97613473248668,16.048083245210616,5.213672301154275,2.7304109915681893,8.039097638232516,4.10461313038464,1.5247433536566144,3.6078933893104734,16.85546605451601,26.728720582840005,22.53360155400094
1.5150895391816033,1.0263247990801538,1.6528565602516736,1.3703026848656956,1.3703026848656956,1000.0,1.5150895391816033,1.0,1.0263247990801538,1.6528565602516736,16.780830042073788,16.780830042073788,16.780830042073788,16.780830042073788,15.512718437145889,5.445450245333821,15.998022110089922,15.742645108616582,15.55835270908887,24.219231187199956,24.006034592702754,28.633119234082674,47.57506403739776,47.46892171252477,47.46892171252477,15.482880651786665,15.93044808272147,16.00065486503933,17.492557098470012,17.492557098470012,17.492557098470012,17.492557098470012,17.492557098470012,17.492557098470012,7.490087630607914,16.511410238915026,16.453489435147446,6.647658402669491,9.153022322495955,11.508367504795487,15.694378028748325,1.6388166030132303,1.3466094683053436,1.3246729185941524,1.3466094683053436,1.3466094683053436,1.3246729185941524,1.3694251892259819,18.891448910580653,18.891448910580653,2.754976048841722,1.4387473614484614,19.391084265859988,11.397920355875465,11.397920355875465,9.450509766366224,1.9125902204790464,1.6230216527644608,4.667875526760252,7.265439353573345,18.55093948652416,18.55093948652416,17.734773275530397,20.578211100139125,16.33940307177363,23.263731820279933,31.548791725319546,21.02579440155462,22.587958808905867,50.3154387305886,35.08657431962952,50.639999492631276,59.81511658778468,50.04350887893796,64.12178112735981,19.288125855066472,15.17221701934915,15.795300123328229,15.962041130528432,15.365284734517406,13.803198843879825,8.932759154690558,9.292551754875289,7.590126429511235,11.047650525334229,9.880507455145683,15.681214282516198,6.5283146614500875,12.302559289694111,12.346437416816594,16.41838592907837,4.843369616358307,2.3601083067126254,7.668794953568965,4.474915815203904,1.8950460385202885,3.2375907044699015,17.225768738275207,27.099023264819134,22.9039042368386
1.0,1.5414143382616716,1.137767021070609,1.1447868543162287,1.1447868543162287,1.5150895391816033,1000.0,1.5150895391816033,1.5414143382616716,1.137767021070609,16.265740504333465,16.265740504333465,16.265740504333465,16.265740504333465,14.997628899179722,4.930360706256813,15.482932572207922,15.227555570689944,15.043263171130498,24.734320723077644,24.52112412864022,29.148208768599964,48.09015356341413,47.98401123860081,47.98401123860081,14.967791113815418,15.415358544827576,15.48556532715779,16.97746756086486,16.97746756086486,16.97746756086486,16.97746756086486,16.97746756086486,16.97746756086486,6.974998091658428,15.996320701125113,15.938399897346985,6.132568863661404,8.637932783687063,10.993277966242328,15.179288490813333,1.1237270638321004,1.8616990074851585,1.190416620587821,1.8616990074851585,1.8616990074851585,1.190416620587821,1.1456643499559434,18.376359373258808,18.376359373258808,3.2700655879994684,1.0763421777333424,19.906173802957564,11.913009894377241,11.913009894377241,8.935420227585968,2.4276797596528477,1.1079321135832603,5.182965065849969,6.7503498146074,18.035849949131205,18.035849949131205,17.219683737972623,20.063121563189956,15.824313533952516,22.748642283994208,31.033702191622734,20.510704864710053,22.072869272445086,50.83052825501697,35.60166385173596,51.15508901686556,60.33020610600616,50.55859840352796,64.6368706424081,18.773036317829213,14.657127481325617,15.280210585410725,15.446951592640092,14.850195196526231,13.28810930563962,8.417669615861143,8.777462216079698,7.075036890569272,10.532560986725828,9.365417916408695,15.16612474457893,6.013225122434385,11.787469751242133,11.831347878370428,15.903296391271535,5.358459155439587,2.875197845878956,8.183884492463605,3.9598262760838736,1.3799564993407212,3.7526802436146185,16.710679200618674,26.583933729630104,22.388814700458987
1.5150895391816033,1.0263247990801538,1.6528565602516736,1.3703026848656956,1.3703026848656956,1.0,1.5150895391816033,1000.0,1.0263247990801538,1.6528565602516736,16.780830042073788,16.780830042073788,16.780830042073788,16.780830042073788,15.512718437145889,5.445450245333821,15.998022110089922,15.742645108616582,15.55835270908887,24.219231187199956,24.006034592702754,28.633119234082674,47.57506403739776,47.46892171252477,47.46892171252477,15.482880651786665,15.93044808272147,16.00065486503933,17.492557098470012,17.492557098470012,17.492557098470012,17.492557098470012,17.492557098470012,17.492557098470012,7.490087630607914,16.511410238915026,16.453489435147446,6.647658402669491,9.153022322495955,11.508367504795487,15.694378028748325,1.6388166030132303,1.3466094683053436,1.3246729185941524,1.3466094683053436,1.3466094683053436,1.3246729185941524,1.3694251892259819,18.891448910580653,18.891448910580653,2.754976048841722,1.4387473614484614,19.391084265859988,11.397920355875465,11.397920355875465,9.450509766366224,1.9125902204790464,1.6230216527644608,4.667875526760252,7.265439353573345,18.55093948652416,18.55093948652416,17.734773275530397,20.578211100139125,16.33940307177363,23.263731820279933,31.548791725319546,21.02579440155462,22.587958808905867,50.3154387305886,35.08657431962952,50.639999492631276,59.81511658778468,50.04350887893796,64.12178112735981,19.288125855066472,15.17221701934915,15.795300123328229,15.962041130528432,15.365284734517406,13.803198843879825,8.932759154690558,9.292551754875289,7.590126429511235,11.047650525334229,9.880507455145683,15.681214282516198,6.5283146614500875,12.302559289694111,12.346437416816594,16.41838592907837,4.843369616358307,2.3601083067126254,7.668794953568965,4.474915815203904,1.8950460385202885,3.2375907044699015,17.225768738275207,27.099023264819134,22.9039042368386
1.5414143382616716,1.0,1.6791813593316918,1.3966274839458044,1.3966274839458044,1.0263247990801538,1.5414143382616716,1.0263247990801538,1000.0,1.6791813593316918,16.80715484107767,16.80715484107767,16.80715484107767,16.80715484107767,15.53904323616152,5.471775044407893,16.024346909101176,15.768969907630158,15.584677508104098,24.19290638828481,23.979709793784586,28.606794435236324,47.548739238982726,47.4425969141067,47.4425969141067,15.509205450802558,15.956772881733336,16.026979664050558,17.51888189746687,17.51888189746687,17.51888189746687,17.51888189746687,17.51888189746687,17.51888189746687,7.516412429675129,16.537735037921486,16.479814234154453,6.673983201739841,9.179347121555708,11.534692303841785,15.720702827762334,1.665141402093254,1.320284669225224,1.3509977176742711,1.320284669225224,1.320284669225224,1.3509977176742711,1.395749988306091,18.917773709562795,18.917773709562795,2.7286512497624966,1.4650721605285528,19.364759466883296,11.371595556828332,11.371595556828332,9.476834565424463,1.8862654213991399,1.6493464518444907,4.641550727684185,7.291764152641439,18.577264285509997,18.577264285509997,17.761098074524792,20.60453589910194,16.36572787078171,23.290056619208404,31.575116524114332,21.052119200512017,22.614283607843387,50.28911393225427,35.06024952090531,50.613674694306816,59.788791789765995,50.01718408059543,64.09545632950258,19.314450654044222,15.19854181836777,15.821624922341327,15.988365929540011,15.391609533534343,13.829523642909747,8.9590839537514,9.31887655393434,7.61645122857805,11.073975324383424,9.90683225420164,15.707539081530328,6.554639460520847,12.328884088735105,12.372762215857279,16.44471072808571,4.8170448172826426,2.3337835076330276,7.642470154502373,4.501240614280334,1.9213708376001897,3.2112659053912616,17.25209353727473,27.125348063690918,22.930229035771927
1.137767021070609,1.6791813593316918,1.0,1.282553875386772,1.282553875386772,1.6528565602516736,1.137767021070609,1.6528565602516736,1.6791813593316918,1000.0,16.12797348363239,16.12797348363239,16.12797348363239,16.12797348363239,14.859861878419563,4.792593685210069,15.34516555146976,15.089788549940113,14.905496150372379,24.872087743239767,24.658891148818558,29.28597578839362,48.22792058091428,48.12177825611704,48.12177825611704,14.830024093053929,15.277591524086313,15.347798306419753,16.83970054019919,16.83970054019919,16.83970054019919,16.83970054019919,16.83970054019919,16.83970054019919,6.8372310706436545,15.85855368041105,15.800632876630166,5.994801842631837,8.500165762708153,10.855510945329353,15.041521470061323,1.0140399572385115,1.9994660285543882,1.32818364165833,1.9994660285543882,1.9994660285543882,1.32818364165833,1.2834313710264862,18.238592352667442,18.238592352667442,3.4078326090613227,1.2141091988039252,20.043940823451006,12.050776915254609,12.050776915254609,8.79765320661441,2.565446780719877,1.0298349074873538,5.320732086891628,6.6125827935884605,17.898082928521177,17.898082928521177,17.08191671731937,19.925354542696514,15.686546513230287,22.610875263675396,30.895935171987713,20.37293784424411,21.935102252080164,50.968295272089534,35.73943087087804,51.292856033885876,60.467973121408704,50.696365420644064,64.77463765695744,18.63526929726006,14.519360460550471,15.142443564663285,15.309184571900278,14.712428175759538,13.15034228480795,8.279902594876976,8.6396951951042,6.937269869556404,10.394793965798563,9.227650895448258,15.028357723826327,5.8754581014029075,11.649702730355397,11.693580857485195,15.765529370553047,5.496226176478807,3.0129648669435194,8.32165151344995,3.8220592550266392,1.2421894782702596,3.8904472646724844,16.57291217993954,26.446166709600604,22.251047680115445
16.265740504333465,16.80715484107767,16.12797348363239,16.41052735825408,16.41052735825408,16.780830042073788,16.265740504333465,16.780830042073788,16.80715484107767,16.12797348363239,1000.0,1.0,1.0,1.0,2.2681116082986703,12.335379805974355,1.7828079341341718,2.03818493626049,2.222477336244598,40.0000610630814,39.78686447101218,44.4139490559351,63.355893545804754,63.24975122305731,63.24975122305731,2.297949393730118,1.8503819616777304,1.7801751791779092,1.7117270585459257,1.7117270585459257,1.7117270585459257,1.7117270585459257,1.7117270585459257,1.7117270585459257,10.290742422514539,1.269419803924149,1.3273406078528018,11.133171649891082,8.627807730972162,6.272462547428262,2.086452016249484,16.142013440833544,17.127439509354488,16.456157124399446,17.127439509354488,17.127439509354488,16.456157124399446,16.411404853891373,3.110618875421981,3.110618875421981,18.53580608527398,16.34208268185914,35.17191419262494,27.178750348026792,27.178750348026792,8.33032028705687,17.693420259760288,16.15780839104028,20.448705555755787,10.515390699424708,2.7701094501395915,2.7701094501395915,1.953943236380177,4.797381071678596,1.441426971540296,7.482901804630841,15.767961765804841,5.244964375046166,6.807128789784647,66.0962681826764,50.86740404956295,66.42082893786493,75.59594582313083,65.82433833673846,79.9026102534386,3.5072958213894014,2.6086130269002483,1.9855299214161657,1.8187889137891093,2.415545311280849,3.9776312051771203,8.848070898789995,8.488278298575747,10.190703623660662,6.73317952729281,7.900322598155026,2.0996157625143894,11.252515391009847,5.478270761651909,5.4343926344742,1.3624441140189059,20.62419964460431,18.14093834451277,23.449624968190975,13.305914234706654,15.885784005995555,19.0184207391526,1.44493869752359,11.318193272037922,7.123074219319932
16.265740504333465,16.80715484107767,16.12797348363239,16.41052735825408,16.41052735825408,16.780830042073788,16.265740504333465,16.780830042073788,16.80715484107767,16.12797348363239,1.0,1000.0,1.0,1.0,2.2681116082986703,12.335379805974355,1.7828079341341718,2.03818493626049,2.222477336244598,40.0000610630814,39.78686447101218,44.4139490559351,63.355893545804754,63.24975122305731,63.24975122305731,2.297949393730118,1.8503819616777304,1.7801751791779092,1.7117270585459257,1.7117270585459257,1.7117270585459257,1.7117270585459257,1.7117270585459257,1.7117270585459257,10.290742422514539,1.269419803924149,1.3273406078528018,11.133171649891082,8.627807730972162,6.272462547428262,2.086452016249484,16.142013440833544,17.127439509354488,16.456157124399446,17.127439509354488,17.127439509354488,16.456157124399446,16.411404853891373,3.110618875421981,3.110618875421981,18.53580608527398,16.34208268185914,35.17191419262494,27.178750348026792,27.178750348026792,8.33032028705687,17.693420259760288,16.15780839104028,20.448705555755787,10.515390699424708,2.7701094501395915,2.7701094501395915,1.953943236380177,4.797381071678596,1.441426971540296,7.482901804630841,15.767961765804841,5.244964375046166,6.807128789784647,66.0962681826764,50.86740404956295,66.42082893786493,75.59594582313083,65.82433833673846,79.9026102534386,3.5072958213894014,2.6086130269002483,1.9855299214161657,1.8187889137891093,2.415545311280849,3.9776312051771203,8.848070898789995,8.488278298575747,10.190703623660662,6.73317952729281,7.900322598155026,2.0996157625143894,11.252515391009847,5.478270761651909,5.4343926344742,1.3624441140189059,20.62419964460431,18.14093834451277,23.449624968190975,13.305914234706654,15.885784005995555,19.0184207391526,1.44493869752359,11.318193272037922,7.123074219319932
16.265740504333465,16.80715484107767,16.12797348363239,16.41052735825408,16.41052735825408,16.780830042073788,16.265740504333465,16.780830042073788,16.80715484107767,16.12797348363239,1.0,1.0,1000.0,1.0,2.2681116082986703,12.335379805974355,1.7828079341341718,2.03818493626049,2.222477336244598,40.0000610630814,39.78686447101218,44.4139490559351,63.355893545804754,63.24975122305731,63.24975122305731,2.297949393730118,1.8503819616777304,1.7801751791779092,1.7117270585459257,1.7117270585459257,1.7117270585459257,1.7117270585459257,1.7117270585459257,1.7117270585459257,10.290742422514539,1.269419803924149,1.3273406078528018,11.133171649891082,8.627807730972162,6.272462547428262,2.086452016249484,16.142013440833544,17.127439509354488,16.456157124399446,17.127439509354488,17.127439509354488,16.456157124399446,16.411404853891373,3.110618875421981,3.110618875421981,18.53580608527398,16.34208268185914,35.17191419262494,27.178750348026792,27.178750348026792,8.33032028705687,17.693420259760288,16.15780839104028,20.448705555755787,10.515390699424708,2.7701094501395915,2.7701094501395915,1.953943236380177,4.797381071678596,1.441426971540296,7.482901804630841,15.767961765804841,5.244964375046166,6.807128789784647,66.0962681826764,50.86740404956295,66.42082893786493,75.59594582313083,65.82433833673846,79.9026102534386,3.5072958213894014,2.6086130269002483,1.9855299214161657,1.8187889137891093,2.415545311280849,3.9776312051771203,8.848070898789995,8.488278298575747,10.190703623660662,6.73317952729281,7.900322598155026,2.0996157625143894,11.252515391009847,5.478270761651909,5.4343926344742,1.3624441140189059,20.62419964460431,18.14093834451277,23.449624968190975,13.305914234706654,15.885784005995555,19.0184207391526,1.44493869752359,11.318193272037922,7.123074219319932
16.265740504333465,16.80715484107767,16.12797348363239,16.41052735825408,16.41052735825408,16.780830042073788,16.265740504333465,16.780830042073788,16.80715484107767,16.12797348363239,1.0,1.0,1.0,1000.0,2.2681116082986703,12.335379805974355,1.7828079341341718,2.03818493626049,2.222477336244598,40.0000610630814,39.78686447101218,44.4139490559351,63.355893545804754,63.24975122305731,63.24975122305731,2.297949393730118,1.8503819616777304,1.7801751791779092,1.7117270585459257,1.7117270585459257,1.7117270585459257,1.7117270585459257,1.7117270585459257,1.7117270585459257,10.290742422514539,1.269419803924149,1.3273406078528018,11.133171649891082,8.627807730972162,6.272462547428262,2.086452016249484,16.142013440833544,17.127439509354488,16.456157124399446,17.127439509354488,17.127439509354488,16.456157124399446,16.411404853891373,3.110618875421981,3.110618875421981,18.53580608527398,16.34208268185914,35.17191419262494,27.178750348026792,27.178750348026792,8.33032028705687,17.693420259760288,16.15780839104028,20.448705555755787,10.515390699424708,2.7701094501395915,2.7701094501395915,1.953943236380177,4.797381071678596,1.441426971540296,7.482901804630841,15.767961765804841,5.244964375046166,6.807128789784647,66.0962681826764,50.86740404956295,66.42082893786493,75.59594582313083,65.82433833673846,79.9026102534386,3.5072958213894014,2.6086130269002483,1.9855299214161657,1.8187889137891093,2.415545311280849,3.9776312051771203,8.848070898789995,8.488278298575747,10.190703623660662,6.73317952729281,7.900322598155026,2.0996157625143894,11.252515391009847,5.478270761651909,5.4343926344742,1.3624441140189059,20.62419964460431,18.14093834451277,23.449624968190975,13.305914234706654,15.885784005995555,19.0184207391526,1.44493869752359,11.318193272037922,7.123074219319932
14.997628899179722,15.53904323616152,14.859861878419563,15.142415753163025,15.142415753163025,15.512718437145889,14.997628899179722,15.512718437145889,15.53904323616152,14.859861878419563,2.2681116082986703,2.2681116082986703,2.2681116082986703,2.2681116082986703,1000.0,11.067268199354857,1.4853036741700856,1.229926672041691,1.0456342720548932,38.73194947646793,38.51875288415807,43.14583747460609,62.08778199370948,61.98163967076855,61.98163967076855,1.029837785432017,1.4177296466261642,1.4879364291263595,2.979838666823875,2.979838666823875,2.979838666823875,2.979838666823875,2.979838666823875,2.979838666823875,9.022630815312516,1.998691804378478,1.9407710004503973,9.865060042914152,7.35969612338716,5.0043509394401555,1.1816595920520891,14.873901835626716,15.859327904582956,15.188045519328282,15.859327904582956,15.859327904582956,15.188045519328282,15.143293248800706,4.3787304836157945,4.3787304836157945,17.26769448117428,15.073971076738374,33.903802600891304,25.91063874933153,25.91063874933153,7.062208679411944,16.425308655251712,14.889696785840206,19.180593952662274,9.247279092280666,4.038221058359182,4.038221058359182,3.2220548446476776,6.065492679694453,1.8266846367637406,8.751013412190824,17.036073370623672,6.513075983000761,8.075240397479297,64.82815663569212,49.599292476998784,65.15271739150076,74.32783429559257,64.55622678923706,78.6344987356007,4.775407429548885,1.3405014186096333,1.2825816868866005,1.4493226945149713,1.1474337029852482,2.709519596953318,7.5799592912510425,7.220166690962313,8.922592016433295,5.465067919370707,6.632210990428087,1.1684958457870058,9.984403784066494,4.210159153564697,4.166281026382054,1.905667494284592,19.356088041608515,16.872826740218798,22.181513366893476,12.037802628406766,14.617672400680235,17.750309135296572,2.713050305811052,12.586304878579506,8.39118582695329
4.930360706256813,5.471775044407893,4.792593685210069,5.075147560546092,5.075147560546092,5.445450245333821,4.930360706256813,5.445450245333821,5.471775044407893,4.792593685210069,12.335379805974355,12.335379805974355,12.335379805974355,12.335379805974355,11.067268199354857,1000.0,11.552571872926679,11.29719487111996,11.112902471355833,28.66468139930457,28.451484805366576,33.07856943355019,52.02051415965204,51.914371835315706,51.914371835315706,11.037430413957825,11.484997845469357,11.555204627879556,13.047106863392626,13.047106863392626,13.047106863392626,13.047106863392626,13.047106863392626,13.047106863392626,3.044637385959463,12.065960002442328,12.008039198595483,2.2022081576863615,4.707572078723221,7.062917262751557,11.248927791189441,4.806633642446227,5.792059713553347,5.120777326808793,5.792059713553347,5.792059713553347,5.120777326808793,5.076025056185636,14.445998677664265,14.445998677664265,7.200426293613277,5.006702883976184,23.83653448947319,15.843370593230652,15.843370593230652,5.00505952278025,6.358040465560221,4.822428592692399,9.113325770556248,2.81998910882848,14.105489253063183,14.105489253063183,13.289323040812747,16.13276087009663,11.893952835066543,18.81828159541789,27.103341521118647,16.580344172323937,18.14250858267028,54.76088883858136,39.53202449697984,55.08544959888315,64.2605666402803,54.48895898838087,68.567231151595,14.842675622799568,10.726766781132147,11.34984988589979,11.516590893317806,10.919834496540465,9.357748604070835,4.48730891078543,4.847101511189013,3.144676184907395,6.602200282907097,5.435057211845806,11.235764044940376,2.0828644164254717,7.857109048362169,7.9009871755258825,11.97293569247853,9.288819860045855,6.805558551638451,12.11424519507198,1.9705344303041317,4.550404206977709,7.683040949031016,12.780318502808589,22.653573048643235,18.45845401123934
15.482932572207922,16.024346909101176,15.34516555146976,15.627719426167872,15.627719426167872,15.998022110089922,15.482932572207922,15.998022110089922,16.024346909101176,15.34516555146976,1.7828079341341718,1.7828079341341718,1.7828079341341718,1.7828079341341718,1.4853036741700856,11.552571872926679,1000.0,1.2553770021287247,1.4396694021153051,39.21725314250538,39.00405655028666,43.63114113864063,62.57308564663978,62.466943323772426,62.466943323772426,1.515141459602016,1.0675740275440802,1.0026327549562812,2.4945349926704417,2.4945349926704417,2.4945349926704417,2.4945349926704417,2.4945349926704417,2.4945349926704417,9.507934489098261,1.5133881302112782,1.4554673262827236,10.35036371661746,7.844999797312144,5.48965461350903,1.3036440821183068,15.359205508674686,16.344631577468682,15.67334919232572,16.344631577468682,16.344631577468682,15.67334919232572,15.6285969218054,3.8934268095007227,3.8934268095007227,17.752998153809095,15.559274749754286,34.38910626886696,26.39594241993616,26.39594241993616,7.54751235335855,16.910612328039292,15.375000458885658,19.66589762492046,9.732582766045212,3.5529173842327464,3.5529173842327464,2.7367511704993097,5.580189005654917,1.3413809625952438,8.26570973833758,16.550769697855962,6.027772308986642,7.589936723571541,65.31346028667855,50.08459613770746,65.63802104225125,74.81313793917887,65.04153044042019,79.11980237549368,4.290103755448699,1.8258050927781362,1.2027219872838075,1.035980979655205,1.6327373771548086,3.194823271102283,8.065262965159377,7.705470364897564,9.4078956902283,5.950371593416351,7.117514664404186,1.31680782838338,10.469707457757483,4.695462827668,4.651584700487053,1.420363820116649,19.84139171383007,17.358130412926226,22.666817038477554,12.523106301860551,15.102976073768595,18.235612807840266,2.2277466316528036,12.1010012051329,7.905882153070381
15.227555570689944,15.768969907630158,15.089788549940113,15.372342424662278,15.372342424662278,15.742645108616582,15.227555570689944,15.742645108616582,15.768969907630158,15.089788549940113,2.03818493626049,2.03818493626049,2.03818493626049,2.03818493626049,1.229926672041691,11.29719487111996,1.2553770021287247,1000.0,1.1842923999868202,38.96187614468224,38.74867955241542,43.37576414187448,62.31770865572981,62.211566332823665,62.211566332823665,1.2597644574736875,1.1878029745846823,1.2580097570850042,2.7499119947914217,2.7499119947914217,2.7499119947914217,2.7499119947914217,2.7499119947914217,2.7499119947914217,9.252557487177578,1.7687651323388343,1.7108443284104893,10.09498671474073,7.589622795317057,5.234277611436621,1.0482670799896254,15.103828507146218,16.089254576026267,15.41797219082406,16.089254576026267,16.089254576026267,15.41797219082406,15.373219920299894,4.148803811602469,4.148803811602469,17.49762115249967,15.303897748242825,34.13372927002061,26.14056541970094,26.14056541970094,7.292135351351883,16.6552353266489,15.119623457358525,19.41052062381053,9.477205764135837,3.8082943863402408,3.8082943863402408,2.9921281726177886,5.835566007718062,1.5967579647233652,8.521086740304526,16.80614669925732,6.283149311036718,7.845313725566709,65.05808329679336,49.82921914269584,65.38264405249043,74.55776095319423,64.7861534504313,78.86442539145548,4.545480757542882,1.5704280906508066,1.052655014844949,1.2193960224735432,1.377360375026791,2.939446268986167,7.809885963173202,7.45009336289698,9.152518688302676,5.694994591356481,6.862137662381707,1.0614308262547127,10.214330455887318,4.440085825576934,4.396207698395066,1.6757408222445327,19.586014712739537,17.10275341157832,22.4114400377244,12.267729300116606,14.8475990722187,17.98023580657912,2.483123633776135,12.356378206888474,8.16125915505269
15.043263171130498,15.584677508104098,14.905496150372379,15.188050025111643,15.188050025111643,15.55835270908887,15.043263171130498,15.55835270908887,15.584677508104098,14.905496150372379,2.222477336244598,2.222477336244598,2.222477336244598,2.222477336244598,1.0456342720548932,11.112902471355833,1.4396694021153051,1.1842923999868202,1000.0,38.77758374776687,38.56438715546553,43.19147174571773,62.133416263781356,62.02727394084734,62.02727394084734,1.075472057486909,1.372095374571353,1.4423021570715806,2.934204394771009,2.934204394771009,2.934204394771009,2.934204394771009,2.934204394771009,2.934204394771009,9.068265087333135,1.9530575323240886,1.8951367283959497,9.91069431492721,7.405330395420484,5.049985211486462,1.136025319997209,14.919536107579322,15.904962176520536,15.23367979127621,15.904962176520536,15.904962176520536,15.23367979127621,15.188927520749305,4.333096211566859,4.333096211566859,17.31332875308859,15.11960534868801,33.94943687237137,25.95627302105695,25.95627302105695,7.107842951447233,16.470942927180193,14.935331057792576,19.226228224541618,9.292913364299343,3.9925867863091007,3.9925867863091007,3.176420572595343,6.019858407653015,1.781050364709189,8.705379140167528,16.99043909870438,6.467441710961817,8.029606125450716,64.87379090558187,49.64492674779916,65.19835166136838,74.37346856478865,64.60186105914522,78.6801330044505,4.729773157501444,1.386135690664457,1.2369474148317428,1.4036884224601742,1.1930679750401265,2.755153869006623,7.6255935632828535,7.265800962996573,8.968226288454762,5.510702191414937,6.6778452624660485,1.1228615737321237,10.030038056078427,4.255793425614057,4.211915298431565,1.8600332222301108,19.401722313484456,16.91846101213985,22.227147638710136,12.083436900396876,14.663306672636581,17.79594340720243,2.6674160337576702,12.540670606595338,8.34555155492712
24.734320723077644,24.19290638828481,24.872087743239767,24.58953386970491,24.58953386970491,24.219231187199956,24.734320723077644,24.219231187199956,24.19290638828481,24.872087743239767,40.0000610630814,40.0000610630814,40.0000610630814,40.0000610630814,38.73194947646793,28.66468139930457,39.21725314250538,38.96187614468224,38.77758374776687,1000.0,1.2131965958244026,5.413888079894786,24.355833144917156,24.249690818034534,24.249690818034534,38.70211169152922,39.1496791161062,39.21988589741697,40.71178810881925,40.71178810881925,40.71178810881925,40.71178810881925,40.71178810881925,40.71178810881925,30.709318765715462,39.73064126388612,39.67272046096553,29.866889545822165,32.37225344059925,34.727598596263086,38.91360906549994,24.858047786094318,23.87262172103724,24.54390410372826,23.87262172103724,23.87262172103724,24.54390410372826,24.588656374070876,42.110679899186145,42.110679899186145,22.464255148539678,24.65797854584322,5.8281469453612065,13.821310867374168,13.821310867374168,32.669740881270364,23.306640972222812,24.84225283595005,20.551355679824354,30.484670490863685,41.77017048051939,41.77017048051939,40.954004282190155,43.7974420611255,39.55863409925472,46.48296273413414,54.7680224693278,44.24502535495517,45.80718973498555,27.096207892113995,11.867343232724172,27.420768660823555,36.595885968170755,26.824278034921708,40.90255062316254,42.507356837314475,38.391448063441324,39.01453115864414,39.18127216346031,38.584515775912536,37.02242990652041,32.15199027513182,32.511782871484044,30.809357563637995,34.266881622247155,33.09973856534131,38.90044531945467,29.74754580571153,35.521790371506405,35.56566849808552,39.63761695540889,20.375861590971653,22.85912288852295,17.55043626347058,27.694146977339223,25.1142772198874,21.98164049541982,40.444999752651654,50.318254104636026,46.12313515723307
24.52112412864022,23.979709793784586,24.658891148818558,24.376337275250545,24.376337275250545,24.006034592702754,24.52112412864022,24.006034592702754,23.979709793784586,24.658891148818558,39.78686447101218,39.78686447101218,39.78686447101218,39.78686447101218,38.51875288415807,28.451484805366576,39.00405655028666,38.74867955241542,38.56438715546553,1.2131965958244026,1000.0,5.62708467566837,24.569029739370485,24.462887412500244,24.462887412500244,38.48891509921378,38.93648252387472,39.006689305198755,40.498591516888574,40.498591516888574,40.498591516888574,40.498591516888574,40.498591516888574,40.498591516888574,30.49612217206754,39.51744467176511,39.45952386883343,29.65369295205222,32.15905684720252,34.51440200324554,38.70041247322406,24.64485119167145,23.659425126500555,24.330707509268585,23.659425126500555,23.659425126500555,24.330707509268585,24.375459779616406,41.89748330753507,41.89748330753507,22.25105855384868,24.444781951396852,5.614950349592217,13.608114271951623,13.608114271951623,32.45654428791998,23.093444377622927,24.62905624152532,20.338159084939516,30.271473897182876,41.55697388879938,41.55697388879938,40.7408076903072,43.584245469824445,39.34543750710083,46.26976614341935,54.55482588064611,44.03182876374935,45.59399314411989,27.30940448622809,12.080539828248853,27.633965254894985,36.80908256081828,27.037474629071138,41.115747214996496,42.29416024574446,38.1782514710682,38.801334566387204,38.96807557123479,38.37131918357521,36.80923331389872,31.938793681701018,32.29858627810899,30.5961609700048,34.05368502915328,32.88654197205877,38.68724872717633,29.53434921192458,35.30859377862291,35.352471905209526,39.42442036327008,20.162664996069932,22.645926293874226,17.337239668318215,27.48095038327079,24.901080625494913,21.768443900678204,40.231803160668754,50.10505751482027,45.90993856643767
