0.0,4.291211180007167,41.714143935113384,42.03956605985883,34.64728322497833,25.592680427409196,24.069361354624306,24.065601592205482,24.067481473427655,25.615238664177877,24.069361354624306,54.97138459954729,59.43265359570519,62.37391110467823,79.81560607882925,79.91094802053753,77.00431308933463,80.8976168659332,77.16802081141095,81.53553813359332,79.88648527705,77.16802081141095,79.57599711614168,30.820419211323124,16.558334570124984,16.558334570124984,29.574132416251175,29.574132416251175,29.574132416251175,73.73146788419965,74.30850469164074,69.53613146794433,71.6541622287348,74.30850469164074,73.98172584049351,55.37899882499301,55.61290741132611,55.72453153581514,55.61290741132611,1.06205000649814,1.1654668674113742,3.0858624814077458,4.400272355330306,4.400272355330306,24.067481473427655,24.067481473427655,25.02120344203205,41.56428708006473,37.114453298829346,37.167120345794075,8.421827420984592,9.192810622067423,41.178046152545264,39.91148707328743,36.613490714900706,12.863404500463744,19.09883515484801,20.609068400072644,31.28659801412433,32.38311238666061,28.77396946671518,62.8499135784669,61.59562986406319,59.751860622327484,83.27180802858818,66.1173946067561,65.81008389947861,67.39054876456058,67.37800529684328,72.03800902132349,66.09857963905404,74.44649223475643,66.09857963905404,26.374069795164296,19.625226029112262,31.819192172762737,31.436977821329716,22.796047272378278,11.365591358813324,71.15365827230256,71.09721061076701,71.33554539280426,62.141241396778156,62.20395555185335,54.66598854037222,41.38496075442094,55.95154277011369,41.38496075442094,55.95154277011369,2.4108643119496023,1.30774351595759,4.778714299091983,7.964254763745872,8.246319859237932,28.77396946671518,27.389177810886117,26.023165923368232,27.57275888669348,20.50122963611212,27.309448533571164
4.291211180007167,0.0,38.422932869044374,38.74835499569639,31.356072121391925,28.883891555885697,27.3605724889387,27.356812726533846,27.358692607749038,28.90644979256529,27.3605724889387,51.680173623881586,56.1414426563245,59.08270019083215,76.52439534268164,76.61973728548469,73.71310232150904,77.60640614228836,73.8768100453981,78.24432741740057,76.59527454171615,73.8768100453981,76.28478637724871,34.111630317101856,19.849545728109092,19.849545728109092,32.86534352781561,32.86534352781561,32.86534352781561,70.44025708096386,71.01729389453338,66.2449206216302,68.36295140384405,71.01729389453338,70.69051503990954,52.087787852520144,52.32169644069658,52.43332056606811,52.32169644069658,4.3532611864897,4.125744312634588,6.377073660573502,1.109061175350947,1.109061175350947,27.358692607749038,27.358692607749038,28.312414572739673,38.27307601312304,33.82324220749654,33.875909254732726,5.130616243275652,5.901599445070582,37.88683508336971,36.6202759969423,33.32227962100647,16.154615666973577,22.39004630577759,23.900279546347768,34.5778091176786,35.674323484853204,32.06518058187063,59.55870266887363,58.30441894333584,56.460649685656044,79.98059733298197,62.82618372726077,62.51887301708526,64.0993378972202,64.08679442938197,68.74679820038618,62.80736875938088,71.15528143912185,62.80736875938088,29.665280920510387,22.916437178458555,35.11040327373544,34.72818892415941,26.087258411303896,14.656802528194044,67.86244744228952,67.8059997801786,68.04433456464841,58.850030480865506,58.912744636496924,51.37477756233049,38.09374968643934,52.66033180216715,38.09374968643934,52.66033180216715,2.8803468682565345,3.983467664118444,8.069925477094724,4.673043585656418,4.955108681379335,32.06518058187063,30.680388932027867,29.314377050131515,24.281547752998385,17.210018479781645,24.018237398899466
41.714143935113384,38.422932869044374,0.0,1.3254221370650419,8.06686092959945,66.30682287368789,64.78350392585659,64.77974416374079,64.78162404481148,66.32938110857364,64.78350392585659,14.257241323823314,18.718510614403428,21.659768337431142,39.101464906002654,39.19680685795307,36.290171621956844,40.183475810314945,36.45387936079019,40.821397148077736,39.17234411183604,36.45387936079019,38.861855917648285,71.5345611958393,57.272477694188346,57.272477694188346,70.28827451548494,70.28827451548494,70.28827451548494,33.01732609207959,33.594362955356274,28.821989288158008,30.940020240644152,33.594362955356274,33.26758407251441,14.66485557465511,14.89876417569355,15.010388307235504,14.89876417569355,41.77619393927035,41.5486770739102,43.80000633390213,38.313871697152805,38.313871697152805,64.78162404481148,64.78162404481148,65.73534593569494,1.1498568606563224,5.599690789575109,5.547023741075572,34.292316742634,33.52133355943275,1.5360978024385736,2.8026569265412533,6.1006533878473475,53.57754785790948,59.8129781036936,61.32321123905734,72.00073995498407,73.0972542232334,69.48811163807235,22.135770847350894,20.881487038634067,19.037717663490056,42.557667237632174,25.403252134852224,25.095941402363284,26.676406398945186,26.66386293016625,31.32386706885084,25.38443716560165,33.732350511914085,25.38443716560165,67.08821217566724,60.339368940148596,72.53333406324936,72.15111974802015,63.51018994473475,52.07973480362612,30.439516238173354,30.383068571474222,30.62140337535288,21.427098612021158,21.489812771806232,13.95184524582793,1.3291831929562574,15.237399555948155,1.3291831929562574,15.237399555948155,40.30327967446774,41.40640043066146,45.492858078594516,34.74988938873927,34.46782430015616,69.48811163807235,68.10332010423716,66.73730833355053,15.141385395433517,22.21291468121868,15.404695751521487
42.03956605985883,38.74835499569639,1.3254221370650419,0.0,8.392283066280292,66.63224497909187,65.10892603272023,65.10516627060801,65.10704615167691,66.65480321395573,65.10892603272023,13.931819188017197,18.393088479600657,21.334346203449293,38.77604277948715,38.87138473149057,35.964749493937695,39.858053684408866,36.12845723285543,40.495975022538936,38.84692198535993,36.12845723285543,38.53643379100013,71.85998329597065,57.597899807743445,57.597899807743445,70.61369661691032,70.61369661691032,70.61369661691032,32.69190396245515,33.2689408260035,28.496567156704444,30.6145981100819,33.2689408260035,32.94216194300718,14.339433438928562,14.573342040013758,14.684966171578312,14.573342040013758,42.101616063978305,41.87409919875534,44.125428457356044,38.639293823865245,38.639293823865245,65.10704615167691,65.10704615167691,66.06076804165058,1.475278997720841,5.925112926473574,5.8724458779777065,34.61773887145161,33.846755688626565,1.8615199395002204,3.128079063578093,6.426075524708873,53.902969974447984,60.138400215079486,61.64863334910814,72.32616205462541,73.42267632170939,69.81353374031633,21.810348713513807,20.55606490442268,18.71229552877025,42.2322451131231,25.077830002098278,24.770519269500813,26.350984266655555,26.338440797871925,30.998444938457123,25.059015032841018,33.406928382627,25.059015032841018,67.41363428030905,60.66479105107298,72.85875616232691,72.47654184750272,63.83561205279196,52.40515692131616,30.11409410739457,30.057646440671245,30.295981244652367,21.101676477969757,21.164390637773508,13.626423109963794,1.6546053300197154,14.91197742033748,1.6546053300197154,14.91197742033748,40.62870180005016,41.73182255559199,45.81828020095279,35.075311517329425,34.79324642888689,69.81353374031633,68.42874220787522,67.06273043853574,15.466807530993176,22.538336814919962,15.730117887025179
34.64728322497833,31.356072121391925,8.06686092959945,8.392283066280292,0.0,59.23996255453727,57.7166435768062,57.71288381461754,57.71476369572464,59.26252078987142,57.7166435768062,21.32410221043224,25.785371473956594,28.726629175684725,46.16832556152549,46.26366751221208,43.357032313451846,47.25033645132603,43.520740050259064,47.88825778035954,46.2392047664196,43.520740050259064,45.92871657633461,64.46770098501737,50.20561720869449,50.20561720869449,63.221414278033244,63.221414278033244,63.221414278033244,40.08418682229915,40.66122367899473,35.88885006305145,38.00688099368142,40.66122367899473,40.33444479989273,21.7317164590549,21.965625058801752,22.0772491897212,21.965625058801752,34.70933322987614,34.48181636180565,36.73314564935103,31.24701094831685,31.24701094831685,57.71476369572464,57.71476369572464,58.668485605239255,7.917004069108681,3.4671701418374274,3.519837190354459,27.225455952830302,26.454472762369402,7.530763127720075,6.26420400457401,2.9662075433544715,46.51068731198981,52.74611766230697,54.25635082488024,64.93387975425256,66.03039404651383,62.42125138378885,29.202631681898943,27.94834788279124,26.104578520864678,49.62452784550287,32.470112942021046,32.162802212251606,33.74326719452801,33.73072372586573,38.39072781777487,32.45129797293782,40.79921123396316,32.45129797293782,60.02135187214546,53.27250850816205,65.46647387413212,65.08425955055866,56.44332957126836,45.012874234468164,37.50637699650376,37.4499293303966,37.688264131768904,28.493959452059823,28.556673611365426,21.018706134057354,7.737677736997434,22.304260437155634,7.737677736997434,22.304260437155634,33.23641894782264,34.33953971687048,38.425997415837905,27.683028603334524,27.400963512031765,62.42125138378885,61.03645982131434,59.67044802298572,8.07452448182934,15.14605379962227,8.337834838821895
25.592680427409196,28.883891555885697,66.30682287368789,66.63224497909187,59.23996255453727,0.0,2.5233190925562807,2.527078855020672,2.5251989737757126,1.0225582370811157,2.5233190925562807,79.5640626550391,84.0253313102171,86.96658858233856,104.40828195560256,104.50362388763787,101.59698924682925,105.49029263234218,101.76069695279739,106.12821383433062,104.47916114663317,101.76069695279739,104.1686730171806,6.227738871665878,10.034345936320635,10.034345936320635,4.981452052874902,4.981452052874902,4.981452052874902,98.32414435752999,98.90118111014357,94.12880832885212,96.24683889640032,98.90118111014357,98.57440229009053,79.97167685024517,80.20558541914224,80.3172095352892,80.20558541914224,25.530630421765974,25.75814729251973,23.506817972372705,28.992952729293464,28.992952729293464,2.5251989737757126,2.5251989737757126,1.5714769931010286,66.15696602750641,61.707132498197986,61.75979954230972,33.014507715016954,33.78549089870752,65.77072512272616,64.50416611687157,61.206169941252554,13.729276011836287,7.493845338661313,5.98361208230327,6.693917683789805,7.790432079221554,4.181289089034321,87.44259101689647,86.18830740532744,84.34453831159747,107.86448354831364,90.71007176912826,90.40276108831702,91.98322581617451,91.97068234955718,96.63068565343816,90.6912568030496,99.03916864009392,90.6912568030496,1.7813893789119781,6.967454460808078,7.226511853379355,6.844297494054839,3.796633189322122,15.22708915148725,95.74633498607922,95.6898873297268,95.92822208985575,86.7339188935233,86.79663304346022,79.25866661839981,65.97763971244075,80.54422075257985,65.97763971244075,80.54422075257985,27.003544718755567,25.900423939063025,21.813966172503218,32.55693506778579,32.839000157136525,4.181289089034321,2.7964974101559754,1.4304855020204528,52.165438551997426,45.093909581271994,51.9021282102952
24.069361354624306,27.3605724889387,64.78350392585659,65.10892603272023,57.7166435768062,2.5233190925562807,0.0,1.0037597624645915,1.0018798812195318,2.545877329636179,1.0,78.04074377256583,82.50201245245144,85.44326974160856,102.88496322805686,102.98030516076797,100.07367049963499,103.96697391250252,100.23737820673252,104.60489511907163,102.95584241958981,100.23737820673252,102.64535428793918,7.751057962989491,8.511026846131882,8.511026846131882,6.50477114466576,6.50477114466576,6.50477114466576,96.80082558814105,97.37786234461466,92.60548953208304,94.72352011330383,97.37786234461466,97.05108352237286,78.44835796997272,78.68226654013785,78.79389065689128,78.68226654013785,24.00731134887823,24.234828220010385,21.983498896277382,27.469633662552788,27.469633662552788,1.0018798812195318,1.0018798812195318,1.9518420994742427,64.63364707900539,60.18381353051467,60.23648057484544,31.49118865646048,32.2621718418482,64.24740617250612,62.980847161086515,59.68285097149507,12.205956924255453,5.970526247231414,4.4602929903488375,8.217236774910736,9.313751169805842,5.704608181067941,85.91927217897917,84.66498856003201,82.82121945565198,106.34116484566279,89.1867529509374,88.87944226823974,90.45990700586778,90.44736353917222,95.10736687285232,89.16793798474306,97.51584987549144,89.16793798474306,3.3047084714053807,5.4441353691772925,8.749830944250135,8.367616585107148,2.2733140968901413,13.703770065234444,94.22301619972413,94.16656854300531,94.40490330468286,85.2106000514241,85.27331420172972,77.7353477342851,64.4543207631403,79.02090187541793,64.4543207631403,79.02090187541793,25.48022564838115,24.37710486679212,20.290647093943445,31.03361600824157,31.31568109819947,5.704608181067941,4.319816502504004,2.9538045945473677,50.642119547782094,43.570590554036656,50.378809205160785
24.065601592205482,27.356812726533846,64.77974416374079,65.10516627060801,57.71288381461754,2.527078855020672,1.0037597624645915,0.0,1.00187988124506,2.549637092100564,1.0037597624645915,78.03698401060961,82.4982526905556,85.43950997975439,102.88120346647976,102.97654539919253,100.06991073800977,103.96321415094428,100.23361844511003,104.60113535752465,102.95208265801395,100.23361844511003,102.64159452635793,7.75481772545015,8.507267083672147,8.507267083672147,6.508530907127738,6.508530907127738,6.508530907127738,96.79706582646146,97.37410258294454,92.60172977033645,94.71976035159071,97.37410258294454,97.0473237606974,78.44459820802189,78.67850677819011,78.79013089494502,78.67850677819011,24.003551586459157,24.23106845759222,21.97973913385066,27.46587390014843,27.46587390014843,1.00187988124506,1.00187988124506,1.955601861938756,64.62988731688797,60.18005376835049,60.23272081268181,31.48742889407579,32.2584120794676,64.2436464103845,62.97708739895134,59.679091209325854,12.202197161801667,5.966766484768948,4.456533227885276,8.220996537370837,9.31751093226447,5.708367943530623,85.91551241713191,84.66122879816669,82.81745969376061,106.33740508414667,89.18299318913837,88.87568250643609,90.45614724408806,90.44360377739233,95.10360711114535,89.16417822294373,97.51209011382356,89.16417822294373,3.308468233869514,5.440375606714401,8.753590706709545,8.371376347567058,2.2695543344256888,13.700010302783737,94.21925643800304,94.16280878128329,94.40114354296468,85.20684028956661,85.2695544398731,77.7315879723249,64.45056100102096,79.01714211347468,64.45056100102096,79.01714211347468,25.476465885968093,24.373345104374522,20.28688733151086,31.029856245854507,31.31192133581387,5.708367943530623,4.323576264967645,2.9575643570116292,50.63835978552901,43.56683079172768,50.37504944290547
24.067481473427655,27.358692607749038,64.78162404481148,65.10704615167691,57.71476369572464,2.5251989737757126,1.0018798812195318,1.00187988124506,0.0,2.5477572108556075,1.0018798812195318,78.0388638916005,82.5001325715163,85.44138986069426,102.88308334728106,102.978425279993,100.07179061883515,103.96509403173619,100.23549832593406,104.6030152383109,102.95396253881464,100.23549832593406,102.64347440716132,7.752937844207057,8.50914696491478,8.50914696491478,6.506651025883985,6.506651025883985,6.506651025883985,96.79894570731403,97.37598246379237,92.60360965122253,94.72164023246003,97.37598246379237,97.04920364154788,78.44647808901007,78.68038665917675,78.79201077593093,78.68038665917675,24.00543146768145,24.23294833881406,21.981619015076788,27.467753781363378,27.467753781363378,1.0,1.0,1.9537219806937354,64.63176719795945,60.18193364944535,60.2346006937764,31.489308775280907,32.26029196067067,64.24552629145808,62.97896728003171,59.68097109042323,12.204077043041323,5.968646366012945,4.458413109129822,8.219116656128023,9.315631051022393,5.7064880622865175,85.91739229806832,84.66310867911211,82.81933957471907,106.3392849649175,89.18487307005066,88.87756238735068,90.45802712499069,90.44548365829505,95.10548699201163,89.16605810385619,97.51396999467026,89.16605810385619,3.306588352624683,5.442255487958612,8.751710825467077,8.369496466324339,2.2714342156706793,13.701890184021854,94.22113631887636,94.16468866215708,94.40302342383653,85.20872017050813,85.2714343208142,77.73346785331778,64.45244088209341,79.01902199445908,64.45244088209341,79.01902199445908,25.478345767187378,24.375224985596088,20.288767212739916,31.031736127060814,31.313801217019442,5.7064880622865175,4.321696383723061,2.9556844757667347,50.6402396666683,43.56871067289494,50.376929324045896
25.615238664177877,28.90644979256529,66.32938110857364,66.65480321395573,59.26252078987142,1.0225582370811157,2.545877329636179,2.549637092100564,2.5477572108556075,0.0,2.545877329636179,79.58662088894638,84.04788954375492,86.98914681562177,104.43084018719574,104.52618211922093,101.61954747871565,105.51285086382035,101.7832551846669,106.15077206574045,104.50171937821887,101.7832551846669,104.19123124879907,6.205180634598838,10.056904173359468,10.056904173359468,4.958893815801939,4.958893815801939,4.958893815801939,98.34670258974765,98.92373934230363,94.15136656147862,96.26939712882266,98.92373934230363,98.59696052228324,79.99423508411955,80.22814365299764,80.33976776913553,80.22814365299764,25.553188658536204,25.78070552928419,23.52937620919207,29.01551096596992,29.01551096596992,2.5477572108556075,2.5477572108556075,1.5940352301819685,66.1795242624022,61.729690733381396,61.782357777489835,33.03706595156899,33.80804913523381,65.79328335764771,64.52672435187654,61.22872817646707,13.751834248833548,7.516403575720559,6.00617031937149,6.671359446725393,7.767873842164212,4.158730851958403,87.46514925013764,86.2108656386789,84.36709654510811,107.88704177953541,90.73263000207471,90.42531932129164,92.00578404900318,91.99324058238703,96.65324388582297,90.71381503599778,99.06172687224013,90.71381503599778,1.7588311418311688,6.9900126978707195,7.203953616318223,6.821739256991324,3.8191914263991613,15.24964738846365,95.76889321855019,95.71244556220324,95.95078032230906,86.75647712682695,86.81919127675837,79.28122485233165,66.0001979473485,80.56677898640768,66.0001979473485,80.56677898640768,27.026102955487417,25.92298217582384,21.836524409360425,32.57949330435282,32.86155839369434,4.158730851958403,2.7739391730765077,1.4079272649394279,52.18799678772945,45.11646781735056,51.92468644604104
24.069361354624306,27.3605724889387,64.78350392585659,65.10892603272023,57.7166435768062,2.5233190925562807,1.0,1.0037597624645915,1.0018798812195318,2.545877329636179,0.0,78.04074377256583,82.50201245245144,85.44326974160856,102.88496322805686,102.98030516076797,100.07367049963499,103.96697391250252,100.23737820673252,104.60489511907163,102.95584241958981,100.23737820673252,102.64535428793918,7.751057962989491,8.511026846131882,8.511026846131882,6.50477114466576,6.50477114466576,6.50477114466576,96.80082558814105,97.37786234461466,92.60548953208304,94.72352011330383,97.37786234461466,97.05108352237286,78.44835796997272,78.68226654013785,78.79389065689128,78.68226654013785,24.00731134887823,24.234828220010385,21.983498896277382,27.469633662552788,27.469633662552788,1.0018798812195318,1.0018798812195318,1.9518420994742427,64.63364707900539,60.18381353051467,60.23648057484544,31.49118865646048,32.2621718418482,64.24740617250612,62.980847161086515,59.68285097149507,12.205956924255453,5.970526247231414,4.4602929903488375,8.217236774910736,9.313751169805842,5.704608181067941,85.91927217897917,84.66498856003201,82.82121945565198,106.34116484566279,89.1867529509374,88.87944226823974,90.45990700586778,90.44736353917222,95.10736687285232,89.16793798474306,97.51584987549144,89.16793798474306,3.3047084714053807,5.4441353691772925,8.749830944250135,8.367616585107148,2.2733140968901413,13.703770065234444,94.22301619972413,94.16656854300531,94.40490330468286,85.2106000514241,85.27331420172972,77.7353477342851,64.4543207631403,79.02090187541793,64.4543207631403,79.02090187541793,25.48022564838115,24.37710486679212,20.290647093943445,31.03361600824157,31.31568109819947,5.704608181067941,4.319816502504004,2.9538045945473677,50.642119547782094,43.570590554036656,50.378809205160785
54.97138459954729,51.680173623881586,14.257241323823314,13.931819188017197,21.32410221043224,79.5640626550391,78.04074377256583,78.03698401060961,78.0388638916005,79.58662088894638,78.04074377256583,0.0,5.461269314196333,8.402527059288653,25.844223864553502,25.939565818294813,23.032930530127075,26.92623478950712,23.196638271765455,27.564156139765096,25.915103071717763,23.196638271765455,25.60461487172217,84.7918007421666,70.52971784255422,70.52971784255422,83.54551411935054,83.54551411935054,83.54551411935054,19.760084947513572,20.337121819625857,15.564748085306837,17.68277906590978,20.337121819625857,20.01034293175603,1.4076142524964042,1.6415228545348723,1.7531469865655673,1.6415228545348723,55.033434601937,54.80591774304544,57.057246937652096,51.57111245487372,51.57111245487372,78.0388638916005,78.0388638916005,78.99258574173066,14.407098183878572,18.85693208881798,18.80426504067166,47.549557601673975,46.7785744367818,14.793339124049632,16.059898242241914,19.35789468364736,66.83478814211016,73.07021815386071,74.58045122899276,85.25797947954607,86.35449369607912,82.74535127838166,8.878529573264196,7.6242457541512,5.780476365427997,29.300426264551728,12.146010892250825,11.838700156529665,13.419165170333738,13.40662170141226,18.06662589949769,12.127195922800741,20.475109378325875,12.127195922800741,80.34545192294571,73.59660896947916,85.79057356278332,85.40835926553287,76.7674298449938,65.33697514053297,17.18227505655396,17.125827389087668,17.364162196218317,8.169857331945353,8.23257149224836,1.3053960791775436,14.586424515441568,1.9801582362951222,14.586424515441568,1.9801582362951222,53.56052037845686,54.663641103825896,58.75009863116037,48.00713023674334,47.72506515497811,82.74535127838166,81.36055980669721,79.99454809617617,28.398626603222475,35.47015578594303,28.661936956011644
59.43265359570519,56.1414426563245,18.718510614403428,18.393088479600657,25.785371473956594,84.0253313102171,82.50201245245144,82.4982526905556,82.5001325715163,84.04788954375492,82.50201245245144,5.461269314196333,0.0,3.9412577472779042,21.38295460112344,21.478296555297582,18.571661254751138,22.46496553109573,18.73536899704183,23.10288688442214,21.4538338086093,18.73536899704183,21.143345607212378,89.25306930894283,74.99098663733193,74.99098663733193,88.00678270770942,88.00678270770942,88.00678270770942,15.298815660221242,15.875852534278927,11.103478785874142,13.2215097721658,15.875852534278927,15.549073645299229,5.0536550618658795,4.819746459907566,4.708122327911248,4.819746459907566,59.49470359738965,59.26718674108016,61.51851590967319,56.032381488481306,56.032381488481306,82.5001325715163,82.5001325715163,83.45385440623339,18.868367473989466,23.318201362932587,23.26553431499894,52.01082667654094,51.23984351918346,19.254608412930295,20.521167526877406,23.819163955710987,71.29605698918043,77.5314869110674,79.04171996324027,89.71924803816749,90.81576223534393,87.20661988042981,4.417260261770336,3.1629764413932273,1.3192070513848748,24.839157017972,7.684741585531629,7.3774308492702145,8.957895866054404,8.945352397107307,13.605356606880806,7.665926616047924,16.01384009345402,7.665926616047924,84.80672056526575,78.05787771873632,90.25184211203371,89.86962782151426,81.228698545168,69.79824400800786,12.72100576138465,12.664558093760759,12.902892901561186,3.708588019698484,3.7713021800640645,5.7666653932276635,19.04769380498502,4.481111078243882,19.04769380498502,4.481111078243882,58.02178939043898,59.12491010346996,63.21136758294159,52.468399307081434,52.186334228113,87.20661988042981,85.82182843212688,84.45581674428587,32.85989582956401,39.93142496500462,33.12320618077402
62.37391110467823,59.08270019083215,21.659768337431142,21.334346203449293,28.726629175684725,86.96658858233856,85.44326974160856,85.43950997975439,85.44138986069426,86.98914681562177,85.44326974160856,8.402527059288653,3.9412577472779042,0.0,18.44169687732946,18.537038831742244,15.630403524458638,19.5237078100804,15.794111267099192,20.161629165117287,18.512576084992617,15.794111267099192,18.20208788282392,92.19432652022111,77.93224400591556,77.93224400591556,90.9480399338274,90.9480399338274,90.9480399338274,12.357557923675797,12.934594798733366,8.162221043380006,10.280252032384539,12.934594798733366,12.607815909182037,7.994912807267302,7.761004205476427,7.649380073557456,7.761004205476427,62.435961105867335,62.20844425137162,64.45977340171129,58.97363902381023,58.97363902381023,85.44138986069426,85.44138986069426,86.39511168478249,21.809625196634414,26.259459072851406,26.206792025083786,54.95208424104181,54.18110108902955,22.19586613457495,23.462425245102786,26.7604216640322,74.23731439405006,80.47274425363639,81.98297728993269,92.66050524384103,93.75701942771867,90.14787711596493,1.4760025146000186,1.7782813059960296,3.622050695948401,21.897899303594027,4.7434838399084445,4.436173103441398,6.01663812141607,6.004094652458224,10.664098867654575,4.724668870411792,13.072582358154072,4.724668870411792,87.74797782852733,80.99913505580642,93.1930993112681,92.81088502537354,84.16995584832492,72.73950142706376,9.779748020908887,9.723300353208742,9.961635161333984,1.2326697276211045,1.1699555672449928,8.707923138073976,21.98895152716801,7.422368824042304,21.98895152716801,7.422368824042304,60.96304691053593,62.06616761489216,66.15262506080649,55.40965686837233,55.12759179138594,90.14787711596493,88.76308568375558,87.3970740115364,35.801153503312165,42.87268260411737,36.06446385335207
79.81560607882925,76.52439534268164,39.101464906002654,38.77604277948715,46.16832556152549,104.40828195560256,102.88496322805686,102.88120346647976,102.88308334728106,104.43084018719574,102.88496322805686,25.844223864553502,21.38295460112344,18.44169687732946,0.0,1.0953419550667267,3.8112933689608406,2.0820109405893144,3.647585625552697,2.7199323006759357,1.0708792081486354,3.647585625552697,1.2396089961176449,109.63601949094476,95.373938023334,95.373938023334,108.38973300250133,108.38973300250133,108.38973300250133,7.084138980692351,6.507102104312683,11.27947586276705,9.161444874586167,6.507102104312683,6.833880994644712,25.436609617619634,25.202701018689257,25.091076888120213,25.202701018689257,79.87765607658544,79.65013923466208,81.90146825878378,76.41533418140075,76.41533418140075,102.88308334728106,102.88308334728106,103.8368051007253,39.251321761739625,43.701155526961664,43.64848848059906,72.39377960373143,71.62279648957227,39.63756269066452,40.904121770803414,44.2021181046688,91.67900865614598,97.91443809650355,99.42467102659359,110.10219817760645,111.19871227386747,107.58957024687138,17.965694365892002,19.21997817777177,21.06374755267094,4.456202454506228,14.698213057497657,15.00552379273044,13.425058780315126,13.437602249236557,8.77759803908955,14.71702802692087,6.3691145445372355,14.71702802692087,105.18967114301331,98.44082886186222,110.63479220259701,110.25257794717987,101.61164942795867,90.18119578524342,9.661948886184057,9.718396553885682,9.480061745737213,18.674366603340047,18.611652443402214,26.1496199394416,39.430648088102,24.864065641320217,39.430648088102,24.864065641320217,78.40474196191649,79.50786260602372,83.59431982031546,72.85135220837331,72.56928714539272,107.58957024687138,106.20477892115343,104.83876735247867,53.24284966674619,60.31437850570183,53.506160007744974
79.91094802053753,76.61973728548469,39.19680685795307,38.87138473149057,46.26366751221208,104.50362388763787,102.98030516076797,102.97654539919253,102.978425279993,104.52618211922093,102.98030516076797,25.939565818294813,21.478296555297582,18.537038831742244,1.0953419550667267,0.0,3.9066353240101175,1.9866689855248665,3.742927580603915,2.6245903456151742,1.0244627469180951,3.742927580603915,1.3349509511842002,109.73136142058365,95.46927995922917,95.46927995922917,108.48507493272237,108.48507493272237,108.48507493272237,7.179480935678767,6.602444059313507,11.374817817605896,9.256786829508926,6.602444059313507,6.929222949637551,25.531951571404036,25.298042972498074,25.18641884194059,25.298042972498074,79.97299801827265,79.74548117642657,81.99681019977388,76.5106761242393,76.5106761242393,102.978425279993,102.978425279993,103.93214703301534,39.34666371366548,43.79649747811395,43.743830431761,72.48912154784188,71.71813843391854,39.7329046425266,40.99946372245191,44.29746005572864,91.77435059351717,98.00978003134931,99.52001296080218,110.19754010702586,111.29405420276684,107.68491217746259,18.061036320339923,19.315320132125013,21.159089506872775,4.360860499464296,14.793555012160544,15.100865747375058,13.520400735049384,13.532944203970148,8.872939994025462,14.812369981582648,6.464456499541296,14.812369981582648,105.28501307469801,98.53617079648703,110.73013413176446,110.34791987652825,101.7069913612269,90.276537723196,9.757290841088716,9.813738508788235,9.575403700648577,18.769708557735303,18.706994397802223,26.244961893150165,39.52599003999833,24.95940759516395,39.52599003999833,24.95940759516395,78.50008390409987,79.60320454783641,83.68966176070882,72.94669415234257,72.66462908944914,107.68491217746259,106.3001208523787,104.93410928432112,53.33819161595179,60.40972045321095,53.601501956891276
77.00431308933463,73.71310232150904,36.290171621956844,35.964749493937695,43.357032313451846,101.59698924682925,100.07367049963499,100.06991073800977,100.07179061883515,101.61954747871565,100.07367049963499,23.032930530127075,18.571661254751138,15.630403524458638,3.8112933689608406,3.9066353240101175,0.0,4.893304309284907,1.1637077434354433,5.531225669146084,3.882172577096613,1.1637077434354433,3.571684372882,106.8247268518764,92.56264520240028,92.56264520240028,105.57844034649543,105.57844034649543,105.57844034649543,4.272845612985989,3.6958087362871,8.468182498644175,6.35015150837664,3.6958087362871,4.022587626794751,22.625316281997172,22.391407682389953,22.27978355150035,22.391407682389953,77.0663630877014,76.83884624354171,79.09017529008436,73.60404115920221,73.60404115920221,100.07179061883515,100.07179061883515,101.02551238454575,36.440028478390765,40.88986226560823,40.837195218970564,69.58248654476463,68.811503423793,36.82626940912513,38.0928284953306,41.390824845949204,88.867715792366,95.103145306048,96.6133782546498,107.29090554492515,108.38741965631998,104.77827758009654,15.154401012072322,16.408684826514076,18.25245420554044,7.267495822103371,11.886919697937463,12.194230433652681,10.613765418883311,10.626308887822184,5.966304672562443,11.90573466738987,3.557821176441539,11.90573466738987,102.37837844443484,95.62953607782559,107.82349957724702,107.44128531656489,98.80035668334233,87.36990290459472,6.850655520416544,6.907103188170003,6.668768379805415,15.863073250943453,15.800359090877123,23.33832660592507,36.6193548055909,22.052772304053303,36.6193548055909,22.052772304053303,75.59344895867233,76.69656961350826,80.78302686890324,70.04005915348564,69.75799408798738,104.77827758009654,103.39348623593659,102.02747464931215,50.43155646104684,57.50308534873148,50.694866803745796
80.8976168659332,77.60640614228836,40.183475810314945,39.858053684408866,47.25033645132603,105.49029263234218,103.96697391250252,103.96321415094428,103.96509403173619,105.51285086382035,103.96697391250252,26.92623478950712,22.46496553109573,19.5237078100804,2.0820109405893144,1.9866689855248665,4.893304309284907,0.0,4.729596565902715,1.6379213601132023,2.011131732442415,4.729596565902715,2.3216199366992862,110.71803014036308,96.4559487440943,96.4559487440943,109.47174365855616,109.47174365855616,109.47174365855616,8.166149920224793,7.589113044022432,12.361486800524451,10.243455813346515,7.589113044022432,7.915891934256036,26.518620543072046,26.284711944424245,26.173087813989106,26.284711944424245,80.95966686344856,80.7321500224074,82.98347903768729,77.49734498141267,77.49734498141267,103.96509403173619,103.96509403173619,104.91881578036936,40.33333266576952,44.78316642210614,44.73049937585436,73.47579041827412,72.70480730680967,40.71957359396154,41.98613267164605,45.28412899875227,92.76101939374556,98.99644880529371,100.50668172811648,111.18420882452254,112.28072291485543,108.67158090714643,19.047705299053057,20.30198910982842,22.145758482965153,3.374191514115679,15.78022399317641,16.087534728194516,14.507069716834346,14.519613185747879,9.85960897800834,15.79903896258661,7.451125484286991,15.79903896258661,106.27168181575541,99.5228395681322,111.71680284664119,111.3345885932865,102.69366011875739,91.26320652947676,10.743959824727057,10.800407492403407,10.562072684360608,19.756377535886514,19.693663376004057,27.23163086401621,40.51265899179255,25.946076567459567,40.51265899179255,25.946076567459567,79.48675275444552,80.58987339431943,84.6763305924058,73.93336302130284,73.6512979593179,108.67158090714643,107.28678958865711,105.92077802701967,54.32486053957024,61.39638935910384,54.588170879889816
77.16802081141095,73.8768100453981,36.45387936079019,36.12845723285543,43.520740050259064,101.76069695279739,100.23737820673252,100.23361844511003,100.23549832593406,101.7832551846669,100.23737820673252,23.196638271765455,18.73536899704183,15.794111267099192,3.647585625552697,3.742927580603915,1.1637077434354433,4.729596565902715,0.0,5.367517925783216,3.7184648336899055,1.0,3.407976629469269,106.9884345538362,92.72635291481201,92.72635291481201,105.74214804942947,105.74214804942947,105.74214804942947,4.436553356380163,3.8595164796942583,8.631890241870412,6.5138592517038205,3.8595164796942583,4.1862953701948555,22.78902402370124,22.555115424131166,22.443491293259143,22.555115424131166,77.23007080974277,77.00255396571112,79.25388301097,73.76774888314996,73.76774888314996,100.23549832593406,100.23549832593406,101.18922009093961,36.603736217184974,41.05357000316481,41.00090295654265,69.74619427081443,68.975211150232,36.98997714781772,38.25653623368221,41.55453258335727,89.03142350723691,95.2668530167096,96.77708596424809,107.45461324651755,108.55112735704174,104.9419852836499,15.318108754763507,16.572392569068256,18.416161947872187,7.103788078808199,12.050627440931203,12.357938176621312,10.777473161973678,10.790016630911653,6.130012415904389,12.069442410382091,3.7215289198514405,12.069442410382091,102.54208614981685,95.79324378811853,107.98720727841769,107.60499301803843,98.9640643913705,87.53361062043338,7.014363263722845,7.070810931473834,6.832476123119519,16.026780993558653,15.964066833499196,23.502034347513426,36.78306254433806,22.216480045847575,36.78306254433806,22.216480045847575,75.75715668153562,76.86027733575753,80.94673458879865,70.20376687930231,69.92170181394793,104.9419852836499,103.5571939405504,102.19118235495796,50.59526419545523,57.66679308037094,50.85857453805773
81.53553813359332,78.24432741740057,40.821397148077736,40.495975022538936,47.88825778035954,106.12821383433062,104.60489511907163,104.60113535752465,104.6030152383109,106.15077206574045,104.60489511907163,27.564156139765096,23.10288688442214,20.161629165117287,2.7199323006759357,2.6245903456151742,5.531225669146084,1.6379213601132023,5.367517925783216,0.0,2.649053092531802,5.367517925783216,2.959541296775498,111.3559513261153,97.09386997225795,97.09386997225795,110.10966484825167,110.10966484825167,110.10966484825167,8.804071279538856,8.227034403455203,12.999408158688938,10.88137717215434,8.227034403455203,8.553813293622753,27.156541893634103,26.922633295158647,26.811009164805192,26.922633295158647,81.59758813096514,81.37007129044969,83.6214003004614,78.13526625676641,78.13526625676641,104.6030152383109,104.6030152383109,105.5567369840842,40.97125400336215,45.421087754350864,45.368420708165715,74.11371170229359,73.34272859243681,41.357494931112605,42.624054007318946,45.92205033035916,93.39894063192794,99.6343700263377,101.14460294483882,111.82213000878805,112.91864409559898,109.30950209934974,19.685626654343423,20.93991046443685,22.783679836489213,2.7362701540613386,16.418145350031402,16.725456084915393,15.144991074216135,15.157534543124704,10.497530336919013,16.436960319433474,8.089046843746738,16.436960319433474,106.90960301536786,100.16076078767745,112.35472402920038,111.97250977707108,103.33158132910336,91.90112777160697,11.381881183394448,11.438328851054509,11.199994043079865,20.394298890797135,20.331584730948865,27.86955221404322,41.15058032918069,26.58399791844069,41.15058032918069,26.58399791844069,80.1246740253387,81.22779466268966,85.31425185112147,74.57128430436002,74.28921924296897,109.30950209934974,107.92471078515618,106.55869922770133,54.9627818584211,62.03431066633035,55.226092198333774
79.88648527705,76.59527454171615,39.17234411183604,38.84692198535993,46.2392047664196,104.47916114663317,102.95584241958981,102.95208265801395,102.95396253881464,104.50171937821887,102.95584241958981,25.915103071717763,21.4538338086093,18.512576084992617,1.0708792081486354,1.0244627469180951,3.882172577096613,2.011131732442415,3.7184648336899055,2.649053092531802,0.0,3.7184648336899055,1.310488204266162,109.70689868019404,95.44481721723376,95.44481721723376,108.46061219218332,108.46061219218332,108.46061219218332,7.1550181887815185,6.577981312412538,11.350355070746675,9.23232408262809,6.577981312412538,6.904760202738646,25.507488824815916,25.27358022590368,25.161956095343225,25.27358022590368,79.94853527479053,79.7210184329246,81.9723474564707,76.48621338046162,76.48621338046162,102.95396253881464,102.95396253881464,103.90768429194526,39.32220096755475,43.77203473220188,43.71936768584644,72.4646588037377,71.69367568975383,39.70844189643225,40.97500097641241,44.272997309840314,91.7498878511429,97.98531728962325,99.49555021923969,110.17307736669255,111.269591462567,107.66044943682853,18.036573573581265,19.290857385390698,21.134626760177376,4.38532324637616,14.7690922653466,15.076403000565817,13.495937988217081,13.508481457138014,8.848477247141236,14.78790723476899,6.4399937526394915,14.78790723476899,105.2605503337833,98.51170805481769,110.70567139149581,110.32345713621318,101.68252861990574,90.25207498067249,9.732828094212545,9.789275761912604,9.550940953770679,18.745245810990188,18.682531651055882,26.220499146581524,39.50152729389519,24.93494484856058,39.50152729389519,24.93494484856058,78.47562116049036,79.57874180432206,83.66519901755885,72.92223140827465,72.64016634535884,107.66044943682853,106.27565811158189,104.90964654336594,53.31372887053957,60.38525770823428,53.57703921149428
77.16802081141095,73.8768100453981,36.45387936079019,36.12845723285543,43.520740050259064,101.76069695279739,100.23737820673252,100.23361844511003,100.23549832593406,101.7832551846669,100.23737820673252,23.196638271765455,18.73536899704183,15.794111267099192,3.647585625552697,3.742927580603915,1.1637077434354433,4.729596565902715,1.0,5.367517925783216,3.7184648336899055,0.0,3.407976629469269,106.9884345538362,92.72635291481201,92.72635291481201,105.74214804942947,105.74214804942947,105.74214804942947,4.436553356380163,3.8595164796942583,8.631890241870412,6.5138592517038205,3.8595164796942583,4.1862953701948555,22.78902402370124,22.555115424131166,22.443491293259143,22.555115424131166,77.23007080974277,77.00255396571112,79.25388301097,73.76774888314996,73.76774888314996,100.23549832593406,100.23549832593406,101.18922009093961,36.603736217184974,41.05357000316481,41.00090295654265,69.74619427081443,68.975211150232,36.98997714781772,38.25653623368221,41.55453258335727,89.03142350723691,95.2668530167096,96.77708596424809,107.45461324651755,108.55112735704174,104.9419852836499,15.318108754763507,16.572392569068256,18.416161947872187,7.103788078808199,12.050627440931203,12.357938176621312,10.777473161973678,10.790016630911653,6.130012415904389,12.069442410382091,3.7215289198514405,12.069442410382091,102.54208614981685,95.79324378811853,107.98720727841769,107.60499301803843,98.9640643913705,87.53361062043338,7.014363263722845,7.070810931473834,6.832476123119519,16.026780993558653,15.964066833499196,23.502034347513426,36.78306254433806,22.216480045847575,36.78306254433806,22.216480045847575,75.75715668153562,76.86027733575753,80.94673458879865,70.20376687930231,69.92170181394793,104.9419852836499,103.5571939405504,102.19118235495796,50.59526419545523,57.66679308037094,50.85857453805773
