1000.0,40.47068769973673,40.47068769973673,40.47068769973673,19.271679695597854,19.526057990792918,14.582266719736271,19.28571437190144,2.8440283460766658,2.4115347641613125,2.8440283460766658,2.8440283460766658,55.481449044679394,49.70424843019593,49.70424843019593,49.70424843019593,42.83562321583856,38.723556253766716,41.44035043041183,36.10421515096527,38.50856665956598,38.50856665956598,36.10421515096527,36.500842629154256,55.708750612011414,56.51089106226314,50.991658564770525,50.891614010148835,51.136460017178976,51.131194507263125,4.816112396391288,43.624528729281245,43.624528729281245,23.275837037934313,10.544477063495334,21.237398193841766,14.228756320310303,16.32524448376452,4.579253197813712,3.88621848531127,3.88621848531127,4.579253197813712,46.406354698918555,49.79376123622449,55.901825584785755,55.901825584785755,27.46994136268162,26.776765049242705,39.184249324412164,33.77887695863081,31.102590896913444,41.09723825467138,35.75321829568604,30.62876183681364,57.03395223569874,56.200214689281594,49.126804413584956,46.13431255982935,51.83852973381885,43.99309563695144
40.47068769973673,1000.0,1.0,1.0,58.742366909047476,58.99674519529364,54.05295408743097,58.75640158485891,42.31471601072915,41.88222243732411,42.31471601072915,42.31471601072915,16.010761720422792,10.233560936999828,10.233560936999828,10.233560936999828,3.3649355615581285,2.7471314762574166,1.9696627486926872,5.366472619220406,2.962121073991644,2.962121073991644,5.366472619220406,4.9698451353545074,16.23806329502616,17.040203771315976,11.52097110657597,11.420926549179933,11.66577256301617,11.660507052953367,44.286800020049505,4.153841091304855,4.153841091304855,18.19485083796513,50.015164547705666,60.70808533658136,53.69944369880815,55.795931796504526,44.049940826585335,43.35690612874684,43.35690612874684,44.049940826585335,6.935667122985076,10.323073745412932,16.431138274014067,16.431138274014067,14.000746495291262,14.693922812808328,2.286438397897417,7.691810841932746,10.368096932468228,1.6265505664782114,5.717469479403039,10.841925996984841,17.563264962047555,16.72952738817979,9.656116905182586,6.6636249775157035,12.36784229947606,4.522408006787611
40.47068769973673,1.0,1000.0,1.0,58.742366909047476,58.99674519529364,54.05295408743097,58.75640158485891,42.31471601072915,41.88222243732411,42.31471601072915,42.31471601072915,16.010761720422792,10.233560936999828,10.233560936999828,10.233560936999828,3.3649355615581285,2.7471314762574166,1.9696627486926872,5.366472619220406,2.962121073991644,2.962121073991644,5.366472619220406,4.9698451353545074,16.23806329502616,17.040203771315976,11.52097110657597,11.420926549179933,11.66577256301617,11.660507052953367,44.286800020049505,4.153841091304855,4.153841091304855,18.19485083796513,50.015164547705666,60.70808533658136,53.69944369880815,55.795931796504526,44.049940826585335,43.35690612874684,43.35690612874684,44.049940826585335,6.935667122985076,10.323073745412932,16.431138274014067,16.431138274014067,14.000746495291262,14.693922812808328,2.286438397897417,7.691810841932746,10.368096932468228,1.6265505664782114,5.717469479403039,10.841925996984841,17.563264962047555,16.72952738817979,9.656116905182586,6.6636249775157035,12.36784229947606,4.522408006787611
40.47068769973673,1.0,1.0,1000.0,58.742366909047476,58.99674519529364,54.05295408743097,58.75640158485891,42.31471601072915,41.88222243732411,42.31471601072915,42.31471601072915,16.010761720422792,10.233560936999828,10.233560936999828,10.233560936999828,3.3649355615581285,2.7471314762574166,1.9696627486926872,5.366472619220406,2.962121073991644,2.962121073991644,5.366472619220406,4.9698451353545074,16.23806329502616,17.040203771315976,11.52097110657597,11.420926549179933,11.66577256301617,11.660507052953367,44.286800020049505,4.153841091304855,4.153841091304855,18.19485083796513,50.015164547705666,60.70808533658136,53.69944369880815,55.795931796504526,44.049940826585335,43.35690612874684,43.35690612874684,44.049940826585335,6.935667122985076,10.323073745412932,16.431138274014067,16.431138274014067,14.000746495291262,14.693922812808328,2.286438397897417,7.691810841932746,10.368096932468228,1.6265505664782114,5.717469479403039,10.841925996984841,17.563264962047555,16.72952738817979,9.656116905182586,6.6636249775157035,12.36784229947606,4.522408006787611
19.271679695597854,58.742366909047476,58.742366909047476,58.742366909047476,1000.0,1.254378296203683,5.689412989489808,1.0140346763585177,17.427651355998886,17.8601449365254,17.427651355998886,17.427651355998886,73.75312789523824,67.97592743013607,67.97592743013607,67.97592743013607,61.1073023749703,56.99523549862307,59.7120296194355,54.37589444668391,56.78024590870675,56.78024590870675,54.37589444668391,54.77252191735843,73.98042945640378,74.78256988471954,69.26333753264667,69.16329298054185,69.40813898140479,69.40287347162185,15.455567311003783,61.89620787114609,61.89620787114609,41.547516540638014,9.727202649921493,2.9657185067587886,6.042923389561422,3.9464352214959164,15.692426509030287,16.3854612197826,16.3854612197826,15.692426509030287,64.67803377779,68.06544023395796,74.17350442392305,74.17350442392305,45.74162080541455,45.04844450240355,57.45592856002147,52.050556297060545,49.37427028165601,59.3689174509192,54.024897597998894,48.9004412294385,75.3056310437043,74.4718935202663,67.39848342767857,64.4059916450059,70.11020868022,62.264774770658896
19.526057990792918,58.99674519529364,58.99674519529364,58.99674519529364,1.254378296203683,1000.0,5.943791285624363,1.2403436198451752,17.68202965138593,18.11452323186923,17.68202965138593,17.68202965138593,74.00750617566123,68.23030571295766,68.23030571295766,68.23030571295766,61.36168066038733,57.24961378546053,59.9664079053457,54.63027273437408,57.03462419561574,57.03462419561574,54.63027273437408,55.026900204922086,74.23480773672843,75.03694816469446,69.51771581495082,69.41767126288656,69.66251726365012,69.65725175386929,15.70994560657374,62.15058615627916,62.15058615627916,41.801894831917956,9.9815809458915,2.7113402105651403,6.297301685685452,4.200813517671476,15.946804804579504,16.639839515269195,16.639839515269195,15.946804804579504,64.93241206189253,68.3198185167439,74.42788270416384,74.42788270416384,45.995999095628065,45.30282279280052,57.71030684670478,52.3049345854737,49.62864857086165,59.62329573694892,54.279275885800246,49.154819518780045,75.56000932344915,74.72627180037715,67.65286171072908,64.66036992921123,70.3645869621784,62.51915305565807
14.582266719736271,54.05295408743097,54.05295408743097,54.05295408743097,5.689412989489808,5.943791285624363,1000.0,5.703447665844696,12.738238377099412,13.170731958304952,12.738238377099412,12.738238377099412,69.06371517689112,63.28651466914133,63.28651466914133,63.28651466914133,56.417889567996106,52.30582266658066,55.02261680374888,49.68648159963407,52.090833075404404,52.090833075404404,49.68648159963407,50.083109072533006,69.29101673980882,70.09315717435271,64.57392478084137,64.47388022801599,64.71872623064435,64.71346072082335,10.766154329268145,57.20679506919185,57.20679506919185,36.85810363089736,5.037789662367783,7.655131495529422,1.353510400169582,2.7429777682761394,11.00301352761275,11.696048239331141,11.696048239331141,11.00301352761275,59.988620994077834,63.37602747359634,69.48409170882078,69.48409170882078,41.052207914193595,40.359031607989266,52.766515730695936,47.36114343731455,44.6848574080277,54.6795046331226,49.33548474899486,44.2110283534338,70.6162183374364,69.78248080747898,62.70907066262066,59.71657885947261,65.42079593455789,57.575361971073136
19.28571437190144,58.75640158485891,58.75640158485891,58.75640158485891,1.0140346763585177,1.2403436198451752,5.703447665844696,1000.0,17.441686032312997,17.87417961283715,17.441686032312997,17.441686032312997,73.76716257072896,67.9899621057589,67.9899621057589,67.9899621057589,61.12133705073607,57.00927017446705,59.72606429522842,54.38992912257484,56.79428058455466,56.79428058455466,54.38992912257484,54.786556593242395,73.99446413188912,74.79660456018557,69.27737220824102,69.17732765613843,69.4221736569959,69.41690814721306,15.469601987327906,61.910242546896235,61.910242546896235,41.56155121672648,9.741237326267463,2.951683830400902,6.056958065915746,3.9604698978529997,15.706461185353275,16.39949589610216,16.39949589610216,15.706461185353275,64.69206845348339,68.07947490957885,74.18753909940375,74.18753909940375,45.75565548144434,45.06247917844345,57.469963235856966,52.064590972991276,49.38830495763033,59.38295212671871,54.038932273895945,48.91447590542031,75.31966571915767,74.48592819573986,67.41251810331404,64.42002632070495,70.12424335579529,62.278809446401645
2.8440283460766658,42.31471601072915,42.31471601072915,42.31471601072915,17.427651355998886,17.68202965138593,12.738238377099412,17.441686032312997,1000.0,1.4324935819285156,1.0,1.0,57.325477324787215,51.54827672333158,51.54827672333158,51.54827672333158,44.6796515226052,40.5675845677271,43.2843787397006,37.948243469130205,40.352594973882546,40.352594973882546,37.948243469130205,38.34487094670143,57.552778891577475,58.35491933989975,52.8356868551266,52.735642300723455,52.98048830721798,52.97522279731367,2.9720840504769086,45.46855703458495,45.46855703458495,25.11986537244083,8.700448719004049,19.393369855799033,12.384727977482955,14.481216142145804,2.7352248518709756,2.0421901392994664,2.0421901392994664,2.7352248518709756,48.25038299885101,51.637789529169176,57.7458538638899,57.7458538638899,29.313969692622614,28.620793379990367,41.02827763760264,35.622905280281884,32.94661922228975,42.9412665645676,37.59724661439204,32.47279016281747,58.87798051206236,58.04424296766874,50.970832707944304,47.97834086030168,53.68255802230784,45.837123941562524
2.4115347641613125,41.88222243732411,41.88222243732411,41.88222243732411,17.8601449365254,18.11452323186923,13.170731958304952,17.87417961283715,1.4324935819285156,1000.0,1.4324935819285156,1.4324935819285156,56.89298375873292,51.11578315418052,51.11578315418052,51.11578315418052,44.24715795020814,40.135090993613495,42.85188516670205,37.515749894011776,39.920101399683865,39.920101399683865,37.515749894011776,37.91237737173072,57.12028532565186,57.922425774432384,52.40319328663665,52.303148732181526,52.547994738803425,52.54272922889637,3.404577632381439,45.03606346253663,45.03606346253663,24.687371793398114,9.132942300615701,19.825863435974583,12.817221558730651,14.913709723124992,3.1677184337804656,2.4746837212202086,2.4746837212202086,3.1677184337804656,47.81788942808231,51.20529596006354,57.313360298074,57.313360298074,28.881476114680627,28.18829980185423,40.59578406367289,35.19041170432923,32.514125645444274,42.508772991424124,37.16475303914421,32.04029658582144,58.44548694689729,57.611749402023136,50.538339138502124,47.54584728940443,53.25006445426183,45.40463036967929
2.8440283460766658,42.31471601072915,42.31471601072915,42.31471601072915,17.427651355998886,17.68202965138593,12.738238377099412,17.441686032312997,1.0,1.4324935819285156,1000.0,1.0,57.325477324787215,51.54827672333158,51.54827672333158,51.54827672333158,44.6796515226052,40.5675845677271,43.2843787397006,37.948243469130205,40.352594973882546,40.352594973882546,37.948243469130205,38.34487094670143,57.552778891577475,58.35491933989975,52.8356868551266,52.735642300723455,52.98048830721798,52.97522279731367,2.9720840504769086,45.46855703458495,45.46855703458495,25.11986537244083,8.700448719004049,19.393369855799033,12.384727977482955,14.481216142145804,2.7352248518709756,2.0421901392994664,2.0421901392994664,2.7352248518709756,48.25038299885101,51.637789529169176,57.7458538638899,57.7458538638899,29.313969692622614,28.620793379990367,41.02827763760264,35.622905280281884,32.94661922228975,42.9412665645676,37.59724661439204,32.47279016281747,58.87798051206236,58.04424296766874,50.970832707944304,47.97834086030168,53.68255802230784,45.837123941562524
2.8440283460766658,42.31471601072915,42.31471601072915,42.31471601072915,17.427651355998886,17.68202965138593,12.738238377099412,17.441686032312997,1.0,1.4324935819285156,1.0,1000.0,57.325477324787215,51.54827672333158,51.54827672333158,51.54827672333158,44.6796515226052,40.5675845677271,43.2843787397006,37.948243469130205,40.352594973882546,40.352594973882546,37.948243469130205,38.34487094670143,57.552778891577475,58.35491933989975,52.8356868551266,52.735642300723455,52.98048830721798,52.97522279731367,2.9720840504769086,45.46855703458495,45.46855703458495,25.11986537244083,8.700448719004049,19.393369855799033,12.384727977482955,14.481216142145804,2.7352248518709756,2.0421901392994664,2.0421901392994664,2.7352248518709756,48.25038299885101,51.637789529169176,57.7458538638899,57.7458538638899,29.313969692622614,28.620793379990367,41.02827763760264,35.622905280281884,32.94661922228975,42.9412665645676,37.59724661439204,32.47279016281747,58.87798051206236,58.04424296766874,50.970832707944304,47.97834086030168,53.68255802230784,45.837123941562524
55.481449044679394,16.010761720422792,16.010761720422792,16.010761720422792,73.75312789523824,74.00750617566123,69.06371517689112,73.76716257072896,57.325477324787215,56.89298375873292,57.325477324787215,57.325477324787215,1000.0,6.777200792713063,6.777200792713063,6.777200792713063,13.64582616407493,17.757893191578297,15.041098974102285,20.37723432489728,17.97288278861114,17.97288278861114,20.37723432489728,19.980606842645514,1.2273015752063725,2.0294420537678493,5.489790622072766,5.58983517957218,5.3449891654767745,5.35025467554537,59.29756129975719,12.856920635632521,12.856920635632521,33.2056124618102,65.02592571988788,75.71884627718136,68.71020479573963,70.8066928484846,59.060702110490865,58.367667424821846,58.367667424821846,59.060702110490865,10.075094606820485,6.68768798424464,1.4203765547206126,1.4203765547206126,29.011508152216877,29.704684464690757,17.29720011466696,22.70257253704169,25.37885861307754,15.38421115551486,20.72823118360569,25.852687674766393,2.5525032461012893,1.7187656697252702,7.354644824820122,10.347136752128336,4.642919428158005,12.488353720684772
49.70424843019593,10.233560936999828,10.233560936999828,10.233560936999828,67.97592743013607,68.23030571295766,63.28651466914133,67.9899621057589,51.54827672333158,51.11578315418052,51.54827672333158,51.54827672333158,6.777200792713063,1000.0,1.0,1.0,7.868625377183039,11.980692411200199,9.263898189166218,14.600033549851982,12.195682008636043,12.195682008636043,14.600033549851982,14.203406066733512,7.00450236782803,7.806642846011655,2.287410171027508,2.1873656135059627,2.4322116276531554,2.4269461175835296,53.52036071274253,7.079719847750384,7.079719847750384,27.428411726198984,59.248725177801845,69.9416458308423,62.93300428489557,65.02949235623852,53.28350152171397,52.590466830932385,52.590466830932385,53.28350152171397,4.29789381611281,1.0895128085025312,7.197577347259195,7.197577347259195,23.234307401278212,23.927483716122072,11.519999333446194,16.925371767502813,19.601657850775492,9.60701037109977,14.951030409345003,20.075486913845914,8.329704038052306,7.495966462125642,1.5774440323528955,4.569935961651191,3.1342813650758754,6.711152932368623
49.70424843019593,10.233560936999828,10.233560936999828,10.233560936999828,67.97592743013607,68.23030571295766,63.28651466914133,67.9899621057589,51.54827672333158,51.11578315418052,51.54827672333158,51.54827672333158,6.777200792713063,1.0,1000.0,1.0,7.868625377183039,11.980692411200199,9.263898189166218,14.600033549851982,12.195682008636043,12.195682008636043,14.600033549851982,14.203406066733512,7.00450236782803,7.806642846011655,2.287410171027508,2.1873656135059627,2.4322116276531554,2.4269461175835296,53.52036071274253,7.079719847750384,7.079719847750384,27.428411726198984,59.248725177801845,69.9416458308423,62.93300428489557,65.02949235623852,53.28350152171397,52.590466830932385,52.590466830932385,53.28350152171397,4.29789381611281,1.0895128085025312,7.197577347259195,7.197577347259195,23.234307401278212,23.927483716122072,11.519999333446194,16.925371767502813,19.601657850775492,9.60701037109977,14.951030409345003,20.075486913845914,8.329704038052306,7.495966462125642,1.5774440323528955,4.569935961651191,3.1342813650758754,6.711152932368623
49.70424843019593,10.233560936999828,10.233560936999828,10.233560936999828,67.97592743013607,68.23030571295766,63.28651466914133,67.9899621057589,51.54827672333158,51.11578315418052,51.54827672333158,51.54827672333158,6.777200792713063,1.0,1.0,1000.0,7.868625377183039,11.980692411200199,9.263898189166218,14.600033549851982,12.195682008636043,12.195682008636043,14.600033549851982,14.203406066733512,7.00450236782803,7.806642846011655,2.287410171027508,2.1873656135059627,2.4322116276531554,2.4269461175835296,53.52036071274253,7.079719847750384,7.079719847750384,27.428411726198984,59.248725177801845,69.9416458308423,62.93300428489557,65.02949235623852,53.28350152171397,52.590466830932385,52.590466830932385,53.28350152171397,4.29789381611281,1.0895128085025312,7.197577347259195,7.197577347259195,23.234307401278212,23.927483716122072,11.519999333446194,16.925371767502813,19.601657850775492,9.60701037109977,14.951030409345003,20.075486913845914,8.329704038052306,7.495966462125642,1.5774440323528955,4.569935961651191,3.1342813650758754,6.711152932368623
42.83562321583856,3.3649355615581285,3.3649355615581285,3.3649355615581285,61.1073023749703,61.36168066038733,56.417889567996106,61.12133705073607,44.6796515226052,44.24715795020814,44.6796515226052,44.6796515226052,13.64582616407493,7.868625377183039,7.868625377183039,7.868625377183039,1000.0,5.112067037618174,2.395272812902605,7.731408179970937,5.327056635316523,5.327056635316523,7.731408179970937,7.334780696221673,13.87312773885219,14.675268215778335,9.156035547373698,9.055990989926649,9.3008370038887,9.295571493823157,46.65173552719819,1.7889055298150631,1.7889055298150631,20.559786390275864,52.38010003990209,63.0730207960037,56.064379180427686,58.160867271769696,46.41487633431316,45.72184163815142,45.72184163815142,46.41487633431316,4.570731562008978,7.958138185635926,14.066202717990036,14.066202717990036,16.365682051358032,17.058858368321154,4.651373959326503,10.056746401825432,12.733032491005453,2.7383849951098362,8.082405040043136,13.20686155524102,15.198329406943833,14.364591832391511,7.291181345119701,4.29868941647063,10.0029067407276,2.157472445341458
38.723556253766716,2.7471314762574166,2.7471314762574166,2.7471314762574166,56.99523549862307,57.24961378546053,52.30582266658066,57.00927017446705,40.5675845677271,40.135090993613495,40.5675845677271,40.5675845677271,17.757893191578297,11.980692411200199,11.980692411200199,11.980692411200199,5.112067037618174,1000.0,3.716794224896633,3.6193411431952014,1.2149895977427911,1.2149895977427911,3.6193411431952014,3.2227136592762373,17.985194766034212,18.787335241786998,13.268102580214908,13.168058022864908,13.412904036587758,13.407638526527421,42.53966858037529,5.900972567248577,5.900972567248577,16.447719367104327,48.26803311859957,58.96095393079521,51.95231227720839,54.0488003794242,42.30280938650302,41.60977468748367,41.60977468748367,42.30280938650302,8.682798598317131,12.07020521957644,18.178269744895232,18.178269744895232,12.253615022005658,12.946791339874107,1.4606930783720302,5.9446793663472155,8.620965457660713,3.373682042705441,3.970338003430123,9.094794522345405,19.310396432154345,18.476658858861896,11.403248379612949,8.410756452921424,14.114973772709059,6.269539482668331
41.44035043041183,1.9696627486926872,1.9696627486926872,1.9696627486926872,59.7120296194355,59.9664079053457,55.02261680374888,59.72606429522842,43.2843787397006,42.85188516670205,43.2843787397006,43.2843787397006,15.041098974102285,9.263898189166218,9.263898189166218,9.263898189166218,2.395272812902605,3.716794224896633,1000.0,6.336135367650581,3.9317838226195283,3.9317838226195283,6.336135367650581,5.939507883826271,15.26840054878052,16.070541025343857,10.551308359014554,10.451263801596028,10.696109815487695,10.690844305423688,45.25646274711364,3.1841783426897483,3.1841783426897483,19.16451358313644,50.98482726872914,61.677748044334955,54.66910641555283,56.765594510676756,45.01960355388321,44.32656885672132,44.32656885672132,45.01960355388321,5.966004374624306,9.353410997597042,15.461475527832942,15.461475527832942,14.970409241936698,15.66358555923753,3.25610114655741,8.66147359004773,11.337759680069507,1.343112182216897,6.68713222779345,11.811588744478332,16.59360221626156,15.759864642100018,8.686454157238998,5.693962229122376,11.398179552114021,3.552745258196188
36.10421515096527,5.366472619220406,5.366472619220406,5.366472619220406,54.37589444668391,54.63027273437408,49.68648159963407,54.38992912257484,37.948243469130205,37.515749894011776,37.948243469130205,37.948243469130205,20.37723432489728,14.600033549851982,14.600033549851982,14.600033549851982,7.731408179970937,3.6193411431952014,6.336135367650581,1000.0,3.404351545468146,3.404351545468146,1.0,1.3966274839458044,20.60453589910194,21.40667637394297,15.887443717853873,15.787399160586185,16.0322451741065,16.026979664050558,39.92032748650544,8.520313709322089,8.520313709322089,13.828378229946697,45.64869203981234,56.34161288554864,49.332971209185196,51.42945931789798,39.68346829205284,38.99043359135518,38.99043359135518,39.68346829205284,11.302139739103891,14.689546358161058,20.79761087774708,20.79761087774708,9.63427388177015,10.32745020007328,4.080034221524038,3.325338223502127,6.001624315626334,5.993023185539898,1.3509968602666647,6.475453380500041,21.929737563694754,21.095999991375646,14.02258951868629,11.030097593854777,16.734314909626875,8.888880624598407
38.50856665956598,2.962121073991644,2.962121073991644,2.962121073991644,56.78024590870675,57.03462419561574,52.090833075404404,56.79428058455466,40.352594973882546,39.920101399683865,40.352594973882546,40.352594973882546,17.97288278861114,12.195682008636043,12.195682008636043,12.195682008636043,5.327056635316523,1.2149895977427911,3.9317838226195283,3.404351545468146,1000.0,1.0,3.404351545468146,3.007724061544596,18.2001843630478,19.002324838730573,13.483092177575358,13.383047620231512,13.627893633939209,13.622628123879199,42.324678986930564,6.115962164928745,6.115962164928745,16.23272976994989,48.0530435264272,58.74596434144003,51.737322685941635,53.8338107887033,42.08781979300924,41.39478509384796,41.39478509384796,42.08781979300924,8.897788195908397,12.285194817007309,18.393259341892268,18.393259341892268,12.0386254245734,12.731801742481691,1.6756826761140438,5.729689768662867,8.405975860058984,3.5886716404328824,3.755348405707782,8.879804924762036,19.52538602905054,18.691648455832976,11.618237977079923,8.625746050523087,14.329963370015404,6.48452908033894
38.50856665956598,2.962121073991644,2.962121073991644,2.962121073991644,56.78024590870675,57.03462419561574,52.090833075404404,56.79428058455466,40.352594973882546,39.920101399683865,40.352594973882546,40.352594973882546,17.97288278861114,12.195682008636043,12.195682008636043,12.195682008636043,5.327056635316523,1.2149895977427911,3.9317838226195283,3.404351545468146,1.0,1000.0,3.404351545468146,3.007724061544596,18.2001843630478,19.002324838730573,13.483092177575358,13.383047620231512,13.627893633939209,13.622628123879199,42.324678986930564,6.115962164928745,6.115962164928745,16.23272976994989,48.0530435264272,58.74596434144003,51.737322685941635,53.8338107887033,42.08781979300924,41.39478509384796,41.39478509384796,42.08781979300924,8.897788195908397,12.285194817007309,18.393259341892268,18.393259341892268,12.0386254245734,12.731801742481691,1.6756826761140438,5.729689768662867,8.405975860058984,3.5886716404328824,3.755348405707782,8.879804924762036,19.52538602905054,18.691648455832976,11.618237977079923,8.625746050523087,14.329963370015404,6.48452908033894
36.10421515096527,5.366472619220406,5.366472619220406,5.366472619220406,54.37589444668391,54.63027273437408,49.68648159963407,54.38992912257484,37.948243469130205,37.515749894011776,37.948243469130205,37.948243469130205,20.37723432489728,14.600033549851982,14.600033549851982,14.600033549851982,7.731408179970937,3.6193411431952014,6.336135367650581,1.0,3.404351545468146,3.404351545468146,1000.0,1.3966274839458044,20.60453589910194,21.40667637394297,15.887443717853873,15.787399160586185,16.0322451741065,16.026979664050558,39.92032748650544,8.520313709322089,8.520313709322089,13.828378229946697,45.64869203981234,56.34161288554864,49.332971209185196,51.42945931789798,39.68346829205284,38.99043359135518,38.99043359135518,39.68346829205284,11.302139739103891,14.689546358161058,20.79761087774708,20.79761087774708,9.63427388177015,10.32745020007328,4.080034221524038,3.325338223502127,6.001624315626334,5.993023185539898,1.3509968602666647,6.475453380500041,21.929737563694754,21.095999991375646,14.02258951868629,11.030097593854777,16.734314909626875,8.888880624598407
36.500842629154256,4.9698451353545074,4.9698451353545074,4.9698451353545074,54.77252191735843,55.026900204922086,50.083109072533006,54.786556593242395,38.34487094670143,37.91237737173072,38.34487094670143,38.34487094670143,19.980606842645514,14.203406066733512,14.203406066733512,14.203406066733512,7.334780696221673,3.2227136592762373,5.939507883826271,1.3966274839458044,3.007724061544596,3.007724061544596,1.3966274839458044,1000.0,20.207908416890554,21.010048891877865,15.490816234901956,15.390771677620783,15.635617691174275,15.63035218111761,40.31695496338108,8.123686225623196,8.123686225623196,14.225005713109727,46.04531951446283,56.738240355229884,49.72959868224351,51.826086789993994,40.08009576901393,39.38706106856331,39.38706106856331,40.08009576901393,10.905512255628343,14.292918875053674,20.400983395570357,20.400983395570357,10.030901365356264,10.724077683600676,3.6834067376163353,3.721965707418744,6.398251799447614,5.5963957016998815,1.7476243442112591,6.872080864297557,21.53311008172821,20.699372509253177,13.625962035498072,10.633470110354244,16.33768742679284,8.492253140925007
55.708750612011414,16.23806329502616,16.23806329502616,16.23806329502616,73.98042945640378,74.23480773672843,69.29101673980882,73.99446413188912,57.552778891577475,57.12028532565186,57.552778891577475,57.552778891577475,1.2273015752063725,7.00450236782803,7.00450236782803,7.00450236782803,13.87312773885219,17.985194766034212,15.26840054878052,20.60453589910194,18.2001843630478,18.2001843630478,20.60453589910194,20.207908416890554,1000.0,1.802140478563652,5.717092197223336,5.8171367547202975,5.572290740630803,5.577556250699275,59.52486286594806,13.084222210461224,13.084222210461224,33.43291403426038,65.25322728422043,75.94614783757758,68.93750635878472,71.03399441076476,59.28800367675483,58.59496899129794,58.59496899129794,59.28800367675483,10.302396181804374,6.914989559362365,1.1930749795144542,1.1930749795144542,29.238809725336456,29.931986037706128,17.52450168916332,22.929874110992913,25.60616018670169,15.611512730167167,20.955532757773923,26.079989248328687,2.325201670900336,1.491464094519828,7.581946399916279,10.574438327098848,4.870221003327233,12.715655295536383
56.51089106226314,17.040203771315976,17.040203771315976,17.040203771315976,74.78256988471954,75.03694816469446,70.09315717435271,74.79660456018557,58.35491933989975,57.922425774432384,58.35491933989975,58.35491933989975,2.0294420537678493,7.806642846011655,7.806642846011655,7.806642846011655,14.675268215778335,18.787335241786998,16.070541025343857,21.40667637394297,19.002324838730573,19.002324838730573,21.40667637394297,21.010048891877865,1.802140478563652,1000.0,6.519232675544926,6.61927723303227,6.374431218965981,6.379696729033966,60.327003312136306,13.886362687576455,13.886362687576455,34.23505450278712,66.05536772379583,76.74828826315958,69.73964679378133,71.83613484304202,60.09014412320322,59.39710943850152,59.39710943850152,60.09014412320322,11.104536659493863,7.717130037556581,1.6090654990502908,1.6090654990502908,30.040950196265673,30.734126508260943,18.32664216506324,23.73201458491732,26.40830065944625,16.413653206635722,21.75767323248306,26.88212972085043,1.5230611923431272,1.310676384045243,8.384086878028004,11.37657880473854,5.672361481722761,13.517795772735983
50.991658564770525,11.52097110657597,11.52097110657597,11.52097110657597,69.26333753264667,69.51771581495082,64.57392478084137,69.27737220824102,52.8356868551266,52.40319328663665,52.8356868551266,52.8356868551266,5.489790622072766,2.287410171027508,2.287410171027508,2.287410171027508,9.156035547373698,13.268102580214908,10.551308359014554,15.887443717853873,13.483092177575358,13.483092177575358,15.887443717853873,15.490816234901956,5.717092197223336,6.519232675544926,1000.0,1.1000445575233186,1.1448014566287443,1.1395359465589951,54.80777084145165,8.367130018108838,8.367130018108838,28.715821886273066,60.536135296882875,71.22905592930343,64.22041439726146,66.3169024646005,54.570911650799914,53.877876961111184,53.877876961111184,54.570911650799914,5.585303986914469,2.1978973625265774,5.910167176685954,5.910167176685954,24.521717564486806,25.214893878848997,12.807409502617814,18.212781934433497,20.889068016272866,10.894420540855007,16.23844057719558,21.36289707906717,7.0422938676858795,6.208556291603202,2.864854203364323,5.85734613241971,1.846871194075355,7.998563102799092
50.891614010148835,11.420926549179933,11.420926549179933,11.420926549179933,69.16329298054185,69.41767126288656,64.47388022801599,69.17732765613843,52.735642300723455,52.303148732181526,52.735642300723455,52.735642300723455,5.58983517957218,2.1873656135059627,2.1873656135059627,2.1873656135059627,9.055990989926649,13.168058022864908,10.451263801596028,15.787399160586185,13.383047620231512,13.383047620231512,15.787399160586185,15.390771677620783,5.8171367547202975,6.61927723303227,1.1000445575233186,1000.0,1.244846014152022,1.2395805040822752,54.707726287291024,8.267085460647664,8.267085460647664,28.61577732963912,60.436090743478346,71.12901137751598,64.12036984438382,66.2168579120369,54.47086709660968,53.77783240683507,53.77783240683507,54.47086709660968,5.485259429415017,2.097852805004785,6.010211734180737,6.010211734180737,24.421673007603502,25.114849322004076,12.707364945254978,18.112737377252255,20.789023459206696,10.794375983444187,16.138396019940128,21.262852522023113,7.142338425166149,6.308600849094448,2.7648096458448226,5.7573015749232095,1.9469157515977433,7.898518545331812
51.136460017178976,11.66577256301617,11.66577256301617,11.66577256301617,69.40813898140479,69.66251726365012,64.71872623064435,69.4221736569959,52.98048830721798,52.547994738803425,52.98048830721798,52.98048830721798,5.3449891654767745,2.4322116276531554,2.4322116276531554,2.4322116276531554,9.3008370038887,13.412904036587758,10.696109815487695,16.0322451741065,13.627893633939209,13.627893633939209,16.0322451741065,15.635617691174275,5.572290740630803,6.374431218965981,1.1448014566287443,1.244846014152022,1000.0,1.0052655100697503,54.9525722931912,8.511931474644612,8.511931474644612,28.860623341603155,60.68093674752573,71.37385737760134,64.36521584714019,66.46170391402384,54.715713102582434,54.02267841301828,54.02267841301828,54.715713102582434,5.730105443506782,2.342698819152621,5.765365720096494,5.765365720096494,24.66651902017954,25.359695334485888,12.952210959009415,18.357583390560045,21.03386947223177,11.039221997316854,16.383242033430342,21.507698534993875,6.897492411116957,6.063754835018738,3.0096556599867723,6.002147589007641,1.702069737447609,8.143364559343851
51.131194507263125,11.660507052953367,11.660507052953367,11.660507052953367,69.40287347162185,69.65725175386929,64.71346072082335,69.41690814721306,52.97522279731367,52.54272922889637,52.97522279731367,52.97522279731367,5.35025467554537,2.4269461175835296,2.4269461175835296,2.4269461175835296,9.295571493823157,13.407638526527421,10.690844305423688,16.026979664050558,13.622628123879199,13.622628123879199,16.026979664050558,15.63035218111761,5.577556250699275,6.379696729033966,1.1395359465589951,1.2395805040822752,1.0052655100697503,1000.0,54.94730678329971,8.506665964578307,8.506665964578307,28.855357831580868,60.67567123767415,71.36859186783512,64.35995033731643,66.45643840421664,54.71044759268936,54.017412903120686,54.017412903120686,54.71044759268936,5.724839933438396,2.33743330908298,5.770631230164855,5.770631230164855,24.66125351014403,25.35442982445241,12.94694544894839,18.352317880508707,21.028603962186548,11.033956487253256,16.377976523375047,21.502433024949838,6.902757921184582,6.06902034508692,3.0043901499172683,5.996882078939417,1.7073352475173291,8.138099049277216
4.816112396391288,44.286800020049505,44.286800020049505,44.286800020049505,15.455567311003783,15.70994560657374,10.766154329268145,15.469601987327906,2.9720840504769086,3.404577632381439,2.9720840504769086,2.9720840504769086,59.29756129975719,53.52036071274253,53.52036071274253,53.52036071274253,46.65173552719819,42.53966858037529,45.25646274711364,39.92032748650544,42.324678986930564,42.324678986930564,39.92032748650544,40.31695496338108,59.52486286594806,60.327003312136306,54.80777084145165,54.707726287291024,54.9525722931912,54.94730678329971,1000.0,47.440641037543976,47.440641037543976,27.09194940842142,6.728364669544931,17.421285812295242,10.412643929479087,12.509132095249992,1.236859198615413,1.929893911199795,1.929893911199795,1.236859198615413,50.22246699582098,53.609873518368,59.71793783774952,59.71793783774952,31.286053723351543,30.59287741164298,43.0003616493869,37.59498930158999,34.918703247817284,44.91335057266045,39.56933063237681,34.4448741890578,60.850064482891504,60.016326940735304,52.94291669871473,49.95042485787296,55.65464200656161,47.809207943748426
43.624528729281245,4.153841091304855,4.153841091304855,4.153841091304855,61.89620787114609,62.15058615627916,57.20679506919185,61.910242546896235,45.46855703458495,45.03606346253663,45.46855703458495,45.46855703458495,12.856920635632521,7.079719847750384,7.079719847750384,7.079719847750384,1.7889055298150631,5.900972567248577,3.1841783426897483,8.520313709322089,6.115962164928745,6.115962164928745,8.520313709322089,8.123686225623196,13.084222210461224,13.886362687576455,8.367130018108838,8.267085460647664,8.511931474644612,8.506665964578307,47.440641037543976,1000.0,1.0,21.348691916440952,53.16900554509452,63.861926289954205,56.85328468198538,58.94977277114709,47.203781844858995,46.510747149276604,46.510747149276604,47.203781844858995,3.7818260322848944,7.169232656213959,13.277297189643512,13.277297189643512,17.154587578897267,17.847763895655564,5.440279488993012,10.845651930823234,13.521938019473758,3.527290524884648,8.87131056934731,13.995767083601882,14.409423878871598,13.575686304114999,6.5022758156216405,3.5097838867313955,9.214001211589654,1.3685669155303026
43.624528729281245,4.153841091304855,4.153841091304855,4.153841091304855,61.89620787114609,62.15058615627916,57.20679506919185,61.910242546896235,45.46855703458495,45.03606346253663,45.46855703458495,45.46855703458495,12.856920635632521,7.079719847750384,7.079719847750384,7.079719847750384,1.7889055298150631,5.900972567248577,3.1841783426897483,8.520313709322089,6.115962164928745,6.115962164928745,8.520313709322089,8.123686225623196,13.084222210461224,13.886362687576455,8.367130018108838,8.267085460647664,8.511931474644612,8.506665964578307,47.440641037543976,1.0,1000.0,21.348691916440952,53.16900554509452,63.861926289954205,56.85328468198538,58.94977277114709,47.203781844858995,46.510747149276604,46.510747149276604,47.203781844858995,3.7818260322848944,7.169232656213959,13.277297189643512,13.277297189643512,17.154587578897267,17.847763895655564,5.440279488993012,10.845651930823234,13.521938019473758,3.527290524884648,8.87131056934731,13.995767083601882,14.409423878871598,13.575686304114999,6.5022758156216405,3.5097838867313955,9.214001211589654,1.3685669155303026
23.275837037934313,18.19485083796513,18.19485083796513,18.19485083796513,41.547516540638014,41.801894831917956,36.85810363089736,41.56155121672648,25.11986537244083,24.687371793398114,25.11986537244083,25.11986537244083,33.2056124618102,27.428411726198984,27.428411726198984,27.428411726198984,20.559786390275864,16.447719367104327,19.16451358313644,13.828378229946697,16.23272976994989,16.23272976994989,13.828378229946697,14.225005713109727,33.43291403426038,34.23505450278712,28.715821886273066,28.61577732963912,28.860623341603155,28.855357831580868,27.09194940842142,21.348691916440952,21.348691916440952,1000.0,32.82031402239251,43.513235007748975,36.504593235990534,38.601081371690285,26.85509021167253,26.162055504352796,26.162055504352796,26.85509021167253,24.130517933508695,27.517924533972796,33.62598901140315,33.62598901140315,5.194104353583235,4.500928034749023,16.908412444159723,11.503040010089771,8.82675392016389,18.82140140221093,13.477381370333612,8.352924855456642,34.75811568831843,33.92437812268807,26.85096769842893,23.858475789604594,29.562693072562155,21.71725883016524
10.544477063495334,50.015164547705666,50.015164547705666,50.015164547705666,9.727202649921493,9.9815809458915,5.037789662367783,9.741237326267463,8.700448719004049,9.132942300615701,8.700448719004049,8.700448719004049,65.02592571988788,59.248725177801845,59.248725177801845,59.248725177801845,52.38010003990209,48.26803311859957,50.98482726872914,45.64869203981234,48.0530435264272,48.0530435264272,45.64869203981234,46.04531951446283,65.25322728422043,66.05536772379583,60.536135296882875,60.436090743478346,60.68093674752573,60.67567123767415,6.728364669544931,53.16900554509452,53.16900554509452,32.82031402239251,1000.0,11.69292115453029,4.684279262259801,6.780767430167334,6.965223868065639,7.658258580329739,7.658258580329739,6.965223868065639,55.95083148453922,59.33823798276502,65.44630225443797,65.44630225443797,37.01441831990339,36.321242011235654,48.728726184863966,43.32335386752092,40.64706782738575,50.641715096427745,45.29769518763539,40.173238770941296,66.57842889019294,65.7446913549662,58.67128116802101,55.678789348478276,61.38300645553929,53.53757244886301
21.237398193841766,60.70808533658136,60.70808533658136,60.70808533658136,2.9657185067587886,2.7113402105651403,7.655131495529422,2.951683830400902,19.393369855799033,19.825863435974583,19.393369855799033,19.393369855799033,75.71884627718136,69.9416458308423,69.9416458308423,69.9416458308423,63.0730207960037,58.96095393079521,61.677748044334955,56.34161288554864,58.74596434144003,58.74596434144003,56.34161288554864,56.738240355229884,75.94614783757758,76.74828826315958,71.22905592930343,71.12901137751598,71.37385737760134,71.36859186783512,17.421285812295242,63.861926289954205,63.861926289954205,43.513235007748975,11.69292115453029,1000.0,8.008641895505757,5.91215372792115,17.658145010152083,18.351179720393144,18.351179720393144,17.658145010152083,66.64375218852477,70.03115863438506,76.13922280444149,76.13922280444149,47.707339264119184,47.01416296255307,59.421646990984144,54.016274741603894,51.33998873242899,61.33463587675576,55.990616037736615,50.866159681280294,77.27134942034593,76.43761189976864,69.36420183017657,66.37171005654574,72.07592707417172,64.23049318841765
14.228756320310303,53.69944369880815,53.69944369880815,53.69944369880815,6.042923389561422,6.297301685685452,1.353510400169582,6.056958065915746,12.384727977482955,12.817221558730651,12.384727977482955,12.384727977482955,68.71020479573963,62.93300428489557,62.93300428489557,62.93300428489557,56.064379180427686,51.95231227720839,54.66910641555283,49.332971209185196,51.737322685941635,51.737322685941635,49.332971209185196,49.72959868224351,68.93750635878472,69.73964679378133,64.22041439726146,64.12036984438382,64.36521584714019,64.35995033731643,10.412643929479087,56.85328468198538,56.85328468198538,36.504593235990534,4.684279262259801,8.008641895505757,1000.0,3.096488168430586,10.64950312784272,11.34253783961946,11.34253783961946,10.64950312784272,59.63511060818843,63.022517089396445,69.13058132790516,69.13058132790516,40.69869752059525,40.00552121416469,52.41300534151885,47.007633045957135,44.3313470156797,54.32599424477465,48.981974358405985,43.85751796091654,70.26270795716307,69.42897042673161,62.355560278080674,59.36306847345161,65.06728555142338,57.221851584037516
