1000.0,4.954988574759609,9.19968029380223,56.99874553541615,57.25312382225243,57.54258822143973,56.99874553541615,57.54258822143973,56.99874553541615,47.041674649335164,45.15825361227677,40.138601030472245,38.88409911945288,38.88409911945288,38.88409911945288,38.88409911945288,38.88409911945288,38.88409911945288,38.88146728575386,7.936877986182326,7.950041260843025,2.6962353731754156,3.5254493994180125,3.2973375559002043,16.29492253779344,16.29492253779344,16.29492253779344,16.29492253779344,16.29492253779344,16.29492253779344,16.29492253779344,16.29492253779344,16.29492253779344,16.29492253779344,16.29492253779344,3.7720249504791328,3.3175205925297977,3.5254493994180125,13.253183949911334,12.916192061322967,13.598952490385578,17.981684729124616,14.35982172628216,12.950417763951968,5.93502721733677,18.04197377742966,16.962761369108243,16.962761369108243,13.475007302498975,3.081436841888955,6.222152382432111,16.911000918094736,21.4658503822627,27.813302843186328,57.06979606776155,31.506879907054717,65.42018177165546,63.79750826138746,65.42018177165546,22.031479682145054,26.128789613989284,30.70851381152932,46.24514934307957,48.569797840268464,31.919221098127768,29.506569674173935,48.61365877110819,47.85924889504029,46.78903273967945,5.739505570258573,10.074609596085681,5.7570563350179285,21.93977364788556,18.025565383360675,28.478318976908923,24.62536834344275,26.082280582752983,24.563932609728848,24.107553695781434,26.196376743236794,22.60677941035972,22.60677941035972,22.60677941035972,26.196376743236794,26.196376743236794,28.653854495807323,21.56239017998077,18.148431286505797,13.523480098388582,15.059263320694406,18.99094316666272,19.87734120627282,15.39274984662443,20.526784824690836,19.00448402147985,16.161682201512797,13.353921489712427,13.968123833903196,12.836234617647438,1.5958275387152554
4.954988574759609,1000.0,5.244691720641152,60.953733955450616,61.20811224092248,61.497576638549866,60.953733955450616,61.497576638549866,60.953733955450616,50.996663118065015,49.11324208918464,44.093589527572504,42.839087621235514,42.839087621235514,42.839087621235514,42.839087621235514,42.839087621235514,42.839087621235514,42.836455787546164,3.981889412372804,3.995052687039505,3.258753201760223,7.4804379734255315,2.657651019034362,12.33993397099673,12.33993397099673,12.33993397099673,12.33993397099673,12.33993397099673,12.33993397099673,12.33993397099673,12.33993397099673,12.33993397099673,12.33993397099673,12.33993397099673,7.7270135243818,2.6374679824041567,7.4804379734255315,9.298195379820646,8.961203490919559,9.643963920626584,14.026696164520228,10.404833157291682,8.99542919357985,9.890015790079985,21.996962335732675,20.917749929246522,20.917749929246522,17.42999586783457,7.036425416071187,2.2671638079764715,12.956012352068521,17.510861823012416,31.768291379984397,61.02478448741553,35.46186843342915,69.37517014332829,67.75249664289078,69.37517014332829,25.98646823273165,30.083778155123028,34.66350234026354,50.20013781530808,52.52478630212167,35.874209623260356,33.46155820634981,52.56864723276083,51.81423736011789,50.74402120952536,1.7845169956697666,6.119621023459725,1.8020677604335877,17.984785089449495,14.070576818816795,24.52333043180579,20.670379790009243,22.127292032309654,20.608944056173524,20.15256514133197,22.241388193035842,18.651790853104455,18.651790853104455,18.651790853104455,22.241388193035842,22.241388193035842,24.698865951116076,17.607401620894677,14.1934427221323,9.568491528556251,11.104274752457236,15.035954603494806,15.92235264444351,11.437761278762222,16.571796263887993,22.959472578055497,20.116670762943958,17.308910055208333,17.92311239857198,16.791223183813504,5.5508161133502725
9.19968029380223,5.244691720641152,1000.0,65.1984254858009,65.45280376970554,65.74226816554174,65.1984254858009,65.74226816554174,65.1984254858009,55.24135470470202,53.357933685359946,48.33828114744816,47.08377924664355,47.08377924664355,47.08377924664355,47.08377924664355,47.08377924664355,47.08377924664355,47.08114741296565,2.2628023084538906,2.249639033786066,7.503444921677353,11.725129690640234,6.902342739193297,8.095242254318375,8.095242254318375,8.095242254318375,8.095242254318375,8.095242254318375,8.095242254318375,8.095242254318375,8.095242254318375,8.095242254318375,8.095242254318375,8.095242254318375,11.971705241384306,6.882159702570591,11.725129690640234,5.0535036608364425,4.716511771735936,5.399272201858615,9.782004449513023,6.16014143904099,4.7507374744159705,14.134707504963867,26.241654030225213,25.162441626144954,25.162441626144954,21.6746875717207,11.281117133652858,3.9775279128506087,8.711320635968093,13.266170112343277,36.012983047447364,65.2694760173287,39.70656008821208,73.61986161837062,71.99718812913952,73.61986161837062,30.23115991733006,34.32846982792011,38.90819399790179,54.444829406021974,56.76947788076069,40.118901276543816,37.70624986816763,56.81333881116683,56.0589289425047,54.988712797462306,4.4601747251051584,1.8749293030392606,4.442623960343636,13.740093379462662,9.825885103856802,20.278638733485785,16.42568808430594,17.882600329226705,16.364252350364303,15.907873434747582,17.996696490166908,14.407099144115325,14.407099144115325,14.407099144115325,17.996696490166908,17.996696490166908,20.45417425316717,13.362709910362735,9.948751007305505,5.323799809740084,6.859583034732333,10.79126288962137,11.677660931648466,7.193069561304964,12.327104551932111,27.20416427030511,24.36136246155375,21.553601759315466,22.167804101543155,21.03591488884912,9.795507832018352
56.99874553541615,60.953733955450616,65.1984254858009,1000.0,1.254378296203683,1.5438427061537658,1.0,1.5438427061537658,1.0,10.957071186023805,12.840492265192747,17.8601449365254,19.11464686476451,19.11464686476451,19.11464686476451,19.11464686476451,19.11464686476451,19.11464686476451,19.117278698497483,63.93562323676505,63.94878651082577,58.694980844724654,54.47329622414866,59.29608300391825,72.29366736210238,72.29366736210238,72.29366736210238,72.29366736210238,72.29366736210238,72.29366736210238,72.29366736210238,72.29366736210238,72.29366736210238,72.29366736210238,72.29366736210238,54.22672068124935,59.3162660397496,54.47329622414866,69.25192893985711,68.91493706888018,69.59769746210796,73.98042945640378,70.3585666573568,68.94916276972727,52.06371848259498,39.956772191685154,41.035984583771686,41.035984583771686,44.523738587523574,54.917308766781055,62.22089770924585,72.90974570739235,77.46459489742725,30.185443203708875,1.0710505349532649,26.491866136750343,9.421436591533878,7.798763005557221,9.421436591533878,35.967266333788395,31.869956428394065,27.290232234454763,11.753596510656003,9.428947957506557,26.079524944225426,28.49217637351877,9.385087025542878,10.139496920591434,11.209713101598277,61.73825091783969,66.073354746279,61.75580168184919,77.93851813298103,74.02431010806636,84.47706301742559,80.62411265264254,82.08102479261817,80.56267692305694,80.10629803962377,82.19512094520657,78.60552385264202,78.60552385264202,78.60552385264202,82.19512094520657,82.19512094520657,84.65259852362492,77.56113468904377,74.14717600399241,69.52222507410188,71.05800821373973,74.98968783411921,75.87608582009878,71.39149472131412,76.52552939857583,38.99426196083201,41.8370637383336,44.6448243978429,44.0306220659695,45.16251125914403,56.402918018246446
57.25312382225243,61.20811224092248,65.45280376970554,1.254378296203683,1000.0,1.2894644099505523,1.254378296203683,1.2894644099505523,1.254378296203683,11.211449481924394,13.094870560969571,18.11452323186923,19.36902515997671,19.36902515997671,19.36902515997671,19.36902515997671,19.36902515997671,19.36902515997671,19.3716569937094,64.19000152114708,64.20316479520287,58.949359130987084,54.72767451180785,59.55046128997323,72.5480456431499,72.5480456431499,72.5480456431499,72.5480456431499,72.5480456431499,72.5480456431499,72.5480456431499,72.5480456431499,72.5480456431499,72.5480456431499,72.5480456431499,54.481098968986835,59.57064432579759,54.72767451180785,69.50630722216589,69.16931535132534,69.85207574427609,74.23480773672843,70.61294493921301,69.20354105215858,52.31809677100412,40.211150483342315,41.29036287517457,41.29036287517457,44.77811687805751,55.17168705429828,62.47527599426101,73.16412398817778,77.7189731762055,30.43982149735388,1.183327761250457,26.746244430999173,9.167058295535423,7.544384709486288,9.167058295535423,36.221644626325585,32.1243347217368,27.54461052857995,12.00797480650683,9.68332625349204,26.333903238536646,28.746554667450646,9.639465321530595,10.393875216539179,11.464091397483493,61.992629203029935,66.32773302984741,62.010179967033075,78.19289641154339,74.27868838837193,84.73144129287466,80.87849092995663,82.33540306923736,80.81705520040008,80.36067631718188,82.44949922177078,78.85990213089833,78.85990213089833,78.85990213089833,82.44949922177078,82.44949922177078,84.90697679898696,77.81551296777815,74.40155428424464,69.7766033563008,71.31238649530621,75.24406611400326,76.13046409959094,71.64587300274142,76.77990767777789,39.24864025271012,42.09144202954328,44.89920268834537,44.28500035663066,45.416889549511,56.65729630528029
57.54258822143973,61.497576638549866,65.74226816554174,1.5438427061537658,1.2894644099505523,1000.0,1.5438427061537658,1.0,1.5438427061537658,11.500913891511205,13.384334970412066,18.403987640809746,19.658489568765123,19.658489568765123,19.658489568765123,19.658489568765123,19.658489568765123,19.658489568765123,19.661121402497486,64.47946591752881,64.49262919157894,59.23882352951824,55.0171389119362,59.83992568826724,72.83751003572178,72.83751003572178,72.83751003572178,72.83751003572178,72.83751003572178,72.83751003572178,72.83751003572178,72.83751003572178,72.83751003572178,72.83751003572178,72.83751003572178,54.77056336920477,59.860108724083545,55.0171389119362,69.79577161617857,69.45877974549381,70.14154013812811,74.52427212847452,70.9024093327087,69.49300544631129,52.607561171990326,40.50061488804687,41.57982727958778,41.57982727958778,45.06758128147546,55.46115145426428,62.76474039136634,73.45358838045026,78.0084375661855,30.729285904338507,1.472792171200715,27.035708838677724,8.877593885803327,7.25492029967472,8.877593885803327,36.511109032038924,32.41379912837435,27.834074936116316,12.297439216035535,9.972790663178275,26.623367646286937,29.036019074764837,9.928929731219444,10.683339626181144,11.753555807052336,62.28209360033537,66.61719742529934,62.29964436433125,78.4823608012769,74.56815278009631,85.0209056790534,81.16795531826475,82.62486745675199,81.10651958874135,80.65014070576859,82.73896360922268,79.14936652028234,79.14936652028234,79.14936652028234,82.73896360922268,82.73896360922268,85.1964411850663,78.1049773577081,74.69101867590811,70.06606775018795,71.60185088847086,75.53353050524615,76.41992849038625,71.93533739574711,77.06937206824196,39.538104657667894,42.380906433735156,45.188667091727304,44.57446476019432,45.7063539527378,56.94676070469347
56.99874553541615,60.953733955450616,65.1984254858009,1.0,1.254378296203683,1.5438427061537658,1000.0,1.5438427061537658,1.0,10.957071186023805,12.840492265192747,17.8601449365254,19.11464686476451,19.11464686476451,19.11464686476451,19.11464686476451,19.11464686476451,19.11464686476451,19.117278698497483,63.93562323676505,63.94878651082577,58.694980844724654,54.47329622414866,59.29608300391825,72.29366736210238,72.29366736210238,72.29366736210238,72.29366736210238,72.29366736210238,72.29366736210238,72.29366736210238,72.29366736210238,72.29366736210238,72.29366736210238,72.29366736210238,54.22672068124935,59.3162660397496,54.47329622414866,69.25192893985711,68.91493706888018,69.59769746210796,73.98042945640378,70.3585666573568,68.94916276972727,52.06371848259498,39.956772191685154,41.035984583771686,41.035984583771686,44.523738587523574,54.917308766781055,62.22089770924585,72.90974570739235,77.46459489742725,30.185443203708875,1.0710505349532649,26.491866136750343,9.421436591533878,7.798763005557221,9.421436591533878,35.967266333788395,31.869956428394065,27.290232234454763,11.753596510656003,9.428947957506557,26.079524944225426,28.49217637351877,9.385087025542878,10.139496920591434,11.209713101598277,61.73825091783969,66.073354746279,61.75580168184919,77.93851813298103,74.02431010806636,84.47706301742559,80.62411265264254,82.08102479261817,80.56267692305694,80.10629803962377,82.19512094520657,78.60552385264202,78.60552385264202,78.60552385264202,82.19512094520657,82.19512094520657,84.65259852362492,77.56113468904377,74.14717600399241,69.52222507410188,71.05800821373973,74.98968783411921,75.87608582009878,71.39149472131412,76.52552939857583,38.99426196083201,41.8370637383336,44.6448243978429,44.0306220659695,45.16251125914403,56.402918018246446
57.54258822143973,61.497576638549866,65.74226816554174,1.5438427061537658,1.2894644099505523,1.0,1.5438427061537658,1000.0,1.5438427061537658,11.500913891511205,13.384334970412066,18.403987640809746,19.658489568765123,19.658489568765123,19.658489568765123,19.658489568765123,19.658489568765123,19.658489568765123,19.661121402497486,64.47946591752881,64.49262919157894,59.23882352951824,55.0171389119362,59.83992568826724,72.83751003572178,72.83751003572178,72.83751003572178,72.83751003572178,72.83751003572178,72.83751003572178,72.83751003572178,72.83751003572178,72.83751003572178,72.83751003572178,72.83751003572178,54.77056336920477,59.860108724083545,55.0171389119362,69.79577161617857,69.45877974549381,70.14154013812811,74.52427212847452,70.9024093327087,69.49300544631129,52.607561171990326,40.50061488804687,41.57982727958778,41.57982727958778,45.06758128147546,55.46115145426428,62.76474039136634,73.45358838045026,78.0084375661855,30.729285904338507,1.472792171200715,27.035708838677724,8.877593885803327,7.25492029967472,8.877593885803327,36.511109032038924,32.41379912837435,27.834074936116316,12.297439216035535,9.972790663178275,26.623367646286937,29.036019074764837,9.928929731219444,10.683339626181144,11.753555807052336,62.28209360033537,66.61719742529934,62.29964436433125,78.4823608012769,74.56815278009631,85.0209056790534,81.16795531826475,82.62486745675199,81.10651958874135,80.65014070576859,82.73896360922268,79.14936652028234,79.14936652028234,79.14936652028234,82.73896360922268,82.73896360922268,85.1964411850663,78.1049773577081,74.69101867590811,70.06606775018795,71.60185088847086,75.53353050524615,76.41992849038625,71.93533739574711,77.06937206824196,39.538104657667894,42.380906433735156,45.188667091727304,44.57446476019432,45.7063539527378,56.94676070469347
56.99874553541615,60.953733955450616,65.1984254858009,1.0,1.254378296203683,1.5438427061537658,1.0,1.5438427061537658,1000.0,10.957071186023805,12.840492265192747,17.8601449365254,19.11464686476451,19.11464686476451,19.11464686476451,19.11464686476451,19.11464686476451,19.11464686476451,19.117278698497483,63.93562323676505,63.94878651082577,58.694980844724654,54.47329622414866,59.29608300391825,72.29366736210238,72.29366736210238,72.29366736210238,72.29366736210238,72.29366736210238,72.29366736210238,72.29366736210238,72.29366736210238,72.29366736210238,72.29366736210238,72.29366736210238,54.22672068124935,59.3162660397496,54.47329622414866,69.25192893985711,68.91493706888018,69.59769746210796,73.98042945640378,70.3585666573568,68.94916276972727,52.06371848259498,39.956772191685154,41.035984583771686,41.035984583771686,44.523738587523574,54.917308766781055,62.22089770924585,72.90974570739235,77.46459489742725,30.185443203708875,1.0710505349532649,26.491866136750343,9.421436591533878,7.798763005557221,9.421436591533878,35.967266333788395,31.869956428394065,27.290232234454763,11.753596510656003,9.428947957506557,26.079524944225426,28.49217637351877,9.385087025542878,10.139496920591434,11.209713101598277,61.73825091783969,66.073354746279,61.75580168184919,77.93851813298103,74.02431010806636,84.47706301742559,80.62411265264254,82.08102479261817,80.56267692305694,80.10629803962377,82.19512094520657,78.60552385264202,78.60552385264202,78.60552385264202,82.19512094520657,82.19512094520657,84.65259852362492,77.56113468904377,74.14717600399241,69.52222507410188,71.05800821373973,74.98968783411921,75.87608582009878,71.39149472131412,76.52552939857583,38.99426196083201,41.8370637383336,44.6448243978429,44.0306220659695,45.16251125914403,56.402918018246446
47.041674649335164,50.996663118065015,55.24135470470202,10.957071186023805,11.211449481924394,11.500913891511205,10.957071186023805,11.500913891511205,10.957071186023805,1000.0,2.8834210817693773,7.90307376406962,9.157575695966324,9.157575695966324,9.157575695966324,9.157575695966324,9.157575695966324,9.157575695966324,9.160207529707359,53.97855243848556,53.991715712723455,48.73790997908523,44.516225308866844,49.339012145682524,62.33659668438579,62.33659668438579,62.33659668438579,62.33659668438579,62.33659668438579,62.33659668438579,62.33659668438579,62.33659668438579,62.33659668438579,62.33659668438579,62.33659668438579,44.26964976319557,49.359195181763916,44.516225308866844,59.29485821639656,58.95786634048316,59.64062674373969,64.02335880497463,60.401495950291455,58.99209204183038,42.1066475408285,29.99970113720783,31.07891353796159,31.07891353796159,34.56666757157134,44.96023785652623,52.26382688822733,62.95267503920092,67.50752430237596,20.22837208306389,11.028121720893935,16.53479499687112,19.378507759490414,17.755834178283997,19.378507759490414,26.010195249617546,21.912885317574002,17.333161098464338,1.7965253256310632,2.528123230019488,16.122453802395764,18.535105243662432,2.5719841620182464,1.8175742663038164,1.2526419158752782,51.78118009054339,56.11628397729983,51.79873085478022,67.98144754581472,64.06723945732983,74.51999254433129,70.66704211113668,72.12395427657847,70.60560638048801,70.14922748918467,72.23805043118186,68.6484532766609,68.6484532766609,68.6484532766609,72.23805043118186,72.23805043118186,74.69552805372881,67.60406409559447,64.19010535519757,59.565154354619764,61.10093751718272,65.0326171987329,65.91901519899619,61.434424029807126,66.56845878805368,29.037190898852693,31.87999269913176,34.687753382977924,34.07355104562456,35.20544024896581,46.44584712514309
45.15825361227677,49.11324208918464,53.357933685359946,12.840492265192747,13.094870560969571,13.384334970412066,12.840492265192747,13.384334970412066,12.840492265192747,2.8834210817693773,1000.0,6.019652683063854,7.274154615324776,7.274154615324776,7.274154615324776,7.274154615324776,7.274154615324776,7.274154615324776,7.276786449066647,52.0951314162235,52.108294690491476,46.85448894545045,42.63280426694455,47.455591113291206,60.453175682745886,60.453175682745886,60.453175682745886,60.453175682745886,60.453175682745886,60.453175682745886,60.453175682745886,60.453175682745886,60.453175682745886,60.453175682745886,60.453175682745886,42.386228720813335,47.47577414941459,42.63280426694455,57.41143720689839,57.07444533013924,57.75720573511445,62.13993780786659,58.5180749436055,57.108671031572136,40.22322649452581,28.11628007274732,29.195492474858664,29.195492474858664,32.68324651320526,43.07681681543884,50.380405862111935,61.06925403920186,65.62410331502205,18.34495100863942,12.911542800028597,14.651373919773043,21.261928833042486,19.63925525316216,21.261928833042486,24.12677418058229,20.029464244568018,15.449740021893337,2.0868957561573986,4.411544311673928,14.239032725036438,16.651684167937823,4.455405243667867,3.7009953480245095,2.6307791659031814,49.89775906336656,54.23286296002175,49.91530982764179,66.09802655982854,62.183818460341335,72.63657157821466,68.78362113308599,70.24053330296432,68.72218540225226,68.26580650957945,70.35462945791905,66.76503229261625,66.76503229261625,66.76503229261625,70.35462945791905,70.35462945791905,72.8121070881713,65.7206431085184,62.306684358544295,57.68173334580356,59.217516512301785,63.14919620439582,64.03559420712946,59.551003025794344,64.68503779801866,27.153769833224523,29.996571637069586,32.80433232478589,32.190129986556386,33.32201919152511,44.562426086912
40.138601030472245,44.093589527572504,48.33828114744816,17.8601449365254,18.11452323186923,18.403987640809746,17.8601449365254,18.403987640809746,17.8601449365254,7.90307376406962,6.019652683063854,1000.0,2.254501932723004,2.254501932723004,2.254501932723004,2.254501932723004,2.254501932723004,2.254501932723004,2.2571337664660396,47.07547887104138,47.0886421453842,41.834836372082705,37.61315167320075,42.435938542993775,55.433523189136814,55.433523189136814,55.433523189136814,55.433523189136814,55.433523189136814,55.433523189136814,55.433523189136814,55.433523189136814,55.433523189136814,55.433523189136814,55.433523189136814,37.3665761259437,42.456121579221,37.61315167320075,52.39178469357888,52.054792814702296,52.73755322398125,57.12028532565186,53.498422437332366,52.08901851634966,35.20357389008442,23.09662742482072,24.175839830112732,24.175839830112732,27.66359387966984,38.05716422374022,45.36075330735515,56.04960154971611,60.60445085739131,13.325298338118754,17.931195471241075,9.63172124362426,26.28158148599079,24.658907910302638,26.28158148599079,19.107121522080696,15.009811577144903,10.43008734682562,7.106548438831448,9.431196993048287,9.219380048358566,11.632031494638557,9.475057925011596,8.720648029863526,7.650431848330063,44.8781065059766,49.21321042725611,44.89565727034711,61.078374105650816,57.164165978427434,67.61691917434189,63.76396869896894,65.2208808800807,63.70253296766691,63.24615407152921,65.33497703592559,61.745379843342626,61.745379843342626,61.745379843342626,65.33497703592559,65.33497703592559,67.79245468571752,60.70099065158894,57.28703187747396,52.66208083419195,54.197864010555776,58.12954372915708,59.015941738115195,54.53135052622685,59.66538533362295,22.134117182576148,24.976918994772696,27.78467969166521,27.170477351349636,28.30236656019693,39.54277350222357
38.88409911945288,42.839087621235514,47.08377924664355,19.11464686476451,19.36902515997671,19.658489568765123,19.11464686476451,19.658489568765123,19.11464686476451,9.157575695966324,7.274154615324776,2.254501932723004,1000.0,1.0,1.0,1.0,1.0,1.0,1.002631833743084,45.82097696853606,45.834140242896346,40.5803344630157,36.358649759430016,41.18143663463877,54.17902129875113,54.17902129875113,54.17902129875113,54.17902129875113,54.17902129875113,54.17902129875113,54.17902129875113,54.17902129875113,54.17902129875113,54.17902129875113,54.17902129875113,36.11207421191431,41.201619670890075,36.358649759430016,51.137282798547204,50.80029091917245,51.48305132946413,55.865783437958534,52.24392054395981,50.83451662087025,33.949071973862004,21.842125498845053,22.921337904832622,22.921337904832622,26.40909195687038,36.80266231043976,44.10625140261479,54.79509966030421,59.34994897552126,12.07079640739592,19.18569739944361,8.377219311834864,27.53608340886008,25.913409834369006,27.53608340886008,17.852619593829402,13.755309647041136,9.175585415232911,8.361050370894896,10.685698924572923,7.964878116474903,10.37752956337717,10.729559856524544,9.9751499615697,8.90493378028167,43.62360460062258,47.9587085276571,43.64115536501529,59.823872224600116,55.90966409080525,66.36241730526139,62.509466822684516,63.96637900646961,62.448031091271126,61.99165219430948,64.08047516252645,60.49087796345615,60.49087796345615,60.49087796345615,64.08047516252645,64.08047516252645,66.53795281697546,59.44648876988523,56.03252999005128,51.407578939562235,52.94336211825027,56.87504184311427,57.761439853546435,53.27684863443511,58.410883450148646,20.879615256008858,23.722417070030907,26.530177768958257,25.915975428177873,27.047864637890303,38.28827159053831
38.88409911945288,42.839087621235514,47.08377924664355,19.11464686476451,19.36902515997671,19.658489568765123,19.11464686476451,19.658489568765123,19.11464686476451,9.157575695966324,7.274154615324776,2.254501932723004,1.0,1000.0,1.0,1.0,1.0,1.0,1.002631833743084,45.82097696853606,45.834140242896346,40.5803344630157,36.358649759430016,41.18143663463877,54.17902129875113,54.17902129875113,54.17902129875113,54.17902129875113,54.17902129875113,54.17902129875113,54.17902129875113,54.17902129875113,54.17902129875113,54.17902129875113,54.17902129875113,36.11207421191431,41.201619670890075,36.358649759430016,51.137282798547204,50.80029091917245,51.48305132946413,55.865783437958534,52.24392054395981,50.83451662087025,33.949071973862004,21.842125498845053,22.921337904832622,22.921337904832622,26.40909195687038,36.80266231043976,44.10625140261479,54.79509966030421,59.34994897552126,12.07079640739592,19.18569739944361,8.377219311834864,27.53608340886008,25.913409834369006,27.53608340886008,17.852619593829402,13.755309647041136,9.175585415232911,8.361050370894896,10.685698924572923,7.964878116474903,10.37752956337717,10.729559856524544,9.9751499615697,8.90493378028167,43.62360460062258,47.9587085276571,43.64115536501529,59.823872224600116,55.90966409080525,66.36241730526139,62.509466822684516,63.96637900646961,62.448031091271126,61.99165219430948,64.08047516252645,60.49087796345615,60.49087796345615,60.49087796345615,64.08047516252645,64.08047516252645,66.53795281697546,59.44648876988523,56.03252999005128,51.407578939562235,52.94336211825027,56.87504184311427,57.761439853546435,53.27684863443511,58.410883450148646,20.879615256008858,23.722417070030907,26.530177768958257,25.915975428177873,27.047864637890303,38.28827159053831
38.88409911945288,42.839087621235514,47.08377924664355,19.11464686476451,19.36902515997671,19.658489568765123,19.11464686476451,19.658489568765123,19.11464686476451,9.157575695966324,7.274154615324776,2.254501932723004,1.0,1.0,1000.0,1.0,1.0,1.0,1.002631833743084,45.82097696853606,45.834140242896346,40.5803344630157,36.358649759430016,41.18143663463877,54.17902129875113,54.17902129875113,54.17902129875113,54.17902129875113,54.17902129875113,54.17902129875113,54.17902129875113,54.17902129875113,54.17902129875113,54.17902129875113,54.17902129875113,36.11207421191431,41.201619670890075,36.358649759430016,51.137282798547204,50.80029091917245,51.48305132946413,55.865783437958534,52.24392054395981,50.83451662087025,33.949071973862004,21.842125498845053,22.921337904832622,22.921337904832622,26.40909195687038,36.80266231043976,44.10625140261479,54.79509966030421,59.34994897552126,12.07079640739592,19.18569739944361,8.377219311834864,27.53608340886008,25.913409834369006,27.53608340886008,17.852619593829402,13.755309647041136,9.175585415232911,8.361050370894896,10.685698924572923,7.964878116474903,10.37752956337717,10.729559856524544,9.9751499615697,8.90493378028167,43.62360460062258,47.9587085276571,43.64115536501529,59.823872224600116,55.90966409080525,66.36241730526139,62.509466822684516,63.96637900646961,62.448031091271126,61.99165219430948,64.08047516252645,60.49087796345615,60.49087796345615,60.49087796345615,64.08047516252645,64.08047516252645,66.53795281697546,59.44648876988523,56.03252999005128,51.407578939562235,52.94336211825027,56.87504184311427,57.761439853546435,53.27684863443511,58.410883450148646,20.879615256008858,23.722417070030907,26.530177768958257,25.915975428177873,27.047864637890303,38.28827159053831
38.88409911945288,42.839087621235514,47.08377924664355,19.11464686476451,19.36902515997671,19.658489568765123,19.11464686476451,19.658489568765123,19.11464686476451,9.157575695966324,7.274154615324776,2.254501932723004,1.0,1.0,1.0,1000.0,1.0,1.0,1.002631833743084,45.82097696853606,45.834140242896346,40.5803344630157,36.358649759430016,41.18143663463877,54.17902129875113,54.17902129875113,54.17902129875113,54.17902129875113,54.17902129875113,54.17902129875113,54.17902129875113,54.17902129875113,54.17902129875113,54.17902129875113,54.17902129875113,36.11207421191431,41.201619670890075,36.358649759430016,51.137282798547204,50.80029091917245,51.48305132946413,55.865783437958534,52.24392054395981,50.83451662087025,33.949071973862004,21.842125498845053,22.921337904832622,22.921337904832622,26.40909195687038,36.80266231043976,44.10625140261479,54.79509966030421,59.34994897552126,12.07079640739592,19.18569739944361,8.377219311834864,27.53608340886008,25.913409834369006,27.53608340886008,17.852619593829402,13.755309647041136,9.175585415232911,8.361050370894896,10.685698924572923,7.964878116474903,10.37752956337717,10.729559856524544,9.9751499615697,8.90493378028167,43.62360460062258,47.9587085276571,43.64115536501529,59.823872224600116,55.90966409080525,66.36241730526139,62.509466822684516,63.96637900646961,62.448031091271126,61.99165219430948,64.08047516252645,60.49087796345615,60.49087796345615,60.49087796345615,64.08047516252645,64.08047516252645,66.53795281697546,59.44648876988523,56.03252999005128,51.407578939562235,52.94336211825027,56.87504184311427,57.761439853546435,53.27684863443511,58.410883450148646,20.879615256008858,23.722417070030907,26.530177768958257,25.915975428177873,27.047864637890303,38.28827159053831
38.88409911945288,42.839087621235514,47.08377924664355,19.11464686476451,19.36902515997671,19.658489568765123,19.11464686476451,19.658489568765123,19.11464686476451,9.157575695966324,7.274154615324776,2.254501932723004,1.0,1.0,1.0,1.0,1000.0,1.0,1.002631833743084,45.82097696853606,45.834140242896346,40.5803344630157,36.358649759430016,41.18143663463877,54.17902129875113,54.17902129875113,54.17902129875113,54.17902129875113,54.17902129875113,54.17902129875113,54.17902129875113,54.17902129875113,54.17902129875113,54.17902129875113,54.17902129875113,36.11207421191431,41.201619670890075,36.358649759430016,51.137282798547204,50.80029091917245,51.48305132946413,55.865783437958534,52.24392054395981,50.83451662087025,33.949071973862004,21.842125498845053,22.921337904832622,22.921337904832622,26.40909195687038,36.80266231043976,44.10625140261479,54.79509966030421,59.34994897552126,12.07079640739592,19.18569739944361,8.377219311834864,27.53608340886008,25.913409834369006,27.53608340886008,17.852619593829402,13.755309647041136,9.175585415232911,8.361050370894896,10.685698924572923,7.964878116474903,10.37752956337717,10.729559856524544,9.9751499615697,8.90493378028167,43.62360460062258,47.9587085276571,43.64115536501529,59.823872224600116,55.90966409080525,66.36241730526139,62.509466822684516,63.96637900646961,62.448031091271126,61.99165219430948,64.08047516252645,60.49087796345615,60.49087796345615,60.49087796345615,64.08047516252645,64.08047516252645,66.53795281697546,59.44648876988523,56.03252999005128,51.407578939562235,52.94336211825027,56.87504184311427,57.761439853546435,53.27684863443511,58.410883450148646,20.879615256008858,23.722417070030907,26.530177768958257,25.915975428177873,27.047864637890303,38.28827159053831
38.88409911945288,42.839087621235514,47.08377924664355,19.11464686476451,19.36902515997671,19.658489568765123,19.11464686476451,19.658489568765123,19.11464686476451,9.157575695966324,7.274154615324776,2.254501932723004,1.0,1.0,1.0,1.0,1.0,1000.0,1.002631833743084,45.82097696853606,45.834140242896346,40.5803344630157,36.358649759430016,41.18143663463877,54.17902129875113,54.17902129875113,54.17902129875113,54.17902129875113,54.17902129875113,54.17902129875113,54.17902129875113,54.17902129875113,54.17902129875113,54.17902129875113,54.17902129875113,36.11207421191431,41.201619670890075,36.358649759430016,51.137282798547204,50.80029091917245,51.48305132946413,55.865783437958534,52.24392054395981,50.83451662087025,33.949071973862004,21.842125498845053,22.921337904832622,22.921337904832622,26.40909195687038,36.80266231043976,44.10625140261479,54.79509966030421,59.34994897552126,12.07079640739592,19.18569739944361,8.377219311834864,27.53608340886008,25.913409834369006,27.53608340886008,17.852619593829402,13.755309647041136,9.175585415232911,8.361050370894896,10.685698924572923,7.964878116474903,10.37752956337717,10.729559856524544,9.9751499615697,8.90493378028167,43.62360460062258,47.9587085276571,43.64115536501529,59.823872224600116,55.90966409080525,66.36241730526139,62.509466822684516,63.96637900646961,62.448031091271126,61.99165219430948,64.08047516252645,60.49087796345615,60.49087796345615,60.49087796345615,64.08047516252645,64.08047516252645,66.53795281697546,59.44648876988523,56.03252999005128,51.407578939562235,52.94336211825027,56.87504184311427,57.761439853546435,53.27684863443511,58.410883450148646,20.879615256008858,23.722417070030907,26.530177768958257,25.915975428177873,27.047864637890303,38.28827159053831
38.88146728575386,42.836455787546164,47.08114741296565,19.117278698497483,19.3716569937094,19.661121402497486,19.117278698497483,19.661121402497486,19.117278698497483,9.160207529707359,7.276786449066647,2.2571337664660396,1.002631833743084,1.002631833743084,1.002631833743084,1.002631833743084,1.002631833743084,1.002631833743084,1000.0,45.818345134854646,45.831508409214976,40.57770262932072,36.35601792572533,41.17880480094525,54.1763894650948,54.1763894650948,54.1763894650948,54.1763894650948,54.1763894650948,54.1763894650948,54.1763894650948,54.1763894650948,54.1763894650948,54.1763894650948,54.1763894650948,36.109442378209096,41.198987837196626,36.35601792572533,51.13465096488126,50.797659085505465,51.48041949579926,55.86315160430782,52.24128871029732,50.83188478720337,33.946440140152255,21.83949366511532,22.91870607110431,22.91870607110431,26.40646012314713,36.80003047673604,44.10361956892874,54.79246782664991,59.3473171418826,12.068164573656604,19.18832923317651,8.374587478093456,27.538715242581475,25.916041668092962,27.538715242581475,17.84998776009505,13.752677813303055,9.172953581491882,8.363682204636312,10.688330758313118,7.962246282733309,10.374897729636789,10.732191690264713,9.977781795310301,8.907565614022833,43.62097276693525,47.956076693981686,43.638523531328026,59.821240390963155,55.907032257154675,66.35978547164929,62.50683498905745,63.963747172848095,62.44539925764383,61.98902036068047,64.07784332890537,60.48824612982159,60.48824612982159,60.48824612982159,64.07784332890537,64.07784332890537,66.53532098336409,59.44385693624691,56.029898156401096,51.40494710589711,52.94073028458996,56.87241000946696,57.75880801990217,53.27421680077587,58.40825161650667,20.87698342227792,23.719785236303686,26.5275459352352,25.913343594453863,27.045232804168055,38.28563975683792
7.936877986182326,3.981889412372804,2.2628023084538906,63.93562323676505,64.19000152114708,64.47946591752881,63.93562323676505,64.47946591752881,63.93562323676505,53.97855243848556,52.0951314162235,47.07547887104138,45.82097696853606,45.82097696853606,45.82097696853606,45.82097696853606,45.82097696853606,45.82097696853606,45.818345134854646,1000.0,1.013163274668066,6.240642613723136,10.462327383674529,5.639540431140867,9.358044561903473,9.358044561903473,9.358044561903473,9.358044561903473,9.358044561903473,9.358044561903473,9.358044561903473,9.358044561903473,9.358044561903473,9.358044561903473,9.358044561903473,10.708902934492507,5.619357394515048,10.462327383674529,6.316305968974575,5.979314079918666,6.662074509947531,11.044806756674683,7.422943747009274,6.013539782594322,12.871905198796917,24.978851730653933,23.89963932581074,23.89963932581074,20.41188526915518,10.018314826558575,2.7147256044715564,9.974122943408187,14.528972418366655,34.75018075634455,64.006673768426,38.44375780104304,72.3570593861571,70.73438589352115,72.3570593861571,28.96835762087669,33.065667535156756,37.6453917098484,53.18202713855781,55.50667561699042,38.8560989898389,36.443447578818265,55.55053654746782,54.79612667758841,53.72591053084806,3.1973724167627195,3.1377316114657416,3.1798216519997466,15.00289568530377,11.088687411006335,21.5414410361418,17.688490388990083,19.145402633194973,17.62705465507727,17.170675739671218,19.25949879407649,15.669901449688771,15.669901449688771,15.669901449688771,19.25949879407649,19.25949879407649,21.71697655572046,14.625512216349518,11.21155331442078,6.58660211784004,8.12238534257477,12.054065196489848,12.940463238234868,8.455871869082355,13.58990685829725,25.941361971443175,23.098560160675394,20.290799456678897,20.905001799271396,19.773112585913708,8.532705524535919
7.950041260843025,3.995052687039505,2.249639033786066,63.94878651082577,64.20316479520287,64.49262919157894,63.94878651082577,64.49262919157894,63.94878651082577,53.991715712723455,52.108294690491476,47.0886421453842,45.834140242896346,45.834140242896346,45.834140242896346,45.834140242896346,45.834140242896346,45.834140242896346,45.831508409214976,1.013163274668066,1000.0,6.253805888386995,10.475490658328889,5.652703705805635,9.34488128724606,9.34488128724606,9.34488128724606,9.34488128724606,9.34488128724606,9.34488128724606,9.34488128724606,9.34488128724606,9.34488128724606,9.34488128724606,9.34488128724606,10.722066209146142,5.632520669179844,10.475490658328889,6.303142694310814,5.966150805254377,6.648911235284352,11.031643482022005,7.409780472347496,6.000376507930086,12.885068473443411,24.992015005233984,23.91280260039854,23.91280260039854,20.425048543765577,10.031478101214189,2.7278888791391704,9.960959668752402,14.515809143726507,34.76334403083819,64.01983704248535,38.45692107549638,72.37022266004405,70.74754916744331,72.37022266004405,28.981520895425,33.07883080966739,37.658554984310804,53.19519041280856,55.51983889120313,38.86926226428748,36.45661085329395,55.56369982167978,54.80928995181293,53.739073805090065,3.210535691430044,3.124568336798369,3.1929849266670822,14.98973241066561,11.075524136353792,21.528277761538096,17.675327114364496,19.132239358577124,17.61389138045137,17.157512465043034,19.246335519459283,15.656738175053526,15.656738175053526,15.656738175053526,19.246335519459283,19.246335519459283,21.70381328111786,14.61234894170977,11.198390039768617,6.57343884317673,8.109222067914434,12.040901921840415,12.92729996358855,8.442708594422761,13.576743583653359,25.95452524601602,23.111723435268708,20.30396273129001,20.91816507387882,19.786275860527837,8.545868799195297
2.6962353731754156,3.258753201760223,7.503444921677353,58.694980844724654,58.949359130987084,59.23882352951824,58.694980844724654,59.23882352951824,58.694980844724654,48.73790997908523,46.85448894545045,41.834836372082705,40.5803344630157,40.5803344630157,40.5803344630157,40.5803344630157,40.5803344630157,40.5803344630157,40.57770262932072,6.240642613723136,6.253805888386995,1000.0,5.221684772383271,1.6011021827520024,14.59868716871394,14.59868716871394,14.59868716871394,14.59868716871394,14.59868716871394,14.59868716871394,14.59868716871394,14.59868716871394,14.59868716871394,14.59868716871394,14.59868716871394,5.468260323410395,1.6212852193827572,5.221684772383271,11.556948579283713,11.219956690546228,11.902717119915605,16.285449361060437,12.663586356175658,11.254182393190174,7.631262589867033,19.738209144305596,18.65899673672326,18.65899673672326,15.171242672187814,4.777672214909383,4.5259170096194925,15.214765549373107,19.769615016649894,29.50953820127401,58.76603137691004,33.20311526083626,67.11641706059723,65.49374355447316,67.11641706059723,23.7277150458891,27.82502497386151,32.4047491662874,47.94138467429469,50.266033167137245,33.615456451395055,31.202805030354597,50.3098940978929,49.55548422326036,48.48526806989694,4.0432701973673595,8.378374224229251,4.0608209621294105,20.24353828264306,16.329330015324402,26.782083617675738,22.929132980465305,24.386045221122828,22.86769724669642,22.411318332345207,24.500141381715657,20.91054404565334,20.91054404565334,20.91054404565334,24.500141381715657,24.500141381715657,26.9576191367586,19.86615481444268,16.45219591854807,11.827244727883802,13.363027950942119,17.294707799259548,18.181105839483216,13.696514477047801,18.83054945837037,20.700719387657788,17.85791756964666,15.05015685946463,15.664359203327995,14.532469987664017,3.2920629118637534
