1000.0,5.356389091232697,5.356389091232697,5.356389091232697,4.487754074692196,7.683563039552702,1.2097066538533907,1.0,17.286957996294788,17.286957996294788,19.553642366278996,19.553642366278996,45.00705695444514,45.00705695444514,45.00705695444514,10.447888541444705,24.20008921801108,12.656225363393293,19.049419142382067,19.049419142382067,26.994235125892097,26.994235125892097,25.23616661422277,25.23616661422277,24.708040035086043,26.994235125892097,26.994235125892097,23.588657179456266,23.588657179456266,23.588657179456266,6.461916972073198,12.591300569626288,12.591300569626288,5.804743090456173,3.345359422088249,5.09843136177187,24.20008921801108,15.126855174928274,24.708040035086043,25.108960223639556,24.708040035086043,21.732247342632842,17.517605296060133,17.517605296060133,17.517605296060133,26.994235125892097,24.708040035086043,26.10643043938101,26.17488219312871,26.17488219312871,3.7744165432838246,1.7651195893137253,1.7651195893137253,4.16925325288617,4.0551894260029355,1.6475470557923366,5.546786165914422,6.985723640940007,15.34499165746375,13.581185959600507,23.26922168997523,15.081735701145258,36.71761475100008,38.63870266549549,40.936956741090455,27.374971680197245,24.602765401863962,23.190323279373157,25.15545636566493,20.900558412042194,23.172777327187383,24.102709840682564,23.269280037723693,23.541241873247042,23.751792618167944,23.453512305128733,23.453512305128733,24.70844214023191,24.85763045047445,39.8035737844123,7.985952176316517,10.609325517832731,11.32877070725992,1.21760356310849,3.147972180365613,6.561278340328987,21.64627128390311,32.989402804556505,26.383650895463823,15.259334479642375,16.303372407777438,15.566405246024296,1.9932507884583421,2.581125670811236,10.039031039813567,28.620692525592563,27.024062449981606,25.392954485712668,32.05395639538186,31.509831351852995
5.356389091232697,1000.0,1.0,1.0,1.8686350166942356,12.039952127043168,5.566095745037507,5.356389091232697,21.643347070484225,21.643347070484225,23.910031435967266,23.910031435967266,40.65066795194872,40.65066795194872,40.65066795194872,6.091499452653804,19.843700148986045,8.299836276480272,14.693030063700725,14.693030063700725,22.637846063235482,22.637846063235482,20.879777547466414,20.879777547466414,20.3516509671596,22.637846063235482,22.637846063235482,27.945046239846015,27.945046239846015,27.945046239846015,2.105527881146946,8.234911482650983,8.234911482650983,1.4483539993328003,3.0110296693837753,1.2579577295144764,19.843700148986045,10.770466090703636,20.3516509671596,20.752571156598766,20.3516509671596,17.375858268644237,13.161216215027821,13.161216215027821,13.161216215027821,22.637846063235482,20.3516509671596,30.46281949313475,30.531271246693088,30.531271246693088,2.581972548171585,4.591269502058386,4.591269502058386,2.187135838537442,2.3011996654314872,6.003936146860642,1.190397074725657,2.629334550202276,19.701380735096055,17.93757504002903,27.6256107511611,19.4381247792149,32.361225716706684,34.28231363794664,36.58056772210515,23.018582618469967,20.246376333707673,18.833934208242237,20.799067298727913,16.54416933652048,18.816388256020787,19.746320771449923,18.912890966753697,19.184852802836193,19.39540354819517,19.097123234536696,19.097123234536696,29.064831197749367,29.214019507599676,44.159962790851324,3.629563086016175,6.25293642916232,6.972381619158674,5.57399265429069,7.504361270889558,10.917667428764217,17.289882209752754,28.633013758248477,22.027261831347676,10.902945395579428,11.946983325051143,11.210016162342976,4.363138302943842,3.7752634206441087,5.682641950729353,24.26430346700917,22.667673387397258,29.749343541411932,36.41034543091683,35.86622038920321
5.356389091232697,1.0,1000.0,1.0,1.8686350166942356,12.039952127043168,5.566095745037507,5.356389091232697,21.643347070484225,21.643347070484225,23.910031435967266,23.910031435967266,40.65066795194872,40.65066795194872,40.65066795194872,6.091499452653804,19.843700148986045,8.299836276480272,14.693030063700725,14.693030063700725,22.637846063235482,22.637846063235482,20.879777547466414,20.879777547466414,20.3516509671596,22.637846063235482,22.637846063235482,27.945046239846015,27.945046239846015,27.945046239846015,2.105527881146946,8.234911482650983,8.234911482650983,1.4483539993328003,3.0110296693837753,1.2579577295144764,19.843700148986045,10.770466090703636,20.3516509671596,20.752571156598766,20.3516509671596,17.375858268644237,13.161216215027821,13.161216215027821,13.161216215027821,22.637846063235482,20.3516509671596,30.46281949313475,30.531271246693088,30.531271246693088,2.581972548171585,4.591269502058386,4.591269502058386,2.187135838537442,2.3011996654314872,6.003936146860642,1.190397074725657,2.629334550202276,19.701380735096055,17.93757504002903,27.6256107511611,19.4381247792149,32.361225716706684,34.28231363794664,36.58056772210515,23.018582618469967,20.246376333707673,18.833934208242237,20.799067298727913,16.54416933652048,18.816388256020787,19.746320771449923,18.912890966753697,19.184852802836193,19.39540354819517,19.097123234536696,19.097123234536696,29.064831197749367,29.214019507599676,44.159962790851324,3.629563086016175,6.25293642916232,6.972381619158674,5.57399265429069,7.504361270889558,10.917667428764217,17.289882209752754,28.633013758248477,22.027261831347676,10.902945395579428,11.946983325051143,11.210016162342976,4.363138302943842,3.7752634206441087,5.682641950729353,24.26430346700917,22.667673387397258,29.749343541411932,36.41034543091683,35.86622038920321
5.356389091232697,1.0,1.0,1000.0,1.8686350166942356,12.039952127043168,5.566095745037507,5.356389091232697,21.643347070484225,21.643347070484225,23.910031435967266,23.910031435967266,40.65066795194872,40.65066795194872,40.65066795194872,6.091499452653804,19.843700148986045,8.299836276480272,14.693030063700725,14.693030063700725,22.637846063235482,22.637846063235482,20.879777547466414,20.879777547466414,20.3516509671596,22.637846063235482,22.637846063235482,27.945046239846015,27.945046239846015,27.945046239846015,2.105527881146946,8.234911482650983,8.234911482650983,1.4483539993328003,3.0110296693837753,1.2579577295144764,19.843700148986045,10.770466090703636,20.3516509671596,20.752571156598766,20.3516509671596,17.375858268644237,13.161216215027821,13.161216215027821,13.161216215027821,22.637846063235482,20.3516509671596,30.46281949313475,30.531271246693088,30.531271246693088,2.581972548171585,4.591269502058386,4.591269502058386,2.187135838537442,2.3011996654314872,6.003936146860642,1.190397074725657,2.629334550202276,19.701380735096055,17.93757504002903,27.6256107511611,19.4381247792149,32.361225716706684,34.28231363794664,36.58056772210515,23.018582618469967,20.246376333707673,18.833934208242237,20.799067298727913,16.54416933652048,18.816388256020787,19.746320771449923,18.912890966753697,19.184852802836193,19.39540354819517,19.097123234536696,19.097123234536696,29.064831197749367,29.214019507599676,44.159962790851324,3.629563086016175,6.25293642916232,6.972381619158674,5.57399265429069,7.504361270889558,10.917667428764217,17.289882209752754,28.633013758248477,22.027261831347676,10.902945395579428,11.946983325051143,11.210016162342976,4.363138302943842,3.7752634206441087,5.682641950729353,24.26430346700917,22.667673387397258,29.749343541411932,36.41034543091683,35.86622038920321
4.487754074692196,1.8686350166942356,1.8686350166942356,1.8686350166942356,1000.0,11.171317111484706,4.697460728514094,4.487754074692196,20.774712057916798,20.774712057916798,23.041396424377332,23.041396424377332,41.519302952348795,41.519302952348795,41.519302952348795,6.960134469040838,20.712335161917206,9.168471292570803,15.56166507837553,15.56166507837553,23.50648107499543,23.50648107499543,21.74841255998178,21.74841255998178,21.220285979889635,23.50648107499543,23.50648107499543,27.076411230252532,27.076411230252532,27.076411230252532,2.9741628978190917,9.10354649875164,9.10354649875164,2.31698901602106,2.1423946527127873,1.6106772871813537,20.712335161917206,11.639101106345308,21.220285979889635,21.621206169166364,21.220285979889635,18.244493282478015,14.029851230117334,14.029851230117334,14.029851230117334,23.50648107499543,21.220285979889635,29.594184484953292,29.662636238551812,29.662636238551812,1.7133375314887693,3.7226344854630855,3.7226344854630855,1.3185008218470329,1.4325646487429475,5.1353011303757725,2.059032091417852,3.497969566855317,18.83274572177361,17.0689400260868,26.756975741397614,18.569489765795964,33.22986072315432,35.15094864311726,37.44920272564936,23.88721763005805,21.115011346479825,19.702569221557667,21.667702311276457,17.412804350630598,19.685023269342704,20.61495578441904,19.781525980039824,20.053487816020425,20.264038561299483,19.965758247753968,19.965758247753968,28.19619618876813,28.3453844987019,43.29132779258749,4.498198102617302,7.121571445531028,7.841016635439283,4.705357637767937,6.63572625456618,10.049032412977766,18.158517223615746,29.501648766960187,22.895896843377095,11.771580411193536,12.815618340435574,12.078651177891825,3.4945032863344956,2.9066284040034165,6.551276967160445,25.13293847801434,23.536308399143856,28.88070853281738,35.54171042657797,34.997585384483195
7.683563039552702,12.039952127043168,12.039952127043168,12.039952127043168,11.171317111484706,1000.0,7.473856385804921,7.683563039552702,10.603394968898991,10.603394968898991,12.870079343841754,12.870079343841754,51.69061982005585,51.69061982005585,51.69061982005585,17.131451569135276,30.88365220356347,19.339788386305823,25.732982147173683,25.732982147173683,33.677798099273836,33.677798099273836,31.919729595404554,31.919729595404554,31.391603018516644,33.677798099273836,33.677798099273836,16.905094167818632,16.905094167818632,16.905094167818632,13.145480006463854,19.27486359269014,19.27486359269014,12.488306125713777,10.028922459993414,11.781994397886244,30.88365220356347,21.810418191593964,31.391603018516644,31.79252320536698,31.391603018516644,28.415810337920263,24.201168305774463,24.201168305774463,24.201168305774463,33.677798099273836,31.391603018516644,19.422867435761507,19.491319189740924,19.491319189740924,10.457979580794927,8.448682628423061,8.448682628423061,10.85281629000932,10.738752463240651,7.036015984064413,12.230349201493938,13.669286674591469,8.661428626454104,6.897622925816035,16.58565867739059,8.39817266969078,43.40117767251445,45.32226557501215,47.62051963549472,34.058534651826136,31.286328385737626,29.87388626902381,31.839019347193208,27.584121410396136,29.856340316907836,30.786272826637113,29.95284302705963,30.2248048614915,30.43535560555946,30.137075293726546,30.137075293726546,18.024879132038993,18.17406744275515,33.12001084161683,14.669515208437724,17.29288854519977,18.01233373313573,7.465959476553663,5.535590859944878,2.1222846997090965,28.329834279512532,39.672965747706336,33.0672138716093,21.94289749594621,22.986935421133722,22.24996826147885,8.676813827417849,9.264688709347302,16.722594068305355,35.30425549132802,33.707625423226844,18.70939147972122,25.370393414604504,24.826268368758125
1.2097066538533907,5.566095745037507,5.566095745037507,5.566095745037507,4.697460728514094,7.473856385804921,1000.0,1.2097066538533907,17.077251343080203,17.077251343080203,19.343935713255807,19.343935713255807,45.21676360353622,45.21676360353622,45.21676360353622,10.657595195075196,24.40979587053672,12.865932016908765,19.259125795429984,19.259125795429984,27.203941778080022,27.203941778080022,25.445873266627654,25.445873266627654,24.91774668755314,27.203941778080022,27.203941778080022,23.378950526835688,23.378950526835688,23.378950526835688,6.671623625850929,12.801007223145477,12.801007223145477,6.014449744250721,3.555066075927006,5.3081380155821405,24.40979587053672,15.33656182828678,24.91774668755314,25.31866687605954,24.91774668755314,21.941953995424942,17.727311949238306,17.727311949238306,17.727311949238306,27.203941778080022,24.91774668755314,25.896723787051798,25.965175540807845,25.965175540807845,3.9841231971169964,1.9748262431652948,1.9748262431652948,4.378959906713408,4.264896079831967,1.437840401939638,5.756492819714995,7.19543029470282,15.13528500410508,13.3714793061269,23.059515037319894,14.872029047768473,36.92732140171424,38.848409315863556,41.14666339102067,27.58467833233618,24.812472054343306,23.40002993201144,25.36516301807941,21.110265064917368,23.382483979827576,24.31241649321929,23.47898669035335,23.750948525846738,23.961499270744213,23.663218957738135,23.663218957738135,24.498735487737108,24.647923797996853,39.593867134207976,8.195658830047122,10.819032171455621,11.53847736084739,1.0078969092551036,2.938265526522386,6.351571686548243,21.855977936703958,33.1991094558906,26.593357547728818,15.469041132991617,16.513079061050696,15.776111899351742,2.2029574423088154,2.7908323246577127,10.248737693462735,28.830399177566278,27.233769102165716,25.183247833297756,31.84424974386333,31.30012470025315
1.0,5.356389091232697,5.356389091232697,5.356389091232697,4.487754074692196,7.683563039552702,1.2097066538533907,1000.0,17.286957996294788,17.286957996294788,19.553642366278996,19.553642366278996,45.00705695444514,45.00705695444514,45.00705695444514,10.447888541444705,24.20008921801108,12.656225363393293,19.049419142382067,19.049419142382067,26.994235125892097,26.994235125892097,25.23616661422277,25.23616661422277,24.708040035086043,26.994235125892097,26.994235125892097,23.588657179456266,23.588657179456266,23.588657179456266,6.461916972073198,12.591300569626288,12.591300569626288,5.804743090456173,3.345359422088249,5.09843136177187,24.20008921801108,15.126855174928274,24.708040035086043,25.108960223639556,24.708040035086043,21.732247342632842,17.517605296060133,17.517605296060133,17.517605296060133,26.994235125892097,24.708040035086043,26.10643043938101,26.17488219312871,26.17488219312871,3.7744165432838246,1.7651195893137253,1.7651195893137253,4.16925325288617,4.0551894260029355,1.6475470557923366,5.546786165914422,6.985723640940007,15.34499165746375,13.581185959600507,23.26922168997523,15.081735701145258,36.71761475100008,38.63870266549549,40.936956741090455,27.374971680197245,24.602765401863962,23.190323279373157,25.15545636566493,20.900558412042194,23.172777327187383,24.102709840682564,23.269280037723693,23.541241873247042,23.751792618167944,23.453512305128733,23.453512305128733,24.70844214023191,24.85763045047445,39.8035737844123,7.985952176316517,10.609325517832731,11.32877070725992,1.21760356310849,3.147972180365613,6.561278340328987,21.64627128390311,32.989402804556505,26.383650895463823,15.259334479642375,16.303372407777438,15.566405246024296,1.9932507884583421,2.581125670811236,10.039031039813567,28.620692525592563,27.024062449981606,25.392954485712668,32.05395639538186,31.509831351852995
17.286957996294788,21.643347070484225,21.643347070484225,21.643347070484225,20.774712057916798,10.603394968898991,17.077251343080203,17.286957996294788,1000.0,1.0,3.266684377944612,3.266684377944612,61.29401444682085,61.29401444682085,61.29401444682085,26.73484649164806,40.48704704051505,28.943183297936393,35.33637702113815,35.33637702113815,43.28119291365547,43.28119291365547,41.52312442419161,41.52312442419161,40.99499785149557,43.28119291365547,43.28119291365547,7.301699210099726,7.301699210099726,7.301699210099726,22.748874945853945,28.878258504656223,28.878258504656223,22.091701067544914,19.632317410102175,21.38538934223317,40.48704704051505,31.413813089754754,40.99499785149557,41.39591803516942,40.99499785149557,38.0192051933486,33.80456318959848,33.80456318959848,33.80456318959848,43.28119291365547,40.99499785149557,9.819472484983942,9.887924239171797,9.887924239171797,20.061374529557057,18.0520775831364,18.0520775831364,20.456211237495832,20.34214741109926,16.63941094242122,21.833744144256826,23.272681611966682,2.941966344105214,4.705772045522108,6.982263718891972,3.205222301028854,53.00457239468346,54.92566027644772,57.223914311035415,43.66192946299661,40.889723219544656,39.47728111370073,41.44241417662493,37.18751627174344,39.45973516171698,40.38966766434369,39.55623787114073,39.82819970350961,40.03875044596904,39.74047013641196,39.74047013641196,8.421484177232884,8.5706724883582,23.516615953321267,24.272910141794817,26.89628346695403,27.615728651438687,17.06935443384883,15.138985821682809,11.725679667264165,37.93322913555994,49.27636050774396,42.67060869107265,31.546292393346086,32.590330312399345,31.853363157099892,18.280208781500946,18.868083661752674,26.325988992713054,44.90765029176455,43.31102023735808,9.105996526833259,15.76699848582999,15.222873437643365
17.286957996294788,21.643347070484225,21.643347070484225,21.643347070484225,20.774712057916798,10.603394968898991,17.077251343080203,17.286957996294788,1.0,1000.0,3.266684377944612,3.266684377944612,61.29401444682085,61.29401444682085,61.29401444682085,26.73484649164806,40.48704704051505,28.943183297936393,35.33637702113815,35.33637702113815,43.28119291365547,43.28119291365547,41.52312442419161,41.52312442419161,40.99499785149557,43.28119291365547,43.28119291365547,7.301699210099726,7.301699210099726,7.301699210099726,22.748874945853945,28.878258504656223,28.878258504656223,22.091701067544914,19.632317410102175,21.38538934223317,40.48704704051505,31.413813089754754,40.99499785149557,41.39591803516942,40.99499785149557,38.0192051933486,33.80456318959848,33.80456318959848,33.80456318959848,43.28119291365547,40.99499785149557,9.819472484983942,9.887924239171797,9.887924239171797,20.061374529557057,18.0520775831364,18.0520775831364,20.456211237495832,20.34214741109926,16.63941094242122,21.833744144256826,23.272681611966682,2.941966344105214,4.705772045522108,6.982263718891972,3.205222301028854,53.00457239468346,54.92566027644772,57.223914311035415,43.66192946299661,40.889723219544656,39.47728111370073,41.44241417662493,37.18751627174344,39.45973516171698,40.38966766434369,39.55623787114073,39.82819970350961,40.03875044596904,39.74047013641196,39.74047013641196,8.421484177232884,8.5706724883582,23.516615953321267,24.272910141794817,26.89628346695403,27.615728651438687,17.06935443384883,15.138985821682809,11.725679667264165,37.93322913555994,49.27636050774396,42.67060869107265,31.546292393346086,32.590330312399345,31.853363157099892,18.280208781500946,18.868083661752674,26.325988992713054,44.90765029176455,43.31102023735808,9.105996526833259,15.76699848582999,15.222873437643365
19.553642366278996,23.910031435967266,23.910031435967266,23.910031435967266,23.041396424377332,12.870079343841754,19.343935713255807,19.553642366278996,3.266684377944612,3.266684377944612,1000.0,1.0,63.56069872516492,63.56069872516492,63.56069872516492,29.001530850599888,42.75373137497323,31.209867653629413,37.60306136594247,37.60306136594247,45.54787724191306,45.54787724191306,43.78980875639884,43.78980875639884,43.2616821848573,45.54787724191306,45.54787724191306,5.035014832824142,5.035014832824142,5.035014832824142,25.015559310035282,31.14494286044875,31.14494286044875,24.358385432507816,21.89900177778761,23.65207370801066,42.75373137497323,33.68049744149624,43.2616821848573,43.6626023676561,43.2616821848573,40.285889532939244,36.07124753720876,36.07124753720876,36.07124753720876,45.54787724191306,43.2616821848573,7.552788108559711,7.621239862775365,7.621239862775365,22.328058896790527,20.318761952402596,20.318761952402596,22.722895604304796,22.608831778031707,18.906095312988956,24.100428509520285,25.539365975508705,5.208650721834688,6.972456422884074,4.715579341532207,5.471906678713878,55.27125669813681,57.19234457440689,59.49059860216422,45.928613790377305,43.15640755313475,41.74396545029795,43.709098509009564,39.45420061299112,41.726419498350886,42.65635199901051,41.822922207572645,42.094884039369596,42.30543478138354,42.00715447245686,42.00715447245686,6.154799800294784,6.303988111470038,21.249931587363147,26.539594504075797,29.16296782567638,29.882413009121528,19.336038804031595,17.405670193517608,13.992364041538917,40.19991347532358,51.54304482130079,44.937293020720546,33.812976744866575,34.85701466214561,34.12004750810454,20.54689315054708,21.134768030219057,28.592673352239952,47.17433461622231,45.57770456554727,6.839312150133931,13.500314112740032,12.956189064171125
19.553642366278996,23.910031435967266,23.910031435967266,23.910031435967266,23.041396424377332,12.870079343841754,19.343935713255807,19.553642366278996,3.266684377944612,3.266684377944612,1.0,1000.0,63.56069872516492,63.56069872516492,63.56069872516492,29.001530850599888,42.75373137497323,31.209867653629413,37.60306136594247,37.60306136594247,45.54787724191306,45.54787724191306,43.78980875639884,43.78980875639884,43.2616821848573,45.54787724191306,45.54787724191306,5.035014832824142,5.035014832824142,5.035014832824142,25.015559310035282,31.14494286044875,31.14494286044875,24.358385432507816,21.89900177778761,23.65207370801066,42.75373137497323,33.68049744149624,43.2616821848573,43.6626023676561,43.2616821848573,40.285889532939244,36.07124753720876,36.07124753720876,36.07124753720876,45.54787724191306,43.2616821848573,7.552788108559711,7.621239862775365,7.621239862775365,22.328058896790527,20.318761952402596,20.318761952402596,22.722895604304796,22.608831778031707,18.906095312988956,24.100428509520285,25.539365975508705,5.208650721834688,6.972456422884074,4.715579341532207,5.471906678713878,55.27125669813681,57.19234457440689,59.49059860216422,45.928613790377305,43.15640755313475,41.74396545029795,43.709098509009564,39.45420061299112,41.726419498350886,42.65635199901051,41.822922207572645,42.094884039369596,42.30543478138354,42.00715447245686,42.00715447245686,6.154799800294784,6.303988111470038,21.249931587363147,26.539594504075797,29.16296782567638,29.882413009121528,19.336038804031595,17.405670193517608,13.992364041538917,40.19991347532358,51.54304482130079,44.937293020720546,33.812976744866575,34.85701466214561,34.12004750810454,20.54689315054708,21.134768030219057,28.592673352239952,47.17433461622231,45.57770456554727,6.839312150133931,13.500314112740032,12.956189064171125
45.00705695444514,40.65066795194872,40.65066795194872,40.65066795194872,41.519302952348795,51.69061982005585,45.21676360353622,45.00705695444514,61.29401444682085,61.29401444682085,63.56069872516492,63.56069872516492,1000.0,1.0,1.0,35.5591685807803,21.80696798466624,33.35083178484401,26.957638052925464,26.957638052925464,19.012822069367747,19.012822069367747,20.77089058664111,20.77089058664111,21.29901716684019,19.012822069367747,19.012822069367747,67.59571336222096,67.59571336222096,67.59571336222096,39.54514009053136,33.41575657791769,33.41575657791769,40.202313960753514,42.66169758254767,40.90862567669711,21.80696798466624,30.88020199647651,21.29901716684019,20.898096977506437,21.29901716684019,24.274809859917074,28.48945189179441,28.48945189179441,28.48945189179441,19.012822069367747,21.29901716684019,70.11348650382553,70.18193825426603,70.18193825426603,42.232640469923815,44.24193738212462,44.24193738212462,41.83780376804278,41.951867592711835,45.654603995386815,40.46027088070145,39.02133343042969,59.352048182325035,57.58824254863588,67.27627788728881,59.08879223578677,9.289442355800025,7.368354412304168,5.0701002970163165,18.632085513430003,21.404291800239736,22.8167339240091,20.851600835379877,25.106498789053894,22.834279876197858,21.904347362108428,22.737777165641237,22.465815330009132,22.25526458495179,22.553544898170834,22.553544898170834,68.71549827117252,68.86468657441394,83.8106290918965,38.021104911008685,35.39773160646345,34.678286425941266,45.22466051261111,47.15502908389862,50.56833515323592,24.360785918529483,13.017654347671439,19.62340630210277,30.7477226928276,29.70368477245626,30.440651928845362,44.01380618793066,43.42593131808933,35.96802607704627,17.386364661650422,18.982994745155725,69.40001058434333,76.06101215463895,75.51688714053049
45.00705695444514,40.65066795194872,40.65066795194872,40.65066795194872,41.519302952348795,51.69061982005585,45.21676360353622,45.00705695444514,61.29401444682085,61.29401444682085,63.56069872516492,63.56069872516492,1.0,1000.0,1.0,35.5591685807803,21.80696798466624,33.35083178484401,26.957638052925464,26.957638052925464,19.012822069367747,19.012822069367747,20.77089058664111,20.77089058664111,21.29901716684019,19.012822069367747,19.012822069367747,67.59571336222096,67.59571336222096,67.59571336222096,39.54514009053136,33.41575657791769,33.41575657791769,40.202313960753514,42.66169758254767,40.90862567669711,21.80696798466624,30.88020199647651,21.29901716684019,20.898096977506437,21.29901716684019,24.274809859917074,28.48945189179441,28.48945189179441,28.48945189179441,19.012822069367747,21.29901716684019,70.11348650382553,70.18193825426603,70.18193825426603,42.232640469923815,44.24193738212462,44.24193738212462,41.83780376804278,41.951867592711835,45.654603995386815,40.46027088070145,39.02133343042969,59.352048182325035,57.58824254863588,67.27627788728881,59.08879223578677,9.289442355800025,7.368354412304168,5.0701002970163165,18.632085513430003,21.404291800239736,22.8167339240091,20.851600835379877,25.106498789053894,22.834279876197858,21.904347362108428,22.737777165641237,22.465815330009132,22.25526458495179,22.553544898170834,22.553544898170834,68.71549827117252,68.86468657441394,83.8106290918965,38.021104911008685,35.39773160646345,34.678286425941266,45.22466051261111,47.15502908389862,50.56833515323592,24.360785918529483,13.017654347671439,19.62340630210277,30.7477226928276,29.70368477245626,30.440651928845362,44.01380618793066,43.42593131808933,35.96802607704627,17.386364661650422,18.982994745155725,69.40001058434333,76.06101215463895,75.51688714053049
45.00705695444514,40.65066795194872,40.65066795194872,40.65066795194872,41.519302952348795,51.69061982005585,45.21676360353622,45.00705695444514,61.29401444682085,61.29401444682085,63.56069872516492,63.56069872516492,1.0,1.0,1000.0,35.5591685807803,21.80696798466624,33.35083178484401,26.957638052925464,26.957638052925464,19.012822069367747,19.012822069367747,20.77089058664111,20.77089058664111,21.29901716684019,19.012822069367747,19.012822069367747,67.59571336222096,67.59571336222096,67.59571336222096,39.54514009053136,33.41575657791769,33.41575657791769,40.202313960753514,42.66169758254767,40.90862567669711,21.80696798466624,30.88020199647651,21.29901716684019,20.898096977506437,21.29901716684019,24.274809859917074,28.48945189179441,28.48945189179441,28.48945189179441,19.012822069367747,21.29901716684019,70.11348650382553,70.18193825426603,70.18193825426603,42.232640469923815,44.24193738212462,44.24193738212462,41.83780376804278,41.951867592711835,45.654603995386815,40.46027088070145,39.02133343042969,59.352048182325035,57.58824254863588,67.27627788728881,59.08879223578677,9.289442355800025,7.368354412304168,5.0701002970163165,18.632085513430003,21.404291800239736,22.8167339240091,20.851600835379877,25.106498789053894,22.834279876197858,21.904347362108428,22.737777165641237,22.465815330009132,22.25526458495179,22.553544898170834,22.553544898170834,68.71549827117252,68.86468657441394,83.8106290918965,38.021104911008685,35.39773160646345,34.678286425941266,45.22466051261111,47.15502908389862,50.56833515323592,24.360785918529483,13.017654347671439,19.62340630210277,30.7477226928276,29.70368477245626,30.440651928845362,44.01380618793066,43.42593131808933,35.96802607704627,17.386364661650422,18.982994745155725,69.40001058434333,76.06101215463895,75.51688714053049
10.447888541444705,6.091499452653804,6.091499452653804,6.091499452653804,6.960134469040838,17.131451569135276,10.657595195075196,10.447888541444705,26.73484649164806,26.73484649164806,29.001530850599888,29.001530850599888,35.5591685807803,35.5591685807803,35.5591685807803,1000.0,14.752200711725232,3.2083368247834327,9.601530618041165,9.601530618041165,17.546346631851577,17.546346631851577,15.788278112276368,15.788278112276368,15.260151530898048,17.546346631851577,17.546346631851577,33.0365456413494,33.0365456413494,33.0365456413494,4.985971571768362,3.1434120309177453,3.1434120309177453,5.643145453444539,8.102529121190091,6.349457182086395,14.752200711725232,5.6789666407640205,15.260151530898048,15.6610717211476,15.260151530898048,12.284358826965535,8.069716767479173,8.069716767479173,8.069716767479173,17.546346631851577,15.260151530898048,35.55431888547112,35.62277063876977,35.62277063876977,7.673472000198973,9.68276895286219,9.68276895286219,7.278635290748979,7.392699117591725,11.095435596517568,5.901102377983522,4.462164902786297,24.792880161372196,23.029074470561888,32.717110153774,24.52962420614974,27.269726313022044,29.190814241067855,31.489068333946747,17.927083187958814,15.154876897236502,13.742434769086167,15.70756786337197,11.452669893516138,13.724888816832856,14.65482133400105,13.821391527741453,14.093353364325017,14.303904110077957,14.00562379586292,14.00562379586292,34.156330595268166,34.30551890457641,49.25146212021157,3.4619363670218406,1.161436976558852,1.880882166817155,10.665492104321713,12.595860719069265,16.009166872589553,12.198382767933202,23.541514342611507,16.93576239860018,5.811445945754523,6.8554838762032535,6.118516712791982,9.454637753910664,8.866762872002571,1.4088575020380876,19.172804039474165,17.57617395608111,34.840842936422035,41.50184479862649,40.95771975933939
24.20008921801108,19.843700148986045,19.843700148986045,19.843700148986045,20.712335161917206,30.88365220356347,24.40979587053672,24.20008921801108,40.48704704051505,40.48704704051505,42.75373137497323,42.75373137497323,21.80696798466624,21.80696798466624,21.80696798466624,14.752200711725232,1000.0,12.54386389103343,6.150670100797304,6.150670100797304,3.794145927552479,3.794145927552479,2.03607740301196,2.03607740301196,1.507950820336149,3.794145927552479,3.794145927552479,46.788746118061546,46.788746118061546,46.788746118061546,18.738172272149242,12.608788684801148,12.608788684801148,19.395346151465947,21.854729809153365,20.101657877417594,1.0,10.07323407777595,1.507950820336149,1.908871011562479,1.507950820336149,3.4678418892315146,7.682483951830653,7.682483951830653,7.682483951830653,3.794145927552479,1.507950820336149,49.30651932981112,49.37497108220143,49.37497108220143,21.425672690056523,23.43496963334017,23.43496963334017,21.030835982297603,21.144899808656948,24.84763626962693,19.653303075040952,18.214365604948675,38.545080729918695,36.78127505593826,46.469310634448696,38.2818247772713,13.51752565414259,15.438613594763101,17.736867704247615,4.174882484865953,1.402676186426683,2.009765944705379,1.9553671539034703,4.299530823747059,2.0273118969916997,1.0973793779377325,1.9308091859003345,1.6588473487855897,1.4482966026050894,1.7465769174216281,1.7465769174216281,47.908531057832434,48.05771936522557,63.00366235304217,17.214137072341725,14.59076373551849,13.871318546727737,24.41769277974136,26.348061383652443,29.761367515092196,3.5538179483843617,9.78931366272005,3.183561692463969,9.940754772876126,8.89671684294488,9.633684006027188,23.20683843551866,22.618963556445696,15.161058212834167,5.420603340653775,3.823973251874824,48.593043390140856,55.25404515846851,54.70992012738055
12.656225363393293,8.299836276480272,8.299836276480272,8.299836276480272,9.168471292570803,19.339788386305823,12.865932016908765,12.656225363393293,28.943183297936393,28.943183297936393,31.209867653629413,31.209867653629413,33.35083178484401,33.35083178484401,33.35083178484401,3.2083368247834327,12.54386389103343,1000.0,7.393193794674659,7.393193794674659,15.338009813183595,15.338009813183595,13.579941292287987,13.579941292287987,13.051814710544184,15.338009813183595,15.338009813183595,35.244882437925966,35.244882437925966,35.244882437925966,7.194308395916039,1.0649247938692716,1.0649247938692716,7.851482277408859,10.310865944270997,8.557794005828864,12.54386389103343,3.470629816278385,13.051814710544184,13.452734901069872,13.051814710544184,10.0760220048214,5.861379943581223,5.861379943581223,5.861379943581223,15.338009813183595,13.051814710544184,37.76265567759845,37.8311074307716,37.8311074307716,9.881808823456408,11.891105775211265,11.891105775211265,9.486972114160492,9.601035940959553,13.30377241810369,8.109439201869792,6.670501727064203,27.00121697024289,25.23741128161035,34.92544695089184,26.73796101535562,25.061389504540536,26.98247743517717,29.280731531406392,15.718746369597811,12.9465400768115,11.534097947762127,13.4992310433268,9.24433307095335,11.516551995498293,12.446484513245982,11.61305470646495,11.885016543214729,12.09556728909897,11.797286974698602,11.797286974698602,36.364667389906025,36.51385569895114,51.45979888244985,5.670273191509188,3.046899848233091,2.3274546579963946,12.873828926150905,14.804197539732659,18.217503690722793,9.990045945744132,21.333177529646637,14.727425579455533,3.6031091212937425,4.647147051970004,3.9101798883922907,11.662974576373324,11.075099694745589,3.6171943267939617,16.96446722216988,15.36783713743691,37.049179729843146,43.71018157895463,43.16605654082227
19.049419142382067,14.693030063700725,14.693030063700725,14.693030063700725,15.56166507837553,25.732982147173683,19.259125795429984,19.049419142382067,35.33637702113815,35.33637702113815,37.60306136594247,37.60306136594247,26.957638052925464,26.957638052925464,26.957638052925464,9.601530618041165,6.150670100797304,7.393193794674659,1000.0,1.0,8.944816027013697,8.944816027013697,7.186747503423505,7.186747503423505,6.658620920960477,8.944816027013697,8.944816027013697,41.638076128968606,41.638076128968606,41.638076128968606,13.58750218477574,7.458118588512651,7.458118588512651,14.24467606531607,16.7040597280427,14.950987792640625,6.150670100797304,4.922563979119365,6.658620920960477,7.059541112028347,6.658620920960477,3.682828211964163,2.5318138516491304,2.5318138516491304,2.5318138516491304,8.944816027013697,6.658620920960477,44.155849354144955,44.22430110691088,44.22430110691088,16.27500260801446,18.28429955585038,18.28429955585038,15.880165899417953,15.99422972601735,19.696966195627628,14.50263298938554,13.063695516637006,33.39441070216668,31.630605020970552,41.31864064370642,33.131154748418666,18.668195741621947,20.589283678526474,22.887537782980367,9.325552584072328,6.553346287089414,5.1409041563435345,7.106037254349708,2.8511392774177415,5.123358204060502,6.053290722889184,5.21986091513333,5.4918227521898,5.70237349831907,5.404093183573533,5.404093183573533,42.757861074617566,42.907049382805155,57.852992463678284,12.063466982330104,9.440093641619045,8.720648451906516,19.267022704654387,21.19739131362258,24.610697455097757,3.5968521528119806,14.93998375614073,8.334231792297427,4.790084674117056,3.74604674345197,4.48301390703868,18.056168357487635,17.468293477048743,10.01038811970958,10.571273438904303,8.974643351316708,43.442373410592964,50.103375217526064,49.559250183085794
19.049419142382067,14.693030063700725,14.693030063700725,14.693030063700725,15.56166507837553,25.732982147173683,19.259125795429984,19.049419142382067,35.33637702113815,35.33637702113815,37.60306136594247,37.60306136594247,26.957638052925464,26.957638052925464,26.957638052925464,9.601530618041165,6.150670100797304,7.393193794674659,1.0,1000.0,8.944816027013697,8.944816027013697,7.186747503423505,7.186747503423505,6.658620920960477,8.944816027013697,8.944816027013697,41.638076128968606,41.638076128968606,41.638076128968606,13.58750218477574,7.458118588512651,7.458118588512651,14.24467606531607,16.7040597280427,14.950987792640625,6.150670100797304,4.922563979119365,6.658620920960477,7.059541112028347,6.658620920960477,3.682828211964163,2.5318138516491304,2.5318138516491304,2.5318138516491304,8.944816027013697,6.658620920960477,44.155849354144955,44.22430110691088,44.22430110691088,16.27500260801446,18.28429955585038,18.28429955585038,15.880165899417953,15.99422972601735,19.696966195627628,14.50263298938554,13.063695516637006,33.39441070216668,31.630605020970552,41.31864064370642,33.131154748418666,18.668195741621947,20.589283678526474,22.887537782980367,9.325552584072328,6.553346287089414,5.1409041563435345,7.106037254349708,2.8511392774177415,5.123358204060502,6.053290722889184,5.21986091513333,5.4918227521898,5.70237349831907,5.404093183573533,5.404093183573533,42.757861074617566,42.907049382805155,57.852992463678284,12.063466982330104,9.440093641619045,8.720648451906516,19.267022704654387,21.19739131362258,24.610697455097757,3.5968521528119806,14.93998375614073,8.334231792297427,4.790084674117056,3.74604674345197,4.48301390703868,18.056168357487635,17.468293477048743,10.01038811970958,10.571273438904303,8.974643351316708,43.442373410592964,50.103375217526064,49.559250183085794
26.994235125892097,22.637846063235482,22.637846063235482,22.637846063235482,23.50648107499543,33.677798099273836,27.203941778080022,26.994235125892097,43.28119291365547,43.28119291365547,45.54787724191306,45.54787724191306,19.012822069367747,19.012822069367747,19.012822069367747,17.546346631851577,3.794145927552479,15.338009813183595,8.944816027013697,8.944816027013697,1000.0,1.0,2.758068524600011,2.758068524600011,3.286195107254257,1.0,1.0,49.582891973138786,49.582891973138786,49.582891973138786,21.532318187818255,15.402934606896348,15.402934606896348,22.189492066300694,24.648875720616466,22.895803791324344,3.794145927552479,12.867380001813526,3.286195107254257,2.885274916045964,3.286195107254257,6.261987816359944,10.47662987731564,10.47662987731564,10.47662987731564,1.0,3.286195107254257,52.10066517695145,52.16911692912024,52.16911692912024,24.219818602136186,26.229115542429103,26.229115542429103,23.824981894934073,23.939045721133606,27.641782176455887,22.447448989540543,21.008511521262502,41.3392266081062,39.57542093849768,49.263456490503515,41.07597065612416,10.723379730567801,12.644467672705836,14.9427217843232,1.3807365573529589,3.391469741157247,4.803911872132419,2.8387787737063848,7.093676750642996,4.821457824415971,3.891525305481016,4.724955113339583,4.452993276263771,4.242442530110097,4.540722844887778,4.540722844887778,50.702676909430465,50.85186521635393,65.79780814981204,20.00828298983721,17.384909655803554,16.66546446769947,27.211838687271882,29.14220728793885,32.55551341304915,6.3479638754908505,6.995167736889301,1.610584235132058,12.734900697003663,11.690862767741333,12.427829930358849,26.00098434496038,25.4131094667809,17.955204132550946,2.626457413336169,1.0298273243250968,51.387189239572045,58.04819098522908,57.50406595610083
26.994235125892097,22.637846063235482,22.637846063235482,22.637846063235482,23.50648107499543,33.677798099273836,27.203941778080022,26.994235125892097,43.28119291365547,43.28119291365547,45.54787724191306,45.54787724191306,19.012822069367747,19.012822069367747,19.012822069367747,17.546346631851577,3.794145927552479,15.338009813183595,8.944816027013697,8.944816027013697,1.0,1000.0,2.758068524600011,2.758068524600011,3.286195107254257,1.0,1.0,49.582891973138786,49.582891973138786,49.582891973138786,21.532318187818255,15.402934606896348,15.402934606896348,22.189492066300694,24.648875720616466,22.895803791324344,3.794145927552479,12.867380001813526,3.286195107254257,2.885274916045964,3.286195107254257,6.261987816359944,10.47662987731564,10.47662987731564,10.47662987731564,1.0,3.286195107254257,52.10066517695145,52.16911692912024,52.16911692912024,24.219818602136186,26.229115542429103,26.229115542429103,23.824981894934073,23.939045721133606,27.641782176455887,22.447448989540543,21.008511521262502,41.3392266081062,39.57542093849768,49.263456490503515,41.07597065612416,10.723379730567801,12.644467672705836,14.9427217843232,1.3807365573529589,3.391469741157247,4.803911872132419,2.8387787737063848,7.093676750642996,4.821457824415971,3.891525305481016,4.724955113339583,4.452993276263771,4.242442530110097,4.540722844887778,4.540722844887778,50.702676909430465,50.85186521635393,65.79780814981204,20.00828298983721,17.384909655803554,16.66546446769947,27.211838687271882,29.14220728793885,32.55551341304915,6.3479638754908505,6.995167736889301,1.610584235132058,12.734900697003663,11.690862767741333,12.427829930358849,26.00098434496038,25.4131094667809,17.955204132550946,2.626457413336169,1.0298273243250968,51.387189239572045,58.04819098522908,57.50406595610083
