0.0,6.952903397596543,8.080860328848761,10.557170315398624,10.57848499965792,1.0,1.0484872208909006,1.1145302961312948,29.28769956396039,29.895297823393072,29.357951530150487,30.09100164594784,20.887744802451493,20.55302855247655,45.81595003776534,45.731152886327685,46.04360689480251,22.578132804188233,22.43597036444433,19.735776332934734,27.416849328298166,26.899593770366,28.435900211761272,27.038838414756306,22.59305897234198,21.054475506944257,21.054475506944257,18.03409837135105,18.03409837135105,16.34709577227144,16.434894138177732,18.03409837135105,16.434894138177732,16.434894138177732,40.779735948393224,40.935138941430715,40.91801120951158,40.91801120951158,40.935138941430715,44.889023745280134,32.42881235650498,32.42881235650498,32.42881235650498,32.42881235650498,38.63998464650614,38.45240856708481,38.6324649026634,36.69234337098051,38.45240856708481,38.45240856708481,6.803666922640894,7.351533382768169,11.313628575154718,3.995275371217919,6.971193610357777,1.407126813651256,1.2064890668136434,2.6778462057295096,33.056735759413165,29.581671069610092,29.92875142861984,34.403318485550265,19.1493754090319,30.66524966816153,50.491744522773345,49.06322589265952,49.56028692922629,19.53801158601564,20.00629267337781,17.259368098200785,28.670070798364815,31.710179526012332,29.343315697915738,28.46517149126792,21.769448933221216,13.198468850986217,10.41925160969693,17.10885486941843,13.530082277391449,13.337770357531685,5.131571809354677,17.468414798457697,2.552445216227836,7.380549216674832,48.26541449221668,44.485082129700146,44.41406836231406,43.052260677509,43.13998530243301,44.9320494437951,41.991201542139876,36.04645952412219,36.1759710042376,34.20820562489555,40.2199480470111,45.44167216354945,39.025161531104146,38.761971486719844,38.11025844704784,38.11025844704784
6.952903397596543,0.0,14.033763698492177,16.510073668085596,16.53138835218277,6.952903397596543,7.001390618399378,6.838373101667614,23.33479635696299,23.942394625772323,23.405048324225923,24.138098451394402,26.840648044168148,26.50593179880755,51.76885274329306,51.684055594325216,51.99650959367763,16.625229508383,16.483067067050055,13.782873007666778,21.463946093820233,20.946690528660902,22.48299699199152,21.08593517498095,28.545962189488606,27.00737874633689,27.00737874633689,12.081195030770802,12.081195030770802,10.394192418232263,10.481990784796716,12.081195030770802,10.481990784796716,10.481990784796716,46.732638792943405,46.88804178192401,46.87091405045272,46.87091405045272,46.88804178192401,50.841926477565536,38.381715397278725,38.381715397278725,38.381715397278725,38.381715397278725,44.59288754540892,44.40531147061836,44.585367801752234,42.64524631691436,44.40531147061836,44.40531147061836,1.149236475217601,13.304436756695752,17.266531921919018,9.948178760700257,12.924096986391438,6.54577658462857,6.746414331141997,5.275057194037435,27.103832614153063,23.62876786712171,23.975848231521795,28.450415364411516,25.102278673969685,36.61815274491061,56.44464708526702,55.01612850027944,55.513189521286805,13.585108258878606,14.053389350704627,11.306464751226862,22.717167582062952,25.7572763577177,23.390412491767425,22.512268271929855,27.722352162455817,19.151372181480088,16.372154963426247,11.155951521244292,7.577178904701112,7.384866983742542,2.8213315905181693,11.515511453173373,5.4004581834358305,1.4276458199034852,54.21831712449241,50.437984873480914,50.36697110810537,49.00516346125636,49.09288808376968,50.884952174850156,47.94410435467123,41.99936248513916,42.128873962250616,40.16110862744149,46.17285090605204,51.39457487994506,44.97806442043023,44.714874382599504,44.0631613589726,44.0631613589726
8.080860328848761,14.033763698492177,0.0,3.4763099950911767,3.497624679443222,8.080860328848761,8.03237310808079,8.195390624682965,36.368559533264424,36.97615777869067,36.43881149784854,37.171861596677964,13.806884565631648,13.472168311739757,38.735090321676225,38.65029316769898,38.96274718555752,29.658992910633575,29.51683047344736,26.816636487772268,34.49770933907471,33.98045379216799,35.516760200257565,34.11969843360906,15.51219875674002,13.97361527210586,13.97361527210586,25.114958552392842,25.114958552392842,23.427955977244036,23.515754341955173,25.114958552392842,23.515754341955173,23.515754341955173,33.69887609058816,33.854279087721515,33.837151355350095,33.837151355350095,33.854279087721515,37.808164001715866,25.34795230450926,25.34795230450926,25.34795230450926,25.34795230450926,31.559124734097356,31.371548650048613,31.551604990068608,29.61148341177471,31.371548650048613,31.371548650048613,13.884527224548888,1.7293269477518178,4.232768258340051,5.0855849620441145,2.109666720881375,8.487987141401018,8.287349395119932,9.758706529281234,40.137595637583665,36.66253103217035,37.00961138313862,41.484178328705745,12.068515152753848,23.584389581655028,43.41088495486436,41.98236627778159,42.479427330521936,26.618871744005055,27.087152823858652,24.340228290485637,35.75093078163651,38.79103943790495,36.42417566594866,35.54603147911328,14.688588707108298,6.117608544674234,3.3383912887972524,24.18971506383767,20.610942517777104,20.41863060012739,12.212432121510377,24.54927498775117,9.633305540245559,14.461409514580808,41.184554851757454,37.404222374359136,37.333208604915,35.97140088135658,36.05912550873616,37.85118970149227,34.9103417167319,28.96559955000822,29.095111033088603,27.127345610015567,33.139088174598164,38.360812436290686,31.944301628277955,31.68111157733419,31.029398521637106,31.029398521637106
10.557170315398624,16.510073668085596,3.4763099950911767,0.0,1.021314684358773,10.557170315398624,10.508683094732131,10.671700610990774,38.844869359952625,39.45246759974765,38.915121323890375,39.648171415901544,11.330574587276363,10.995858332418395,36.2587804953606,36.17398334059749,36.486437361360785,32.13530279337609,31.99314035725583,29.292946390867048,36.97401918252336,36.456763640096376,37.993070034685154,36.59600828033807,13.035888783747993,11.497305294242405,11.497305294242405,27.59126846670439,27.59126846670439,25.904265901959587,25.99206426614686,27.59126846670439,25.99206426614686,25.99206426614686,31.222566220786714,31.37796921916504,31.360841486656092,31.360841486656092,31.37796921916504,35.331854166909764,22.871642376869012,22.871642376869012,22.871642376869012,22.871642376869012,29.082814847781048,28.89523876234028,29.075295103696323,27.135173511441952,28.89523876234028,28.89523876234028,16.36083719467636,4.2056369425477,1.756458263557885,7.561894953750443,4.585976715469976,10.96429712707544,10.763659381231001,12.235016511954713,42.61390542785437,39.13884085614553,39.48592120388287,43.96048810510671,9.592205169690578,21.10807964407301,40.934575174729936,39.50605648294439,40.003117540741364,29.095181648440654,29.5634627251035,26.816538209663612,38.2272406139545,41.267349241593195,38.90048549212524,38.02234131327791,12.212278731433873,3.641298551291459,1.1379187063346718,26.666024983943647,23.0872524582753,22.89494054163046,14.688742097238638,27.025584905630843,12.109615523233272,16.937719482612838,38.70824504893635,34.92791253592174,34.85689876584353,33.49509103037501,33.58281565850752,35.3748798670754,32.43403185679901,26.489289645240877,26.61880112920195,24.65103569320899,30.66277830036333,35.884502606520286,29.467991744848234,29.204801691927976,28.553088631412745,28.553088631412745
10.57848499965792,16.53138835218277,3.497624679443222,1.021314684358773,0.0,10.57848499965792,10.529997778992431,10.693015295247672,38.86618404275909,39.47378228250399,38.93643600669107,39.66948609864157,11.309259903033581,10.974543648168208,36.23746581235877,36.152668657589125,36.465122678376595,32.15661747668326,32.01445504057256,29.314261074357123,36.99533386547916,36.47807832309215,38.01438471756054,36.61732296332313,13.014574099546746,11.475990610003405,11.475990610003405,27.612583150295624,27.612583150295624,25.92558058564496,26.013378949827477,27.612583150295624,26.013378949827477,26.013378949827477,31.20125153742428,31.35665453581288,31.339526803302803,31.339526803302803,31.35665453581288,35.31053948383738,22.85032769303141,22.85032769303141,22.85032769303141,22.85032769303141,29.06150016428226,28.873924078830022,29.053980420197078,27.113858827827816,28.873924078830022,28.873924078830022,16.382151878778537,4.2269516268952225,1.735143579199717,7.583209638062255,4.607291399814683,10.985611811326093,10.784974065485956,12.256331196176085,42.63522011033713,39.16015553892783,39.50723588663642,43.981802787466435,9.570890485411997,21.08676496015462,40.913260492112926,39.4847418002047,39.98180285804384,29.116496331942805,29.584777408576908,26.837852893298848,38.248555296811084,41.28866392419509,38.92180017492715,38.04365599615097,12.19096404721177,3.6199838669402165,1.159233390693421,26.687339667587274,23.108567142104167,22.9162552254685,14.710056781393563,27.046899589254334,12.130930207457691,16.959034166695407,38.6869303661301,34.9065978528192,34.835584082735714,33.47377634716838,33.56150097530715,35.35356518400625,32.41271717351822,26.467974961590325,26.597486445558637,24.629721009459804,30.64146361696424,35.86318792348975,29.446677061373254,29.183487008436696,28.531773947881764,28.531773947881764
1.0,6.952903397596543,8.080860328848761,10.557170315398624,10.57848499965792,0.0,1.0484872208909006,1.1145302961312948,29.28769956396039,29.895297823393072,29.357951530150487,30.09100164594784,20.887744802451493,20.55302855247655,45.81595003776534,45.731152886327685,46.04360689480251,22.578132804188233,22.43597036444433,19.735776332934734,27.416849328298166,26.899593770366,28.435900211761272,27.038838414756306,22.59305897234198,21.054475506944257,21.054475506944257,18.03409837135105,18.03409837135105,16.34709577227144,16.434894138177732,18.03409837135105,16.434894138177732,16.434894138177732,40.779735948393224,40.935138941430715,40.91801120951158,40.91801120951158,40.935138941430715,44.889023745280134,32.42881235650498,32.42881235650498,32.42881235650498,32.42881235650498,38.63998464650614,38.45240856708481,38.6324649026634,36.69234337098051,38.45240856708481,38.45240856708481,6.803666922640894,7.351533382768169,11.313628575154718,3.995275371217919,6.971193610357777,1.407126813651256,1.2064890668136434,2.6778462057295096,33.056735759413165,29.581671069610092,29.92875142861984,34.403318485550265,19.1493754090319,30.66524966816153,50.491744522773345,49.06322589265952,49.56028692922629,19.53801158601564,20.00629267337781,17.259368098200785,28.670070798364815,31.710179526012332,29.343315697915738,28.46517149126792,21.769448933221216,13.198468850986217,10.41925160969693,17.10885486941843,13.530082277391449,13.337770357531685,5.131571809354677,17.468414798457697,2.552445216227836,7.380549216674832,48.26541449221668,44.485082129700146,44.41406836231406,43.052260677509,43.13998530243301,44.9320494437951,41.991201542139876,36.04645952412219,36.1759710042376,34.20820562489555,40.2199480470111,45.44167216354945,39.025161531104146,38.761971486719844,38.11025844704784,38.11025844704784
1.0484872208909006,7.001390618399378,8.03237310808079,10.508683094732131,10.529997778992431,1.0484872208909006,0.0,1.1630175170221495,29.336186782880354,29.94378504222767,29.406438749060673,30.139488864754554,20.839257582536042,20.50454133252846,45.76746282184843,45.68266567039192,45.99511967893642,22.626620023930805,22.484457584201948,19.784263552959338,27.46533654746964,26.94808098960399,28.48438743079787,27.087325633976523,22.544571752601428,21.005988287045266,21.005988287045266,18.082585591525547,18.082585591525547,16.395582992580522,16.483381358480152,18.082585591525547,16.483381358480152,16.483381358480152,40.73124873141846,40.886651724486704,40.86952399256418,40.86952399256418,40.886651724486704,44.840536529159,32.3803251380555,32.3803251380555,32.3803251380555,32.3803251380555,38.59149742912033,38.40392134966407,38.58397768527619,36.64385615324043,38.40392134966407,38.40392134966407,6.852154143448069,7.303046161976091,11.265141354525277,3.946788150348797,6.922706389554173,1.455614034541699,1.2549762877044142,2.726333426613267,33.10522297777452,29.630158288488982,29.977238647449685,34.451805703695214,19.10088818895303,30.616762449445105,50.443257307952315,49.01473867749205,49.51179971417821,19.58649880605839,20.054779893377276,17.307855318438822,28.718558017369695,31.758666744581216,29.39180291682796,28.513658710300565,21.720961713394388,13.149981630461413,10.370764389023988,17.157342089668465,13.578569497894119,13.386257578046148,5.1800590302029965,17.516902018678874,2.600932437112607,7.429036437464618,48.2169272768602,44.43659491349136,44.365581146089944,43.00377346099586,43.09149808593821,44.883562227683356,41.942714325408005,35.99797230626882,36.12748378640678,34.159718406731116,40.1714608299266,45.39318494754957,38.976674313790646,38.713484269356854,38.0617712295638,38.0617712295638
1.1145302961312948,6.838373101667614,8.195390624682965,10.671700610990774,10.693015295247672,1.1145302961312948,1.1630175170221495,0.0,29.173169272457727,29.780767532091463,29.24342123867086,29.976471354711904,21.002275096259822,20.66755884636228,45.930480322105126,45.84568317071211,46.15813717902203,22.463602510748874,22.321440070969565,19.62124603883191,27.3023190362032,26.785063478114395,28.32136991998393,26.924308122546567,22.707589265735564,21.16900580071354,21.16900580071354,17.91956807689578,17.91956807689578,16.232565477499875,16.320363843421813,17.91956807689578,16.320363843421813,16.320363843421813,40.89426623523652,41.049669228201246,41.03254149629015,41.03254149629015,41.049669228201246,45.003554030103224,32.543342646839605,32.543342646839605,32.543342646839605,32.543342646839605,38.754514934322415,38.566938854983796,38.74699519048299,36.80687365963541,38.566938854983796,38.566938854983796,6.689136626701852,7.466063678660002,11.428158870658637,4.109805667294923,7.085723906277202,1.292596517520655,1.0919587706824592,2.563315909613494,32.94220546922643,29.467140778204183,29.81422113732943,34.28878819587337,19.263905703227895,30.779779959128348,50.606274804520204,49.177756175226,49.67481721151032,19.423481291870132,19.8917623793341,17.144837803596165,28.555540506662147,31.59564923533664,29.2287854064313,28.350641199499872,21.883979226819367,13.312999146241173,10.533781905304444,16.9943245747856,13.415551982165285,13.223240062277844,5.017041513320037,17.353884503892687,2.437914920109545,7.266018920776316,48.37994477523041,44.59961241473066,44.528598647380825,43.16679096325972,43.25451558814035,45.04657972859598,42.10573182840833,36.16098981304534,36.29050129310734,34.322735914555196,40.33447833411415,45.5562024480856,39.13969181874925,38.87650177448209,38.22478873509663,38.22478873509663
29.28769956396039,23.33479635696299,36.368559533264424,38.844869359952625,38.86618404275909,29.28769956396039,29.336186782880354,29.173169272457727,0.0,1.6075982845357664,1.070251969038783,1.803302115400126,49.175442988921674,48.84072677159059,74.1036448781676,74.01884774118123,74.33130169630319,7.709566966953766,7.851729409696932,10.551923487205533,2.8708503063468735,3.3881058820605223,1.8517993856195045,3.248861232958539,50.880756987457154,49.34217367703257,49.34217367703257,12.25360146706788,12.25360146706788,13.940604076088999,13.852805709866287,12.25360146706788,13.852805709866287,13.852805709866287,69.06743161066598,69.2228345794498,69.20570685020725,69.20570685020725,69.2228345794498,73.17671874251049,60.716509218592634,60.716509218592634,60.716509218592634,60.716509218592634,66.92768063556763,66.74010458415705,66.92016089284978,64.9800396458886,66.74010458415705,66.74010458415705,23.484032828385182,35.6392326308933,39.60132756734459,32.28297480071804,35.25889288066845,28.880572766591353,29.081210505464473,27.609853422265456,4.769036368146887,1.2939715176638178,1.6410518911752425,6.115619165792037,47.43707376150569,58.952946757666155,78.77943853378235,77.35092016384236,77.84798111055747,10.749688236674322,10.281407143093654,13.028331745795159,1.6176287900344555,3.4224800684017365,1.0556161362093948,1.8225281049987232,50.05714703214754,41.48616770551191,38.706950663619956,13.178844975461715,16.75761756940301,16.949929488326795,25.156127897706536,12.819285044202621,27.735254407261284,22.907150547655736,76.55310890610578,72.77277719448882,72.70176343893036,71.33995597809111,71.42768058875092,73.21974443380141,70.27889701347362,64.33415589138366,64.46366735307792,62.49590224835581,68.50764379606576,73.72936706757852,67.31285746232558,67.04966745751,66.39795451494925,66.39795451494925
29.895297823393072,23.942394625772323,36.97615777869067,39.45246759974765,39.47378228250399,29.895297823393072,29.94378504222767,29.780767532091463,1.6075982845357664,0.0,1.5373463154981386,1.1957038308691723,49.78304120111817,49.44832498478529,74.7112429963715,74.62644585977077,74.93889981346948,8.317165249985425,8.459327692666857,11.159521768767275,3.4784485907406615,3.99570416637722,2.459397670117211,3.8564595172976017,51.48835519445976,49.949771888729245,49.949771888729245,12.86119974751213,12.86119974751213,14.548202355249707,14.460403989098108,12.86119974751213,14.460403989098108,14.460403989098108,69.67502975099221,69.83043271911718,69.8133049899473,69.8133049899473,69.83043271911718,73.78431686490549,61.32410739210067,61.32410739210067,61.32410739210067,61.32410739210067,67.53527878481187,67.3477027341694,67.52775904212486,65.58763780300097,67.3477027341694,67.3477027341694,24.09163109698618,36.246830877905616,40.20892580534357,32.89057305460456,35.86649112849481,29.48817102673506,29.68880876525907,28.217451684562505,4.161438083975739,1.3136267668747708,1.033453606640133,5.508020881961843,48.04467197881048,59.560544937623966,79.38703663002215,77.95851826693819,78.45557921128226,11.357286518115329,10.889005424816654,13.635930025671685,2.225227074547054,2.8148817840005256,1.551982148327311,2.430126389498475,50.66474524168121,42.09376593888132,39.314548903738604,13.786443255223663,17.365215846030207,17.557527764763222,25.763726163879355,13.426883324235972,28.34285266935028,23.514748817054443,77.16070701297481,73.38037531869337,73.30936156345199,71.94755410863185,72.0352787189074,73.82734255600307,70.88649514862354,64.94175405105287,65.07126551223655,63.10350041515926,69.11524193875276,74.33696518748121,67.92045560998565,67.65726560625352,67.005552666357,67.005552666357
29.357951530150487,23.405048324225923,36.43881149784854,38.915121323890375,38.93643600669107,29.357951530150487,29.406438749060673,29.24342123867086,1.070251969038783,1.5373463154981386,0.0,1.7330501463634271,49.245694949688044,48.91097873247174,74.17389682811374,74.0890996911718,74.40155364612978,7.779818935831401,7.9219813785677,10.62217545591862,2.9411022753727987,3.458357851078518,1.9220513546555074,3.3191132019788565,50.95100894762624,49.412425637741464,49.412425637741464,12.323853435654994,12.323853435654994,14.010856044530918,13.923057678316258,12.323853435654994,13.923057678316258,13.923057678316258,69.13768356316037,69.29308653186833,69.27595880263412,69.27595880263412,69.29308653186833,73.24697069293944,60.786761174907696,60.786761174907696,60.786761174907696,60.786761174907696,66.99793258908907,66.81035653776694,66.99041284637478,65.05029160031609,66.81035653776694,66.81035653776694,23.554284795624312,35.70948459565941,39.6715795310761,32.353226766272584,35.32914484552796,28.950824732862895,29.151462471696032,27.680105388783552,4.6987843991574305,1.2237195486252674,1.5707999221377547,6.045367196844564,47.507325722859385,59.02319871472361,78.84969048119783,77.42117211204786,77.91823305848973,10.819940205373825,10.351659111824873,13.098583714318108,1.6878807590717346,3.3522280993831184,1.0146358328293912,1.8927800740349066,50.1273989926077,41.55641966871171,38.77720262759484,13.249096943971699,16.827869537557355,17.02018145645945,25.22637986466809,12.889537012743304,27.80550637375557,22.977402514985997,76.623360854746,72.84302914512622,72.7720153896043,71.41020792945841,71.49793254007393,73.28999638420811,70.34914896537182,64.40440784610553,64.533919307741,62.56615420389906,68.57789574883205,73.79961901772035,67.38310941566459,67.11991941097376,66.46820646871984,66.46820646871984
30.09100164594784,24.138098451394402,37.171861596677964,39.648171415901544,39.66948609864157,30.09100164594784,30.139488864754554,29.976471354711904,1.803302115400126,1.1957038308691723,1.7330501463634271,0.0,49.97874500830093,49.64402879229219,74.90694677308235,74.82214963660651,75.1346035898443,8.512869080312186,8.655031522972603,11.355225598598066,3.6741524215444734,4.191407997152105,2.655101500962566,4.052163348080795,51.68405899995607,50.14547569574968,50.14547569574968,13.056903576969505,13.056903576969505,14.743906184280299,14.656107818152304,13.056903576969505,14.656107818152304,14.656107818152304,69.8707335348684,70.02613650277995,70.00900877363362,70.00900877363362,70.02613650277995,73.98002064297361,61.51981118673069,61.51981118673069,61.51981118673069,61.51981118673069,67.73098257157748,67.54340652118387,67.72346282890044,65.78334159231628,67.54340652118387,67.54340652118387,24.287334922539973,36.442534696409545,40.40462962091298,33.08627687534921,36.062194947263954,29.683874849522066,29.88451258793203,28.41315550805316,3.9657342531989697,1.5093305977423679,1.1622502242290929,5.312317051284229,48.24037578765235,59.75624873434539,79.58274039962146,78.1542220387571,78.65128298233354,11.552990347905668,11.084709254701533,13.831633854940067,2.4209309053990604,2.6191779531603183,1.7476859791924144,2.6258302203447204,50.86044904799932,42.289469752944655,39.51025271999782,13.98214708445395,17.56091967422246,17.753231592892515,25.9594299886378,13.622587153556523,28.538556492772912,23.71045264286974,77.35641078601536,73.57607909734755,73.50506534220887,72.1432578893382,72.23098249948931,74.02304633400858,71.08219893082293,65.13745784119682,65.266969302215,63.29920420761568,69.3109457233938,74.53266896474216,68.11615939623796,67.85296939285688,67.20125645382365,67.20125645382365
20.887744802451493,26.840648044168148,13.806884565631648,11.330574587276363,11.309259903033581,20.887744802451493,20.839257582536042,21.002275096259822,49.175442988921674,49.78304120111817,49.245694949688044,49.97874500830093,0.0,1.3347162566260637,25.928206373882844,25.84340921641441,26.15586324718403,42.4658767015361,42.32371427082352,39.62352040314154,47.30459289405682,46.78733737381408,48.323643701697804,46.926582008111204,2.7053142073206615,1.166730707891011,1.166730707891011,37.92184253727317,37.92184253727317,36.2348400273328,36.32263838874121,37.92184253727317,36.32263838874121,36.32263838874121,20.891991951933214,21.047394954454884,21.030267221488025,21.030267221488025,21.047394954454884,25.0012800162763,12.541067923164572,12.541067923164572,12.541067923164572,12.541067923164572,18.752240524492706,18.564664434512444,18.744720780225272,16.804599142843237,18.564664434512444,18.564664434512444,26.69141157399547,14.536211506927186,10.57411632754181,17.89246948255812,14.916551276414253,21.294871607724662,21.0942338650578,22.565590971496693,52.944478879425745,49.4694144718097,49.8164948037227,54.291061489716206,2.738369425477785,10.77750516081273,30.604001214308404,29.17548247084086,29.672543546373525,39.425755667645326,39.894036727832265,37.147112305769895,48.557814270583776,51.59792275823987,49.23105911858406,48.35291497899577,1.8817041493824918,8.689276046708812,11.468493292848917,36.99659908493853,33.4178266685284,33.225514757375365,25.019316511223572,37.35615899490811,22.440189984933674,27.268293849291446,28.37767100891777,24.597338372869377,24.526324600625877,23.16451682467488,23.25224145535561,25.044305717774993,22.10345762092715,16.158715262507314,16.28822674926712,14.320461272674212,20.332204016797988,25.553928473159587,19.137417430998905,18.874227371611905,18.222514295401062,18.222514295401062
20.55302855247655,26.50593179880755,13.472168311739757,10.995858332418395,10.974543648168208,20.55302855247655,20.50454133252846,20.66755884636228,48.84072677159059,49.44832498478529,48.91097873247174,49.64402879229219,1.3347162566260637,0.0,26.262922619683277,26.178125462287994,26.49057949278687,42.13116047401072,41.988998043098604,39.288804171756325,46.969876673730404,46.45262115268034,47.988927482988295,46.591865787193925,3.040030463887078,1.5014469645156412,1.5014469645156412,37.58712630370795,37.58712630370795,35.90012379170314,35.98792215321662,37.58712630370795,35.98792215321662,35.98792215321662,21.22670820164675,21.382111204060774,21.364983471105816,21.364983471105816,21.382111204060774,25.33599626286275,12.875784177438106,12.875784177438106,12.875784177438106,12.875784177438106,19.086956775603735,18.899380685738453,19.07943703134094,17.13931539508901,18.899380685738453,18.899380685738453,26.35669532850446,14.20149525335974,10.239400072430493,17.557753230717644,14.581835023023203,20.960155358026874,20.75951761522272,22.230874722700282,52.6097626684875,49.13469825496001,49.481778587445135,53.95634528117803,2.403653168893541,11.11222141574205,30.938717455690803,29.510198713653292,30.00725978869638,39.091039436001715,39.55932049680264,36.81239607124464,48.22309805225076,51.26320654496268,48.89634290134382,48.01819876033323,2.216420405990168,8.354559791051319,11.133777038039247,36.66188285022912,33.08311042966645,32.89079851830256,24.68460026432319,37.02144276063989,22.105473736045862,26.933577604308734,28.712387252498107,24.93205461978907,24.86104084760358,23.49923307273116,23.58695770334434,25.379021964325617,22.43817386977941,16.493431515100518,16.62294300179181,14.655177526177576,20.666920266892387,25.888644719280975,19.47213368187003,19.20894362264751,18.557230546833676,18.557230546833676
45.81595003776534,51.76885274329306,38.735090321676225,36.2587804953606,36.23746581235877,45.81595003776534,45.76746282184843,45.930480322105126,74.1036448781676,74.7112429963715,74.17389682811374,74.90694677308235,25.928206373882844,26.262922619683277,0.0,1.0847971601730644,1.2276568806539565,67.39407956701181,67.25191715575828,64.55172364801008,72.23279506688964,71.71553962350112,73.25184572115165,71.85478423717532,24.222892217274403,25.761475671277616,25.761475671277616,62.85004599953591,62.85004599953591,61.16304369790688,61.25084204865105,62.85004599953591,61.25084204865105,61.25084204865105,6.036214550495514,5.880811544982726,5.897939278282297,5.897939278282297,5.880811544982726,1.9269263861663233,14.387138648781452,14.387138648781452,14.387138648781452,14.387138648781452,8.175966012810179,8.363542105286783,8.183485757179422,10.123607415978054,8.363542105286783,8.363542105286783,51.61961628765934,39.46441721522016,35.502322278960115,42.820674953683216,39.84475695926863,46.22307680922913,46.02243908327654,47.49379606477253,77.87268017066016,74.3976163156954,74.74469659377398,79.21926255865225,27.666575740022516,16.150701402935184,5.675795018234293,4.2472762144662966,4.744337310383989,64.35395893815374,64.82223993746916,62.07531586458785,73.48601625442349,76.52612426721907,74.15926099926497,73.2811169940054,25.04650225164765,33.617482099764715,36.39669919287547,61.924802662339424,58.34603067093871,58.153718781708875,49.94752138393131,62.28436252782154,47.368395089072116,52.19649850644197,3.4494647211554743,2.3308680413272587,2.4018818155937294,3.7636896278280583,3.6759649949538282,1.8839006833909082,4.824748856539307,10.769491301299645,10.63997981362595,12.607745299463375,6.596002495890702,1.3742779125215003,7.7907891008945125,8.053979164019013,8.70569224871889,8.70569224871889
45.731152886327685,51.684055594325216,38.65029316769898,36.17398334059749,36.152668657589125,45.731152886327685,45.68266567039192,45.84568317071211,74.01884774118123,74.62644585977077,74.0890996911718,74.82214963660651,25.84340921641441,26.178125462287994,1.0847971601730644,0.0,1.3124540408267094,67.30928242597669,67.16712001464153,64.466926505376,72.1479979287356,71.63074248502953,73.16704858362993,71.76998709878902,24.138095059448442,25.676678513773115,25.676678513773115,62.765248855977696,62.765248855977696,61.07824655345703,61.166044904247016,62.765248855977696,61.166044904247016,61.166044904247016,5.951417390431595,5.796014384912121,5.8131421182124186,5.8131421182124186,5.796014384912121,1.8421292259966768,14.302341489387109,14.302341489387109,14.302341489387109,14.302341489387109,8.091168852859784,8.278744945348247,8.0986885972295,10.038810256165778,8.278744945348247,8.278744945348247,51.53481913862583,39.37962006148447,35.417525123967515,42.73587780111845,39.75995980566074,46.138279657950655,45.93764193191944,47.40899891400008,77.78788303611692,74.31281917889523,74.65989945719456,79.1344654250113,27.581778582944537,16.065904243760073,5.760592178309823,4.332073374591959,4.829134470494238,64.26916179541098,64.73744279498426,61.990518720617146,73.40121911704833,76.44132713178908,74.07446386231379,73.19631985650197,24.961705093991217,33.53268494422189,36.31190203815472,61.84000551828918,58.26123352505445,58.068921635729154,49.862724234175374,62.19956538396162,47.28359793824911,52.11170135766329,3.534261881301346,2.246070881161456,2.31708465542875,3.6788924676874073,3.5911678348111207,1.7991035232209367,4.739951696428859,10.684694141540485,10.555182653855846,12.522948139875322,6.511205335852617,1.2894807523489102,7.705991940920732,7.969182004061073,8.620895088802781,8.620895088802781
46.04360689480251,51.99650959367763,38.96274718555752,36.486437361360785,36.465122678376595,46.04360689480251,45.99511967893642,46.15813717902203,74.33130169630319,74.93889981346948,74.40155364612978,75.1346035898443,26.15586324718403,26.49057949278687,1.2276568806539565,1.3124540408267094,0.0,67.62173639604184,67.47957398500793,64.77938048134325,72.46045188816686,71.94319644563278,73.4795025407276,72.0824410590776,24.450549091541713,25.98913254467624,25.98913254467624,63.07770283535637,63.07770283535637,61.39070053612733,61.47849888674821,63.07770283535637,61.47849888674821,61.47849888674821,6.263871430837943,6.108468425343676,6.125596158641234,6.125596158641234,6.108468425343676,2.1545832668076974,14.614795527295575,14.614795527295575,14.614795527295575,14.614795527295575,8.403622892839955,8.591198985284034,8.411142637207917,10.35126429562988,8.591198985284034,8.591198985284034,51.847273138220686,39.692074078450226,35.72997914557918,43.0483318137574,40.0724138221542,46.45073366583744,46.25009594009667,47.72145292001763,78.10033698222267,74.62527313333001,74.97235341081455,79.44691936778744,27.894232612269043,16.378358280854265,5.448138137825012,4.0196193339276745,4.5166804298849215,64.5816157717794,65.04989677040079,62.302972701518605,73.7136730736051,76.75378108116733,74.38691781730594,73.50877381353212,25.274159125456823,33.845138967867925,36.624356058761386,62.152459499484294,58.573687513020545,58.381375624047664,50.175178236438335,62.51201936445406,47.59605194445341,52.424155356317065,3.2218078405655253,2.558524921956831,2.62953869622083,3.99134650838484,3.9036218755164533,2.1115575640333137,5.0524057370111,10.997148180806494,10.867636693162652,12.835402178504095,6.823659376161718,1.6019347931728078,8.018445980988503,8.281636044069508,8.933349128654681,8.933349128654681
22.578132804188233,16.625229508383,29.658992910633575,32.13530279337609,32.15661747668326,22.578132804188233,22.626620023930805,22.463602510748874,7.709566966953766,8.317165249985425,7.779818935831401,8.512869080312186,42.4658767015361,42.13116047401072,67.39407956701181,67.30928242597669,67.62173639604184,0.0,1.1421624430729813,3.8423565294475304,5.8387166636703345,5.321461088385853,6.8577675830226,5.460705737390111,44.17119075320514,42.632607394753755,42.632607394753755,5.544034517437598,5.544034517437598,7.231037136456448,7.143238769665742,5.544034517437598,7.143238769665742,7.143238769665742,62.35786606768521,62.51326904335997,62.4961413133571,62.4961413133571,62.51326904335997,66.46715338736779,54.006943329865045,54.006943329865045,54.006943329865045,54.006943329865045,60.21811499940418,60.03053893997591,60.21059525636444,58.27047392766055,60.03053893997591,60.03053893997591,16.774465981736313,28.92966599255334,32.891761018728666,25.573408094776198,28.54932623428066,22.171005999975385,22.371643742207098,20.90028663501624,11.478603321744039,8.003538483921027,8.350618856534844,12.82518611229066,40.727507422013744,52.24338080208107,72.06987345359609,70.64135501148293,71.13841598315045,4.040121279760003,3.5718401842245693,6.318764800516257,7.0919381781924065,10.132047027872819,7.76518310303586,6.887038863593502,43.34758077198416,34.776601203353295,31.997384093811046,6.469278031075463,10.048050650773954,10.240362571328255,18.446561073732276,6.109718097709442,21.02568762199926,16.197583693626036,69.84354371405463,66.06321182036348,65.99219806147951,64.63039053754386,64.71811515222949,66.51017908068732,63.569331524654515,57.62459014651981,57.75410161353193,55.786336429260665,61.79807822840128,67.01980173858985,60.603291842702276,60.34010182657375,59.68838885620601,59.68838885620601
22.43597036444433,16.483067067050055,29.51683047344736,31.99314035725583,32.01445504057256,22.43597036444433,22.484457584201948,22.321440070969565,7.851729409696932,8.459327692666857,7.9219813785677,8.655031522972603,42.32371427082352,41.988998043098604,67.25191715575828,67.16712001464153,67.47957398500793,1.1421624430729813,0.0,3.7001940864296703,5.98087910657037,5.463623531320409,6.999930025843409,5.602868180315754,44.02902832353454,42.490444964141204,42.490444964141204,5.4018720745083,5.4018720745083,7.0888746936560585,7.001076326857633,5.4018720745083,7.001076326857633,7.001076326857633,62.2157036517673,62.371106627580424,62.35397889756228,62.35397889756228,62.371106627580424,66.32499097522782,53.86478090703194,53.86478090703194,53.86478090703194,53.86478090703194,60.07595258161711,59.88837652202817,60.06843283857091,58.12831150823041,59.88837652202817,59.88837652202817,16.63230354043695,28.787503555070124,32.74959858295176,25.43124565602562,28.407163796645623,22.028843560106484,22.229481302399492,20.75812419477262,11.620765764018936,8.145700926634984,8.49278129921272,12.96734855434896,40.58534499028259,52.10121837791809,71.92771104700648,70.49919260343435,70.99625357560612,3.897958836750298,3.429677741196465,6.176602357641075,7.2341006209929075,10.274209470338363,7.907345545773595,7.029201306411818,43.20541834180505,34.63443876846809,31.855221657629077,6.327115588211795,9.905888208280114,10.098200128859508,18.30439863283115,5.967555654818808,20.883525181791583,16.05542125219864,69.7013813052043,65.92104940784117,65.85003564889023,64.48822812368459,64.57595273845124,66.36801666858821,63.42716910982465,57.482427726557056,57.61193919367549,55.644174007815465,61.655915811987896,66.87763932697685,60.4611294252467,60.19793940889142,59.54622643796655,59.54622643796655
19.735776332934734,13.782873007666778,26.816636487772268,29.292946390867048,29.314261074357123,19.735776332934734,19.784263552959338,19.62124603883191,10.551923487205533,11.159521768767275,10.62217545591862,11.355225598598066,39.62352040314154,39.288804171756325,64.55172364801008,64.466926505376,64.77938048134325,3.8423565294475304,3.7001940864296703,0.0,8.681073187783943,8.16381761339019,9.700124105157022,8.30306226216221,41.32883447498222,39.790251098294064,39.790251098294064,2.7016779891009675,2.7016779891009675,4.388680610043018,4.300882243132028,2.7016779891009675,4.300882243132028,4.300882243132028,59.515510057378314,59.670913035759256,59.65378530545779,59.65378530545779,59.670913035759256,63.624797451002365,51.164587184535506,51.164587184535506,51.164587184535506,51.164587184535506,57.37575895255513,57.188182889987424,57.36823920938934,55.42811784871597,57.188182889987424,57.188182889987424,13.932109481633631,26.087309564036804,30.04940462279148,22.731051642221544,25.70696980287611,19.32864952638064,19.529287269760154,18.05793015442226,14.320959831171946,10.845895003474812,11.192975375232686,15.667542616865882,37.88515110392801,49.40102463084589,69.22751762603106,67.79899915530119,68.29606013685802,1.197764750398835,1.270516345322891,3.476408272961189,9.93429469982998,12.974403541634599,10.607539623157475,9.729395385666681,40.505224483913274,31.93424482451345,29.15502769012171,3.6269215036922597,7.205694129397338,7.398006050378797,15.6042045809435,3.26736156992648,18.18333114207524,13.355227191187272,67.00118784215182,63.22085587651008,63.14984211631469,61.78803456751604,61.87575918378689,63.667823145122284,60.726975535631645,54.78223405717677,54.911745526264205,52.94398031099061,58.955722208404886,64.17744581254658,57.760935802332185,57.497745781771904,56.846032800517555,56.846032800517555
27.416849328298166,21.463946093820233,34.49770933907471,36.97401918252336,36.99533386547916,27.416849328298166,27.46533654746964,27.3023190362032,2.8708503063468735,3.4784485907406615,2.9411022753727987,3.6741524215444734,47.30459289405682,46.969876673730404,72.23279506688964,72.1479979287356,72.46045188816686,5.8387166636703345,5.98087910657037,8.681073187783943,0.0,1.51725557583015,2.0190509208092204,1.3780109266918397,49.009906908186295,47.47132358366777,47.47132358366777,10.382751170689517,10.382751170689517,12.069753783268585,11.98195541684741,10.382751170689517,11.98195541684741,11.98195541684741,67.19658173244808,67.35198470322429,67.33485697376189,67.33485697376189,67.35198470322429,71.30586891854429,58.84565924015622,58.84565924015622,58.84565924015622,58.84565924015622,65.05683073039036,64.86925467665854,65.04931098757932,63.10918971693975,64.86925467665854,64.86925467665854,21.613182565849026,33.768382431990375,37.73047739526871,30.41212458143308,33.388042679347876,27.009722528834967,27.210360268736185,25.73900317817565,6.639886672490352,3.164821823950689,3.5119021973702997,7.986469468771017,45.56622365131814,57.08209675978247,76.90858878904118,75.48007039832468,75.9771313522243,8.878837937578275,8.410556843238744,11.157481450983829,2.2532215163854037,5.2933303737682404,2.9264664425461655,2.0483222014294595,48.1862969452757,39.61531754725045,36.83610048522642,11.307994680968006,14.886767283725257,15.079079203191489,23.28527764225625,10.948434748957265,25.864404163782837,21.036300282798162,74.68225912915646,70.9019273650452,70.83091360852706,69.46910612947266,69.55683074129504,71.3488946104205,68.40804715091092,62.46330595471296,62.592817417949156,60.625052290147664,66.63679391070966,71.85851725115724,65.44200756193611,65.17881755384592,64.52710460323415,64.52710460323415
26.899593770366,20.946690528660902,33.98045379216799,36.456763640096376,36.47807832309215,26.899593770366,26.94808098960399,26.785063478114395,3.3881058820605223,3.99570416637722,3.458357851078518,4.191407997152105,46.78733737381408,46.45262115268034,71.71553962350112,71.63074248502953,71.94319644563278,5.321461088385853,5.463623531320409,8.16381761339019,1.51725557583015,0.0,2.5363064965985433,1.1392446491396833,48.492651392148815,46.95406806382939,46.95406806382939,9.865495597031193,9.865495597031193,11.552498210488917,11.464699844018337,9.865495597031193,11.464699844018337,11.464699844018337,66.67932627086552,66.8347292421829,66.81760151266081,66.81760151266081,66.8347292421829,70.78861347170542,58.32840375138511,58.32840375138511,58.32840375138511,58.32840375138511,64.53957526148727,64.35199920712535,64.53205551865094,62.59193424158554,64.35199920712535,64.35199920712535,21.09592700084811,33.25112688382596,37.213221854274735,29.894869027842397,32.870787130538694,26.492466970349152,26.69310471052212,25.221747618017893,7.157142247415389,3.682077399629442,4.029157773002054,8.503725043234944,45.0489681269472,56.56484126574438,76.39133336375767,74.96281496738584,75.45987592324089,8.361582363262215,7.893301268742036,10.640225877710519,2.7704770921576927,5.810585949059983,3.4437220182535584,2.5655777772168094,47.66904142718796,39.09806200995854,36.318844942541425,10.79073910777314,14.369511712744979,14.561823632349215,22.768022079110327,10.431179175576972,25.347148603786295,20.519044717191345,74.16500369510666,70.38467191671708,70.31365815993803,68.95185067593226,69.03957528807064,70.83163916374077,67.8907916935813,61.94605047726402,62.07556194091846,60.107796806858495,66.11953844718836,71.34126180637001,64.92475209433279,64.66156208535364,64.00984913255644,64.00984913255644
