0.0,1.0,1.0,42.09363228805906,28.255340694916306,28.255340694916306,28.347240266714156,28.347240266714156,27.765346803109807,28.255340694916306,10.522750931628122,1.0,1.0,1.880504221016814,1.1420834455455873,1.0,1.0,1.0,1.0,1.0,21.83083692378498,23.47722833991692,21.83083692378498,18.797379181506937,23.225739497481896,15.04223926352133,18.681653092190107,13.64741807455547,14.556089364848319,17.59734195050132,14.708232379274232,6.966922896667378,8.023454292066333,6.966922896667378,20.426379931915026,20.10576647145898,20.591494359968664,20.591494359968664,20.591494359968664,16.663551008276524,23.250100505457212,23.550245234615062,8.023454292066333,8.458108019875537,10.498927773549275,37.615466582187786,38.02856614643396,37.58285356488258,25.23868837405597,26.043002254728076,3.7429884536228695,3.6092682267988194,1.331805485570389,49.26516149666438,26.29617954424764,26.500870647506392,29.98052569756606,29.044837536220676,27.657990468922254,23.639317004217176,6.513445605547369,9.143529123447715,5.398873144970323,6.530159938725217,9.110093788377728,7.066389951099513,7.020417765116959,6.2848669898441685,4.508711637062833,5.043642985665297,28.83597682438665,20.64813444362937,19.398984578468127,18.463151675014384,20.64395672290083,13.432830487120281,12.584658499714118,11.534197925780814,17.227000777342433,14.857031918384694,10.384827499844386,14.844492618893257,14.702380718621162,11.626148393855354,24.738714239586944,24.542237109549056,22.272340105846503,21.486463292855877,20.26586400906571,21.273274862502635,22.619299230057962,24.061497574229232,8.587668799805794,8.203166556282422,5.277676765713649,37.456582798288196,36.754153647153586,37.27679369816901,24.433547875689296,14.857031918384694
1.0,0.0,1.0,42.09363228805906,28.255340694916306,28.255340694916306,28.347240266714156,28.347240266714156,27.765346803109807,28.255340694916306,10.522750931628122,1.0,1.0,1.880504221016814,1.1420834455455873,1.0,1.0,1.0,1.0,1.0,21.83083692378498,23.47722833991692,21.83083692378498,18.797379181506937,23.225739497481896,15.04223926352133,18.681653092190107,13.64741807455547,14.556089364848319,17.59734195050132,14.708232379274232,6.966922896667378,8.023454292066333,6.966922896667378,20.426379931915026,20.10576647145898,20.591494359968664,20.591494359968664,20.591494359968664,16.663551008276524,23.250100505457212,23.550245234615062,8.023454292066333,8.458108019875537,10.498927773549275,37.615466582187786,38.02856614643396,37.58285356488258,25.23868837405597,26.043002254728076,3.7429884536228695,3.6092682267988194,1.331805485570389,49.26516149666438,26.29617954424764,26.500870647506392,29.98052569756606,29.044837536220676,27.657990468922254,23.639317004217176,6.513445605547369,9.143529123447715,5.398873144970323,6.530159938725217,9.110093788377728,7.066389951099513,7.020417765116959,6.2848669898441685,4.508711637062833,5.043642985665297,28.83597682438665,20.64813444362937,19.398984578468127,18.463151675014384,20.64395672290083,13.432830487120281,12.584658499714118,11.534197925780814,17.227000777342433,14.857031918384694,10.384827499844386,14.844492618893257,14.702380718621162,11.626148393855354,24.738714239586944,24.542237109549056,22.272340105846503,21.486463292855877,20.26586400906571,21.273274862502635,22.619299230057962,24.061497574229232,8.587668799805794,8.203166556282422,5.277676765713649,37.456582798288196,36.754153647153586,37.27679369816901,24.433547875689296,14.857031918384694
1.0,1.0,0.0,42.09363228805906,28.255340694916306,28.255340694916306,28.347240266714156,28.347240266714156,27.765346803109807,28.255340694916306,10.522750931628122,1.0,1.0,1.880504221016814,1.1420834455455873,1.0,1.0,1.0,1.0,1.0,21.83083692378498,23.47722833991692,21.83083692378498,18.797379181506937,23.225739497481896,15.04223926352133,18.681653092190107,13.64741807455547,14.556089364848319,17.59734195050132,14.708232379274232,6.966922896667378,8.023454292066333,6.966922896667378,20.426379931915026,20.10576647145898,20.591494359968664,20.591494359968664,20.591494359968664,16.663551008276524,23.250100505457212,23.550245234615062,8.023454292066333,8.458108019875537,10.498927773549275,37.615466582187786,38.02856614643396,37.58285356488258,25.23868837405597,26.043002254728076,3.7429884536228695,3.6092682267988194,1.331805485570389,49.26516149666438,26.29617954424764,26.500870647506392,29.98052569756606,29.044837536220676,27.657990468922254,23.639317004217176,6.513445605547369,9.143529123447715,5.398873144970323,6.530159938725217,9.110093788377728,7.066389951099513,7.020417765116959,6.2848669898441685,4.508711637062833,5.043642985665297,28.83597682438665,20.64813444362937,19.398984578468127,18.463151675014384,20.64395672290083,13.432830487120281,12.584658499714118,11.534197925780814,17.227000777342433,14.857031918384694,10.384827499844386,14.844492618893257,14.702380718621162,11.626148393855354,24.738714239586944,24.542237109549056,22.272340105846503,21.486463292855877,20.26586400906571,21.273274862502635,22.619299230057962,24.061497574229232,8.587668799805794,8.203166556282422,5.277676765713649,37.456582798288196,36.754153647153586,37.27679369816901,24.433547875689296,14.857031918384694
42.09363228805906,42.09363228805906,42.09363228805906,0.0,69.3489690727039,69.3489690727039,69.44086862600115,69.44086862600115,68.85897527893471,69.3489690727039,32.57088198488589,42.09363228805906,42.09363228805906,41.213128141130156,41.951548854689285,42.09363228805906,42.09363228805906,42.09363228805906,42.09363228805906,42.09363228805906,62.92446650615117,64.57085763025805,62.92446650615117,59.89100927187653,64.31936883317326,56.13586992884261,59.775283201168946,29.44621496529678,28.537543703197365,25.496291186772364,28.385400693154217,36.12670982970732,35.070178496341136,36.12670982970732,22.667253235036522,22.98786669380948,22.50213880768215,22.50213880768215,22.50213880768215,26.430082111857224,19.843532657779004,19.543387926269286,35.070178496341136,34.63552479269254,32.59470514186725,5.478166047584879,5.065066455301454,5.51077906707335,17.854944766593967,17.050630872101813,44.836620489980156,44.70290027616049,42.42543774486489,8.171529929001654,67.38980830791647,67.59449937162037,71.07415372207183,70.13846575390355,68.75161896609082,64.73294626518737,47.60707735554024,33.95010372561019,37.694759480703404,47.62379168689234,33.98353905894589,36.02724278131496,36.07321496451118,36.80876569399673,38.58492092685112,38.04998961576137,69.92960508468242,61.7417642286908,60.49261457118421,59.556781818974756,61.73758650866776,54.52646138061799,53.67828950906185,31.559435035134495,25.86663235356986,28.236601158236503,32.708805410282785,28.249140457378196,28.391252353640507,31.467484570883904,18.35491890829404,18.55139604088817,20.8212930624439,21.60716987660394,22.827769157096874,21.82035830682977,20.474333936895714,19.032135581783585,34.50596401981073,34.89046624221059,37.815955851747084,5.637049842079278,6.339479038797391,5.816838954060856,18.660085276092854,28.236601158236503
28.255340694916306,28.255340694916306,28.255340694916306,69.3489690727039,0.0,1.0,1.0918995753236533,1.0918995753236533,1.4899939102043618,1.0,37.778091137227,28.255340694916306,28.255340694916306,29.135844881287284,28.397424135017513,28.255340694916306,28.255340694916306,28.255340694916306,28.255340694916306,28.255340694916306,7.424503958743822,5.778112505588841,7.424503958743822,10.457961749305943,6.029601354171936,14.213101691307166,10.57368783995342,40.902758064629865,41.81142928715714,44.852681629334455,41.96357229001272,34.222263314512205,35.27879465051984,34.222263314512205,47.68171936123424,47.36110593016994,47.84683377404018,47.84683377404018,47.84683377404018,43.918890764596696,50.50543966362053,50.80558436265818,35.27879465051984,35.71344835299396,37.75426798068714,64.87080401959366,65.28390352593566,64.83819100683982,52.494027328014504,53.298341122985846,25.512352335362106,25.646072558087123,27.92353522184086,76.52049712110087,2.9591612201803015,2.7544701101641884,2.725185072803882,1.7894968723692117,1.5973502483326087,5.61602383723187,22.741895257130043,36.39886941554658,32.65421364523347,22.72518092433173,36.365434082507875,34.32173036348541,34.275758180029314,33.54020744437968,31.7640521810674,32.298983503648614,1.5806361521463317,8.60720646079681,9.85635634482194,10.792189259539105,8.611384181595739,15.822510465902583,16.67068244943826,38.78953806458433,44.48234048719628,42.112371817744965,37.640167714331334,42.09983251921474,41.957720629805856,38.88148852644553,51.99405324591659,51.79757613626995,49.527679360400995,48.74180262296624,47.52120345313558,48.528614212814475,49.8746384507109,51.316836650393,35.84300912527071,35.4585069043246,32.533017272062,64.71192025783967,64.00949120377797,64.53213118269605,51.688886913644545,42.112371817744965
28.255340694916306,28.255340694916306,28.255340694916306,69.3489690727039,1.0,0.0,1.0918995753236533,1.0918995753236533,1.4899939102043618,1.0,37.778091137227,28.255340694916306,28.255340694916306,29.135844881287284,28.397424135017513,28.255340694916306,28.255340694916306,28.255340694916306,28.255340694916306,28.255340694916306,7.424503958743822,5.778112505588841,7.424503958743822,10.457961749305943,6.029601354171936,14.213101691307166,10.57368783995342,40.902758064629865,41.81142928715714,44.852681629334455,41.96357229001272,34.222263314512205,35.27879465051984,34.222263314512205,47.68171936123424,47.36110593016994,47.84683377404018,47.84683377404018,47.84683377404018,43.918890764596696,50.50543966362053,50.80558436265818,35.27879465051984,35.71344835299396,37.75426798068714,64.87080401959366,65.28390352593566,64.83819100683982,52.494027328014504,53.298341122985846,25.512352335362106,25.646072558087123,27.92353522184086,76.52049712110087,2.9591612201803015,2.7544701101641884,2.725185072803882,1.7894968723692117,1.5973502483326087,5.61602383723187,22.741895257130043,36.39886941554658,32.65421364523347,22.72518092433173,36.365434082507875,34.32173036348541,34.275758180029314,33.54020744437968,31.7640521810674,32.298983503648614,1.5806361521463317,8.60720646079681,9.85635634482194,10.792189259539105,8.611384181595739,15.822510465902583,16.67068244943826,38.78953806458433,44.48234048719628,42.112371817744965,37.640167714331334,42.09983251921474,41.957720629805856,38.88148852644553,51.99405324591659,51.79757613626995,49.527679360400995,48.74180262296624,47.52120345313558,48.528614212814475,49.8746384507109,51.316836650393,35.84300912527071,35.4585069043246,32.533017272062,64.71192025783967,64.00949120377797,64.53213118269605,51.688886913644545,42.112371817744965
28.347240266714156,28.347240266714156,28.347240266714156,69.44086862600115,1.0918995753236533,1.0918995753236533,0.0,1.0,1.5818934855266624,1.0918995753236533,37.869990706143085,28.347240266714156,28.347240266714156,29.227744452854402,28.489323706778613,28.347240266714156,28.347240266714156,28.347240266714156,28.347240266714156,28.347240266714156,7.516403533868979,5.870012080802145,7.516403533868979,10.549861324201489,6.121500929373436,14.305001265797916,10.665587414838484,40.994657632415034,41.90332885459626,44.944581195559195,42.05547185739315,34.314162884603924,35.37069422027463,34.314162884603924,47.773618926251714,47.453005495327986,47.93873333898487,47.93873333898487,47.93873333898487,44.01079033120352,50.59733922735844,50.89748392625568,35.37069422027463,35.8053479226071,37.84616754961149,64.96270357567121,65.37580308176452,64.93009056293693,52.58592689080662,53.390240685384946,25.604251907831966,25.73797213052587,28.015434793723763,76.61239666955844,3.051060795484893,2.8463696854724745,2.633285497493601,1.697597297048172,1.6892498236543088,5.707923412452463,22.833794830206774,36.490768984932735,32.74611321580593,22.817080497411897,36.45733365190521,34.41362993354585,34.36765775010422,33.63210701468335,31.855951751902502,32.39088307432678,1.4887365768240253,8.699106035842801,9.948255919769947,10.88408883440403,8.70328375664143,15.914410040179048,16.76258202359195,38.881437633144344,44.57424005357353,42.20427138506778,37.73206728329522,42.191732086542416,42.049620197188545,38.973388094972705,52.08595280894996,51.889475699397515,49.61957892459038,48.833702187512074,47.61310301822354,48.62051377745599,49.966538014741104,51.40873621374944,35.93490869484128,35.55040647402104,32.624916842670665,64.80381981401243,64.1013907603689,64.62403073897627,51.78078647682404,42.20427138506778
28.347240266714156,28.347240266714156,28.347240266714156,69.44086862600115,1.0918995753236533,1.0918995753236533,1.0,0.0,1.5818934855266624,1.0918995753236533,37.869990706143085,28.347240266714156,28.347240266714156,29.227744452854402,28.489323706778613,28.347240266714156,28.347240266714156,28.347240266714156,28.347240266714156,28.347240266714156,7.516403533868979,5.870012080802145,7.516403533868979,10.549861324201489,6.121500929373436,14.305001265797916,10.665587414838484,40.994657632415034,41.90332885459626,44.944581195559195,42.05547185739315,34.314162884603924,35.37069422027463,34.314162884603924,47.773618926251714,47.453005495327986,47.93873333898487,47.93873333898487,47.93873333898487,44.01079033120352,50.59733922735844,50.89748392625568,35.37069422027463,35.8053479226071,37.84616754961149,64.96270357567121,65.37580308176452,64.93009056293693,52.58592689080662,53.390240685384946,25.604251907831966,25.73797213052587,28.015434793723763,76.61239666955844,3.051060795484893,2.8463696854724745,2.633285497493601,1.697597297048172,1.6892498236543088,5.707923412452463,22.833794830206774,36.490768984932735,32.74611321580593,22.817080497411897,36.45733365190521,34.41362993354585,34.36765775010422,33.63210701468335,31.855951751902502,32.39088307432678,1.4887365768240253,8.699106035842801,9.948255919769947,10.88408883440403,8.70328375664143,15.914410040179048,16.76258202359195,38.881437633144344,44.57424005357353,42.20427138506778,37.73206728329522,42.191732086542416,42.049620197188545,38.973388094972705,52.08595280894996,51.889475699397515,49.61957892459038,48.833702187512074,47.61310301822354,48.62051377745599,49.966538014741104,51.40873621374944,35.93490869484128,35.55040647402104,32.624916842670665,64.80381981401243,64.1013907603689,64.62403073897627,51.78078647682404,42.20427138506778
27.765346803109807,27.765346803109807,27.765346803109807,68.85897527893471,1.4899939102043618,1.4899939102043618,1.5818934855266624,1.5818934855266624,0.0,1.4899939102043618,37.28809726064542,27.765346803109807,27.765346803109807,28.645850990697987,27.907430243404793,27.765346803109807,27.765346803109807,27.765346803109807,27.765346803109807,27.765346803109807,6.93451004950324,5.288118595902511,6.93451004950324,9.967967841244956,5.539607444544836,13.723107785349221,10.083693931946629,40.41276419403217,41.3214354183911,44.3626877669985,41.47357842155739,33.732269431714656,34.7888007695032,33.732269431714656,47.19172550529366,46.87111207348454,47.356839918485164,47.356839918485164,47.356839918485164,43.42889690023736,50.01544581446082,50.315590514242565,34.7888007695032,35.22345447272618,37.26427410406182,64.3808102110664,64.79390971872823,64.34819719820874,52.0040334838683,52.80834728092327,25.02235844001288,25.15607866290185,27.433541329585754,76.0305033530307,2.4691673100487366,2.2644762000159364,3.2151789829115516,2.279490782548018,1.1073563381298692,5.126029927509058,22.251901358585872,35.90887553647892,32.16421975989573,22.23518702576945,35.875440203381125,33.83173648085313,33.78576429732059,33.050213560462105,31.274058294342414,31.808989617752523,2.070630062334967,8.117212551960904,9.3663624364901,10.30219535163648,8.121390272761388,15.332516561063477,16.180688545241267,38.29954418988633,43.992346624052644,41.622377949594636,37.15017383749687,41.60983865103867,41.467726761338554,38.391494651921306,51.50405940049137,51.307582290345515,49.03768550884836,48.25180876952481,47.031209596821455,48.038620358865955,49.38464460000195,50.82684280325516,35.35301524522798,34.96851302361643,32.043023386533065,64.22192644880704,63.51949739252601,64.04213737309303,51.198893067444764,41.622377949594636
28.255340694916306,28.255340694916306,28.255340694916306,69.3489690727039,1.0,1.0,1.0918995753236533,1.0918995753236533,1.4899939102043618,0.0,37.778091137227,28.255340694916306,28.255340694916306,29.135844881287284,28.397424135017513,28.255340694916306,28.255340694916306,28.255340694916306,28.255340694916306,28.255340694916306,7.424503958743822,5.778112505588841,7.424503958743822,10.457961749305943,6.029601354171936,14.213101691307166,10.57368783995342,40.902758064629865,41.81142928715714,44.852681629334455,41.96357229001272,34.222263314512205,35.27879465051984,34.222263314512205,47.68171936123424,47.36110593016994,47.84683377404018,47.84683377404018,47.84683377404018,43.918890764596696,50.50543966362053,50.80558436265818,35.27879465051984,35.71344835299396,37.75426798068714,64.87080401959366,65.28390352593566,64.83819100683982,52.494027328014504,53.298341122985846,25.512352335362106,25.646072558087123,27.92353522184086,76.52049712110087,2.9591612201803015,2.7544701101641884,2.725185072803882,1.7894968723692117,1.5973502483326087,5.61602383723187,22.741895257130043,36.39886941554658,32.65421364523347,22.72518092433173,36.365434082507875,34.32173036348541,34.275758180029314,33.54020744437968,31.7640521810674,32.298983503648614,1.5806361521463317,8.60720646079681,9.85635634482194,10.792189259539105,8.611384181595739,15.822510465902583,16.67068244943826,38.78953806458433,44.48234048719628,42.112371817744965,37.640167714331334,42.09983251921474,41.957720629805856,38.88148852644553,51.99405324591659,51.79757613626995,49.527679360400995,48.74180262296624,47.52120345313558,48.528614212814475,49.8746384507109,51.316836650393,35.84300912527071,35.4585069043246,32.533017272062,64.71192025783967,64.00949120377797,64.53213118269605,51.688886913644545,42.112371817744965
10.522750931628122,10.522750931628122,10.522750931628122,32.57088198488589,37.778091137227,37.778091137227,37.869990706143085,37.869990706143085,37.28809726064542,37.778091137227,0.0,10.522750931628122,10.522750931628122,9.64224671431416,10.380667486731156,10.522750931628122,10.522750931628122,10.522750931628122,10.522750931628122,10.522750931628122,31.353587546985235,32.9999789206239,31.353587546985235,28.320129876037093,32.74849008485195,24.564990033858656,28.204403789262827,4.124667162132122,5.033338459788156,8.074591075909382,5.1854814755252,4.555828045279348,3.499296648097638,4.555828045279348,10.903629093710933,10.583015628741698,11.068743524127669,11.068743524127669,11.068743524127669,7.140800123375775,13.727349711297956,14.027494445590998,3.499296648097638,3.0646429192399784,1.0238231581888588,28.09271613134267,28.50581570840363,28.060103113032778,15.715937615542668,16.520251511717902,13.26573936887255,13.13201914301703,10.854556415607192,39.74241147010654,35.81893004601797,36.02362114324094,39.503276084393214,38.567587953503725,37.18074092976208,33.16206758059679,16.036196496806202,2.3792218136413847,6.123877797621232,16.052910829816582,2.412657148820811,4.456360990725656,4.502333176765585,5.237883952676921,7.014039304830402,6.479107956740034,38.35872724835037,30.170885095713512,28.921735259569214,27.98590237685189,30.16670737508457,22.9555812857206,22.107409312189436,2.0114469993317563,7.704249898560919,5.334281015939691,1.1379234324129923,5.321741716337538,5.1796298148212845,2.1033974679263805,15.215963471751738,15.01948633811672,12.749589295562885,11.963712470282656,10.743113168589637,11.750524036698595,13.096548425390237,14.538746794152773,2.935082138961674,3.3195843834703207,6.245074176828168,27.933832342558066,27.231403170117847,27.75404323694042,14.910797102283077,5.334281015939691
1.0,1.0,1.0,42.09363228805906,28.255340694916306,28.255340694916306,28.347240266714156,28.347240266714156,27.765346803109807,28.255340694916306,10.522750931628122,0.0,1.0,1.880504221016814,1.1420834455455873,1.0,1.0,1.0,1.0,1.0,21.83083692378498,23.47722833991692,21.83083692378498,18.797379181506937,23.225739497481896,15.04223926352133,18.681653092190107,13.64741807455547,14.556089364848319,17.59734195050132,14.708232379274232,6.966922896667378,8.023454292066333,6.966922896667378,20.426379931915026,20.10576647145898,20.591494359968664,20.591494359968664,20.591494359968664,16.663551008276524,23.250100505457212,23.550245234615062,8.023454292066333,8.458108019875537,10.498927773549275,37.615466582187786,38.02856614643396,37.58285356488258,25.23868837405597,26.043002254728076,3.7429884536228695,3.6092682267988194,1.331805485570389,49.26516149666438,26.29617954424764,26.500870647506392,29.98052569756606,29.044837536220676,27.657990468922254,23.639317004217176,6.513445605547369,9.143529123447715,5.398873144970323,6.530159938725217,9.110093788377728,7.066389951099513,7.020417765116959,6.2848669898441685,4.508711637062833,5.043642985665297,28.83597682438665,20.64813444362937,19.398984578468127,18.463151675014384,20.64395672290083,13.432830487120281,12.584658499714118,11.534197925780814,17.227000777342433,14.857031918384694,10.384827499844386,14.844492618893257,14.702380718621162,11.626148393855354,24.738714239586944,24.542237109549056,22.272340105846503,21.486463292855877,20.26586400906571,21.273274862502635,22.619299230057962,24.061497574229232,8.587668799805794,8.203166556282422,5.277676765713649,37.456582798288196,36.754153647153586,37.27679369816901,24.433547875689296,14.857031918384694
1.0,1.0,1.0,42.09363228805906,28.255340694916306,28.255340694916306,28.347240266714156,28.347240266714156,27.765346803109807,28.255340694916306,10.522750931628122,1.0,0.0,1.880504221016814,1.1420834455455873,1.0,1.0,1.0,1.0,1.0,21.83083692378498,23.47722833991692,21.83083692378498,18.797379181506937,23.225739497481896,15.04223926352133,18.681653092190107,13.64741807455547,14.556089364848319,17.59734195050132,14.708232379274232,6.966922896667378,8.023454292066333,6.966922896667378,20.426379931915026,20.10576647145898,20.591494359968664,20.591494359968664,20.591494359968664,16.663551008276524,23.250100505457212,23.550245234615062,8.023454292066333,8.458108019875537,10.498927773549275,37.615466582187786,38.02856614643396,37.58285356488258,25.23868837405597,26.043002254728076,3.7429884536228695,3.6092682267988194,1.331805485570389,49.26516149666438,26.29617954424764,26.500870647506392,29.98052569756606,29.044837536220676,27.657990468922254,23.639317004217176,6.513445605547369,9.143529123447715,5.398873144970323,6.530159938725217,9.110093788377728,7.066389951099513,7.020417765116959,6.2848669898441685,4.508711637062833,5.043642985665297,28.83597682438665,20.64813444362937,19.398984578468127,18.463151675014384,20.64395672290083,13.432830487120281,12.584658499714118,11.534197925780814,17.227000777342433,14.857031918384694,10.384827499844386,14.844492618893257,14.702380718621162,11.626148393855354,24.738714239586944,24.542237109549056,22.272340105846503,21.486463292855877,20.26586400906571,21.273274862502635,22.619299230057962,24.061497574229232,8.587668799805794,8.203166556282422,5.277676765713649,37.456582798288196,36.754153647153586,37.27679369816901,24.433547875689296,14.857031918384694
1.880504221016814,1.880504221016814,1.880504221016814,41.213128141130156,29.135844881287284,29.135844881287284,29.227744452854402,29.227744452854402,28.645850990697987,29.135844881287284,9.64224671431416,1.880504221016814,1.880504221016814,0.0,1.738420775475952,1.880504221016814,1.880504221016814,1.880504221016814,1.880504221016814,1.880504221016814,22.711341124383463,24.357732537226532,22.711341124383463,19.677883387521284,24.106243695309814,15.922743475084893,19.56215729839455,12.766913860232247,13.675585151559243,16.716837741212004,13.827728166165551,6.086418677016666,7.142950072991285,6.086418677016666,19.545875727090294,19.225262266092283,19.71099015542664,19.71099015542664,19.71099015542664,15.783046797670925,22.369596305802993,22.66974103555237,7.142950072991285,7.577603801066442,9.618423556215877,36.73496241986334,37.14806198545505,36.702349402452576,24.35818417847094,25.162498060889266,4.623492674191869,4.489772447405377,2.2123097065690844,48.38465737810078,27.176683735354636,27.3813748381349,30.861029879477666,29.9253417205845,28.53849465677421,24.519821201189693,7.393949824975371,8.26302490509251,4.518368924650263,7.410664158144233,8.229589569999405,6.185885731498716,6.139913545492983,5.404362769875136,3.6282074164612097,4.163138765224328,29.716481009286976,21.528638646438672,20.279488783474704,19.343655881574424,21.52446092571771,14.313334700671327,13.465162714218284,10.653693709339018,16.34649656752173,13.976527705454448,9.504323282418609,13.963988405947903,13.821876505505504,10.7456441774974,23.85821004294556,23.66173291249868,21.39183590432118,20.60595908988864,19.38535980396849,20.392770659153758,21.73879502918681,23.18099337619266,7.707164581079261,7.322662337315276,4.397172545351063,36.576078635450294,35.87364948207258,36.396289534752796,23.553043678414145,13.976527705454448
1.1420834455455873,1.1420834455455873,1.1420834455455873,41.951548854689285,28.397424135017513,28.397424135017513,28.489323706778613,28.489323706778613,27.907430243404793,28.397424135017513,10.380667486731156,1.1420834455455873,1.1420834455455873,1.738420775475952,0.0,1.1420834455455873,1.1420834455455873,1.1420834455455873,1.1420834455455873,1.1420834455455873,21.972920366147537,23.619311781757606,21.972920366147537,18.939462624727152,23.36782293940487,15.184322707616845,18.82373653544038,13.505334630157877,14.414005920622476,17.455258506937227,14.566148935078319,6.824839451374257,7.881370846871776,6.824839451374257,20.284296489086547,19.96368302854133,20.44941091718669,20.44941091718669,20.44941091718669,16.521467564495012,23.10801706347824,23.408161792733146,7.881370846871776,8.316024574726228,10.356844328649045,37.47338314630965,37.886482710775184,37.440770128987246,25.096604932744295,25.900918813702496,3.8850718991109154,3.751351672292209,1.473888931114833,49.12307806791028,26.438262985102554,26.642954088285205,30.122609136956925,29.186920976002227,27.800073909259222,23.781400446004337,6.655529050866165,9.001445678375326,5.256789699560776,6.672243384042654,8.96801034330143,6.92430650581498,6.87833431982844,6.14278354449602,4.366628191603073,4.9015595402343335,28.97806026425366,20.790217886342333,19.54106802152895,18.605235118320863,20.78604016561499,13.574913931527874,12.726741944270962,11.392114481030017,17.08491733369061,14.71494847421837,10.242744054928638,14.702409174724432,14.560297274424089,11.484064949118578,24.596630798102122,24.400153667997188,22.130256663560353,21.34437985033282,20.123780566192398,21.131191419916856,22.477215787879224,23.919414132515644,8.445585354670502,8.061083111106239,5.13559332029659,37.314499362326366,36.612070210826026,37.13471026211289,24.291464434100572,14.71494847421837
1.0,1.0,1.0,42.09363228805906,28.255340694916306,28.255340694916306,28.347240266714156,28.347240266714156,27.765346803109807,28.255340694916306,10.522750931628122,1.0,1.0,1.880504221016814,1.1420834455455873,0.0,1.0,1.0,1.0,1.0,21.83083692378498,23.47722833991692,21.83083692378498,18.797379181506937,23.225739497481896,15.04223926352133,18.681653092190107,13.64741807455547,14.556089364848319,17.59734195050132,14.708232379274232,6.966922896667378,8.023454292066333,6.966922896667378,20.426379931915026,20.10576647145898,20.591494359968664,20.591494359968664,20.591494359968664,16.663551008276524,23.250100505457212,23.550245234615062,8.023454292066333,8.458108019875537,10.498927773549275,37.615466582187786,38.02856614643396,37.58285356488258,25.23868837405597,26.043002254728076,3.7429884536228695,3.6092682267988194,1.331805485570389,49.26516149666438,26.29617954424764,26.500870647506392,29.98052569756606,29.044837536220676,27.657990468922254,23.639317004217176,6.513445605547369,9.143529123447715,5.398873144970323,6.530159938725217,9.110093788377728,7.066389951099513,7.020417765116959,6.2848669898441685,4.508711637062833,5.043642985665297,28.83597682438665,20.64813444362937,19.398984578468127,18.463151675014384,20.64395672290083,13.432830487120281,12.584658499714118,11.534197925780814,17.227000777342433,14.857031918384694,10.384827499844386,14.844492618893257,14.702380718621162,11.626148393855354,24.738714239586944,24.542237109549056,22.272340105846503,21.486463292855877,20.26586400906571,21.273274862502635,22.619299230057962,24.061497574229232,8.587668799805794,8.203166556282422,5.277676765713649,37.456582798288196,36.754153647153586,37.27679369816901,24.433547875689296,14.857031918384694
1.0,1.0,1.0,42.09363228805906,28.255340694916306,28.255340694916306,28.347240266714156,28.347240266714156,27.765346803109807,28.255340694916306,10.522750931628122,1.0,1.0,1.880504221016814,1.1420834455455873,1.0,0.0,1.0,1.0,1.0,21.83083692378498,23.47722833991692,21.83083692378498,18.797379181506937,23.225739497481896,15.04223926352133,18.681653092190107,13.64741807455547,14.556089364848319,17.59734195050132,14.708232379274232,6.966922896667378,8.023454292066333,6.966922896667378,20.426379931915026,20.10576647145898,20.591494359968664,20.591494359968664,20.591494359968664,16.663551008276524,23.250100505457212,23.550245234615062,8.023454292066333,8.458108019875537,10.498927773549275,37.615466582187786,38.02856614643396,37.58285356488258,25.23868837405597,26.043002254728076,3.7429884536228695,3.6092682267988194,1.331805485570389,49.26516149666438,26.29617954424764,26.500870647506392,29.98052569756606,29.044837536220676,27.657990468922254,23.639317004217176,6.513445605547369,9.143529123447715,5.398873144970323,6.530159938725217,9.110093788377728,7.066389951099513,7.020417765116959,6.2848669898441685,4.508711637062833,5.043642985665297,28.83597682438665,20.64813444362937,19.398984578468127,18.463151675014384,20.64395672290083,13.432830487120281,12.584658499714118,11.534197925780814,17.227000777342433,14.857031918384694,10.384827499844386,14.844492618893257,14.702380718621162,11.626148393855354,24.738714239586944,24.542237109549056,22.272340105846503,21.486463292855877,20.26586400906571,21.273274862502635,22.619299230057962,24.061497574229232,8.587668799805794,8.203166556282422,5.277676765713649,37.456582798288196,36.754153647153586,37.27679369816901,24.433547875689296,14.857031918384694
1.0,1.0,1.0,42.09363228805906,28.255340694916306,28.255340694916306,28.347240266714156,28.347240266714156,27.765346803109807,28.255340694916306,10.522750931628122,1.0,1.0,1.880504221016814,1.1420834455455873,1.0,1.0,0.0,1.0,1.0,21.83083692378498,23.47722833991692,21.83083692378498,18.797379181506937,23.225739497481896,15.04223926352133,18.681653092190107,13.64741807455547,14.556089364848319,17.59734195050132,14.708232379274232,6.966922896667378,8.023454292066333,6.966922896667378,20.426379931915026,20.10576647145898,20.591494359968664,20.591494359968664,20.591494359968664,16.663551008276524,23.250100505457212,23.550245234615062,8.023454292066333,8.458108019875537,10.498927773549275,37.615466582187786,38.02856614643396,37.58285356488258,25.23868837405597,26.043002254728076,3.7429884536228695,3.6092682267988194,1.331805485570389,49.26516149666438,26.29617954424764,26.500870647506392,29.98052569756606,29.044837536220676,27.657990468922254,23.639317004217176,6.513445605547369,9.143529123447715,5.398873144970323,6.530159938725217,9.110093788377728,7.066389951099513,7.020417765116959,6.2848669898441685,4.508711637062833,5.043642985665297,28.83597682438665,20.64813444362937,19.398984578468127,18.463151675014384,20.64395672290083,13.432830487120281,12.584658499714118,11.534197925780814,17.227000777342433,14.857031918384694,10.384827499844386,14.844492618893257,14.702380718621162,11.626148393855354,24.738714239586944,24.542237109549056,22.272340105846503,21.486463292855877,20.26586400906571,21.273274862502635,22.619299230057962,24.061497574229232,8.587668799805794,8.203166556282422,5.277676765713649,37.456582798288196,36.754153647153586,37.27679369816901,24.433547875689296,14.857031918384694
1.0,1.0,1.0,42.09363228805906,28.255340694916306,28.255340694916306,28.347240266714156,28.347240266714156,27.765346803109807,28.255340694916306,10.522750931628122,1.0,1.0,1.880504221016814,1.1420834455455873,1.0,1.0,1.0,0.0,1.0,21.83083692378498,23.47722833991692,21.83083692378498,18.797379181506937,23.225739497481896,15.04223926352133,18.681653092190107,13.64741807455547,14.556089364848319,17.59734195050132,14.708232379274232,6.966922896667378,8.023454292066333,6.966922896667378,20.426379931915026,20.10576647145898,20.591494359968664,20.591494359968664,20.591494359968664,16.663551008276524,23.250100505457212,23.550245234615062,8.023454292066333,8.458108019875537,10.498927773549275,37.615466582187786,38.02856614643396,37.58285356488258,25.23868837405597,26.043002254728076,3.7429884536228695,3.6092682267988194,1.331805485570389,49.26516149666438,26.29617954424764,26.500870647506392,29.98052569756606,29.044837536220676,27.657990468922254,23.639317004217176,6.513445605547369,9.143529123447715,5.398873144970323,6.530159938725217,9.110093788377728,7.066389951099513,7.020417765116959,6.2848669898441685,4.508711637062833,5.043642985665297,28.83597682438665,20.64813444362937,19.398984578468127,18.463151675014384,20.64395672290083,13.432830487120281,12.584658499714118,11.534197925780814,17.227000777342433,14.857031918384694,10.384827499844386,14.844492618893257,14.702380718621162,11.626148393855354,24.738714239586944,24.542237109549056,22.272340105846503,21.486463292855877,20.26586400906571,21.273274862502635,22.619299230057962,24.061497574229232,8.587668799805794,8.203166556282422,5.277676765713649,37.456582798288196,36.754153647153586,37.27679369816901,24.433547875689296,14.857031918384694
1.0,1.0,1.0,42.09363228805906,28.255340694916306,28.255340694916306,28.347240266714156,28.347240266714156,27.765346803109807,28.255340694916306,10.522750931628122,1.0,1.0,1.880504221016814,1.1420834455455873,1.0,1.0,1.0,1.0,0.0,21.83083692378498,23.47722833991692,21.83083692378498,18.797379181506937,23.225739497481896,15.04223926352133,18.681653092190107,13.64741807455547,14.556089364848319,17.59734195050132,14.708232379274232,6.966922896667378,8.023454292066333,6.966922896667378,20.426379931915026,20.10576647145898,20.591494359968664,20.591494359968664,20.591494359968664,16.663551008276524,23.250100505457212,23.550245234615062,8.023454292066333,8.458108019875537,10.498927773549275,37.615466582187786,38.02856614643396,37.58285356488258,25.23868837405597,26.043002254728076,3.7429884536228695,3.6092682267988194,1.331805485570389,49.26516149666438,26.29617954424764,26.500870647506392,29.98052569756606,29.044837536220676,27.657990468922254,23.639317004217176,6.513445605547369,9.143529123447715,5.398873144970323,6.530159938725217,9.110093788377728,7.066389951099513,7.020417765116959,6.2848669898441685,4.508711637062833,5.043642985665297,28.83597682438665,20.64813444362937,19.398984578468127,18.463151675014384,20.64395672290083,13.432830487120281,12.584658499714118,11.534197925780814,17.227000777342433,14.857031918384694,10.384827499844386,14.844492618893257,14.702380718621162,11.626148393855354,24.738714239586944,24.542237109549056,22.272340105846503,21.486463292855877,20.26586400906571,21.273274862502635,22.619299230057962,24.061497574229232,8.587668799805794,8.203166556282422,5.277676765713649,37.456582798288196,36.754153647153586,37.27679369816901,24.433547875689296,14.857031918384694
21.83083692378498,21.83083692378498,21.83083692378498,62.92446650615117,7.424503958743822,7.424503958743822,7.516403533868979,7.516403533868979,6.93451004950324,7.424503958743822,31.353587546985235,21.83083692378498,21.83083692378498,22.711341124383463,21.972920366147537,21.83083692378498,21.83083692378498,21.83083692378498,21.83083692378498,21.83083692378498,0.0,2.646391455761038,1.0,4.033457800061667,2.394902606896013,7.7885977622506,4.149183891192094,34.4782545466992,35.38692579145469,38.42817821195742,35.53906879808485,27.797759649764256,28.85429100704397,27.797759649764256,41.25721602214513,40.936602581945806,41.42233043968175,41.42233043968175,41.42233043968175,37.49438732252704,44.080936407884096,44.38108111608758,28.85429100704397,29.2889447184819,31.329764389918626,58.44630126834988,58.85940079118434,58.41368825429871,46.069524134100696,46.873837954809495,19.087848523175957,19.221568747787643,21.4990314454803,70.09599487739193,5.465342741462574,5.670033851294867,9.149689026886625,8.214000829225082,6.827153711564887,2.8084801242775193,16.317391408502974,29.97436579542156,26.22970995026456,16.300677075500143,29.940930461673894,27.89722670070888,27.851254516340816,27.115703766288238,25.339548469660535,25.87447980205756,8.005140109541887,2.182702505032585,3.4318523932097484,4.367685311713772,2.186880225843681,9.398006548350018,10.246178538636434,32.36503449704955,38.05783705995795,35.687868329523376,31.21566412104512,35.675329030680274,35.53321713773252,32.456984961008274,45.56955003621655,45.37307292041093,43.10317607521328,42.317299314559286,41.0967001094646,42.10411089817822,43.45013517590258,44.892333419570356,29.418505493454536,29.034003264539884,26.108513574824467,58.287417500282146,57.58498841850372,58.10762841801383,45.264383694389245,35.687868329523376
23.47722833991692,23.47722833991692,23.47722833991692,64.57085763025805,5.778112505588841,5.778112505588841,5.870012080802145,5.870012080802145,5.288118595902511,5.778112505588841,32.9999789206239,23.47722833991692,23.47722833991692,24.357732537226532,23.619311781757606,23.47722833991692,23.47722833991692,23.47722833991692,23.47722833991692,23.47722833991692,2.646391455761038,0.0,2.646391455761038,5.679849254618783,1.2514888488947902,9.43498921315751,5.79557534567239,36.12464590307437,37.033317142502085,40.07456954416621,37.18546014822666,29.444151041054035,30.50068239331099,29.444151041054035,42.903607335438856,42.58299389745048,43.06872175183014,43.06872175183014,43.06872175183014,39.140778660684965,45.72732770096266,46.02747240693899,30.50068239331099,30.9353361026281,32.97615576368262,60.09269243797055,60.505791956746094,60.06007942423862,47.715915412142785,48.52022922658217,20.734239948716233,20.867960172898673,23.14542286281773,71.74238592167349,3.818951286769939,4.023642396732371,7.503297575625936,6.5676093768741755,5.180762257871946,1.162088668541354,17.963782842258063,31.620757176158854,27.87610134866292,17.947068509300866,31.587321842579318,29.543618091533798,29.497645907380793,28.76209516072085,26.98593987191032,27.520871202008863,6.358748656967956,3.8290939605098044,5.078243848129646,6.014076766042835,3.8332716813194776,11.044397996961674,11.892569985862146,34.01142586527944,39.70422839454365,37.33425967877575,32.86205549540802,37.32172038000774,37.17960848790924,34.10337632873794,47.215941318101315,47.01946420379436,44.74956737544262,43.96369062042018,42.743091423867405,43.75050220554902,45.09652647361277,46.53872470659345,31.06489687696242,30.680394649933877,27.75490497375504,59.93380867145637,59.23137959649592,59.75401959094095,46.91077497859893,37.33425967877575
