0.0,1.0,1.6113788049417477,24.31440380526185,32.661786199224984,32.78291871494616,32.920758902955185,24.035764206512795,24.035764206512795,2.6861736571997907,5.187985984098698,6.921274169450015,7.0558236336727465,7.0558236336727465,1.6644515904734551,1.8775789390662014,1.9110107402554826,2.228173721040635,1.7651646273680228,6.927959863361094,7.397210372599945,7.077552093761116,7.397210372599945,7.397210372599945,7.077552093761116,1.7175244171651207,1.8341176219417488,1.7003906654663656,6.279444512321723,2.823705222826532,2.3815650749756587,3.936172561326744,3.5642336849331833,25.08890731305042,18.763956504336477,32.69561978554857,20.522802710659285,27.5410261776417,28.648001638506702,1.674474449259446,3.730452193461837,15.98981737743702,12.18354887313804,12.18354887313804,3.476473121261889,1.5165165270581222,1.8132227677639083,1.8290928100226744,2.1099302950834677,9.062334248250217,7.879828865993965,10.407774880187283,5.577436430826742,6.805945846667281,8.297677625770579,3.3594592114566404,2.001276685065753,2.5863366219211987,2.3899230853064255,4.504532502363851
1.0,0.0,1.6113788049417477,24.31440380526185,32.661786199224984,32.78291871494616,32.920758902955185,24.035764206512795,24.035764206512795,2.6861736571997907,5.187985984098698,6.921274169450015,7.0558236336727465,7.0558236336727465,1.6644515904734551,1.8775789390662014,1.9110107402554826,2.228173721040635,1.7651646273680228,6.927959863361094,7.397210372599945,7.077552093761116,7.397210372599945,7.397210372599945,7.077552093761116,1.7175244171651207,1.8341176219417488,1.7003906654663656,6.279444512321723,2.823705222826532,2.3815650749756587,3.936172561326744,3.5642336849331833,25.08890731305042,18.763956504336477,32.69561978554857,20.522802710659285,27.5410261776417,28.648001638506702,1.674474449259446,3.730452193461837,15.98981737743702,12.18354887313804,12.18354887313804,3.476473121261889,1.5165165270581222,1.8132227677639083,1.8290928100226744,2.1099302950834677,9.062334248250217,7.879828865993965,10.407774880187283,5.577436430826742,6.805945846667281,8.297677625770579,3.3594592114566404,2.001276685065753,2.5863366219211987,2.3899230853064255,4.504532502363851
1.6113788049417477,1.6113788049417477,0.0,24.92578259271198,33.27316497209495,33.39429748757215,33.53213767530242,24.64714299437377,24.64714299437377,3.2975524620203522,5.799364788411524,7.532652973181172,7.667202437350875,7.667202437350875,1.0530727855328101,1.2662001341317592,1.2996319353222712,2.8395525259117127,1.153785822429955,7.539338667089643,8.008589176138438,7.688930897430574,8.008589176138438,8.008589176138438,7.688930897430574,1.106145612225755,1.2227388170058113,1.0890118605265677,6.890823316290219,2.2123264179539177,1.7701862700671849,3.3247937565984116,2.9528548801480046,25.700286099332814,19.375335299048963,33.3069985583505,21.134181503280455,28.152404959977495,29.25938041893655,2.285853254174067,4.341830998118118,16.601196175052408,12.794927673949086,12.794927673949086,2.865094316464558,1.094862277885158,1.2018439628272939,2.440471614927067,1.4985514901590242,9.67371305100288,8.491207669322586,11.019153682177958,6.188815235025269,7.417324650442987,8.9090564289057,2.7480804066438544,1.3898978801362134,1.9749578170278137,1.778544280398516,3.8931536977390846
24.31440380526185,24.31440380526185,24.92578259271198,0.0,9.347382711145176,9.468515232704588,9.60635542740015,1.278639606444781,1.278639606444781,22.628230191682373,20.126417916998584,18.393129759055466,18.258580296660043,18.258580296660043,24.978855376683203,25.191982718941816,25.225414519127675,23.08623011666449,25.07956841059809,18.3864440652362,17.917193562174997,18.236851836862705,17.917193562174997,17.917193562174997,18.236851836862705,25.03192820180768,25.148521403117826,25.014794450615607,19.034959406871607,26.138108973275596,25.69596883944189,27.2505762744459,26.87863741086136,1.7745035301600807,6.550447419070338,9.381216299095884,4.7916011833177246,4.226622475096288,5.333597976972475,23.639929374264767,21.583951679032573,9.324586577300893,13.130855094565913,13.130855094565913,26.790876850164327,24.83092031760081,25.1276265495636,23.485311017535125,25.42433406793019,16.25206970419723,17.434575074585496,14.906629081695556,19.736967477054115,18.508458080237492,17.01672631938458,26.673862944296207,25.315680461215397,25.900740379953504,25.704326849512004,27.81893619527276
32.661786199224984,32.661786199224984,33.27316497209495,9.347382711145176,0.0,1.1211325220017538,1.258972717216079,9.626022316554527,9.626022316554527,30.97561262420275,28.473800402249836,26.74051227770043,26.60596281778973,26.60596281778973,33.32623775478545,33.53936509187672,33.572796891248494,31.433612538952204,33.42695078626335,26.733826584005,26.264576089539553,26.5842343583922,26.264576089539553,26.264576089539553,26.5842343583922,33.37931057862678,33.49590377710961,33.36217682784921,27.38234191345069,34.485491322803135,34.04335120000319,35.59795859547341,35.226019741535,8.572879183512075,14.897830097004226,1.0338335880729832,13.13898387464302,6.120760243169526,5.013784741669789,31.98731178394238,29.931334134213902,17.67196922871149,21.478237698836217,21.478237698836217,35.13825918309681,33.17830269926698,33.475008924062934,31.832693430760422,33.771716435187464,24.599452260542428,25.78195761059408,23.254011659723083,28.084349970032427,26.85584059674036,25.36410886271608,35.02124528023023,33.6630628311334,34.2481227354254,34.05170920986627,36.16631850133201
32.78291871494616,32.78291871494616,33.39429748757215,9.468515232704588,1.1211325220017538,0.0,1.1378401952145487,9.74715483808415,9.74715483808415,31.096745140572796,28.594932919517664,26.861644795544702,26.727095335677184,26.727095335677184,33.44737027024126,33.660497607246235,33.693929406604425,31.55474505514949,33.54808330167844,26.854959101851417,26.385708607535573,26.705366876286607,26.385708607535573,26.385708607535573,26.705366876286607,33.50044309406115,33.61703629249676,33.48330934329051,27.503474431085852,34.60662383778285,34.16448371516644,35.71909110998059,35.347152256201866,8.6940117051492,15.018962617787562,1.087298933928789,13.260116395713892,6.241892765003252,5.134917263567639,32.10844429992734,30.05246665096813,17.793101748962933,21.599370218201884,21.599370218201884,35.25939169780111,33.29943521478234,33.59614143945856,31.95382594680505,33.89284895046228,24.720584779047236,25.903090128741113,23.375144178613827,28.205482487433027,26.976973114547423,25.48524138099152,35.142377794984284,33.7841953464526,34.36925525050395,34.172841725026075,36.28745101559186
32.920758902955185,32.920758902955185,33.53213767530242,9.60635542740015,1.258972717216079,1.1378401952145487,0.0,9.884995032745298,9.884995032745298,31.23458532932331,28.7327731092944,26.999484985980583,26.86493552616247,26.86493552616247,33.58521045794708,33.7983377948535,33.83176959419616,31.692585243702567,33.685923489337775,26.992799292289764,26.523548798145022,26.843207066779847,26.523548798145022,26.523548798145022,26.843207066779847,33.638283281742495,33.75487648012418,33.62114953097976,27.641314621282607,34.744464024944776,34.30232390253804,35.85693129660276,35.48499244300645,8.831851899934623,15.156802811589765,1.2251391291431977,13.397956589846535,6.379732960016922,5.272757458656321,32.24628448823778,30.190306840157742,17.930941942154757,21.737210410378736,21.737210410378736,35.397231884648434,33.43727540255621,33.733981627095645,32.09166613518369,34.03068913796134,24.858424970238726,26.040930319523294,23.512984370246972,28.34332267736157,27.11481330494077,25.6230815719206,35.28021798188845,33.92203553400235,34.50709543777879,34.31068191239375,36.42529120193154
24.035764206512795,24.035764206512795,24.64714299437377,1.278639606444781,9.626022316554527,9.74715483808415,9.884995032745298,0.0,1.0,22.349590591855407,19.847778315721765,18.11449015687895,17.979940694417273,17.979940694417273,24.70021577838117,24.913343120785832,24.94677492099472,22.80759051712228,24.800928812364905,18.10780446305639,17.638553959766455,17.958212234609288,17.638553959766455,17.638553959766455,17.958212234609288,24.753288603541893,24.869881804931953,24.736154852338107,18.756319805018244,25.859469375783608,25.417329241636427,26.97193667776726,26.599997813906857,2.0531431365931425,6.271807813045676,9.65985590449696,4.512961577064222,4.505262081378522,5.612237583129964,23.36128977507481,21.30531207857871,9.045946971817482,12.852215490183927,12.852215490183927,26.51223725314531,24.55228071919816,24.84898695136338,23.206671418245925,25.1456944699349,15.973430101027843,17.155935471948276,14.627989477969296,19.458327875567676,18.229818478118172,16.738086716554754,26.395223347191514,25.03704086314477,25.622100782292527,25.425687251712414,27.540296599023268
24.035764206512795,24.035764206512795,24.64714299437377,1.278639606444781,9.626022316554527,9.74715483808415,9.884995032745298,1.0,0.0,22.349590591855407,19.847778315721765,18.11449015687895,17.979940694417273,17.979940694417273,24.70021577838117,24.913343120785832,24.94677492099472,22.80759051712228,24.800928812364905,18.10780446305639,17.638553959766455,17.958212234609288,17.638553959766455,17.638553959766455,17.958212234609288,24.753288603541893,24.869881804931953,24.736154852338107,18.756319805018244,25.859469375783608,25.417329241636427,26.97193667776726,26.599997813906857,2.0531431365931425,6.271807813045676,9.65985590449696,4.512961577064222,4.505262081378522,5.612237583129964,23.36128977507481,21.30531207857871,9.045946971817482,12.852215490183927,12.852215490183927,26.51223725314531,24.55228071919816,24.84898695136338,23.206671418245925,25.1456944699349,15.973430101027843,17.155935471948276,14.627989477969296,19.458327875567676,18.229818478118172,16.738086716554754,26.395223347191514,25.03704086314477,25.622100782292527,25.425687251712414,27.540296599023268
2.6861736571997907,2.6861736571997907,3.2975524620203522,22.628230191682373,30.97561262420275,31.096745140572796,31.23458532932331,22.349590591855407,22.349590591855407,0.0,3.501812327803331,5.23510051441531,5.3696499787576215,5.3696499787576215,3.350625247538498,3.563752596071891,3.5971843972511515,1.457999936207695,3.4513382844059954,5.241786208332257,5.71103671800227,5.391378438865594,5.71103671800227,5.71103671800227,5.391378438865594,3.4036980742161167,3.520291278960179,3.386564322521949,4.593270856759665,4.509878879474162,4.06773873180983,5.622346217355935,5.25040734119288,23.40273370253798,17.07778287182771,31.009446210707313,18.836629083569708,25.854852577527886,26.96182804343006,2.0116992079992233,2.044278536508134,14.303643737471983,10.49737522511388,10.49737522511388,5.1626467775725,3.2026901841597564,3.4993964247883467,1.8570808472384326,3.7961039520155255,7.3761605954897895,6.193655211879447,8.721601229261722,3.8912627747694093,5.119772191532569,6.611503972106912,5.045632867833068,3.687450342033402,4.272510278673167,4.076096742137382,6.190706157994748
5.187985984098698,5.187985984098698,5.799364788411524,20.126417916998584,28.473800402249836,28.594932919517664,28.7327731092944,19.847778315721765,19.847778315721765,3.501812327803331,0.0,2.7332881875527573,2.8678376520003224,2.8678376520003224,5.852437573881081,6.065564922212096,6.098996723358555,3.959812263837384,5.953150610654393,2.739973881474824,3.209224391532866,2.8895661121257286,3.209224391532866,3.209224391532866,2.8895661121257286,5.90551040050939,6.022103605142596,5.888376648831221,2.0914585294589303,7.011691204575625,6.569551057425222,8.124158540943105,7.752219665321561,20.900921431989406,14.575970572035244,28.507633989004784,16.334816790874413,23.35304032109271,24.46001579387488,4.513511535347263,2.4575337914901954,11.801831428104471,7.995562905830465,7.995562905830465,7.664459101823789,5.704502510635979,6.0012087509908865,4.358893174673021,6.297916277921851,4.874348270853217,3.691842885868051,6.21978890662592,1.3894504471103652,2.6179598645834945,4.109691646540325,7.547445192244776,6.189262668050815,6.774322604056757,6.577909067743522,8.692518480686108
6.921274169450015,6.921274169450015,7.532652973181172,18.393129759055466,26.74051227770043,26.861644795544702,26.999484985980583,18.11449015687895,18.11449015687895,5.23510051441531,2.7332881875527573,0.0,1.1345494644698915,1.1345494644698915,7.585725758597109,7.798853106707768,7.83228490781893,5.693100450156836,7.686438795267296,1.0066856939231006,1.4759362040735182,1.1562779245992048,1.4759362040735182,1.4759362040735182,1.1562779245992048,7.6387985851713,7.7553917896838565,7.621664833510656,1.6418296581560523,8.744979387995865,8.302839241367778,9.857446722895894,9.485507847789373,19.16763327661998,12.842682398783692,26.774345864616112,14.601528621878472,21.619752174579137,22.726727651711602,6.246799721263371,4.190821978629961,10.068543249262383,6.262274721549814,6.262274721549814,9.397747284409553,7.437790695500225,7.7344969355539455,6.092181360707236,8.031204462168118,3.141060084037527,1.9585546985445332,4.486500720690453,2.343837740488876,1.115328322985838,2.37640345936785,9.280733374985681,7.922550852414901,8.507610787761717,8.311197251676528,10.42580666180454
7.0558236336727465,7.0558236336727465,7.667202437350875,18.258580296660043,26.60596281778973,26.727095335677184,26.86493552616247,17.979940694417273,17.979940694417273,5.3696499787576215,2.8678376520003224,1.1345494644698915,0.0,1.0,7.720275222761968,7.933402570852776,7.9668343719607675,5.827649914470541,7.820988259422851,1.1278637705467967,1.3413867396047474,1.0217284601293366,1.3413867396047474,1.3413867396047474,1.0217284601293366,7.773348049331273,7.889941253832962,7.756214297672211,1.7763791226225072,8.879528852045205,8.437388705463356,9.991996186816989,9.62005731175524,19.033083814414365,12.708132935271419,26.63979640471746,14.466979158673892,21.485202713029395,22.592178190485292,6.381349185538634,4.325371443026694,9.933993785351866,6.127725257266146,6.127725257266146,9.532296748385704,7.572340159678493,7.869046399705015,6.226730824993657,8.16575392629077,3.0065106195972735,1.82400523408009,4.351951256301199,2.478387204945067,1.2498777874555307,2.241853994909749,9.415282838975385,8.057100316548102,8.642160251836213,8.445746715771257,10.560356125653549
7.0558236336727465,7.0558236336727465,7.667202437350875,18.258580296660043,26.60596281778973,26.727095335677184,26.86493552616247,17.979940694417273,17.979940694417273,5.3696499787576215,2.8678376520003224,1.1345494644698915,1.0,0.0,7.720275222761968,7.933402570852776,7.9668343719607675,5.827649914470541,7.820988259422851,1.1278637705467967,1.3413867396047474,1.0217284601293366,1.3413867396047474,1.3413867396047474,1.0217284601293366,7.773348049331273,7.889941253832962,7.756214297672211,1.7763791226225072,8.879528852045205,8.437388705463356,9.991996186816989,9.62005731175524,19.033083814414365,12.708132935271419,26.63979640471746,14.466979158673892,21.485202713029395,22.592178190485292,6.381349185538634,4.325371443026694,9.933993785351866,6.127725257266146,6.127725257266146,9.532296748385704,7.572340159678493,7.869046399705015,6.226730824993657,8.16575392629077,3.0065106195972735,1.82400523408009,4.351951256301199,2.478387204945067,1.2498777874555307,2.241853994909749,9.415282838975385,8.057100316548102,8.642160251836213,8.445746715771257,10.560356125653549
1.6644515904734551,1.6644515904734551,1.0530727855328101,24.978855376683203,33.32623775478545,33.44737027024126,33.58521045794708,24.70021577838117,24.70021577838117,3.350625247538498,5.852437573881081,7.585725758597109,7.720275222761968,7.720275222761968,0.0,1.213127348599103,1.2465591497896615,2.8926253114350704,1.1007130368971871,7.592411452505343,8.061661961536789,7.742003682840874,8.061661961536789,8.061661961536789,7.742003682840874,1.05307282669296,1.1696660314731038,1.0359390749937663,6.943896101727916,2.159253632424922,1.717113484535874,3.271720971079935,2.8997820946252633,25.753358883201283,19.428408083660635,33.36007134103502,21.187254287707415,28.205477743498943,29.312453202290552,2.338926039702203,4.394903783620119,16.654268959921083,12.84800045910204,12.84800045910204,2.81202153094092,1.14793506341793,1.1487711772945652,2.493544400454036,1.445478704626817,9.726785836330013,8.544280454701848,11.072226467436517,6.241888020484201,7.470397435863001,8.962129214267414,2.695007621119086,1.3368250946037596,1.921885031497443,1.7254714948672392,3.840080912228572
1.8775789390662014,1.8775789390662014,1.2662001341317592,25.191982718941816,33.53936509187672,33.660497607246235,33.7983377948535,24.913343120785832,24.913343120785832,3.563752596071891,6.065564922212096,7.798853106707768,7.933402570852776,7.933402570852776,1.213127348599103,0.0,1.0334318011906483,3.10575265999072,1.1124143117020395,7.8055388006150235,8.274789309575457,7.95513103092844,8.274789309575457,8.274789309575457,7.95513103092844,1.1600545219062357,1.0434613171260798,1.1771882736054062,7.157023449927824,1.946126283837773,1.50398613594071,3.058593622531796,2.686654746061082,25.966486225044964,19.64153542850723,33.573198678102216,21.40038163180713,28.418605083941955,29.525580542057913,2.55205338827865,4.6080311320856495,16.867396305807773,13.06112780614136,13.06112780614136,2.5988941823733924,1.3610624120164507,1.0643561713046423,2.7066717490253485,1.2323513560288422,9.939913184077845,8.75740780266246,11.285353814905067,6.455015368771421,7.68352478399036,9.175256562156328,2.4818802725473583,1.1236977460051107,1.7087576829054618,1.5123441462721874,3.626953563710771
1.9110107402554826,1.9110107402554826,1.2996319353222712,25.225414519127675,33.572796891248494,33.693929406604425,33.83176959419616,24.94677492099472,24.94677492099472,3.5971843972511515,6.098996723358555,7.83228490781893,7.9668343719607675,7.9668343719607675,1.2465591497896615,1.0334318011906483,0.0,3.139184461173665,1.1458461128926598,7.8389706017260306,8.308221110675127,7.988562832035914,8.308221110675127,8.308221110675127,7.988562832035914,1.193486323096831,1.0768931183167223,1.2106200747959908,7.190455251053258,1.9126944826486014,1.4705543347504673,3.0251618213482745,2.6532229448752003,25.999918025165414,19.674967229101387,33.606630477470205,21.433813432283383,28.452036883841654,29.559012341851165,2.58548518946509,4.641462933253823,16.90082810656625,13.094559607082248,13.094559607082248,2.5654623811870234,1.3944942132068556,1.0977879724952797,2.740103550210918,1.198919554838273,9.973344985131193,8.79083960374968,11.31878561591404,6.488447169910845,7.71695658510419,9.208688363232127,2.448448471360379,1.0902659448144816,1.6753258817156316,1.4789123450819588,3.593521762531768
2.228173721040635,2.228173721040635,2.8395525259117127,23.08623011666449,31.433612538952204,31.55474505514949,31.692585243702567,22.80759051712228,22.80759051712228,1.457999936207695,3.959812263837384,5.693100450156836,5.827649914470541,5.827649914470541,2.8926253114350704,3.10575265999072,3.139184461173665,0.0,2.993338348312819,5.699786144072381,6.16903665363879,5.849378374573814,6.16903665363879,6.16903665363879,5.849378374573814,2.945698138118032,3.0622913428742957,2.928564386422125,5.051270792625957,4.051878943517483,3.609738795789754,5.164346281599261,4.79240740536289,23.860733626709315,17.535782801791633,31.467446125408586,19.2946290121123,26.312852498945325,27.419827963511164,1.5536992718046592,2.502278472679048,14.761643669381325,10.95537515910268,10.95537515910268,4.704646841726153,2.7446902480421307,3.0413964887002303,1.3990809110387554,3.3381040159610422,7.8341605306752085,6.651655147398624,9.179601163987485,4.349262710750018,5.57777212729794,7.069503907515659,4.587632931965475,3.229450405966124,3.814510342681314,3.618096806118421,5.732706222362619
1.7651646273680228,1.7651646273680228,1.153785822429955,25.07956841059809,33.42695078626335,33.54808330167844,33.685923489337775,24.800928812364905,24.800928812364905,3.4513382844059954,5.953150610654393,7.686438795267296,7.820988259422851,7.820988259422851,1.1007130368971871,1.1124143117020395,1.1458461128926598,2.993338348312819,0.0,7.693124489175072,8.162374998173235,7.842716719500239,8.162374998173235,8.162374998173235,7.842716719500239,1.04764021020424,1.068952994575977,1.0647739619034329,7.044609138439906,2.0585405955340557,1.6164004476409635,3.1710079342081463,2.7990690577456787,25.85407191692054,19.529121118795253,33.46078437250156,21.28796732249011,28.306190776557735,29.4131662350307,2.4396390765894598,4.495616820456152,16.75498199554559,12.948713495269015,12.948713495269015,2.711308494059703,1.2486481003149275,1.048058140397415,2.594257437338955,1.344765667730421,9.827498872829986,8.644993491301683,11.172939503805294,6.342601057237044,7.571110472541011,9.062842250833612,2.5942945842358167,1.2361120577069824,1.8211719946041551,1.6247584579723866,3.7393678753714488
6.927959863361094,6.927959863361094,7.539338667089643,18.3864440652362,26.733826584005,26.854959101851417,26.992799292289764,18.10780446305639,18.10780446305639,5.241786208332257,2.739973881474824,1.0066856939231006,1.1278637705467967,1.1278637705467967,7.592411452505343,7.8055388006150235,7.8389706017260306,5.699786144072381,7.693124489175072,0.0,1.469250510150494,1.1495922306761122,1.469250510150494,1.469250510150494,1.1495922306761122,7.645484279079289,7.762077483591313,7.628350527418726,1.6485153520790101,8.751665081898405,8.309524935272599,9.864132416792113,9.4921935416878,19.160947582810184,12.835996704908695,26.767660170921282,14.594842928018842,21.613066480802043,22.720041957950624,6.25348541517703,4.197507672549566,10.061857555367476,6.255589027636198,6.255589027636198,9.404432978308487,7.4444763894091155,7.7411826294615,6.098867054621442,8.03789015607427,3.1343743901159926,1.9518690046217453,4.4798150267715116,2.350523434411355,1.1220140169089339,2.369717765445395,9.287419068885283,7.929236546321575,8.5142964816655,8.317882945581307,10.432492355697203
7.397210372599945,7.397210372599945,8.008589176138438,17.917193562174997,26.264576089539553,26.385708607535573,26.523548798145022,17.638553959766455,17.638553959766455,5.71103671800227,3.209224391532866,1.4759362040735182,1.3413867396047474,1.3413867396047474,8.061661961536789,8.274789309575457,8.308221110675127,6.16903665363879,8.162374998173235,1.469250510150494,0.0,1.3196582794755323,1.0,1.0,1.3196582794755323,8.11473478809326,8.231327992566406,8.097601036438352,2.1177658622120683,9.220915590517269,8.778775444056429,10.333382924954401,9.961444050009348,18.69169708040447,12.366746197998868,26.29840967649755,14.125592422167394,21.143815980663177,22.250791458930507,6.722735924604734,4.666758182418121,9.59260704709198,5.786338518091182,5.786338518091182,9.873683486666641,7.913726898488577,8.210433138443609,6.56811756408936,8.5071406649548,2.6651238800510133,1.4826184944823033,4.010564516873128,2.8197739445027374,1.5912645270576924,1.9004672553245756,9.756669577291676,8.398487055239794,8.98354699037409,8.787133454362106,10.90174286360332
7.077552093761116,7.077552093761116,7.688930897430574,18.236851836862705,26.5842343583922,26.705366876286607,26.843207066779847,17.958212234609288,17.958212234609288,5.391378438865594,2.8895661121257286,1.1562779245992048,1.0217284601293366,1.0217284601293366,7.742003682840874,7.95513103092844,7.988562832035914,5.849378374573814,7.842716719500239,1.1495922306761122,1.3196582794755323,0.0,1.3196582794755323,1.3196582794755323,1.0,7.79507650940938,7.911669713909297,7.777942757750576,1.7981075827511535,8.901257312105255,8.459117165530952,10.013724646856137,9.64178577180168,19.01135535464755,12.686404475294689,26.61806794532187,14.445250698746548,21.463474253368066,22.570449730876003,6.403077645635602,4.347099903143636,9.912265325311308,6.105996797165989,6.105996797165989,9.554025208433822,7.594068619759593,7.8907748597816685,6.248459285092457,8.187482386362785,2.984782159472374,1.80227677395149,4.3302227961843,2.5001156650719336,1.2716062475847918,2.2201255347821007,9.437011299025711,8.078828776621837,8.66388871190037,8.467475175838713,10.582084585680953
7.397210372599945,7.397210372599945,8.008589176138438,17.917193562174997,26.264576089539553,26.385708607535573,26.523548798145022,17.638553959766455,17.638553959766455,5.71103671800227,3.209224391532866,1.4759362040735182,1.3413867396047474,1.3413867396047474,8.061661961536789,8.274789309575457,8.308221110675127,6.16903665363879,8.162374998173235,1.469250510150494,1.0,1.3196582794755323,0.0,1.0,1.3196582794755323,8.11473478809326,8.231327992566406,8.097601036438352,2.1177658622120683,9.220915590517269,8.778775444056429,10.333382924954401,9.961444050009348,18.69169708040447,12.366746197998868,26.29840967649755,14.125592422167394,21.143815980663177,22.250791458930507,6.722735924604734,4.666758182418121,9.59260704709198,5.786338518091182,5.786338518091182,9.873683486666641,7.913726898488577,8.210433138443609,6.56811756408936,8.5071406649548,2.6651238800510133,1.4826184944823033,4.010564516873128,2.8197739445027374,1.5912645270576924,1.9004672553245756,9.756669577291676,8.398487055239794,8.98354699037409,8.787133454362106,10.90174286360332
7.397210372599945,7.397210372599945,8.008589176138438,17.917193562174997,26.264576089539553,26.385708607535573,26.523548798145022,17.638553959766455,17.638553959766455,5.71103671800227,3.209224391532866,1.4759362040735182,1.3413867396047474,1.3413867396047474,8.061661961536789,8.274789309575457,8.308221110675127,6.16903665363879,8.162374998173235,1.469250510150494,1.0,1.3196582794755323,1.0,0.0,1.3196582794755323,8.11473478809326,8.231327992566406,8.097601036438352,2.1177658622120683,9.220915590517269,8.778775444056429,10.333382924954401,9.961444050009348,18.69169708040447,12.366746197998868,26.29840967649755,14.125592422167394,21.143815980663177,22.250791458930507,6.722735924604734,4.666758182418121,9.59260704709198,5.786338518091182,5.786338518091182,9.873683486666641,7.913726898488577,8.210433138443609,6.56811756408936,8.5071406649548,2.6651238800510133,1.4826184944823033,4.010564516873128,2.8197739445027374,1.5912645270576924,1.9004672553245756,9.756669577291676,8.398487055239794,8.98354699037409,8.787133454362106,10.90174286360332
7.077552093761116,7.077552093761116,7.688930897430574,18.236851836862705,26.5842343583922,26.705366876286607,26.843207066779847,17.958212234609288,17.958212234609288,5.391378438865594,2.8895661121257286,1.1562779245992048,1.0217284601293366,1.0217284601293366,7.742003682840874,7.95513103092844,7.988562832035914,5.849378374573814,7.842716719500239,1.1495922306761122,1.3196582794755323,1.0,1.3196582794755323,1.3196582794755323,0.0,7.79507650940938,7.911669713909297,7.777942757750576,1.7981075827511535,8.901257312105255,8.459117165530952,10.013724646856137,9.64178577180168,19.01135535464755,12.686404475294689,26.61806794532187,14.445250698746548,21.463474253368066,22.570449730876003,6.403077645635602,4.347099903143636,9.912265325311308,6.105996797165989,6.105996797165989,9.554025208433822,7.594068619759593,7.8907748597816685,6.248459285092457,8.187482386362785,2.984782159472374,1.80227677395149,4.3302227961843,2.5001156650719336,1.2716062475847918,2.2201255347821007,9.437011299025711,8.078828776621837,8.66388871190037,8.467475175838713,10.582084585680953
1.7175244171651207,1.7175244171651207,1.106145612225755,25.03192820180768,33.37931057862678,33.50044309406115,33.638283281742495,24.753288603541893,24.753288603541893,3.4036980742161167,5.90551040050939,7.6387985851713,7.773348049331273,7.773348049331273,1.05307282669296,1.1600545219062357,1.193486323096831,2.945698138118032,1.04764021020424,7.645484279079289,8.11473478809326,7.79507650940938,8.11473478809326,8.11473478809326,7.79507650940938,0.0,1.1165932047801974,1.0171337516991956,6.996968928324052,2.106180805735442,1.6640406578442064,3.2186481444006527,2.846709267941825,25.806431708222764,19.48148090942716,33.413144164870374,21.24032711328871,28.25855056817271,29.36552602679653,2.3919988663901033,4.447976610281291,16.707341785945403,12.901073285411732,12.901073285411732,2.7589487042566105,1.2010078901108092,1.0956983506016438,2.5466172271407244,1.3924058779343313,9.779858662814783,8.59735328123909,11.125299293852324,6.294960847101774,7.523470262441297,9.015202040786981,2.6419347944336793,1.2837522679110591,1.868812204806657,1.6723986681756031,3.787008085557092
1.8341176219417488,1.8341176219417488,1.2227388170058113,25.148521403117826,33.49590377710961,33.61703629249676,33.75487648012418,24.869881804931953,24.869881804931953,3.520291278960179,6.022103605142596,7.7553917896838565,7.889941253832962,7.889941253832962,1.1696660314731038,1.0434613171260798,1.0768931183167223,3.0622913428742957,1.068952994575977,7.762077483591313,8.231327992566406,7.911669713909297,8.231327992566406,8.231327992566406,7.911669713909297,1.1165932047801974,0.0,1.1337269564793793,7.113562132885471,1.989587600961772,1.5474474530661766,3.10205493964826,2.730116063180676,25.923024909305877,19.598074112153398,33.529737363340026,21.356920315606267,28.375143768489423,29.482119226743574,2.508592071157776,4.564569814988168,16.823934989240797,13.017666489337904,13.017666489337904,2.642355499493636,1.317601094890626,1.0208948541785654,2.663210431905579,1.2758126731547794,9.896451867128732,8.713946485669506,11.241892498013412,6.411554051710997,7.640063466962999,9.131795245178155,2.5253415896684146,1.1671590631311446,1.7522190000303564,1.5558054633976341,3.6704148808212618
1.7003906654663656,1.7003906654663656,1.0890118605265677,25.014794450615607,33.36217682784921,33.48330934329051,33.62114953097976,24.736154852338107,24.736154852338107,3.386564322521949,5.888376648831221,7.621664833510656,7.756214297672211,7.756214297672211,1.0359390749937663,1.1771882736054062,1.2106200747959908,2.928564386422125,1.0647739619034329,7.628350527418726,8.097601036438352,7.777942757750576,8.097601036438352,8.097601036438352,7.777942757750576,1.0171337516991956,1.1337269564793793,0.0,6.979835176656303,2.1233145574335492,1.6811744095430052,3.2357818960955025,2.8638430196380043,25.789297957063965,19.464347158027632,33.39601041409473,21.223193361949036,28.241416817126233,29.348392275804258,2.374865114692585,4.430842858592467,16.69020803446256,12.883939533836644,12.883939533836644,2.776082455953069,1.1838741384116462,1.1128321023008299,2.5294834754436026,1.4095396296333862,9.762724911183074,8.580219529590405,11.108165542242922,6.277827095427083,7.506336510779325,8.998068289144015,2.659068546130488,1.30088601961018,1.8859459565051777,1.6895324198743924,3.8041418372494404
6.279444512321723,6.279444512321723,6.890823316290219,19.034959406871607,27.38234191345069,27.503474431085852,27.641314621282607,18.756319805018244,18.756319805018244,4.593270856759665,2.0914585294589303,1.6418296581560523,1.7763791226225072,1.7763791226225072,6.943896101727916,7.157023449927824,7.190455251053258,5.051270792625957,7.044609138439906,1.6485153520790101,2.1177658622120683,1.7981075827511535,2.1177658622120683,2.1177658622120683,1.7981075827511535,6.996968928324052,7.113562132885471,6.979835176656303,0.0,8.103149731648116,7.661009584810743,9.215617067131474,8.843678191820889,19.809462923510896,13.484512052069222,27.416175500308068,15.24335827365131,22.261581818278806,23.36855729384011,5.6049700639017255,3.548992320741389,10.710372904518476,6.9041043786831375,6.9041043786831375,8.75591762839424,6.795961038570837,7.092667278746738,5.450351703296305,7.389374805488869,3.782889741997512,2.600384356650112,5.128330378372796,1.702008082363855,1.5265013351722119,3.018233117432499,8.63890371890872,7.280721195688124,7.865781131300014,7.6693675951233296,9.783977006369485
2.823705222826532,2.823705222826532,2.2123264179539177,26.138108973275596,34.485491322803135,34.60662383778285,34.744464024944776,25.859469375783608,25.859469375783608,4.509878879474162,7.011691204575625,8.744979387995865,8.879528852045205,8.879528852045205,2.159253632424922,1.946126283837773,1.9126944826486014,4.051878943517483,2.0585405955340557,8.751665081898405,9.220915590517269,8.901257312105255,9.220915590517269,9.220915590517269,8.901257312105255,2.106180805735442,1.989587600961772,2.1233145574335492,8.103149731648116,0.0,1.442140147907844,2.1124673388048016,1.740528462283729,26.912612477493333,20.587661694641035,34.519324908919906,22.34650789452668,29.364731330034864,30.471706785089353,3.498179671928793,5.554157415128084,17.81352257671444,14.007254082378335,14.007254082378335,1.6527678985861085,2.307188695831387,2.010482455139269,3.6527980326440255,1.7137749278169552,10.886039463635171,9.703534083230679,12.23148009314713,7.401141650918686,8.62965106535906,10.121382842382843,1.5357539887479916,1.8224285378375844,1.2373686009404508,1.4337821375763382,2.6808272800865693
2.3815650749756587,2.3815650749756587,1.7701862700671849,25.69596883944189,34.04335120000319,34.16448371516644,34.30232390253804,25.417329241636427,25.417329241636427,4.06773873180983,6.569551057425222,8.302839241367778,8.437388705463356,8.437388705463356,1.717113484535874,1.50398613594071,1.4705543347504673,3.609738795789754,1.6164004476409635,8.309524935272599,8.778775444056429,8.459117165530952,8.778775444056429,8.778775444056429,8.459117165530952,1.6640406578442064,1.5474474530661766,1.6811744095430052,7.661009584810743,1.442140147907844,0.0,2.5546074866735533,2.1826686101717754,26.470472344549535,20.14552155522974,34.077184786171145,21.90436775673096,28.922591200089016,30.029566656586788,3.0560395241370975,5.1120172676438065,17.3713824350411,13.565113938170677,13.565113938170677,2.094908046477796,1.8650485479491103,1.5683423072444094,3.2106578848687963,1.2716347799134946,10.4438993178403,9.261393936949924,11.78933994798223,6.959001503873782,8.187510918691991,9.679242696266533,1.9778941366439922,1.3802883899368117,1.204771546968492,1.0083580103315877,3.12296742791376
3.936172561326744,3.936172561326744,3.3247937565984116,27.2505762744459,35.59795859547341,35.71909110998059,35.85693129660276,26.97193667776726,26.97193667776726,5.622346217355935,8.124158540943105,9.857446722895894,9.991996186816989,9.991996186816989,3.271720971079935,3.058593622531796,3.0251618213482745,5.164346281599261,3.1710079342081463,9.864132416792113,10.333382924954401,10.013724646856137,10.333382924954401,10.333382924954401,10.013724646856137,3.2186481444006527,3.10205493964826,3.2357818960955025,9.215617067131474,2.1124673388048016,2.5546074866735533,0.0,1.3719388765367353,28.025079776356066,21.70012901033584,35.63179218145836,23.458975206001043,30.477198621137656,31.58417407246283,4.6106470102204735,6.666624752464487,18.925989898346053,15.119721410723047,15.119721410723047,1.4596994402357575,3.419656034456283,3.122949793822057,4.765265370880606,2.8262422665476183,11.99850679624945,10.816001417172037,13.343947424057367,8.51360898698628,9.742118400367367,11.233850175873494,1.5767133500743808,2.9348958765518782,2.34983593972703,2.5462494763429926,1.5683599413360871
3.5642336849331833,3.5642336849331833,2.9528548801480046,26.87863741086136,35.226019741535,35.347152256201866,35.48499244300645,26.599997813906857,26.599997813906857,5.25040734119288,7.752219665321561,9.485507847789373,9.62005731175524,9.62005731175524,2.8997820946252633,2.686654746061082,2.6532229448752003,4.79240740536289,2.7990690577456787,9.4921935416878,9.961444050009348,9.64178577180168,9.961444050009348,9.961444050009348,9.64178577180168,2.846709267941825,2.730116063180676,2.8638430196380043,8.843678191820889,1.740528462283729,2.1826686101717754,1.3719388765367353,0.0,27.653140913553937,21.32819014181707,35.25985332756449,23.087036338918086,30.10525976096448,31.212235213552084,4.238708133906128,6.294685876498474,18.554051027803336,14.747782537882301,14.747782537882301,1.0877605636997891,3.047717158013764,2.7510109173560053,4.393326494586859,2.4543033900613818,11.626567921937285,10.444062542399532,12.972008550333868,8.141670111470482,9.370179525223023,10.861911301257562,1.2047744735398906,2.562957000072645,1.9778970632153918,2.1743105998407817,1.9402988178626637
25.08890731305042,25.08890731305042,25.700286099332814,1.7745035301600807,8.572879183512075,8.6940117051492,8.831851899934623,2.0531431365931425,2.0531431365931425,23.40273370253798,20.900921431989406,19.16763327661998,19.033083814414365,19.033083814414365,25.753358883201283,25.966486225044964,25.999918025165414,23.860733626709315,25.85407191692054,19.160947582810184,18.69169708040447,19.01135535464755,18.69169708040447,18.69169708040447,19.01135535464755,25.806431708222764,25.923024909305877,25.789297957063965,19.809462923510896,26.912612477493333,26.470472344549535,28.025079776356066,27.653140913553937,0.0,7.3249509478292145,8.606712771484371,5.566104712786659,3.4521189452523133,4.5590944474286825,24.414432883307203,22.358455191674626,10.099090104438641,13.905358618482053,13.905358618482053,27.56538035303992,25.60542382440477,25.90213005579242,24.25981452685992,26.19883757357688,17.026573224611564,18.209078593470895,15.681132603714362,20.511470992643993,19.282961597638167,17.791229838822936,27.448366447414866,26.090183967076065,26.675243884650925,26.478830354602973,28.593439695966172
18.763956504336477,18.763956504336477,19.375335299048963,6.550447419070338,14.897830097004226,15.018962617787562,15.156802811589765,6.271807813045676,6.271807813045676,17.07778287182771,14.575970572035244,12.842682398783692,12.708132935271419,12.708132935271419,19.428408083660635,19.64153542850723,19.674967229101387,17.535782801791633,19.529121118795253,12.835996704908695,12.366746197998868,12.686404475294689,12.366746197998868,12.366746197998868,12.686404475294689,19.48148090942716,19.598074112153398,19.464347158027632,13.484512052069222,20.587661694641035,20.14552155522974,21.70012901033584,21.32819014181707,7.3249509478292145,0.0,14.931663684739009,2.7588462376591716,9.777069886063778,10.884045383786013,18.0894820655738,16.033504348264714,3.774139164829438,7.580407698295779,7.580407698295779,21.240429579967238,19.280473022797043,19.577179258344827,17.934863707100362,19.8738867803464,10.701622327375855,11.884127706581834,9.356181695809928,14.18652012850229,12.958010720931222,11.466278948174152,21.12341567256884,19.765233172294685,20.350293098310747,20.153879565404257,22.268488938854283
32.69561978554857,32.69561978554857,33.3069985583505,9.381216299095884,1.0338335880729832,1.087298933928789,1.2251391291431977,9.65985590449696,9.65985590449696,31.009446210707313,28.507633989004784,26.774345864616112,26.63979640471746,26.63979640471746,33.36007134103502,33.573198678102216,33.606630477470205,31.467446125408586,33.46078437250156,26.767660170921282,26.29840967649755,26.61806794532187,26.29840967649755,26.29840967649755,26.61806794532187,33.413144164870374,33.529737363340026,33.39601041409473,27.416175500308068,34.519324908919906,34.077184786171145,35.63179218145836,35.25985332756449,8.606712771484371,14.931663684739009,0.0,13.172817462457852,6.154593831196359,5.047618329714363,32.021145370339546,29.96516772082562,17.70580281629814,21.512071286176045,21.512071286176045,35.172092769136746,33.21213628553316,33.50884251029571,31.866527017174217,33.80555002138654,24.633285847642284,25.815791197594187,23.287845246930523,28.1181835568244,26.88967418364567,25.397942449751987,35.05507886628405,33.696896417344874,34.28195632156973,34.085542796033266,36.200152087247965
