1000.0,4.297115333003134,4.052269602993292,4.333096211566859,3.110618875421981,3.110618875421981,3.110618875421981,3.8934268095007227,4.148803811602469,3.380038679330438,12.406626493349357,2.76484809371974,3.69597005343574,4.726349175754953,16.89075007482723,1.9741356410452124,3.8934268095007227,43.178412801933874,45.28753483840276,38.21781820659086,38.21781820659086,59.7329601936977,59.7329601936977,59.7329601936977,63.633133913358506,59.7329601936977,59.7329601936977,61.88833244386027,61.88833244386027,61.88833244386027,3.110618875421981,3.8662216725665584,3.7196648784931265,10.7384266045756,18.722092588434577,18.718582610743603,19.00903297536688,19.00903297536688,18.659790471523532,13.315747789782552,18.252632309857457,19.066947479377415,31.987440745078285,45.28753483840276,31.10563757169452,43.178412801933874,1.2545045435331694,2.030301818977428,8.50545388928577,5.742642995402537,6.469323812585247,1.1509477353274875,3.7012355704514492,2.4726097030118694,9.51073845989838,5.22822736343811,7.904811756388494,29.02614000086845,10.107471677451919,4.271665437846421,2.66920993842024,3.2572117485984555,4.552491617627825,1.1860518825493023,2.8850781299361294,3.5556016472384346,3.9768590296247477,60.250533200082636,34.48366018358036,41.29210854487764,41.29210854487764,45.88061016623432,54.26762633726887,32.35156684478581,82.09216866228972,68.54899150844516,63.01381515417178,69.47881003626313,50.354916124867486,49.68816564116534,1.5599094007365135,6.1672315002257525,21.98896715234482,22.86643893539718,11.56419235798972,14.091479946241805,13.810672409433883,15.381432517401759,14.539015823707345,20.64642495225729,8.106650524979253,8.264611102624134,53.25875385547923,60.19789874223124,60.2856228279323,52.89906717045542,2.414702438353822,15.21084482046547,13.10440558437816,11.98976064822215
4.297115333003134,1000.0,1.2448457300384144,1.0359808785683107,2.186496457676893,2.186496457676893,2.186496457676893,1.4036885235470686,1.1483115214185213,1.9170766537561428,9.10951116388438,2.5322672393867762,1.6011452796293564,8.023464507757836,13.59363474948051,3.322979692044428,1.4036885235470686,39.88129753176125,41.99041957495849,34.9207029219426,34.9207029219426,56.435844985546744,56.435844985546744,56.435844985546744,60.3360187228953,56.435844985546744,56.435844985546744,58.59121724533906,58.59121724533906,58.59121724533906,2.186496457676893,1.4308936604837945,1.5774504545700507,7.441311273971571,15.424977265212865,15.421467287517578,15.711917652501418,15.711917652501418,15.362675148225307,10.018632461028039,14.955516986066506,15.769832156584624,28.69032544492957,41.99041957495849,27.808522269592928,39.88129753176125,4.042610789499566,3.2668135141149888,11.802569219190843,9.039758326948492,9.76643914375611,4.448063068310726,1.5958797626132242,2.82450563009398,6.213623128592179,1.9311120305855036,4.6076964243379415,25.72902469439802,6.810356346472608,1.0254498951598983,5.966325271106516,6.554327081122396,1.2553762846593766,4.483167215527665,2.412037203168766,6.852716979669892,7.273974361914056,56.95341799421138,31.186544889283756,37.994993268977495,37.994993268977495,42.583494904743695,50.970511106306574,29.054451545460907,78.79505357148581,65.25187634194909,59.71669996082149,66.18169487451031,47.05780087898874,46.39105039286237,3.737205932325208,2.870116167592112,18.69185183355228,19.569323617933733,8.267077027922895,10.794364618143563,10.513557081092758,12.08431719049688,11.24190049600869,17.349309631545506,4.80953519301141,4.967495770723192,49.9616386205579,56.9007835361272,56.98850762221634,49.60195193414158,5.711817771102167,18.507960143965057,16.401520910259556,15.286875975226948
4.052269602993292,1.2448457300384144,1000.0,1.2808266086066964,1.9416507276416506,1.9416507276416506,1.9416507276416506,1.1588427935088363,1.096534208619934,1.672230923719479,9.354356893730323,2.2874215093539627,1.35629954959155,7.778618777854566,13.838480479059488,3.078133962019721,1.1588427935088363,40.12614325747077,42.23526530018664,35.16554864868411,35.16554864868411,56.68069070679396,56.68069070679396,56.68069070679396,60.580864442862804,56.68069070679396,56.68069070679396,58.83606296588985,58.83606296588985,58.83606296588985,1.9416507276416506,1.1860479304456077,1.3326047245321815,7.686157003887646,15.669822994649913,15.666313016954911,15.956763381914495,15.956763381914495,15.607520877667492,10.263478190829101,15.200362715541758,16.014677885992807,28.935171172768154,42.23526530018664,28.0533679975689,40.12614325747077,3.797765059485321,3.0219677840895884,11.557723489476107,8.79491259708796,9.521593413929729,4.203217338303671,1.3510340325754036,2.5796599000637483,6.458468858549759,2.1759577606208085,4.852542154336882,25.973870422680392,7.055202076411084,1.219395834878532,5.721479541134668,6.309481351167699,1.500222014697428,4.238321485521274,2.1671914731350315,6.607871249724649,7.029128631983021,57.1982637152938,31.431390616709386,38.23983899509601,38.23983899509601,42.82834062983189,51.21535682920041,29.29929727324147,79.03989928421254,65.49672206017937,59.961545680998036,66.42654059239644,47.302646602956386,46.63589611700425,3.492360202306163,3.1149618976192937,18.936697562688725,19.814169346979085,8.511922757806232,11.039210347902612,10.75840281086741,12.32916292017849,11.486746225741944,17.59415536081284,5.054380923005956,5.212341500714139,50.206484343736996,57.14562925722644,57.233353343287526,49.84679765742098,5.4669720411235065,18.263114414784106,16.156675180883475,15.042030245757783
4.333096211566859,1.0359808785683107,1.2808266086066964,1000.0,2.222477336244598,2.222477336244598,2.222477336244598,1.4396694021153051,1.1842923999868202,1.9530575323240886,9.073530285343402,2.5682481179540835,1.6371261581975072,8.059445386305464,13.557653870978235,3.3589605706104533,1.4396694021153051,39.845316653824526,41.95443869709225,34.884722043854815,34.884722043854815,56.399864108263834,56.399864108263834,56.399864108263834,60.30003784579998,56.399864108263834,56.399864108263834,58.55523636815825,58.55523636815825,58.55523636815825,2.222477336244598,1.4668745390520213,1.6134313331382133,7.405330395420484,15.388996386731241,15.385486409035911,15.675936774023276,15.675936774023276,15.326694269742932,9.982651582493551,14.919536107579322,15.733851278107197,28.654344566681285,41.95443869709225,27.772541391324562,39.845316653824526,4.078591668063969,3.3027943926811214,11.838550097710321,9.07573920548972,9.802420022292234,4.484043946874024,1.6318606411813774,2.8604865086608733,6.177642250035137,1.895131152017541,4.571715545775009,25.693043816084863,6.774375467918303,1.061430773728208,6.002306149664462,6.590307959677752,1.2193954060910894,4.519148094090862,2.448018081736224,6.888697858223825,7.309955240465853,56.917437116952634,31.150564011095863,37.959012390980895,37.959012390980895,42.547514026897964,50.93453022878232,29.018470667221106,78.7590726954524,65.21589546510849,59.68071908369553,66.1457139977202,47.02182000130716,46.35506951515526,3.7731868108903512,2.8341352890252325,18.65587095511444,19.53334273950918,8.23109614937652,10.758383739615157,10.477576202562089,12.048336311979703,11.205919617484023,17.31332875308859,4.773554314449099,4.931514892161392,49.925657742991845,56.86480265886598,56.95252674495924,49.56597105656084,5.747798649661144,18.54394102240531,16.437501788728724,15.322856853709931
3.110618875421981,2.186496457676893,1.9416507276416506,2.222477336244598,1000.0,1.0,1.0,1.7828079341341718,2.03818493626049,1.269419803924149,10.296007620523508,1.3457707817171736,1.5853511780523777,6.836968050644833,14.780131204767853,2.1364832344038587,1.7828079341341718,41.06779396795701,43.176916008794244,36.10719936320352,36.10719936320352,57.622341399904144,57.622341399904144,57.622341399904144,61.52251513100086,57.622341399904144,57.622341399904144,59.777713656293706,59.777713656293706,59.777713656293706,1.0,1.7556027971975778,1.609046003111681,8.627807730972162,16.611473719788684,16.607963742094846,16.898414106957368,16.898414106957368,16.549171602826846,11.205128917437902,16.142013440833544,16.956328611016104,29.876821891587543,43.176916008794244,28.995018716928065,41.06779396795701,2.8561143319003706,2.0803170564717894,10.61607276294249,7.853261870029429,8.579942686993126,3.261566610741115,1.5906166950685106,1.638009172433103,7.4001195858098034,3.117608488235264,5.794192881776795,26.915521143244938,7.996852803589925,2.1610465625174005,4.779828813687855,5.367830623779228,2.4418727423312023,3.296670757960828,1.225540745496256,5.666220522368668,6.087477904676219,58.13991440776346,32.37304133390829,39.181489707179594,39.181489707179594,43.76999133789363,52.157007528714146,30.240947991832996,79.9815499442641,66.43837274157259,60.903196369948006,67.36819127245394,48.24429730665052,47.577546821377176,2.5507094747067134,4.056612625190342,19.87834828662908,20.75582007055773,9.453573484754143,11.980861074339785,11.700053537368229,13.270813646301114,12.428396952074111,18.53580608527398,5.996031650426361,6.153992228118654,51.14813504436087,58.087279949761516,58.17500403571355,50.788448358435225,4.52532131365378,17.32146369021648,15.2150244555927,14.10037952012346
3.110618875421981,2.186496457676893,1.9416507276416506,2.222477336244598,1.0,1000.0,1.0,1.7828079341341718,2.03818493626049,1.269419803924149,10.296007620523508,1.3457707817171736,1.5853511780523777,6.836968050644833,14.780131204767853,2.1364832344038587,1.7828079341341718,41.06779396795701,43.176916008794244,36.10719936320352,36.10719936320352,57.622341399904144,57.622341399904144,57.622341399904144,61.52251513100086,57.622341399904144,57.622341399904144,59.777713656293706,59.777713656293706,59.777713656293706,1.0,1.7556027971975778,1.609046003111681,8.627807730972162,16.611473719788684,16.607963742094846,16.898414106957368,16.898414106957368,16.549171602826846,11.205128917437902,16.142013440833544,16.956328611016104,29.876821891587543,43.176916008794244,28.995018716928065,41.06779396795701,2.8561143319003706,2.0803170564717894,10.61607276294249,7.853261870029429,8.579942686993126,3.261566610741115,1.5906166950685106,1.638009172433103,7.4001195858098034,3.117608488235264,5.794192881776795,26.915521143244938,7.996852803589925,2.1610465625174005,4.779828813687855,5.367830623779228,2.4418727423312023,3.296670757960828,1.225540745496256,5.666220522368668,6.087477904676219,58.13991440776346,32.37304133390829,39.181489707179594,39.181489707179594,43.76999133789363,52.157007528714146,30.240947991832996,79.9815499442641,66.43837274157259,60.903196369948006,67.36819127245394,48.24429730665052,47.577546821377176,2.5507094747067134,4.056612625190342,19.87834828662908,20.75582007055773,9.453573484754143,11.980861074339785,11.700053537368229,13.270813646301114,12.428396952074111,18.53580608527398,5.996031650426361,6.153992228118654,51.14813504436087,58.087279949761516,58.17500403571355,50.788448358435225,4.52532131365378,17.32146369021648,15.2150244555927,14.10037952012346
3.110618875421981,2.186496457676893,1.9416507276416506,2.222477336244598,1.0,1.0,1000.0,1.7828079341341718,2.03818493626049,1.269419803924149,10.296007620523508,1.3457707817171736,1.5853511780523777,6.836968050644833,14.780131204767853,2.1364832344038587,1.7828079341341718,41.06779396795701,43.176916008794244,36.10719936320352,36.10719936320352,57.622341399904144,57.622341399904144,57.622341399904144,61.52251513100086,57.622341399904144,57.622341399904144,59.777713656293706,59.777713656293706,59.777713656293706,1.0,1.7556027971975778,1.609046003111681,8.627807730972162,16.611473719788684,16.607963742094846,16.898414106957368,16.898414106957368,16.549171602826846,11.205128917437902,16.142013440833544,16.956328611016104,29.876821891587543,43.176916008794244,28.995018716928065,41.06779396795701,2.8561143319003706,2.0803170564717894,10.61607276294249,7.853261870029429,8.579942686993126,3.261566610741115,1.5906166950685106,1.638009172433103,7.4001195858098034,3.117608488235264,5.794192881776795,26.915521143244938,7.996852803589925,2.1610465625174005,4.779828813687855,5.367830623779228,2.4418727423312023,3.296670757960828,1.225540745496256,5.666220522368668,6.087477904676219,58.13991440776346,32.37304133390829,39.181489707179594,39.181489707179594,43.76999133789363,52.157007528714146,30.240947991832996,79.9815499442641,66.43837274157259,60.903196369948006,67.36819127245394,48.24429730665052,47.577546821377176,2.5507094747067134,4.056612625190342,19.87834828662908,20.75582007055773,9.453573484754143,11.980861074339785,11.700053537368229,13.270813646301114,12.428396952074111,18.53580608527398,5.996031650426361,6.153992228118654,51.14813504436087,58.087279949761516,58.17500403571355,50.788448358435225,4.52532131365378,17.32146369021648,15.2150244555927,14.10037952012346
3.8934268095007227,1.4036885235470686,1.1588427935088363,1.4396694021153051,1.7828079341341718,1.7828079341341718,1.7828079341341718,1000.0,1.2553770021287247,1.5133881302112782,9.513199687108083,2.1285787158478033,1.1974567560828433,7.6197759844283635,13.997323272260717,2.9192911685182317,1.0,40.28498604814216,42.394108090544165,35.32439144002868,35.32439144002868,56.83953349455814,56.83953349455814,56.83953349455814,60.73970722979388,56.83953349455814,56.83953349455814,58.99490575320061,58.99490575320061,58.99490575320061,1.7828079341341718,1.0272051369367807,1.1737619310234515,7.844999797312144,15.828665787757702,15.825155810062896,16.115606175006526,16.115606175006526,15.766363670778665,10.42232098417707,15.359205508674686,16.173520679081612,29.094013964829077,42.394108090544165,28.212210789719606,40.28498604814216,3.6389222659900833,2.8631249905876914,11.398880696169407,8.636069803688727,9.362750620552113,4.044374544812795,1.1921912390666916,2.4208171065590465,6.617311652002095,2.3348005541267534,5.011384947817243,26.132713215031437,7.214044869850583,1.3782386283872154,5.562636747665506,6.150638557709226,1.6590648082056572,4.079478692030806,2.0083486796283636,6.449028456272088,6.870285838539362,57.35710650295066,31.590233408500563,38.398681786034125,38.398681786034125,42.987183420098205,51.3741996180369,29.458140065264498,79.19874206643244,65.65556484597978,60.12038846806517,66.58538337797286,47.46148939249238,46.794738906653805,3.333517408808039,3.2738046911192695,19.09554035559907,19.97301213982968,8.670765551208877,11.198053141222745,10.917245604197875,12.488005713447421,11.645589019045014,17.752998153809095,5.213223716483318,5.371184294189049,50.365327132759276,57.304472044894254,57.392196130937094,50.00564044650859,5.308129247650112,18.104271621818704,15.997832387793048,14.883187452607803
4.148803811602469,1.1483115214185213,1.096534208619934,1.1842923999868202,2.03818493626049,2.03818493626049,2.03818493626049,1.2553770021287247,1000.0,1.7687651323388343,9.257822685187662,2.383955717971902,1.4528337582113033,7.875152986422343,13.741946270622828,3.174668170634596,1.2553770021287247,40.02960905056406,42.13873109347007,35.0690144413697,35.0690144413697,56.58415650164934,56.58415650164934,56.58415650164934,60.48433023822337,56.58415650164934,56.58415650164934,58.73952876102017,58.73952876102017,58.73952876102017,2.03818493626049,1.2825821390654828,1.4291389331519555,7.589622795317057,15.573288786269508,15.5697788085744,15.860229173543594,15.860229173543594,15.510986669285055,10.166943982304288,15.103828507146218,15.91814367762384,28.83863696502017,42.13873109347007,27.956833789766605,40.02960905056406,3.8942992680961908,3.1185019927047275,11.654257697970179,8.891446805639053,9.61812762246748,4.299751546911773,1.4475682411951618,2.6761941086807184,6.361934649962603,2.079423552002296,4.75600794573315,25.87733621475695,6.958667867831557,1.1228616262586284,5.818013749729141,6.406015559755508,1.4036878060777203,4.33485569412912,2.2637256817533142,6.704405458308778,7.12566284056162,57.101729510214234,31.334856409124637,38.14330478802774,38.14330478802774,42.73180642317061,51.11882262340569,29.202763065516436,78.94336508243097,65.40018785622567,59.86501147627609,66.33000638857861,47.20611239673764,46.5393619107167,3.5888944109188743,3.01842768900414,18.840163354427382,19.717635138753806,8.415388549248686,10.94267613939449,10.661868602353088,12.232628711701109,11.390212017244066,17.49762115249967,4.95784671440399,5.11580729211362,50.10995013782962,57.04909505214024,57.136819138212395,49.750263451474005,5.563506249720622,18.35964862306884,16.253209389244788,15.138564454155617
3.380038679330438,1.9170766537561428,1.672230923719479,1.9530575323240886,1.269419803924149,1.269419803924149,1.269419803924149,1.5133881302112782,1.7687651323388343,1000.0,10.02658781686164,1.615190585640658,1.3159313741288063,7.106387854457664,14.51071140142579,2.4059030383230167,1.5133881302112782,40.79837416902543,42.90749621040458,35.83777956310755,35.83777956310755,57.35292160597888,57.35292160597888,57.35292160597888,61.25309533850637,57.35292160597888,57.35292160597888,59.508293863147266,59.508293863147266,59.508293863147266,1.269419803924149,1.4861829932745763,1.339626199188178,8.358387927223436,16.34205391661343,16.33854393891925,16.628994303810153,16.628994303810153,16.279751799645574,10.9357091138307,15.872593637613527,16.686908807874616,29.60740209024822,42.90749621040458,28.725598915432446,40.79837416902543,3.125534135812195,2.349736860391383,10.885492566569813,8.122681673801132,8.849362490731473,3.5309864146473835,1.3211968911449543,1.9074289763554435,7.130699782008279,2.8481886843233433,5.524773077920435,26.646101341400076,7.727432999812887,1.891626758596486,5.0492486175641975,5.637250427640111,2.172452938412335,3.5660905618665675,1.4949605494200564,5.935640326220883,6.356897708515247,57.87049461402252,32.103621533037845,38.91206990778702,38.91206990778702,43.50057153966141,51.88758773294525,29.97152819055964,79.71213015984432,66.16895295101821,60.63377657721991,67.0987714822837,47.97487750967733,47.30812702420837,2.820129278622045,3.7871928212928117,19.608928483803574,20.48640026783756,9.184153681046235,11.711441270783316,11.430633733792963,13.001393842837352,12.158977148548626,18.266386282296647,5.726611846576005,5.884572424273177,50.87871524827221,57.81786015600175,57.90558424198518,50.519028562234126,4.7947411175361445,17.59088349329539,15.484444258874085,14.369799323500796
12.406626493349357,9.10951116388438,9.354356893730323,9.073530285343402,10.296007620523508,10.296007620523508,10.296007620523508,9.513199687108083,9.257822685187662,10.02658781686164,1000.0,10.641778401881142,9.71065644302104,16.132975661645087,5.484123590913336,11.432490853648769,9.513199687108083,31.771786480689606,33.880908538172406,26.811191840590258,26.811191840590258,48.326334069257435,48.326334069257435,48.326334069257435,52.22650784592508,48.326334069257435,48.326334069257435,50.48170635042191,50.48170635042191,50.48170635042191,10.296007620523508,9.540404824021914,9.686961617982439,2.668199890924234,7.315466109907115,7.311956132204973,7.602406497763972,7.602406497763972,7.253163992798213,1.9091212979155137,6.846005829864437,7.660321001963767,20.58081433213848,33.880908538172406,19.69901115294488,31.771786480689606,12.152121950191702,11.37632467578643,19.91208036386298,17.149269478621292,17.875950293726543,12.557574228446025,9.705390926009517,10.934016792273098,3.8958880367132345,8.17839913392782,5.501814741074932,17.61951356923599,3.2991548186691557,9.134961059024796,14.075836428882154,14.66383823786777,8.854134879413735,12.592678375613302,10.521548365788167,14.962228135867587,15.383485517310072,48.84390708297376,23.07703378820769,29.88548220584276,29.88548220584276,34.47398387212636,42.861000139775854,20.944940434305355,70.68554291982693,57.14236551865264,51.607189077414816,58.072184061882496,38.9482898799686,38.281539388595185,11.846717093416368,7.239394997390304,10.582340685634705,11.459812472343561,1.8424341365377561,2.6848534558127453,2.4040459184658767,3.974806029716969,3.1323893341804254,9.239798480348101,5.2999759724146305,5.142015394707802,41.85212764537226,48.79127262437351,48.87899671132304,41.49244095591694,13.821328929303586,26.617471265686802,24.511032040099966,23.396387109026605
2.76484809371974,2.5322672393867762,2.2874215093539627,2.5682481179540835,1.3457707817171736,1.3457707817171736,1.3457707817171736,2.1285787158478033,2.383955717971902,1.615190585640658,10.641778401881142,1000.0,1.9311219597673661,6.491197269056129,15.125901985704,1.790712452690288,2.1285787158478033,41.41356474316796,43.522686783304465,36.45297013992103,36.45297013992103,57.96811216864921,57.96811216864921,57.96811216864921,61.86828589790002,57.96811216864921,57.96811216864921,60.12348442403388,60.12348442403388,60.12348442403388,1.3457707817171736,2.1013735789114145,1.954816784826523,8.973578512445378,16.95724450050622,16.95373452281283,17.244184887638212,17.244184887638212,16.894942383552266,11.550899698723136,16.487784221609687,17.30209939168946,30.22259266991616,43.522686783304465,29.340789495459425,41.41356474316796,2.5103435501944356,1.7345462747577973,10.270301981582545,7.5074910884909976,8.234171905495717,2.9157958290413113,1.9363874767834668,1.2922383907166768,7.745890367353813,3.46337926993152,6.139963663395145,27.261291922229642,8.342623585101038,2.5068173442275596,4.434058032022713,5.022059842132473,2.7876435240380406,2.950899976261617,1.1202300362210265,5.320449740732304,5.741707123055737,58.485685176270636,32.718812111628964,39.5272604829868,39.5272604829868,44.115762112200336,52.50277829983878,30.586718770076065,80.32732070075473,66.78414350596972,61.24896713714851,67.71396203635577,48.59006807933038,47.92331759430971,2.2049386929970303,4.402383406865811,20.2241190668897,21.101590850681006,9.79934426617294,12.326631855557991,12.045824318611258,13.616584427397164,12.774167733251456,18.881576865732765,6.341802432036503,6.499763009722148,51.493905815898344,58.43305071829297,58.520774804204535,51.134219130117906,4.179550531981539,16.975692909543824,14.869253674665378,13.754608739075746
3.69597005343574,1.6011452796293564,1.35629954959155,1.6371261581975072,1.5853511780523777,1.5853511780523777,1.5853511780523777,1.1974567560828433,1.4528337582113033,1.3159313741288063,9.71065644302104,1.9311219597673661,1000.0,7.422319228442839,14.19478002795058,2.721834412442955,1.1974567560828433,40.48244280066573,42.591564842675865,35.52184819339313,35.52184819339313,57.03699024345425,57.03699024345425,57.03699024345425,60.93716397765119,57.03699024345425,57.03699024345425,59.192362501531335,59.192362501531335,59.192362501531335,1.5853511780523777,1.1702516191460732,1.0236948250594011,8.042456553284559,16.026122543329905,16.02261256563534,16.313062930558896,16.313062930558896,15.963820426355126,10.61977774005225,15.556662264278518,16.370977434629943,29.291470719089126,42.591564842675865,28.409667544091967,40.48244280066573,3.4414655099219917,2.6656682345119536,11.201423940329345,8.438613047735902,9.165293864625562,3.8469177887497947,1.005265517016154,2.2233603504801827,6.814768408010121,2.532257310204913,5.208841703861415,26.330169969654527,7.411501625842162,1.5756953844695603,5.365179991628259,5.953181801684788,1.856521564287208,3.882021935968283,1.8108919235473924,6.251571700254754,6.6728290825327505,57.55456325171296,31.78769016242323,38.5961385388908,38.5961385388908,43.18464017211601,51.57165636827045,29.65559681947711,79.39619880841826,65.85302159242754,60.31784521609213,66.78284012414144,47.65894614359871,46.99219565790181,3.136060652736609,3.471261447189244,19.292997110923167,20.170468895078788,8.868222307153452,11.395509897062695,11.114702360050897,12.685462469222673,11.84304577486338,17.95045490924109,5.410680472523597,5.568641050226151,50.56278388322464,57.50192879367025,57.589652879690284,50.203097197055456,5.1106724916078115,17.90681486639745,15.800375632218097,14.685730696959725
4.726349175754953,8.023464507757836,7.778618777854566,8.059445386305464,6.836968050644833,6.836968050644833,6.836968050644833,7.6197759844283635,7.875152986422343,7.106387854457664,16.132975661645087,6.491197269056129,7.422319228442839,1000.0,20.617099237108235,5.700484816602408,7.6197759844283635,46.90476189388303,49.01388392210779,41.94416731640504,41.94416731640504,63.45930921052873,63.45930921052873,63.45930921052873,67.35948290901591,63.45930921052873,63.45930921052873,65.61468144915406,65.61468144915406,65.61468144915406,6.836968050644833,7.592570847505346,7.446014053490868,14.464775774664757,22.44844174775833,22.444931770073307,22.735382134200957,22.735382134200957,22.38613963095267,17.042096956999533,21.978981469966993,22.793296638111798,35.71378987430097,49.01388392210779,34.83198670339182,46.90476189388303,4.980853719244367,5.756650994520721,4.779104714755261,2.0162938198556875,2.7429746372418657,4.575401440450772,7.427584745456472,6.19895887843616,13.237087631153566,8.954576537740213,11.631160928972129,32.752489138134216,13.833820848156629,7.998014612612439,3.0571392374829913,2.4691374272996924,8.278840792265852,4.5402972932340955,6.61142730523421,2.1707475286457116,1.7494901462265438,63.97688221418018,38.21000930543181,45.01845764387221,45.01845764387221,49.60695924755143,57.99397538153899,36.077915972966956,85.81851753971382,72.27534047552395,66.74016415328005,73.20515899769912,54.08126518718294,53.414514706422864,5.286258576387819,9.893580673995519,25.71531630567172,26.592788086955757,15.290541527221224,17.81782911248174,17.537021576033517,19.107781681901642,18.265364989359913,24.37277410816058,11.832999697408182,11.990960274929526,56.98510290452983,63.92424775660782,64.01197184184366,56.625416221188935,3.311646737542352,11.484495651140119,9.378056412999966,8.263411475912442
16.89075007482723,13.59363474948051,13.838480479059488,13.557653870978235,14.780131204767853,14.780131204767853,14.780131204767853,13.997323272260717,13.741946270622828,14.51071140142579,5.484123590913336,15.125901985704,14.19478002795058,20.617099237108235,1000.0,15.91661443646104,13.997323272260717,27.287662931979348,29.3967849959784,22.327068278388932,22.327068278388932,43.842210584220176,43.842210584220176,43.842210584220176,47.74238438007192,43.842210584220176,43.842210584220176,45.99758287578905,45.99758287578905,45.99758287578905,14.780131204767853,14.024528409144057,14.171085202938967,7.1523234813030365,2.831342519596406,2.8278325418927728,3.1182829075793643,3.1182829075793643,2.7690404024612567,4.575002293167119,2.3618822393659213,3.176197411805651,16.09669075663834,29.3967849959784,15.214887575890218,27.287662931979348,16.63624553202773,15.86044825867263,24.3962039317528,21.633393052193604,22.360073865881066,17.04169780970831,14.18951451094506,15.41814037573003,8.380011626513564,12.662522720482231,9.985938329881714,13.135389988837026,7.783278408770259,13.619084644593467,18.55996000784418,19.147961815874577,13.338258465281667,17.076801956825108,15.005671949758991,19.446351713375915,19.86760909409891,44.35978360039043,18.592910217548614,25.40135865169906,25.40135865169906,29.989860331848586,38.376876630541254,16.46081685947082,66.20141956645568,52.658242079255004,47.12306560840871,53.588060627774354,34.46416635533458,33.797415861497,16.330840675673283,11.723518584819777,6.09821709726725,6.975688884687695,6.326557727217375,3.799270135346272,4.0800776726727275,2.5093175614302683,3.3517342569941446,4.755674891047345,9.784099561361034,9.62613898376052,37.36800413201346,44.30714914153935,44.39487322890709,37.00831744111356,18.30545250866792,31.101594816489733,28.99515559677322,27.880510668619955
1.9741356410452124,3.322979692044428,3.078133962019721,3.3589605706104533,2.1364832344038587,2.1364832344038587,2.1364832344038587,2.9192911685182317,3.174668170634596,2.4059030383230167,11.432490853648769,1.790712452690288,2.721834412442955,5.700484816602408,15.91661443646104,1000.0,2.9192911685182317,42.20427718055862,44.31339921907075,37.24368258080863,37.24368258080863,58.75882459108114,58.75882459108114,58.75882459108114,62.658998316070125,58.75882459108114,58.75882459108114,60.91419684414541,60.91419684414541,60.91419684414541,2.1364832344038587,2.892086031582597,2.74552923750153,9.76429096449471,17.747956950744268,17.74444697305193,18.034897337789356,18.034897337789356,17.685654833808986,12.341612150315726,17.27849667198665,18.092811841822883,31.013305114552953,44.31339921907075,30.131501940569073,42.20427718055862,1.7196310975141111,1.0561661779328688,9.47958952961258,6.716778636141657,7.443459453232611,2.125083376370782,2.727099929458927,1.4984740619749468,8.536602819577825,4.254091722548308,6.930676115805884,28.052004368397665,9.1333360372436,3.2975297968861055,3.6433455794156315,4.231347389561311,3.5783559766860673,2.160187523592077,1.9109424889103104,4.529737288181796,4.950994670537162,59.27639759815322,33.509524554849534,40.3179729217607,40.3179729217607,44.906474547495066,53.293490727769296,31.377431214513425,81.11803309493011,67.57485591836688,62.03967955601418,68.50467444761065,49.38078051085817,48.714030026422286,1.4142262403113182,5.193095859425282,21.014831516048822,21.89230329951689,10.590056718089214,13.117344306989228,12.836536770102178,14.407296878535606,13.56488018458457,19.67228931535903,7.132514884426375,7.2904754620951655,52.28461824478348,59.22376314023164,59.311487226049664,51.92493155933883,3.388838079360874,16.184980459075703,14.078541223636833,12.963896287783486
3.8934268095007227,1.4036885235470686,1.1588427935088363,1.4396694021153051,1.7828079341341718,1.7828079341341718,1.7828079341341718,1.0,1.2553770021287247,1.5133881302112782,9.513199687108083,2.1285787158478033,1.1974567560828433,7.6197759844283635,13.997323272260717,2.9192911685182317,1000.0,40.28498604814216,42.394108090544165,35.32439144002868,35.32439144002868,56.83953349455814,56.83953349455814,56.83953349455814,60.73970722979388,56.83953349455814,56.83953349455814,58.99490575320061,58.99490575320061,58.99490575320061,1.7828079341341718,1.0272051369367807,1.1737619310234515,7.844999797312144,15.828665787757702,15.825155810062896,16.115606175006526,16.115606175006526,15.766363670778665,10.42232098417707,15.359205508674686,16.173520679081612,29.094013964829077,42.394108090544165,28.212210789719606,40.28498604814216,3.6389222659900833,2.8631249905876914,11.398880696169407,8.636069803688727,9.362750620552113,4.044374544812795,1.1921912390666916,2.4208171065590465,6.617311652002095,2.3348005541267534,5.011384947817243,26.132713215031437,7.214044869850583,1.3782386283872154,5.562636747665506,6.150638557709226,1.6590648082056572,4.079478692030806,2.0083486796283636,6.449028456272088,6.870285838539362,57.35710650295066,31.590233408500563,38.398681786034125,38.398681786034125,42.987183420098205,51.3741996180369,29.458140065264498,79.19874206643244,65.65556484597978,60.12038846806517,66.58538337797286,47.46148939249238,46.794738906653805,3.333517408808039,3.2738046911192695,19.09554035559907,19.97301213982968,8.670765551208877,11.198053141222745,10.917245604197875,12.488005713447421,11.645589019045014,17.752998153809095,5.213223716483318,5.371184294189049,50.365327132759276,57.304472044894254,57.392196130937094,50.00564044650859,5.308129247650112,18.104271621818704,15.997832387793048,14.883187452607803
43.178412801933874,39.88129753176125,40.12614325747077,39.845316653824526,41.06779396795701,41.06779396795701,41.06779396795701,40.28498604814216,40.02960905056406,40.79837416902543,31.771786480689606,41.41356474316796,40.48244280066573,46.90476189388303,27.287662931979348,42.20427718055862,40.28498604814216,1000.0,3.109122082349489,5.9605946859927705,5.9605946859927705,17.55454786971061,17.55454786971061,17.55454786971061,21.454721741319894,17.55454786971061,17.55454786971061,19.70992020198859,19.70992020198859,19.70992020198859,41.06779396795701,40.31219118459066,40.458747976035326,33.43998635224512,25.456320426086112,25.459830403765437,25.169380040064475,25.169380040064475,25.51862254278875,30.86266519249221,25.92578070299917,25.111465536227946,12.19097222706798,3.109122082349489,13.072775408630038,1.0,42.923908263629265,42.148111003732225,50.68386650856214,47.9210556883186,48.64773648685516,43.329360534130345,40.47717728374495,41.705803128298314,34.66767448250983,38.95018551714409,36.27360116493898,15.152272995717267,34.07094127214603,39.906747426473714,44.84762270449186,45.43562450138832,39.62592125155934,43.36446468062084,41.29333470922196,45.73401439315903,46.15527176569935,18.07212089539564,9.694752761271097,2.886304294379948,2.886304294379948,3.7021974238715067,12.089213825615523,11.826846123760468,39.9137574133861,26.370579549329022,20.83540295700168,27.300398120106397,8.176503496956558,7.509752994948332,42.618503412616576,38.01118139544919,22.189445867769887,21.311974084436304,32.6142206076948,30.086933042420092,30.367740576984023,28.796980480575648,29.639397168371207,23.531988066825594,36.071762399136446,35.913801823645834,11.08034131240521,18.019486435569426,18.107210524563335,10.720654616421912,44.593115210069435,57.38925723002028,55.282818064542965,54.16817316399909
45.28753483840276,41.99041957495849,42.23526530018664,41.95443869709225,43.176916008794244,43.176916008794244,43.176916008794244,42.394108090544165,42.13873109347007,42.90749621040458,33.880908538172406,43.522686783304465,42.591564842675865,49.01388392210779,29.3967849959784,44.31339921907075,42.394108090544165,3.109122082349489,1000.0,8.069716767479173,8.069716767479173,15.445425793253134,15.445425793253134,15.445425793253134,19.345599668218057,15.445425793253134,15.445425793253134,17.60079812729272,17.60079812729272,17.60079812729272,43.176916008794244,42.42131322693879,42.56787001809259,35.549108407052316,27.565442492462992,27.568952470137923,27.27850210679902,27.27850210679902,27.62774460908745,32.97178725137577,28.03490276878218,27.220587603034197,14.30009430575565,1.0,15.18189748676746,3.109122082349489,45.033030300636455,44.25723304236075,52.79298852773306,50.030177714177164,50.75685851099087,45.438482570278474,42.58629932576556,43.81492516783805,36.77679653526087,41.05930756214514,38.38272321488899,17.261395072405797,36.1800633259057,42.01586946962104,46.95674473735175,47.544746532944444,41.73504329525553,45.47358671669421,43.40245674960277,47.84313642404707,48.264393795636806,15.96299881934025,11.803874841309215,4.995426376543928,4.995426376543928,1.593075341561475,9.980091745718884,13.935968202664206,37.80463536636618,24.261457481526996,18.726280883316832,25.19127605344111,6.067381415502632,5.400630913304288,44.727625450265535,40.12030344222637,24.298567937980124,23.421096155586973,34.72334266384346,32.19605510246686,32.47686263661312,30.906102542491404,31.748519229075633,25.64111013552385,38.18088444944544,38.02292387423439,8.971219232034816,15.910364359472553,15.9980884485357,8.61153253589475,46.70223724348839,59.49837923141018,57.39194007175502,56.2772951742044
38.21781820659086,34.9207029219426,35.16554864868411,34.884722043854815,36.10719936320352,36.10719936320352,36.10719936320352,35.32439144002868,35.0690144413697,35.83777956310755,26.811191840590258,36.45297013992103,35.52184819339313,41.94416731640504,22.327068278388932,37.24368258080863,35.32439144002868,5.9605946859927705,8.069716767479173,1000.0,1.0,22.51514253507115,22.51514253507115,22.51514253507115,26.415316397192036,22.51514253507115,22.51514253507115,24.67051486232387,24.67051486232387,24.67051486232387,36.10719936320352,35.35159657659277,35.49815336866159,28.4793917177561,20.495725767652527,20.49923574534077,20.2087853809071,20.2087853809071,20.55802788451358,25.902070549470363,20.96518604577026,20.150870876925637,7.23037754510818,8.069716767479173,8.112180727603562,5.9605946859927705,37.96331366712435,37.187516403731465,45.72327195083216,42.96046111599003,43.68714191828134,38.36876593947999,35.51658267644988,36.74520852633544,29.707079852354404,33.989590903463984,31.313006540714305,10.19167831724757,29.110346639862524,34.94615281676201,39.88702811695407,40.475029916676334,34.66532664067168,38.40387008613194,36.33274010544961,40.77341980989622,41.19467718449988,23.032715559598657,4.734158077156561,4.074290391948417,4.074290391948417,8.662792108665693,17.049808501301374,6.866251441441482,44.874352000360595,31.331174190724546,25.7959976144985,32.26099275844784,13.137098177906255,12.47034767661802,37.65790881472719,33.05058677797592,17.228851201657232,16.351379416470866,27.653625970388575,25.126338396979868,25.40714593241122,23.836385831267457,24.6788025215673,18.571393403719682,31.11116777415007,30.953207198066597,16.04093598961817,22.980081099891592,23.067805188686766,15.68124929415078,39.632520621320865,52.42866271136679,50.3222235330579,49.20757862593009
38.21781820659086,34.9207029219426,35.16554864868411,34.884722043854815,36.10719936320352,36.10719936320352,36.10719936320352,35.32439144002868,35.0690144413697,35.83777956310755,26.811191840590258,36.45297013992103,35.52184819339313,41.94416731640504,22.327068278388932,37.24368258080863,35.32439144002868,5.9605946859927705,8.069716767479173,1.0,1000.0,22.51514253507115,22.51514253507115,22.51514253507115,26.415316397192036,22.51514253507115,22.51514253507115,24.67051486232387,24.67051486232387,24.67051486232387,36.10719936320352,35.35159657659277,35.49815336866159,28.4793917177561,20.495725767652527,20.49923574534077,20.2087853809071,20.2087853809071,20.55802788451358,25.902070549470363,20.96518604577026,20.150870876925637,7.23037754510818,8.069716767479173,8.112180727603562,5.9605946859927705,37.96331366712435,37.187516403731465,45.72327195083216,42.96046111599003,43.68714191828134,38.36876593947999,35.51658267644988,36.74520852633544,29.707079852354404,33.989590903463984,31.313006540714305,10.19167831724757,29.110346639862524,34.94615281676201,39.88702811695407,40.475029916676334,34.66532664067168,38.40387008613194,36.33274010544961,40.77341980989622,41.19467718449988,23.032715559598657,4.734158077156561,4.074290391948417,4.074290391948417,8.662792108665693,17.049808501301374,6.866251441441482,44.874352000360595,31.331174190724546,25.7959976144985,32.26099275844784,13.137098177906255,12.47034767661802,37.65790881472719,33.05058677797592,17.228851201657232,16.351379416470866,27.653625970388575,25.126338396979868,25.40714593241122,23.836385831267457,24.6788025215673,18.571393403719682,31.11116777415007,30.953207198066597,16.04093598961817,22.980081099891592,23.067805188686766,15.68124929415078,39.632520621320865,52.42866271136679,50.3222235330579,49.20757862593009
59.7329601936977,56.435844985546744,56.68069070679396,56.399864108263834,57.622341399904144,57.622341399904144,57.622341399904144,56.83953349455814,56.58415650164934,57.35292160597888,48.326334069257435,57.96811216864921,57.03699024345425,63.45930921052873,43.842210584220176,58.75882459108114,56.83953349455814,17.55454786971061,15.445425793253134,22.51514253507115,22.51514253507115,1000.0,1.0,1.0,4.900173887052331,1.0,1.0,3.1553723400836367,3.1553723400836367,3.1553723400836367,57.622341399904144,56.866738630507754,57.01329541925993,49.994533915151706,42.01086810210657,42.01437807974156,41.72392771969385,41.72392771969385,42.07317021802144,47.41721279459425,42.4803283730468,41.66601321658188,28.745520036773947,15.445425793253134,29.627323211553684,17.55454786971061,59.47845566032916,58.702658415325224,67.2384137435866,64.4756029835527,65.20228376653648,59.88390792295482,57.0317247266304,58.260350548278964,51.22222202584806,55.50473298768885,52.828148681805615,31.706820781459296,50.625488825068054,56.46129487979646,61.40217006326544,61.99017184828601,56.18046870997453,59.91901206876049,57.84788213695671,62.28856173397938,62.70981909788176,1.517573027395181,26.249300588550184,19.440852157364944,19.440852157364944,14.852350453078227,6.46533405582127,28.381393936179585,23.359209712269212,9.816031722926864,4.280855099888137,10.745850300029028,10.378044385772943,11.044794887410776,59.17305081520696,54.56572888255805,38.743993583004695,37.86652180950386,49.16876818343752,46.641480655819265,46.922288186320465,45.3515281122482,46.193944788182655,40.08653576644234,52.62630991938458,52.468349346529436,7.474206569931743,1.464938567390323,1.5526626566825876,7.833893266140711,61.14766257394218,73.94380430674904,71.83736519285455,70.72272031891866
