0.0,1.0,1.0,1.0,72.23163476590196,73.49685258221506,8.919166768482583,2.266847577130721,2.266847577130721,2.923784095477,2.923784095477,2.923784095477,2.923784095477,2.923784095477,68.26609024900866,68.32944241371958,69.47731513898889,55.23958296982324,56.74291898748288,65.68185704774777,65.13052056759312,65.13052056759312,37.07884524008329,35.55364630976919,37.07884524008329,36.44407949932283,36.44407949932283,26.933402409809865,26.933402409809865,26.933402409809865,43.54032400398265,38.295103078572126,39.41422300691608,26.933402409809865,26.933402409809865,26.933402409809865,26.933402409809865,26.933402409809865,43.54032400398265,43.61613994909239,39.51635932427846,39.51635932427846,43.37428062270811,30.086179555438907,43.18317375696999,43.54032400398265,39.51635932427846,29.202584519471174,29.202584519471174,29.202584519471174,9.633704555498445,9.727722315020406,3.0021012982402815,5.014192559321263,72.90219199396802,84.62667381531674,1.491439877764359,16.195937372226688,11.432562746623086,1.9427601416641873,3.2967090257696143,3.196417128356613,1.2106178108217946,4.274549889523215,64.44057009875519,67.02477205694154,69.06332677492907,64.39666431674472,59.05284363404726,57.146195597892046,61.749807571079444,58.93994901411307,33.27959151020932,31.242988222407998,33.63677622843362,33.27959151020932,33.27959151020932,16.44036773802883,22.02450290253017,23.165108179943545,33.035201249819956,37.108296269960796,39.89670655670009,39.758854345394724,32.10776624836544,44.978311104151445,34.96524181305461,37.672250530487865,46.65123805690825,45.13495336196199,50.02207169058377,36.31875509819482,35.573071746808274,40.34785795343288,40.30399609913561,35.19709489294408,41.469461858149735,30.553667184915806,31.957370593431197,31.142723631996216
1.0,0.0,1.0,1.0,72.23163476590196,73.49685258221506,8.919166768482583,2.266847577130721,2.266847577130721,2.923784095477,2.923784095477,2.923784095477,2.923784095477,2.923784095477,68.26609024900866,68.32944241371958,69.47731513898889,55.23958296982324,56.74291898748288,65.68185704774777,65.13052056759312,65.13052056759312,37.07884524008329,35.55364630976919,37.07884524008329,36.44407949932283,36.44407949932283,26.933402409809865,26.933402409809865,26.933402409809865,43.54032400398265,38.295103078572126,39.41422300691608,26.933402409809865,26.933402409809865,26.933402409809865,26.933402409809865,26.933402409809865,43.54032400398265,43.61613994909239,39.51635932427846,39.51635932427846,43.37428062270811,30.086179555438907,43.18317375696999,43.54032400398265,39.51635932427846,29.202584519471174,29.202584519471174,29.202584519471174,9.633704555498445,9.727722315020406,3.0021012982402815,5.014192559321263,72.90219199396802,84.62667381531674,1.491439877764359,16.195937372226688,11.432562746623086,1.9427601416641873,3.2967090257696143,3.196417128356613,1.2106178108217946,4.274549889523215,64.44057009875519,67.02477205694154,69.06332677492907,64.39666431674472,59.05284363404726,57.146195597892046,61.749807571079444,58.93994901411307,33.27959151020932,31.242988222407998,33.63677622843362,33.27959151020932,33.27959151020932,16.44036773802883,22.02450290253017,23.165108179943545,33.035201249819956,37.108296269960796,39.89670655670009,39.758854345394724,32.10776624836544,44.978311104151445,34.96524181305461,37.672250530487865,46.65123805690825,45.13495336196199,50.02207169058377,36.31875509819482,35.573071746808274,40.34785795343288,40.30399609913561,35.19709489294408,41.469461858149735,30.553667184915806,31.957370593431197,31.142723631996216
1.0,1.0,0.0,1.0,72.23163476590196,73.49685258221506,8.919166768482583,2.266847577130721,2.266847577130721,2.923784095477,2.923784095477,2.923784095477,2.923784095477,2.923784095477,68.26609024900866,68.32944241371958,69.47731513898889,55.23958296982324,56.74291898748288,65.68185704774777,65.13052056759312,65.13052056759312,37.07884524008329,35.55364630976919,37.07884524008329,36.44407949932283,36.44407949932283,26.933402409809865,26.933402409809865,26.933402409809865,43.54032400398265,38.295103078572126,39.41422300691608,26.933402409809865,26.933402409809865,26.933402409809865,26.933402409809865,26.933402409809865,43.54032400398265,43.61613994909239,39.51635932427846,39.51635932427846,43.37428062270811,30.086179555438907,43.18317375696999,43.54032400398265,39.51635932427846,29.202584519471174,29.202584519471174,29.202584519471174,9.633704555498445,9.727722315020406,3.0021012982402815,5.014192559321263,72.90219199396802,84.62667381531674,1.491439877764359,16.195937372226688,11.432562746623086,1.9427601416641873,3.2967090257696143,3.196417128356613,1.2106178108217946,4.274549889523215,64.44057009875519,67.02477205694154,69.06332677492907,64.39666431674472,59.05284363404726,57.146195597892046,61.749807571079444,58.93994901411307,33.27959151020932,31.242988222407998,33.63677622843362,33.27959151020932,33.27959151020932,16.44036773802883,22.02450290253017,23.165108179943545,33.035201249819956,37.108296269960796,39.89670655670009,39.758854345394724,32.10776624836544,44.978311104151445,34.96524181305461,37.672250530487865,46.65123805690825,45.13495336196199,50.02207169058377,36.31875509819482,35.573071746808274,40.34785795343288,40.30399609913561,35.19709489294408,41.469461858149735,30.553667184915806,31.957370593431197,31.142723631996216
1.0,1.0,1.0,0.0,72.23163476590196,73.49685258221506,8.919166768482583,2.266847577130721,2.266847577130721,2.923784095477,2.923784095477,2.923784095477,2.923784095477,2.923784095477,68.26609024900866,68.32944241371958,69.47731513898889,55.23958296982324,56.74291898748288,65.68185704774777,65.13052056759312,65.13052056759312,37.07884524008329,35.55364630976919,37.07884524008329,36.44407949932283,36.44407949932283,26.933402409809865,26.933402409809865,26.933402409809865,43.54032400398265,38.295103078572126,39.41422300691608,26.933402409809865,26.933402409809865,26.933402409809865,26.933402409809865,26.933402409809865,43.54032400398265,43.61613994909239,39.51635932427846,39.51635932427846,43.37428062270811,30.086179555438907,43.18317375696999,43.54032400398265,39.51635932427846,29.202584519471174,29.202584519471174,29.202584519471174,9.633704555498445,9.727722315020406,3.0021012982402815,5.014192559321263,72.90219199396802,84.62667381531674,1.491439877764359,16.195937372226688,11.432562746623086,1.9427601416641873,3.2967090257696143,3.196417128356613,1.2106178108217946,4.274549889523215,64.44057009875519,67.02477205694154,69.06332677492907,64.39666431674472,59.05284363404726,57.146195597892046,61.749807571079444,58.93994901411307,33.27959151020932,31.242988222407998,33.63677622843362,33.27959151020932,33.27959151020932,16.44036773802883,22.02450290253017,23.165108179943545,33.035201249819956,37.108296269960796,39.89670655670009,39.758854345394724,32.10776624836544,44.978311104151445,34.96524181305461,37.672250530487865,46.65123805690825,45.13495336196199,50.02207169058377,36.31875509819482,35.573071746808274,40.34785795343288,40.30399609913561,35.19709489294408,41.469461858149735,30.553667184915806,31.957370593431197,31.142723631996216
72.23163476590196,72.23163476590196,72.23163476590196,72.23163476590196,0.0,2.265217963276493,80.15080052399836,70.96478733154773,70.96478733154773,70.30785088519325,70.30785088519325,70.30785088519325,70.30785088519325,70.30785088519325,4.965544944451146,4.902192773303941,3.754319929198556,17.99205327479302,16.488717163509264,7.549778397341387,8.101114928421282,8.101114928421282,108.31047375187686,106.78527517175651,108.31047375187686,107.67570815778467,107.67570815778467,98.16503310838068,98.16503310838068,98.16503310838068,114.77195094789634,109.5267313056625,110.64585096777297,98.16503310838068,98.16503310838068,98.16503310838068,98.16503310838068,98.16503310838068,114.77195094789634,114.8477668737993,110.74798726063382,110.74798726063382,114.60590760862064,101.3178096104015,114.41480079110929,114.77195094789634,110.74798726063382,100.43421475807855,100.43421475807855,100.43421475807855,80.8653382098442,80.959355955931,74.2337358279004,76.24582683847336,1.6705573053202727,13.39504070882191,72.72307458688053,87.4275700199151,82.66419613893453,73.17439479794119,74.5283435195707,74.4280516343966,72.0210169791775,75.50618426228719,8.791065459620667,6.206863260046617,4.168308336602006,8.834971245548127,14.178792359001266,16.08544052675513,11.481828215976,14.291686987051307,104.51122088023074,102.47461803309359,104.86840551977554,104.51122088023074,104.51122088023074,87.67200034551864,93.25613453874452,94.39673960528951,104.26683067343504,108.33992477491749,111.12833440151405,110.99048222344138,103.33939587358995,116.20993768057036,106.19687080811269,108.90387890397992,117.8828641972782,116.36657989794057,121.2536969245225,107.55038378545846,106.80470060438313,111.57948568905152,111.53562384539963,106.42872383570227,112.70108931941633,101.78529714168695,103.18900025108492,102.37435346402688
73.49685258221506,73.49685258221506,73.49685258221506,73.49685258221506,2.265217963276493,0.0,81.41601830602639,72.23000515301057,72.23000515301057,71.57306870929017,71.57306870929017,71.57306870929017,71.57306870929017,71.57306870929017,6.230762907140315,6.167410736009495,5.019537892161605,19.257271229276864,17.7539351194318,8.814996359168273,9.3663328900152,9.3663328900152,109.57569138266776,108.05049281191427,109.57569138266776,108.9409257924903,108.9409257924903,99.43025079894484,99.43025079894484,99.43025079894484,116.0371685375075,110.79194892888714,111.91106858395987,99.43025079894484,99.43025079894484,99.43025079894484,99.43025079894484,99.43025079894484,116.0371685375075,116.11298446291286,112.01320487617483,112.01320487617483,115.87112519932035,102.58302728302918,115.68001838305989,116.0371685375075,112.01320487617483,101.69943243579117,101.69943243579117,101.69943243579117,82.13055598860103,82.22457373425523,75.49895363588672,77.51104463785886,1.594660657967507,12.129822749446705,73.9882924011711,88.69278776725267,83.92941390932576,74.43961261036208,75.79356132631224,75.69326944156246,73.28623479635317,76.77140206486142,10.056283420898758,7.472081222368842,5.4335262994807945,10.100189206805208,15.444010316884189,17.350658483041762,12.747046175764385,15.556904944845469,105.77643853410399,103.73983569899578,106.13362317151429,105.77643853410399,105.77643853410399,88.9372180916379,94.52135225609096,95.66195731653724,105.53204832876439,109.60514240552618,112.39355201464437,112.25569983744639,104.6046135344138,117.47515526068726,107.46208845184802,110.16909653109002,119.1480817661985,117.63179747701601,122.51891447038822,108.81560142093423,108.06991824442247,112.84470329931149,112.80084145593922,107.69394147803033,113.9663069224892,103.05051481160608,104.45421791279504,103.63957113051501
8.919166768482583,8.919166768482583,8.919166768482583,8.919166768482583,80.15080052399836,81.41601830602639,0.0,10.186014343516842,10.186014343516842,10.842950860548466,10.842950860548466,10.842950860548466,10.842950860548466,10.842950860548466,76.18525611088795,76.24860827398471,77.39648096976045,63.158749133339164,64.66208511926607,73.60102297425796,73.04968650758535,73.04968650758535,29.159678655140073,27.634479707527365,29.159678655140073,28.524912907077596,28.524912907077596,19.014235725659788,19.014235725659788,19.014235725659788,35.62115750169568,30.375936508028786,31.495056450097092,19.014235725659788,19.014235725659788,19.014235725659788,19.014235725659788,19.014235725659788,35.62115750169568,35.696973447865325,31.597192768734672,31.597192768734672,35.45511411810716,22.16701289812137,35.264007249718176,35.62115750169568,31.597192768734672,21.283417854270287,21.283417854270287,21.283417854270287,1.7145377881280517,1.8085555478100714,6.9170654723769935,4.904974211986359,80.82135773396419,92.54583921311178,8.427726891375915,8.276770623689249,3.5133959828684,7.976406628003459,6.622457745039907,6.722749642390973,9.129784578995888,5.64461688170022,72.35973605546702,74.94393795016155,76.98249261639155,72.3158302745148,66.97200971550596,65.06536172102605,69.66897359138181,66.85911509807539,25.36042488374315,23.323821575839183,25.71760960564814,25.36042488374315,25.36042488374315,8.521200990493341,14.105336183767939,15.245941468445674,25.11603462086206,29.18912968535991,31.977540005938387,31.839687792893738,24.18859961014881,37.05914462232359,27.04607520436488,29.75308395250317,38.73207159982854,37.2157868824082,42.102905286463034,28.399588504525212,27.65390514478146,32.42869140841161,32.38482955355299,27.277928286780053,33.550295327720185,22.634500531883614,24.038203953742546,23.223556984476573
2.266847577130721,2.266847577130721,2.266847577130721,2.266847577130721,70.96478733154773,72.23000515301057,10.186014343516842,0.0,1.0,1.6569365183826739,1.6569365183826739,1.6569365183826739,1.6569365183826739,1.6569365183826739,66.99924279910186,67.06259496405423,68.21046769373781,53.97273547511147,55.47607149744947,64.41500958818594,63.86367310602051,63.86367310602051,38.345692778301526,36.820493851158496,38.345692778301526,37.71092703887723,37.71092703887723,28.200249966584284,28.200249966584284,28.200249966584284,44.80717152726762,39.5619506141648,40.681070540016975,28.200249966584284,28.200249966584284,28.200249966584284,28.200249966584284,28.200249966584284,44.80717152726762,44.882987472187736,40.783206857148315,40.783206857148315,44.64112814640721,31.353027107086227,44.450021281143734,44.80717152726762,40.783206857148315,30.46943207261352,30.46943207261352,30.46943207261352,10.900552130165616,10.99456988963709,4.268948875182472,6.281040135841222,71.63534456233181,83.35982643531943,2.7582874548701914,17.46278494214387,12.699410320235627,3.209607718734906,4.5635566026645655,4.463264705268207,2.056229766315334,5.541397466225515,63.17372263469053,65.75792460234972,67.79647932807735,63.12981685252241,57.78599615145286,55.87934810913552,60.482960097554404,57.673101531148056,34.546439056075876,32.50983577202957,34.90362377361679,34.546439056075876,34.546439056075876,17.707215307721018,23.29135046614113,24.431955742090455,34.30204879614981,38.37514380811647,41.16355408870425,41.025701877713615,33.37461379642195,46.24515862378283,36.23208935563119,38.93909806743585,47.91808557213774,46.401800881188116,51.28891919644892,37.585602638010265,36.83991928815804,41.614705484399295,41.570843630203434,36.463942435055216,42.736309386484976,31.82051473575382,33.22421814176301,32.40957118179644
2.266847577130721,2.266847577130721,2.266847577130721,2.266847577130721,70.96478733154773,72.23000515301057,10.186014343516842,1.0,0.0,1.6569365183826739,1.6569365183826739,1.6569365183826739,1.6569365183826739,1.6569365183826739,66.99924279910186,67.06259496405423,68.21046769373781,53.97273547511147,55.47607149744947,64.41500958818594,63.86367310602051,63.86367310602051,38.345692778301526,36.820493851158496,38.345692778301526,37.71092703887723,37.71092703887723,28.200249966584284,28.200249966584284,28.200249966584284,44.80717152726762,39.5619506141648,40.681070540016975,28.200249966584284,28.200249966584284,28.200249966584284,28.200249966584284,28.200249966584284,44.80717152726762,44.882987472187736,40.783206857148315,40.783206857148315,44.64112814640721,31.353027107086227,44.450021281143734,44.80717152726762,40.783206857148315,30.46943207261352,30.46943207261352,30.46943207261352,10.900552130165616,10.99456988963709,4.268948875182472,6.281040135841222,71.63534456233181,83.35982643531943,2.7582874548701914,17.46278494214387,12.699410320235627,3.209607718734906,4.5635566026645655,4.463264705268207,2.056229766315334,5.541397466225515,63.17372263469053,65.75792460234972,67.79647932807735,63.12981685252241,57.78599615145286,55.87934810913552,60.482960097554404,57.673101531148056,34.546439056075876,32.50983577202957,34.90362377361679,34.546439056075876,34.546439056075876,17.707215307721018,23.29135046614113,24.431955742090455,34.30204879614981,38.37514380811647,41.16355408870425,41.025701877713615,33.37461379642195,46.24515862378283,36.23208935563119,38.93909806743585,47.91808557213774,46.401800881188116,51.28891919644892,37.585602638010265,36.83991928815804,41.614705484399295,41.570843630203434,36.463942435055216,42.736309386484976,31.82051473575382,33.22421814176301,32.40957118179644
2.923784095477,2.923784095477,2.923784095477,2.923784095477,70.30785088519325,71.57306870929017,10.842950860548466,1.6569365183826739,1.6569365183826739,0.0,1.0,1.0,1.0,1.0,66.34230634479636,66.40565850987214,67.55353124181178,53.315798997946125,54.81913502266695,63.75807312894796,63.206736645755655,63.206736645755655,39.00262927543286,37.47743034997803,39.00262927543286,38.36786353671967,38.36786353671967,28.85718647362957,28.85718647362957,28.85718647362957,45.46410801646951,40.218887109899676,41.33800703442755,28.85718647362957,28.85718647362957,28.85718647362957,28.85718647362957,28.85718647362957,45.46410801646951,45.53992396128911,41.44014335143615,41.44014335143615,45.298064635828624,32.00996361138222,45.10695777081679,45.46410801646951,41.44014335143615,31.126368577710174,31.126368577710174,31.126368577710174,11.557488646986362,11.65150640642895,4.925885393373468,6.937976653755461,70.97840811736754,82.70289001679618,3.4152239731894456,18.11972145631293,13.356346836457806,3.866544237022985,5.220493120822602,5.120201223437755,2.7131662846709856,6.198333984255558,62.516786173153235,65.1009881456504,67.13954287533319,62.47288039090461,57.12905968046158,55.222411635003546,59.826023631188626,57.016165059967804,35.20337555728246,33.16677227524187,35.560560274458744,35.20337555728246,35.20337555728246,18.364151821766384,23.948286976872588,25.08889225202995,34.95898529760366,39.0320803052145,41.82049058253225,41.682638371708784,34.031550298797825,46.90209511104881,36.889025855083275,39.596034563891415,48.57502205707303,47.058737368239456,51.94585567643139,38.24253913599166,37.496855786956516,42.2716419776762,42.227780123534195,37.12087893425931,43.393245878365214,32.47745123961671,33.881154644285964,33.06650768510424
2.923784095477,2.923784095477,2.923784095477,2.923784095477,70.30785088519325,71.57306870929017,10.842950860548466,1.6569365183826739,1.6569365183826739,1.0,0.0,1.0,1.0,1.0,66.34230634479636,66.40565850987214,67.55353124181178,53.315798997946125,54.81913502266695,63.75807312894796,63.206736645755655,63.206736645755655,39.00262927543286,37.47743034997803,39.00262927543286,38.36786353671967,38.36786353671967,28.85718647362957,28.85718647362957,28.85718647362957,45.46410801646951,40.218887109899676,41.33800703442755,28.85718647362957,28.85718647362957,28.85718647362957,28.85718647362957,28.85718647362957,45.46410801646951,45.53992396128911,41.44014335143615,41.44014335143615,45.298064635828624,32.00996361138222,45.10695777081679,45.46410801646951,41.44014335143615,31.126368577710174,31.126368577710174,31.126368577710174,11.557488646986362,11.65150640642895,4.925885393373468,6.937976653755461,70.97840811736754,82.70289001679618,3.4152239731894456,18.11972145631293,13.356346836457806,3.866544237022985,5.220493120822602,5.120201223437755,2.7131662846709856,6.198333984255558,62.516786173153235,65.1009881456504,67.13954287533319,62.47288039090461,57.12905968046158,55.222411635003546,59.826023631188626,57.016165059967804,35.20337555728246,33.16677227524187,35.560560274458744,35.20337555728246,35.20337555728246,18.364151821766384,23.948286976872588,25.08889225202995,34.95898529760366,39.0320803052145,41.82049058253225,41.682638371708784,34.031550298797825,46.90209511104881,36.889025855083275,39.596034563891415,48.57502205707303,47.058737368239456,51.94585567643139,38.24253913599166,37.496855786956516,42.2716419776762,42.227780123534195,37.12087893425931,43.393245878365214,32.47745123961671,33.881154644285964,33.06650768510424
2.923784095477,2.923784095477,2.923784095477,2.923784095477,70.30785088519325,71.57306870929017,10.842950860548466,1.6569365183826739,1.6569365183826739,1.0,1.0,0.0,1.0,1.0,66.34230634479636,66.40565850987214,67.55353124181178,53.315798997946125,54.81913502266695,63.75807312894796,63.206736645755655,63.206736645755655,39.00262927543286,37.47743034997803,39.00262927543286,38.36786353671967,38.36786353671967,28.85718647362957,28.85718647362957,28.85718647362957,45.46410801646951,40.218887109899676,41.33800703442755,28.85718647362957,28.85718647362957,28.85718647362957,28.85718647362957,28.85718647362957,45.46410801646951,45.53992396128911,41.44014335143615,41.44014335143615,45.298064635828624,32.00996361138222,45.10695777081679,45.46410801646951,41.44014335143615,31.126368577710174,31.126368577710174,31.126368577710174,11.557488646986362,11.65150640642895,4.925885393373468,6.937976653755461,70.97840811736754,82.70289001679618,3.4152239731894456,18.11972145631293,13.356346836457806,3.866544237022985,5.220493120822602,5.120201223437755,2.7131662846709856,6.198333984255558,62.516786173153235,65.1009881456504,67.13954287533319,62.47288039090461,57.12905968046158,55.222411635003546,59.826023631188626,57.016165059967804,35.20337555728246,33.16677227524187,35.560560274458744,35.20337555728246,35.20337555728246,18.364151821766384,23.948286976872588,25.08889225202995,34.95898529760366,39.0320803052145,41.82049058253225,41.682638371708784,34.031550298797825,46.90209511104881,36.889025855083275,39.596034563891415,48.57502205707303,47.058737368239456,51.94585567643139,38.24253913599166,37.496855786956516,42.2716419776762,42.227780123534195,37.12087893425931,43.393245878365214,32.47745123961671,33.881154644285964,33.06650768510424
2.923784095477,2.923784095477,2.923784095477,2.923784095477,70.30785088519325,71.57306870929017,10.842950860548466,1.6569365183826739,1.6569365183826739,1.0,1.0,1.0,0.0,1.0,66.34230634479636,66.40565850987214,67.55353124181178,53.315798997946125,54.81913502266695,63.75807312894796,63.206736645755655,63.206736645755655,39.00262927543286,37.47743034997803,39.00262927543286,38.36786353671967,38.36786353671967,28.85718647362957,28.85718647362957,28.85718647362957,45.46410801646951,40.218887109899676,41.33800703442755,28.85718647362957,28.85718647362957,28.85718647362957,28.85718647362957,28.85718647362957,45.46410801646951,45.53992396128911,41.44014335143615,41.44014335143615,45.298064635828624,32.00996361138222,45.10695777081679,45.46410801646951,41.44014335143615,31.126368577710174,31.126368577710174,31.126368577710174,11.557488646986362,11.65150640642895,4.925885393373468,6.937976653755461,70.97840811736754,82.70289001679618,3.4152239731894456,18.11972145631293,13.356346836457806,3.866544237022985,5.220493120822602,5.120201223437755,2.7131662846709856,6.198333984255558,62.516786173153235,65.1009881456504,67.13954287533319,62.47288039090461,57.12905968046158,55.222411635003546,59.826023631188626,57.016165059967804,35.20337555728246,33.16677227524187,35.560560274458744,35.20337555728246,35.20337555728246,18.364151821766384,23.948286976872588,25.08889225202995,34.95898529760366,39.0320803052145,41.82049058253225,41.682638371708784,34.031550298797825,46.90209511104881,36.889025855083275,39.596034563891415,48.57502205707303,47.058737368239456,51.94585567643139,38.24253913599166,37.496855786956516,42.2716419776762,42.227780123534195,37.12087893425931,43.393245878365214,32.47745123961671,33.881154644285964,33.06650768510424
2.923784095477,2.923784095477,2.923784095477,2.923784095477,70.30785088519325,71.57306870929017,10.842950860548466,1.6569365183826739,1.6569365183826739,1.0,1.0,1.0,1.0,0.0,66.34230634479636,66.40565850987214,67.55353124181178,53.315798997946125,54.81913502266695,63.75807312894796,63.206736645755655,63.206736645755655,39.00262927543286,37.47743034997803,39.00262927543286,38.36786353671967,38.36786353671967,28.85718647362957,28.85718647362957,28.85718647362957,45.46410801646951,40.218887109899676,41.33800703442755,28.85718647362957,28.85718647362957,28.85718647362957,28.85718647362957,28.85718647362957,45.46410801646951,45.53992396128911,41.44014335143615,41.44014335143615,45.298064635828624,32.00996361138222,45.10695777081679,45.46410801646951,41.44014335143615,31.126368577710174,31.126368577710174,31.126368577710174,11.557488646986362,11.65150640642895,4.925885393373468,6.937976653755461,70.97840811736754,82.70289001679618,3.4152239731894456,18.11972145631293,13.356346836457806,3.866544237022985,5.220493120822602,5.120201223437755,2.7131662846709856,6.198333984255558,62.516786173153235,65.1009881456504,67.13954287533319,62.47288039090461,57.12905968046158,55.222411635003546,59.826023631188626,57.016165059967804,35.20337555728246,33.16677227524187,35.560560274458744,35.20337555728246,35.20337555728246,18.364151821766384,23.948286976872588,25.08889225202995,34.95898529760366,39.0320803052145,41.82049058253225,41.682638371708784,34.031550298797825,46.90209511104881,36.889025855083275,39.596034563891415,48.57502205707303,47.058737368239456,51.94585567643139,38.24253913599166,37.496855786956516,42.2716419776762,42.227780123534195,37.12087893425931,43.393245878365214,32.47745123961671,33.881154644285964,33.06650768510424
68.26609024900866,68.26609024900866,68.26609024900866,68.26609024900866,4.965544944451146,6.230762907140315,76.18525611088795,66.99924279910186,66.99924279910186,66.34230634479636,66.34230634479636,66.34230634479636,66.34230634479636,66.34230634479636,0.0,1.0633521711691525,2.2112250155487443,14.026508350012632,12.523172234917467,3.584233454393253,4.135569985947403,4.135569985947403,104.34492979971388,102.81973119094312,104.34492979971388,103.71016419364646,103.71016419364646,94.19948897358123,94.19948897358123,94.19948897358123,110.80640712180279,105.56118737664963,106.68030706029893,94.19948897358123,94.19948897358123,94.19948897358123,94.19948897358123,94.19948897358123,110.80640712180279,110.88222304923005,106.78244335513686,106.78244335513686,110.6403637791923,97.35226553035643,110.44925695784903,110.80640712180279,106.78244335513686,96.46867066250617,96.46867066250617,96.46867066250617,76.89979380665496,76.99381155405403,70.26819133617627,72.28028237277256,5.636102249495516,17.360585635291443,68.75753007609836,83.4620257121563,78.69865176113036,69.20885029280964,70.56279903161123,70.46250714515377,68.0554724596785,71.5406397869353,4.825520517816391,2.241318316169349,1.7972366080733768,4.869426303789323,10.213247425337359,12.119895597209375,7.5162832775918025,10.326142053613218,100.54567685748498,98.50907397359126,100.90286150355386,100.54567685748498,100.54567685748498,83.70645604146492,89.2905903222806,90.43119540741114,100.30128664623871,104.37438082331191,107.16279050339628,107.02493832264605,99.37385182960307,112.24439388356686,102.23132681635933,104.93833496307816,113.91732043459143,112.40103610412866,117.28815323253053,103.5848398189646,102.83915662393203,107.6139417997207,107.57007995521289,102.46317984825215,108.73554545209122,97.81975306991433,99.22345620438996,98.40880940273439
68.32944241371958,68.32944241371958,68.32944241371958,68.32944241371958,4.902192773303941,6.167410736009495,76.24860827398471,67.06259496405423,67.06259496405423,66.40565850987214,66.40565850987214,66.40565850987214,66.40565850987214,66.40565850987214,1.0633521711691525,0.0,2.1478728443815647,14.089860520939625,12.586524405897029,3.647585625552697,4.198922157102322,4.198922157102322,104.40828195560256,102.88308334728106,104.40828195560256,103.77351634972291,103.77351634972291,94.26284113233149,94.26284113233149,94.26284113233149,110.86975927571316,105.62453953217519,106.74365921548659,94.26284113233149,94.26284113233149,94.26284113233149,94.26284113233149,94.26284113233149,110.86975927571316,110.94557520311652,106.84579551029351,106.84579551029351,110.70371593315504,97.41561768824938,110.51260911187194,110.86975927571316,106.84579551029351,96.53202282064231,96.53202282064231,96.53202282064231,76.96314596959715,77.05716371697581,70.3315435004962,72.34363453668787,5.57275007835643,17.29723346450011,68.8208822407144,83.52537787361027,78.762003923677,69.27220245733788,70.62615119587261,70.52585930943512,68.11882462442988,71.6039919510007,4.88887268896443,2.304670487336204,1.7338844369050541,4.93277847493688,10.27659959638517,12.183247768201948,7.579635448700097,10.389494224658046,100.60902901448021,98.57242613116244,100.96621366044684,100.60902901448021,100.60902901448021,83.76980820286104,89.35394248230834,90.49454756714826,100.36463880330372,104.43773297919184,107.22614265843713,107.08829047772893,99.4372039869312,112.30774603702048,102.29467897286877,105.00168711879022,113.9806725875061,112.46438825753215,117.35150538433443,103.64819197507799,102.90250878026431,107.67729395462368,107.63343211012932,102.52653200469418,108.79889760664882,97.88310522767773,99.2868083617605,98.4721615603336
69.47731513898889,69.47731513898889,69.47731513898889,69.47731513898889,3.754319929198556,5.019537892161605,77.39648096976045,68.21046769373781,68.21046769373781,67.55353124181178,67.55353124181178,67.55353124181178,67.55353124181178,67.55353124181178,2.2112250155487443,2.1478728443815647,0.0,15.23773336052604,13.734397246482747,4.795458469675918,5.346795001126386,5.346795001126386,105.55615451989888,104.03095591976509,105.55615451989888,104.9213889174417,104.9213889174417,95.41071374879253,95.41071374879253,95.41071374879253,112.01763180396401,106.77241208985451,107.89153176700864,95.41071374879253,95.41071374879253,95.41071374879253,95.41071374879253,95.41071374879253,112.01763180396401,112.09344773093139,107.99366806125033,107.99366806125033,111.85158846235969,98.56349028907914,111.66048164217258,112.01763180396401,107.99366806125033,97.67989542590553,97.67989542590553,97.67989542590553,78.11101866255049,78.2050364095558,71.47941621861841,73.49150724741648,4.424877234377275,16.149360626456794,69.96875496424873,84.67325053939392,79.9098766094067,70.4200751792678,71.77402391292549,71.67373202685256,69.26669735043886,72.75186466447178,6.03674553284238,3.4525433316355145,1.413988407484319,6.080651318804701,11.424472438279343,13.331120609035914,8.727508291774127,11.53736706649466,101.75690159894482,99.72029872612582,102.11408624304768,101.75690159894482,101.75690159894482,84.91768086758911,90.50181512206865,91.64242020160764,101.51251138903969,105.58560554332884,108.3740152072843,108.23616302734159,100.58507657746325,113.45561855695028,103.44255154847882,106.14955967986785,115.1285450976182,113.61226077654898,118.49937787421621,104.79606454346998,104.05038135264478,108.82516650095853,108.78130465670888,103.67440457907462,109.94677014669143,99.03097782614525,100.43468095306608,99.62003415580826
55.23958296982324,55.23958296982324,55.23958296982324,55.23958296982324,17.99205327479302,19.257271229276864,63.158749133339164,53.97273547511147,53.97273547511147,53.315798997946125,53.315798997946125,53.315798997946125,53.315798997946125,53.315798997946125,14.026508350012632,14.089860520939625,15.23773336052604,0.0,2.503336120158173,11.442274903500975,10.89093837312379,10.89093837312379,91.31842419665942,89.79322550133983,91.31842419665942,90.68365855440287,90.68365855440287,81.17298282090505,81.17298282090505,81.17298282090505,97.77990190082532,92.53468184360838,93.65380159245979,81.17298282090505,81.17298282090505,81.17298282090505,81.17298282090505,81.17298282090505,97.77990190082532,97.85571783288384,93.75593789328566,93.75593789328566,97.61385854808402,84.32575954190517,97.42275171510117,97.77990190082532,93.75593789328566,83.4421646274318,83.4421646274318,83.4421646274318,63.87328685815197,63.96730460939541,57.24168412973836,59.25377524183851,18.662610575604823,30.387093845080553,55.73102281454976,70.43551904458387,65.67214488709244,56.182343047584084,57.536291836078526,57.43599994590291,55.028965172978204,58.51413262796716,10.200987842477659,12.785190038115593,14.823744954867982,10.157082056573135,4.8132609349415745,2.906612758999529,7.510225084814848,4.700366306483932,87.51917104141705,85.48256804688299,87.8763557071454,87.51917104141705,87.51917104141705,70.67994938485081,76.26408392569289,77.40468906621773,87.27478081676345,91.34787522194232,94.13628506389841,93.99843287503649,86.34734594957246,99.21788875101514,89.20482109373773,91.91182939407234,100.89081540646924,99.37453098128401,104.26164841991475,90.55833417260448,89.81265093542231,94.58743638684952,94.54357453974767,89.43667413861634,95.70904010594344,84.79324710631849,86.19695031620945,85.38230347064308
56.74291898748288,56.74291898748288,56.74291898748288,56.74291898748288,16.488717163509264,17.7539351194318,64.66208511926607,55.47607149744947,55.47607149744947,54.81913502266695,54.81913502266695,54.81913502266695,54.81913502266695,54.81913502266695,12.523172234917467,12.586524405897029,13.734397246482747,2.503336120158173,0.0,9.938938786491814,9.387602255764513,9.387602255764513,92.82176003490626,91.29656134898214,92.82176003490626,92.18699439657945,92.18699439657945,82.6763187186383,82.6763187186383,82.6763187186383,99.28323769748955,94.03801767424802,95.15713741600965,82.6763187186383,82.6763187186383,82.6763187186383,82.6763187186383,82.6763187186383,99.28323769748955,99.35905362904306,95.25927371618418,95.25927371618418,99.1171943458529,85.82909542191126,98.92608751413904,99.28323769748955,95.25927371618418,84.94550051247505,84.94550051247505,84.94550051247505,65.37662284100452,65.47064059184086,58.74502013978066,60.75711124394925,17.15927446507016,28.883757752526876,57.23435883036501,71.9388549975659,67.17548086205046,57.68567906169096,59.03962784497678,58.93933595519128,56.53230119142323,60.01746863302573,8.697651724709093,11.281853922044915,13.32040884045406,8.653745938779613,3.309924815080708,1.403276638867312,6.0068889657566595,3.1970301866001662,89.02250690277027,86.9859039202132,89.37969156636862,89.02250690277027,89.02250690277027,72.1832853366632,77.76741984966705,78.90802498424239,88.77811667956898,92.85121106000616,95.63962088436507,95.50176869638571,87.85068181785189,100.7212245380334,90.70815694496184,93.41516522862041,102.39415118208595,100.8778667672429,105.76498417197082,92.06167001555364,91.31598678294594,96.09077220441864,96.0469103575991,90.94000998843192,97.21237591624823,86.29658298363782,87.70028618537098,86.88563934455557
65.68185704774777,65.68185704774777,65.68185704774777,65.68185704774777,7.549778397341387,8.814996359168273,73.60102297425796,64.41500958818594,64.41500958818594,63.75807312894796,63.75807312894796,63.75807312894796,63.75807312894796,63.75807312894796,3.584233454393253,3.647585625552697,4.795458469675918,11.442274903500975,9.938938786491814,0.0,1.551336531654242,1.551336531654242,101.76069695279739,100.23549832593406,101.76069695279739,101.1259313391666,101.1259313391666,91.61525601149094,91.61525601149094,91.61525601149094,108.22217435459315,102.97695454435839,104.09607424161979,91.61525601149094,91.61525601149094,91.61525601149094,91.61525601149094,91.61525601149094,108.22217435459315,108.29799028298507,104.19821053770742,104.19821053770742,108.05613100987243,94.76803260275308,107.86502418610443,108.22217435459315,104.19821053770742,93.88443772511896,93.88443772511896,93.88443772511896,74.31556067621945,74.40957842443808,67.68395815055857,69.69604920335092,8.220335701951807,19.944819071765636,66.17329687863365,80.87779264142297,76.11441864655582,66.62461709885619,67.97856584833518,67.87827396107943,65.47123925679935,68.95640661150469,2.2412870636980857,2.342915138320406,4.381470062310592,2.2851928496840124,7.629013974481859,9.5356621483149,4.932049824682421,7.741908602862086,97.96144396601161,95.92484105893652,98.3186286161967,97.96144396601161,97.96144396601161,81.12222297305341,86.70635730883242,87.84696240564236,97.71705375195772,101.7901479767475,104.57855769063144,104.44070550818861,96.78961892473163,109.66016113476941,99.64709394444397,102.35410212327534,111.33308770752318,109.81680335735169,114.70392055025442,101.00060696299711,100.25492375915167,105.02970899251112,104.98584714746217,99.87894697905324,106.15131265879701,95.23552014752471,96.63922329781072,95.82457648695112
65.13052056759312,65.13052056759312,65.13052056759312,65.13052056759312,8.101114928421282,9.3663328900152,73.04968650758535,63.86367310602051,63.86367310602051,63.206736645755655,63.206736645755655,63.206736645755655,63.206736645755655,63.206736645755655,4.135569985947403,4.198922157102322,5.346795001126386,10.89093837312379,9.387602255764513,1.551336531654242,0.0,1.0,101.20936054684339,99.68416191617916,101.20936054684339,100.5745949316236,100.5745949316236,91.06391958135801,91.06391958135801,91.06391958135801,107.67083796539407,102.42561814147759,103.54473784159967,91.06391958135801,91.06391958135801,91.06391958135801,91.06391958135801,91.06391958135801,107.67083796539407,107.74665389398882,103.64687413794996,103.64687413794996,107.50479462022959,94.21669617985567,107.31368779595167,107.67083796539407,103.64687413794996,93.33310130016845,93.33310130016845,93.33310130016845,73.76422421084074,73.85824195923057,67.1326216736638,69.14471272983359,8.771672232913147,20.496155598863147,65.62196039926988,80.32645618852733,75.56308218449132,66.07328062022407,67.42722937192859,67.3269374845064,64.91990277630762,68.405070136734,1.689950532054426,2.8942516699432224,4.932806593800573,1.7338563180414237,7.07767744332563,8.984325617503202,4.380713293192463,7.190572071723753,97.41010755069874,95.37350463875687,97.76729220174816,97.41010755069874,97.41010755069874,80.57088652064365,86.15502086793259,87.29562596719013,97.16571733605531,101.2388115708675,104.02722129185447,103.88936910905586,96.2382825066057,109.10882474944277,99.09575753323847,101.80276571881608,110.78175132676759,109.26546697245007,114.15258417892457,100.4492705551416,99.70358734944479,104.47837259490187,104.43451074973913,99.32761056841828,105.59997626411312,94.68418372572154,96.08788687932629,95.27324006653458
65.13052056759312,65.13052056759312,65.13052056759312,65.13052056759312,8.101114928421282,9.3663328900152,73.04968650758535,63.86367310602051,63.86367310602051,63.206736645755655,63.206736645755655,63.206736645755655,63.206736645755655,63.206736645755655,4.135569985947403,4.198922157102322,5.346795001126386,10.89093837312379,9.387602255764513,1.551336531654242,1.0,0.0,101.20936054684339,99.68416191617916,101.20936054684339,100.5745949316236,100.5745949316236,91.06391958135801,91.06391958135801,91.06391958135801,107.67083796539407,102.42561814147759,103.54473784159967,91.06391958135801,91.06391958135801,91.06391958135801,91.06391958135801,91.06391958135801,107.67083796539407,107.74665389398882,103.64687413794996,103.64687413794996,107.50479462022959,94.21669617985567,107.31368779595167,107.67083796539407,103.64687413794996,93.33310130016845,93.33310130016845,93.33310130016845,73.76422421084074,73.85824195923057,67.1326216736638,69.14471272983359,8.771672232913147,20.496155598863147,65.62196039926988,80.32645618852733,75.56308218449132,66.07328062022407,67.42722937192859,67.3269374845064,64.91990277630762,68.405070136734,1.689950532054426,2.8942516699432224,4.932806593800573,1.7338563180414237,7.07767744332563,8.984325617503202,4.380713293192463,7.190572071723753,97.41010755069874,95.37350463875687,97.76729220174816,97.41010755069874,97.41010755069874,80.57088652064365,86.15502086793259,87.29562596719013,97.16571733605531,101.2388115708675,104.02722129185447,103.88936910905586,96.2382825066057,109.10882474944277,99.09575753323847,101.80276571881608,110.78175132676759,109.26546697245007,114.15258417892457,100.4492705551416,99.70358734944479,104.47837259490187,104.43451074973913,99.32761056841828,105.59997626411312,94.68418372572154,96.08788687932629,95.27324006653458
