0.0,14.09699456885654,14.454144829090994,10.430180010266936,1.8835950525189227,1.8835950525189227,1.8835950525189227,3.6953020306044366,24.042384839009472,23.745908318147503,24.636594059298524,23.565390263993844,24.636594059298524,22.65402965730828,31.450815099029022,32.07891711422767,33.2473726049873,31.594989872454036,32.78224548892358,32.11151333169215,31.663943096538755,25.069090275043468,23.83804786399689,23.83804786399689,18.953512364143663,28.449518409181973,28.449518409181973,28.449518409181973,31.663943096538755,27.091190962363843,12.217862462913121,9.294142697287532,5.817652543727589,38.84849602969672,32.668784881451224,32.51834007045353,32.51834007045353,32.51834007045353,32.51834007045353,32.51834007045353,30.086179555438907,30.068628091051366,24.121361815641578,25.58307365472159,30.086179555438907,30.086179555438907,30.086179555438907,31.00324774461626,30.068628091051366,30.138207128222344,11.26167866639722,11.217816810653911,6.11091545364181,12.38328260896327,1.46748763865414,2.8711910764743678,2.0565440977126466,1.4737542145233367,26.805361541427036,29.23744432098058,27.852152993832544,27.225330482562004,27.488595471080842,30.35948131667122,40.67778194889465,34.647154660038076,37.37405763050683,34.10178275851363,16.47592011640164,18.19951072002373,33.293133203326086,39.78758390683391,39.27979834045003,39.85654263425122,34.3713340258686,27.043552670273563,29.494446125357722,28.15929742166859,34.75999058762555,26.598511799009557,10.014741458557916,2.2934353402278624,1.2982899456060526,34.440289114926514,35.393127815149825,25.62068229574092,28.20317527209391,26.730143405047244,27.545009485037557,26.197349850295815,28.284662758374274,27.193989457475233,44.23865131459741,27.758129373121506,33.95133584731119,32.15852712511217,34.49043829970015,33.932529998907896,35.54357683947963,33.330744669292166
14.09699456885654,0.0,1.357150261677595,4.6668145689715885,14.980589617669366,14.980589617669366,14.980589617669366,16.792296586692707,37.13937915844737,36.842902642808994,37.73358836810929,36.662384591810195,37.73358836810929,35.751024000755386,44.54780927092611,45.17591127211248,46.34436673618027,44.69198404115552,45.87923963083913,45.20850748884335,44.760937263707525,38.166084575986844,36.935042187040594,36.935042187040594,32.05050676596668,41.54651264479145,41.54651264479145,41.54651264479145,44.760937263707525,40.188185225044386,2.8791321122733144,5.802851883528298,9.27934203710059,51.945490021659765,45.76577902596285,45.615334218395645,45.615334218395645,45.615334218395645,45.615334218395645,45.615334218395645,43.18317375696999,43.16562229295637,37.218356133679144,38.68006794617026,43.18317375696999,43.18317375696999,43.18317375696999,44.10024192635479,43.16562229295637,43.235201328643946,3.8353159111954316,3.879177767035938,8.986079127465521,2.713711965751143,13.62950693197389,12.225803498685393,13.040450474960972,13.623240356127546,39.902355809664044,42.33443854038312,40.94914724148278,40.322324742618115,40.58558972595501,43.45647551235619,53.77477589134535,47.744148758185105,50.471051660930044,47.19877686967439,29.572914552739604,31.296505132738684,46.390127333457194,52.88457787362755,52.376792320918405,52.953536599175976,47.46832813061942,40.14054693388357,42.591440339393976,41.25629166315445,47.85698468305797,39.695506071237325,5.082253121347323,15.390429903500435,13.798704624395947,47.53728321803062,48.490121895209775,38.71767658648867,41.300169512694545,39.827137674738395,40.642003738795935,39.294344130190495,41.38165699732789,40.29098371814548,57.33564515496657,40.855123622647554,47.048329962030806,45.25552128120421,47.587432401604886,47.02952411407141,48.64057091585162,46.427738798549555
14.454144829090994,1.357150261677595,0.0,5.0239648305282545,15.337739877705395,15.337739877705395,15.337739877705395,17.149446846281982,37.496529409341264,37.200052893877995,38.090738618647904,37.01953484298512,38.090738618647904,36.10817425245699,44.904959516980306,45.53306151771533,46.70151698092652,45.04913428710668,46.236389875929014,45.565657734422615,45.11808750960929,38.52323482626328,37.29219243805533,37.29219243805533,32.40765701966791,41.90366289291375,41.90366289291375,41.90366289291375,45.11808750960929,40.54533547405458,3.2362823739164646,6.160002145002799,9.636492298192357,52.302640261992074,46.12292927113604,45.972484463678946,45.972484463678946,45.972484463678946,45.972484463678946,45.972484463678946,43.54032400398265,43.52277253998116,37.57550638452614,39.03721819613113,43.54032400398265,43.54032400398265,43.54032400398265,44.45739217272667,43.52277253998116,43.59235157562061,4.192466172798838,4.236328028637162,9.343229388597214,3.070862227399649,13.98665719230816,12.58295375929792,13.397600735415935,13.980390616463135,40.25950605885726,42.69158878797664,41.30629748999925,40.67947499154196,40.94273997470854,43.81362575917931,54.13192613012591,48.10129900187595,50.82820190247362,47.555927113780214,29.930064807655054,31.653655386820034,46.74727757816942,53.241728113170026,52.73394256088973,53.3106868386599,47.825478374520735,40.497697182924355,42.94859058681284,41.613441911468975,48.214134926662375,40.05265632056216,5.439403382876395,15.747580163440093,14.15585488469451,47.89443346187945,48.84727213832519,39.07482683642628,41.6573197609801,40.18428792397955,40.99915398751282,39.6514943797686,41.738807245559556,40.648133967089535,57.69279539057103,41.212273871225534,47.40548020625024,45.61267152674941,47.94458264541547,47.38667435830504,48.997721158849906,46.784889043233825
10.430180010266936,4.6668145689715885,5.0239648305282545,0.0,11.313775060817797,11.313775060817797,11.313775060817797,13.125482033814448,33.472564687954126,33.17608817061826,34.066773901062376,32.99557011859308,34.066773901062376,32.08420952243964,40.88099484761307,41.50909685322039,42.67755232568744,41.025169618851436,42.21242521697555,41.541693070182504,41.09412284188722,34.49927011148545,33.268227715375836,33.268227715375836,28.38369226837381,37.87969820126148,37.87969820126148,37.87969820126148,41.09412284188722,36.52137077285848,2.7876824569808916,2.136037315015641,5.612527471340289,48.278675654587644,42.09896461128249,41.94851980263559,41.94851980263559,41.94851980263559,41.94851980263559,41.94851980263559,39.51635932427846,39.49880786014623,33.55154166364054,35.01325348473456,39.51635932427846,39.51635932427846,39.51635932427846,40.43342749993161,39.49880786014623,39.568386896304276,1.8314986579744845,1.7876368021264222,5.3192645613945935,2.953102603502037,9.962692372517735,8.558988936847758,9.373635914465162,9.956425796660028,36.23554135569591,38.66762410201525,37.282332794108186,36.65551029127332,36.91877527626971,39.78966108151806,50.107961539585474,44.07733435805387,46.8042372819213,43.53196246546735,25.906100043519473,27.62969063149867,42.723312923297925,49.217763514346615,48.70997795740638,49.28672224047295,43.80151372842066,36.47373248139968,38.92462590273225,37.58947721774919,44.190170283776204,36.0286916159879,1.4154385525183897,11.723615347499498,10.13189006524919,43.87046881634757,44.82330750073378,35.050862125279025,37.63335506757192,36.1603232203035,36.97518928946775,35.62752967247654,37.71484255273097,36.6241692666039,53.66883083460952,37.18830917467324,43.3815155567081,41.58870686287716,43.92061800029737,43.36270970860953,44.97375652252743,42.760924388664726
1.8835950525189227,14.980589617669366,15.337739877705395,11.313775060817797,0.0,1.0,1.0,2.811706978184234,23.15878979679733,22.86231327566684,23.752999017635197,22.681795221351422,23.752999017635197,21.77043461386921,30.567220064674405,31.19532208064066,32.36377757287043,30.711394838274224,31.898650456214913,31.227918298145404,30.780348062442826,24.185495233788533,22.954452821599304,22.954452821599304,18.06991731781338,27.565923371378254,27.565923371378254,27.565923371378254,30.780348062442826,26.207595923118127,13.101457512684743,10.177737748266276,6.701247595690918,37.96490100538811,31.78518984859953,31.634745037412976,31.634745037412976,31.634745037412976,31.634745037412976,31.634745037412976,29.202584519471174,29.18503305506338,23.23776677350156,24.699478613961773,29.202584519471174,29.202584519471174,29.202584519471174,30.119652709724328,29.18503305506338,29.254612092314737,12.145273716601748,12.101411860877413,6.994510505540988,13.266877658656233,2.3510826911602907,3.754786128889044,2.940139150190116,2.3573492670292557,25.921766501887337,28.35384928404731,26.96855795538552,26.34173544345539,26.60500043224934,29.475886281020568,39.79418692740876,33.76355962975457,36.490462604020706,33.21818772750647,15.592325068443879,17.31591567317198,32.409538171267904,38.903988883957624,38.396203316794846,38.9729476114815,33.48773899521762,26.159957630978624,28.61085108871376,27.275702383550552,33.876395557493254,25.714916759259154,10.898336509271314,1.4098402877196579,2.1818849981178463,33.55669408436711,34.50953278587548,24.73708725501775,27.319580234023174,25.846548365430728,26.66141444626536,25.313754810141678,27.401067720391595,26.31039441833605,43.355056298990895,26.87453433457454,33.0677408161065,31.274932091623604,33.606843269207474,33.048934967678576,34.65998181041151,32.44714963728229
1.8835950525189227,14.980589617669366,15.337739877705395,11.313775060817797,1.0,0.0,1.0,2.811706978184234,23.15878979679733,22.86231327566684,23.752999017635197,22.681795221351422,23.752999017635197,21.77043461386921,30.567220064674405,31.19532208064066,32.36377757287043,30.711394838274224,31.898650456214913,31.227918298145404,30.780348062442826,24.185495233788533,22.954452821599304,22.954452821599304,18.06991731781338,27.565923371378254,27.565923371378254,27.565923371378254,30.780348062442826,26.207595923118127,13.101457512684743,10.177737748266276,6.701247595690918,37.96490100538811,31.78518984859953,31.634745037412976,31.634745037412976,31.634745037412976,31.634745037412976,31.634745037412976,29.202584519471174,29.18503305506338,23.23776677350156,24.699478613961773,29.202584519471174,29.202584519471174,29.202584519471174,30.119652709724328,29.18503305506338,29.254612092314737,12.145273716601748,12.101411860877413,6.994510505540988,13.266877658656233,2.3510826911602907,3.754786128889044,2.940139150190116,2.3573492670292557,25.921766501887337,28.35384928404731,26.96855795538552,26.34173544345539,26.60500043224934,29.475886281020568,39.79418692740876,33.76355962975457,36.490462604020706,33.21818772750647,15.592325068443879,17.31591567317198,32.409538171267904,38.903988883957624,38.396203316794846,38.9729476114815,33.48773899521762,26.159957630978624,28.61085108871376,27.275702383550552,33.876395557493254,25.714916759259154,10.898336509271314,1.4098402877196579,2.1818849981178463,33.55669408436711,34.50953278587548,24.73708725501775,27.319580234023174,25.846548365430728,26.66141444626536,25.313754810141678,27.401067720391595,26.31039441833605,43.355056298990895,26.87453433457454,33.0677408161065,31.274932091623604,33.606843269207474,33.048934967678576,34.65998181041151,32.44714963728229
1.8835950525189227,14.980589617669366,15.337739877705395,11.313775060817797,1.0,1.0,0.0,2.811706978184234,23.15878979679733,22.86231327566684,23.752999017635197,22.681795221351422,23.752999017635197,21.77043461386921,30.567220064674405,31.19532208064066,32.36377757287043,30.711394838274224,31.898650456214913,31.227918298145404,30.780348062442826,24.185495233788533,22.954452821599304,22.954452821599304,18.06991731781338,27.565923371378254,27.565923371378254,27.565923371378254,30.780348062442826,26.207595923118127,13.101457512684743,10.177737748266276,6.701247595690918,37.96490100538811,31.78518984859953,31.634745037412976,31.634745037412976,31.634745037412976,31.634745037412976,31.634745037412976,29.202584519471174,29.18503305506338,23.23776677350156,24.699478613961773,29.202584519471174,29.202584519471174,29.202584519471174,30.119652709724328,29.18503305506338,29.254612092314737,12.145273716601748,12.101411860877413,6.994510505540988,13.266877658656233,2.3510826911602907,3.754786128889044,2.940139150190116,2.3573492670292557,25.921766501887337,28.35384928404731,26.96855795538552,26.34173544345539,26.60500043224934,29.475886281020568,39.79418692740876,33.76355962975457,36.490462604020706,33.21818772750647,15.592325068443879,17.31591567317198,32.409538171267904,38.903988883957624,38.396203316794846,38.9729476114815,33.48773899521762,26.159957630978624,28.61085108871376,27.275702383550552,33.876395557493254,25.714916759259154,10.898336509271314,1.4098402877196579,2.1818849981178463,33.55669408436711,34.50953278587548,24.73708725501775,27.319580234023174,25.846548365430728,26.66141444626536,25.313754810141678,27.401067720391595,26.31039441833605,43.355056298990895,26.87453433457454,33.0677408161065,31.274932091623604,33.606843269207474,33.048934967678576,34.65998181041151,32.44714963728229
3.6953020306044366,16.792296586692707,17.149446846281982,13.125482033814448,2.811706978184234,2.811706978184234,2.811706978184234,0.0,21.347082837270236,21.0506063156223,21.941292059167004,20.870088260995377,21.941292059167004,19.958727651981555,28.755513120430532,29.383615137900506,30.55207063301407,28.899687894372637,30.08694351519714,29.416211355484183,28.968641118705563,22.37378827610938,21.142745861714797,21.142745861714797,16.258210350411083,25.754216420397725,25.754216420397725,25.754216420397725,28.968641118705563,24.395888969332717,14.913164483883923,11.989444722267171,8.512954572099002,36.153194080915846,29.97348290730114,29.823038095744142,29.823038095744142,29.823038095744142,29.823038095744142,29.823038095744142,27.390877572072263,27.37332610762488,21.42605981411352,22.887771657240386,27.390877572072263,27.390877572072263,27.390877572072263,28.307945764428776,27.37332610762488,27.442905145033297,13.95698068879539,13.913118833114845,8.806217481784767,15.07858462967566,4.1627896691673865,5.566493106551754,4.751846128072595,4.169056245035177,24.110059547531076,26.542142334763493,25.15685100315274,24.530028489940204,24.79329347926882,27.664179334241247,37.98248000851982,31.9518526935009,34.67875567524846,31.406480789829974,13.780618097981439,15.504208704784709,30.597831231526776,37.09228196231727,36.584496393614224,37.16124069005197,31.676032058241304,24.348250677097607,26.799144139994443,25.463995431957954,32.06468862153703,23.903209804493986,12.71004348264765,2.401866690488389,3.9935919761554173,31.74498714757088,32.69782585160765,22.9253802983673,25.507873282522677,24.03484141092537,24.849707493400157,23.50204785459351,25.589360769062534,24.498687464757605,41.54334939175904,25.062827382147326,31.256033878041816,29.463225149076365,31.795136332542448,31.2372280295655,32.84827487654973,30.635442697635998
24.042384839009472,37.13937915844737,37.496529409341264,33.472564687954126,23.15878979679733,23.15878979679733,23.15878979679733,21.347082837270236,0.0,1.2964765244060934,1.5942092276699626,1.47699458067251,1.5942092276699626,2.3883551975023725,8.408430378511794,9.03653240640163,10.204987921869908,8.552605154813408,9.739860795799117,9.069128624536013,8.62155838028159,2.026705449020055,1.204336977465136,1.204336977465136,6.088872522898977,5.407133633727997,5.407133633727997,5.407133633727997,8.62155838028159,4.048806165149909,35.260247099426664,32.33652739938442,28.860037312052345,15.806111484868065,9.626400185920069,9.475955371751967,9.475955371751967,9.475955371751967,9.475955371751967,9.475955371751967,7.043794808772755,7.0262433440616014,1.078976977591756,2.540688835614552,7.043794808772755,7.043794808772755,7.043794808772755,7.9608630153078055,7.0262433440616014,7.095822382517352,34.30406332535369,34.26020147061669,29.153300216872804,35.42566724149609,24.50987247187749,25.913575890938613,25.098928923316965,24.516139047667558,3.7629767398805734,6.195059559035281,4.809768208570688,4.182945687410857,4.446210680033021,7.317096575085788,17.63539745633943,11.604770008403182,14.331673046091835,11.05939809436886,8.56646478418222,6.84287417182264,10.250748521205459,16.74519938840347,16.23741380763098,16.81415811779559,11.328949367867951,4.001167872331592,6.452061367959345,5.116912641402886,11.717605938617792,3.556126994381155,33.05712614532969,22.74894951358951,24.340674780950188,11.397904458509839,12.35074318113043,2.578297477150842,5.160790492550019,3.687758602374887,4.50262469487847,3.1549650398182187,5.242277980176233,4.151604661840436,21.196266933827914,4.715744586349992,10.908951179770224,9.116142418924222,11.44805364443858,10.890145330944076,12.501192209083522,10.288359987992441
23.745908318147503,36.842902642808994,37.200052893877995,33.17608817061826,22.86231327566684,22.86231327566684,22.86231327566684,21.0506063156223,1.2964765244060934,0.0,1.8906857520724833,1.1805180562669977,1.8906857520724833,2.091878673106513,8.704906902532777,9.333008930355932,10.501464445686011,8.849081678819555,10.03633731967244,9.365605148486706,8.918034904280542,2.323181973416979,1.0921395469410846,1.0921395469410846,5.792395998657575,5.703610157994205,5.703610157994205,5.703610157994205,8.918034904280542,4.345282689487169,34.96377058289552,32.04005088155975,28.563560792840832,16.102588007766364,9.922876709806902,9.772431895656453,9.772431895656453,9.772431895656453,9.772431895656453,9.772431895656453,7.3402713329202935,7.322719868210604,1.3754535019976493,2.837165360001541,7.3402713329202935,7.3402713329202935,7.3402713329202935,8.257339539373064,7.322719868210604,7.392298906660528,34.00758680838672,33.96372495363003,28.856823697771937,35.12919072504161,24.213395951161864,25.617099370680254,24.80245240278998,24.219662526953915,4.0594532642296155,6.491536083248869,5.106244732871209,4.479422211742209,4.74268720435207,7.613573099209992,17.931873978846514,11.90124653202951,14.628149569272699,11.355874618072264,8.269988260147663,6.546397647635403,10.547225045015777,17.041675911106555,16.5338903304411,17.110634640483873,11.625425891533762,4.297644396670893,6.7485378921539585,5.4133891656863655,12.014082462227677,3.852603518738037,32.760649627813045,22.452472992338063,24.044198260181258,11.694380982165876,12.647219704644845,2.874774001536964,5.4572670168309605,3.9842351267268477,4.79910121919476,3.4514415641886567,5.538754504452389,4.448081186173191,21.492743455444394,5.012221110655475,11.20542770349419,9.41261894286969,11.74453016808747,11.186621854670587,12.797668732574463,10.584836511797981
24.636594059298524,37.73358836810929,38.090738618647904,34.066773901062376,23.752999017635197,23.752999017635197,23.752999017635197,21.941292059167004,1.5942092276699626,1.8906857520724833,0.0,2.07120380833556,1.0,2.9825644251350942,7.814221151524407,8.442323179540328,9.610778695271506,7.958395927854021,9.145651569091644,8.474919397681544,8.027349153335791,1.4324962213560994,1.7985462051328909,1.7985462051328909,6.68308175017754,4.812924406285293,4.812924406285293,4.812924406285293,8.027349153335791,3.4545969375811643,35.85445631090052,32.93073661348605,29.45424652897541,15.21190226004166,9.032190959186877,8.88174614498521,8.88174614498521,8.88174614498521,8.88174614498521,8.88174614498521,6.449585581548167,6.4320341168342905,1.515232250078757,1.946479607964315,6.449585581548167,6.449585581548167,6.449585581548167,7.366653788237079,6.4320341168342905,6.5016131553008885,34.898272537712586,34.85441068301558,29.747509433570578,36.01987645281431,25.10408169186758,26.507785109995314,25.693138142921892,25.110348267653603,3.16876751229166,5.600850331688547,4.21555898106641,3.5887364598523406,3.852001452495991,6.722887347904678,17.04118823227508,11.010560782168263,13.737463820716878,10.465188867986031,9.160674011016358,7.437083398983558,9.656539294618103,16.150990163957005,15.64320458297612,16.219948893377964,10.734740141557223,3.406958644759334,5.857852140647543,4.5227034139290625,11.123396712414479,2.961917766779024,33.6513353588053,23.343158734674727,24.934884001049166,10.803695232217871,11.756533955110822,1.9840882495018894,4.566581265080755,3.0935493747810336,3.908415467346287,2.56075581219375,4.648068752715572,3.557395434279487,20.602057711505644,4.1215353588368995,10.31474195334801,8.521933192079661,10.853844418160335,10.295936104516977,11.906982983109163,9.694150761414207
23.565390263993844,36.662384591810195,37.01953484298512,32.99557011859308,22.681795221351422,22.681795221351422,22.681795221351422,20.870088260995377,1.47699458067251,1.1805180562669977,2.07120380833556,0.0,2.07120380833556,1.9113606168436061,8.885424958550185,9.513526986331504,10.681982501575149,9.029599734827649,10.216855375597323,9.546123204460022,9.098552960284119,2.503700029675799,1.272657603207979,1.272657603207979,5.611877942481457,5.8841282141668065,5.8841282141668065,5.8841282141668065,9.098552960284119,4.525800745705697,34.783252531356815,31.859532829239182,28.383042739682665,16.283106063085693,10.10339476574024,9.952949951600836,9.952949951600836,9.952949951600836,9.952949951600836,9.952949951600836,7.520789389017432,7.503237924308671,1.555971558263789,3.017683416253304,7.520789389017432,7.520789389017432,7.520789389017432,8.437857595418308,7.503237924308671,7.57281696275491,33.827068756584524,33.78320690181592,28.676305644680568,34.94867267354926,24.032877897096405,25.43658131689046,24.62193434883821,24.039144472889646,4.2399713204558775,6.672054139387886,5.286762789065877,4.659940267956877,4.9232052605587295,7.794091155292389,18.11239203392405,12.081764587800356,14.808667624766962,11.53639267389111,8.089470204092631,6.365879591490787,10.727743100901302,17.222193966305184,16.714408385705887,17.29115269567335,11.805943947329189,4.478162452890757,6.9290559482809195,5.593907221870054,12.194600517988288,4.033121574969478,32.58013157567861,22.271954937949804,23.863680206083664,11.874899037955215,12.827737760346087,3.055292057788126,5.637785073013017,4.1647531829550335,4.97961927539963,3.6319596204291393,5.719272560631376,4.628599242388773,21.673261509972676,5.1927391668533485,11.385945759325843,9.59313699883973,11.925048223872354,11.367139910503834,12.978186788261109,10.765354567680523
24.636594059298524,37.73358836810929,38.090738618647904,34.066773901062376,23.752999017635197,23.752999017635197,23.752999017635197,21.941292059167004,1.5942092276699626,1.8906857520724833,1.0,2.07120380833556,0.0,2.9825644251350942,7.814221151524407,8.442323179540328,9.610778695271506,7.958395927854021,9.145651569091644,8.474919397681544,8.027349153335791,1.4324962213560994,1.7985462051328909,1.7985462051328909,6.68308175017754,4.812924406285293,4.812924406285293,4.812924406285293,8.027349153335791,3.4545969375811643,35.85445631090052,32.93073661348605,29.45424652897541,15.21190226004166,9.032190959186877,8.88174614498521,8.88174614498521,8.88174614498521,8.88174614498521,8.88174614498521,6.449585581548167,6.4320341168342905,1.515232250078757,1.946479607964315,6.449585581548167,6.449585581548167,6.449585581548167,7.366653788237079,6.4320341168342905,6.5016131553008885,34.898272537712586,34.85441068301558,29.747509433570578,36.01987645281431,25.10408169186758,26.507785109995314,25.693138142921892,25.110348267653603,3.16876751229166,5.600850331688547,4.21555898106641,3.5887364598523406,3.852001452495991,6.722887347904678,17.04118823227508,11.010560782168263,13.737463820716878,10.465188867986031,9.160674011016358,7.437083398983558,9.656539294618103,16.150990163957005,15.64320458297612,16.219948893377964,10.734740141557223,3.406958644759334,5.857852140647543,4.5227034139290625,11.123396712414479,2.961917766779024,33.6513353588053,23.343158734674727,24.934884001049166,10.803695232217871,11.756533955110822,1.9840882495018894,4.566581265080755,3.0935493747810336,3.908415467346287,2.56075581219375,4.648068752715572,3.557395434279487,20.602057711505644,4.1215353588368995,10.31474195334801,8.521933192079661,10.853844418160335,10.295936104516977,11.906982983109163,9.694150761414207
22.65402965730828,35.751024000755386,36.10817425245699,32.08420952243964,21.77043461386921,21.77043461386921,21.77043461386921,19.958727651981555,2.3883551975023725,2.091878673106513,2.9825644251350942,1.9113606168436061,2.9825644251350942,0.0,9.796785573955031,10.42488760151091,11.593343116291699,9.94096035018219,11.128215990504899,10.457483819627285,10.009913575614299,3.4150606464440454,2.1840182200448854,2.1840182200448854,4.700517325992163,6.795488830423174,6.795488830423174,6.795488830423174,10.009913575614299,5.437161362224707,33.87189193761888,30.948172231620173,27.47168213791374,17.194466674798583,11.014755380693053,10.864310566612811,10.864310566612811,10.864310566612811,10.864310566612811,10.864310566612811,8.432150004855732,8.414598540152042,2.467332175090465,3.929044032974277,8.432150004855732,8.432150004855732,8.432150004855732,9.349218210973817,8.414598540152042,8.484177578578095,32.91570816153798,32.87184630671027,27.764945043242214,34.03731208004159,23.1215172908455,24.52522071199948,23.71057374314798,23.12778386664463,5.1513319370204105,7.583414755456846,6.1981234054471726,5.571300884453354,5.834565877008816,8.705451771050058,19.02375264437478,12.993125201887974,15.720028237396434,12.447753288233415,7.178109588158511,5.4545189751434435,11.639103715598573,18.133554577387414,17.625768997133658,18.20251330670784,12.717304561547152,5.3895230694175895,7.840416564283185,6.505267838188964,13.105961132021672,4.944482191564841,31.668770978982966,21.360594330109137,22.95231959967439,12.786259652140886,13.739098374065396,3.966652674505209,6.549145689322695,5.076113799530983,5.890979891839402,4.543320237079237,6.6306331769236975,5.539959858890582,22.58462211756977,6.10409978325296,12.297306373736241,10.504497613989395,12.836408838034423,12.278500524922674,13.889547401903348,11.676715182361889
31.450815099029022,44.54780927092611,44.904959516980306,40.88099484761307,30.567220064674405,30.567220064674405,30.567220064674405,28.755513120430532,8.408430378511794,8.704906902532777,7.814221151524407,8.885424958550185,7.814221151524407,9.796785573955031,0.0,1.6281020287402947,2.7965575461441103,1.1441747764850798,2.3314304192477664,1.6606982469224398,1.2131280020434816,7.381724930596238,8.61276735571468,8.61276735571468,13.497302890685251,4.001296747012936,4.001296747012936,4.001296747012936,1.2131280020434816,5.359624215602128,42.66867723665484,39.74495757273333,36.268467524571726,8.39768112480093,2.2179698091783884,2.0675249947646015,2.0675249947646015,2.0675249947646015,2.0675249947646015,2.0675249947646015,2.364635571128817,2.3821870358537582,8.32945340101762,6.867741544421123,2.364635571128817,2.364635571128817,2.364635571128817,1.4475673637289286,2.3821870358537582,2.312607997342733,41.712493474714606,41.668631620526696,36.56173042624641,42.83409737659378,31.91830272763273,33.32200613344421,32.50735917359345,31.924569303365143,5.645453640794589,3.213370821414233,4.598662172251738,5.225484693367759,4.962219700780127,2.091333804587681,10.22696710367205,4.196339635601239,6.923242680879259,3.6509677203493243,15.974895143581495,14.251304537276026,2.8423181455648185,9.336769031994583,8.828983449207183,9.40572776166702,3.920518994437702,5.407262508409544,2.9563690123498683,4.291517739392662,4.309175566080267,5.852303386221198,40.4655563100458,30.1573797850213,31.749105038257365,3.989474085234266,4.942312810156039,6.83013290291202,4.247639888239092,5.720671778275468,4.905805685939039,6.2534653406018075,4.166152400599205,5.256825718932513,13.787836598789857,4.692685794474307,3.5005208054324215,1.7077120413801663,4.039623271276504,3.481714956567024,5.092761838500408,2.879929612422319
32.07891711422767,45.17591127211248,45.53306151771533,41.50909685322039,31.19532208064066,31.19532208064066,31.19532208064066,29.383615137900506,9.03653240640163,9.333008930355932,8.442323179540328,9.513526986331504,8.442323179540328,10.42488760151091,1.6281020287402947,0.0,2.16845551743378,1.483927252256211,1.7033283905208394,1.0325962181824528,1.414974026698076,8.009826958697577,9.240869383558827,9.240869383558827,14.12540491708157,4.629398775597685,4.629398775597685,4.629398775597685,1.414974026698076,5.987726244031887,43.29677924015522,40.373059579631715,36.89656953519017,7.769579096775188,1.5898677804483494,1.4394229660310032,1.4394229660310032,1.4394229660310032,1.4394229660310032,1.4394229660310032,2.992737599830285,3.0102890645543807,8.957555428924799,7.495843572617022,2.992737599830285,2.992737599830285,2.992737599830285,2.07566939246235,3.0102890645543807,2.9407100260466565,42.34059547935339,42.29673362521707,37.18983243656449,43.46219937989452,32.54640474241617,33.95010814694319,33.135461187844776,32.55267131814297,6.27355566918502,3.841472850064725,5.226764200774821,5.853586721815171,5.590321729260689,2.7194358333011843,9.59886507606368,3.568237606978111,6.295140652586537,3.0228656916855723,16.602997168982334,14.879406563388004,2.2142161168564556,8.708667004171193,8.200881421271257,8.77762573385948,3.292416965792967,6.035364536832912,3.5844710410179683,4.919619767948724,3.6810735374666024,6.480405414581709,41.093658316129556,30.785481801335976,32.37720705319181,3.361372056594729,4.314210781602219,7.458234931114544,4.875741916799647,6.348773806655162,5.533907714426445,6.881567368900809,4.794254429167955,5.884927747375845,13.159734572267359,5.3207878229867545,2.8724187767589564,1.0796100126406758,3.411521242640833,2.8536129278923905,4.46465980996249,2.2518275837156168
33.2473726049873,46.34436673618027,46.70151698092652,42.67755232568744,32.36377757287043,32.36377757287043,32.36377757287043,30.55207063301407,10.204987921869908,10.501464445686011,9.610778695271506,10.681982501575149,9.610778695271506,11.593343116291699,2.7965575461441103,2.16845551743378,0.0,2.6523827696687574,1.465127126921627,2.135859299252311,2.583429544114408,9.178282474608295,10.409324898932356,10.409324898932356,15.293860429528696,5.797854292568957,5.797854292568957,5.797854292568957,2.583429544114408,7.156181760650032,44.46523470861744,41.54151505455475,38.06502501719942,6.60112358034773,1.5785877369944932,1.7290325514112834,1.7290325514112834,1.7290325514112834,1.7290325514112834,1.7290325514112834,4.161193117096769,4.178744581818454,10.126010944429101,8.664299088728168,4.161193117096769,4.161193117096769,4.161193117096769,3.244124909832027,4.178744581818454,4.1091655433201915,43.50905094997899,43.465189095940744,38.358287918000975,44.63065484797751,33.7148602323811,35.11856363445165,34.303916676791694,33.72112680809717,7.442011185716364,5.009928367195888,6.3952197176028776,7.022042238472554,6.758777245992297,3.8878913506030957,8.430409560325387,2.3997820896397712,5.126685135732755,1.8544101742976784,17.77145267945936,16.047862075270196,1.0457605994241501,7.540211488075364,7.032425904990301,7.6091702177898455,2.1239614484275924,7.203820053436889,4.752926558194149,6.088075284852787,2.5126180201404864,7.648860931047527,42.262113789502756,31.95393729423347,33.54566254344571,2.1929165392357337,3.1457552643572257,8.626690447239802,6.0441974337141575,7.5172293231629395,6.702363231173482,8.050022885233062,5.962709946101598,7.053383264024145,11.99127905837924,6.489243339790542,1.7039632593601712,2.0888455047954064,2.2430657252866366,1.6851574104923284,3.2962042927399025,1.0833720662846074
31.594989872454036,44.69198404115552,45.04913428710668,41.025169618851436,30.711394838274224,30.711394838274224,30.711394838274224,28.899687894372637,8.552605154813408,8.849081678819555,7.958395927854021,9.029599734827649,7.958395927854021,9.94096035018219,1.1441747764850798,1.483927252256211,2.6523827696687574,0.0,2.187255642767867,1.5165234704384787,1.0689532255584497,7.525899706944773,8.756942132006131,8.756942132006131,13.641477666652108,4.14547152346707,4.14547152346707,4.14547152346707,1.0689532255584497,5.5037989920228405,42.812852007412424,39.889132344266244,36.41264229695304,8.253506348491602,2.073795032697594,1.9233502182827515,1.9233502182827515,1.9233502182827515,1.9233502182827515,1.9233502182827515,2.508810347607149,2.5263618123319236,8.473628177323093,7.011916320790546,2.508810347607149,2.508810347607149,2.508810347607149,1.5917421402131406,2.5263618123319236,2.456782773821546,41.85666824573198,41.81280639155585,36.705905198559236,42.97827214730579,32.06247750096318,33.46618090648205,32.65153394680269,32.068744076694315,5.789628417206729,3.357545597882209,4.742836948692666,5.36965946979231,5.106394477211871,2.2355085810683417,10.082792327461423,4.052164859148123,6.779067904506309,3.5067929438860177,16.119069919323785,14.395479313178813,2.6981433690899896,9.192594255733193,8.684808672919154,9.261552985409375,3.776344217979189,5.551437284828865,3.1005437888214784,4.435692515840673,4.1650007896295005,5.996478162626797,40.609731081392866,30.301554558700435,31.893279811622214,3.8452993087770544,4.798138033720014,6.974307679282906,4.391814664688065,5.864846554685261,5.049980462372265,6.397640116993923,4.31032717704993,5.401000495356178,13.643661822834126,4.836860570912942,3.3563460289666467,1.5635372648963934,3.89544849482026,3.337540180100952,4.948587062068272,2.7357548359479313
32.78224548892358,45.87923963083913,46.236389875929014,42.21242521697555,31.898650456214913,31.898650456214913,31.898650456214913,30.08694351519714,9.739860795799117,10.03633731967244,9.145651569091644,10.216855375597323,9.145651569091644,11.128215990504899,2.3314304192477664,1.7033283905208394,1.465127126921627,2.187255642767867,0.0,1.670732172338736,2.1183024172114977,8.713155348353752,9.944197772900802,9.944197772900802,14.828733304698364,5.332727165867107,5.332727165867107,5.332727165867107,2.1183024172114977,6.691054634098849,44.000107601513044,41.07638794485675,37.599897904654775,7.066250706910409,1.1134606100735598,1.2639054244916899,1.2639054244916899,1.2639054244916899,1.2639054244916899,1.2639054244916899,3.6960659902652377,3.7136174549880128,9.660883818343383,8.199171962390018,3.6960659902652377,3.6960659902652377,3.6960659902652377,2.7789977829526,3.7136174549880128,3.6440384164854662,43.0439238420063,43.000061987928696,37.8931608056865,44.1655277410253,33.24973311663721,34.65343651969603,33.83878956145742,33.255999692357584,6.976884059201858,4.544801240424533,5.930092590962479,6.556915111904752,6.293650119392994,3.4227642237554297,8.895536686627327,2.8649092165338117,5.591812262454179,2.319537301207391,17.306325555431687,15.582734950670355,1.5108877263455303,8.005338614513011,7.4975530314978664,8.074297344217577,2.5890885753303445,6.738692926891701,4.287799431402963,5.622948158179849,2.9777451470304994,7.183733804560644,41.79698668042707,31.48881017730911,33.08053542758553,2.658043666136459,3.6108823912196533,8.161563320895752,5.579070307036734,7.052102196658375,6.237236104567619,7.584895758802329,5.497582819415952,6.588256137460194,12.456406183971152,6.024116213160502,2.1690903862731004,1.6237183778809574,2.7081928521858245,2.1502845374056268,3.76133141959453,1.548499193205751
32.11151333169215,45.20850748884335,45.565657734422615,41.541693070182504,31.227918298145404,31.227918298145404,31.227918298145404,29.416211355484183,9.069128624536013,9.365605148486706,8.474919397681544,9.546123204460022,8.474919397681544,10.457483819627285,1.6606982469224398,1.0325962181824528,2.135859299252311,1.5165234704384787,1.670732172338736,0.0,1.4475702448803909,8.042423176843439,9.273465601690738,9.273465601690738,14.158001135135954,4.661994993770289,4.661994993770289,4.661994993770289,1.4475702448803909,6.020322462195782,43.3293754570071,40.40565579666138,36.92916575241459,7.736982878626504,1.55727156226614,1.406826747848683,1.406826747848683,1.406826747848683,1.406826747848683,1.406826747848683,3.0253338180097473,3.04288528273379,8.99015164706012,7.528439790768042,3.0253338180097473,3.0253338180097473,3.0253338180097473,2.1082656106439197,3.04288528273379,2.973306244226272,42.37319169626481,42.32932984213121,37.22242865377318,43.494795596735976,32.579000959858874,33.982704364318536,33.16805740525957,32.58526753558538,6.306151887346735,3.8740690682411265,5.259360418943933,5.886182939980048,5.622917947427416,2.752032051481405,9.56626885793576,3.5356413888004816,6.262544434424719,2.9902694735061015,16.635593386983842,14.912002781427262,2.1816198986750654,8.67607078603255,8.168285203127024,8.745029515721626,3.2598207476143517,6.067960754996451,3.6170672591954087,4.952215986119697,3.648477319289409,6.513001632741769,41.126254533116594,30.818078018859005,32.40980327064243,3.328775838416349,4.281614563427821,7.490831149265926,4.908338134970874,6.381370024816281,5.566503932593555,6.914163587057482,4.826850647339648,5.917523965540495,13.12713835419405,5.353384041155269,2.8398225585790553,1.0470137944582256,3.3789250244626294,2.8210167097124375,4.432063591788844,2.219231365534295
31.663943096538755,44.760937263707525,45.11808750960929,41.09412284188722,30.780348062442826,30.780348062442826,30.780348062442826,28.968641118705563,8.62155838028159,8.918034904280542,8.027349153335791,9.098552960284119,8.027349153335791,10.009913575614299,1.2131280020434816,1.414974026698076,2.583429544114408,1.0689532255584497,2.1183024172114977,1.4475702448803909,0.0,7.594852932435737,8.825895357469385,8.825895357469385,13.710430891958492,4.214424749009671,4.214424749009671,4.214424749009671,1.0,5.572752217549002,42.88180523021766,39.958085567443284,36.481595520536985,8.184553123014783,2.0048418071408354,1.8543969927255382,1.8543969927255382,1.8543969927255382,1.8543969927255382,1.8543969927255382,2.5777635731618673,2.5953150378865564,8.542581402793145,7.080869546291674,2.5777635731618673,2.5777635731618673,2.5777635731618673,1.6606953657709775,2.5953150378865564,2.5257359993765123,41.92562146866179,41.88175961449131,36.77485842211034,43.04722537008918,32.13143072500252,33.53513413038097,32.720487170783855,32.13769730073304,5.858581642728693,3.4264988234316918,4.811790174228749,5.438612695320353,5.175347702743441,2.3044618066242655,10.013839102031202,3.9832116336039407,6.710114678999556,3.437839718337144,16.188023144521935,14.4644325384543,2.629190143535876,9.123641030278987,8.615855447452379,9.19259975995694,3.707390992432517,5.620390510354344,3.1694970143727854,4.504645741380246,4.0960475640864065,6.065431388145565,40.67868430448078,30.370507782907126,31.96223303567805,3.7763460832309823,4.729184808183757,7.043260904784745,4.460767890228112,5.93379978020608,5.118933687904562,6.466593342506108,4.379280402590842,5.469953720883786,13.574708597524625,4.905813796447898,3.2873928034166426,1.4945840393383802,3.8264952692746346,3.2685869545508113,4.8796338365338245,2.6668016103940158
