0.0,1.0,1.007102785994435,10.185375232259815,10.264330858074265,11.893971336201135,3.43663014652579,3.4048776367923894,12.55734629460415,12.637970142729495,12.324246758836017,1.935472350171442,2.3269547496811382,1.879904229330183,1.939232597322556,15.774289419572378,15.11428745140964,15.018628410007683,12.996390037724037,12.896550651920254,12.55400437138408,8.982230613427856,10.403025175939273,9.156854999135874,13.663096176156454,12.589930037406265,14.118842059753828,2.7397869666962817,2.4660829605132024,4.099391916622652,3.3832352351658295,2.998836840622814,3.4417308323471762,4.01485748307398,9.738376055786066,4.3825139418396795,9.725843326502597,8.894500490682066,11.47622561845576,8.292919475670885,8.948809627551729,7.921106342319705,8.556111820599327,6.312677938722999,7.352938550220195,18.318579194862767,16.48900588907845,15.720403421632842,11.38849869365359,10.356654516618937,12.82553510054011,9.679889966172926,7.198362672706281,9.558740050071139,18.393766092251337,20.177342150202104,16.835709610834897,10.327411742323633,6.287184189749462,5.927839939581018
1.0,0.0,1.007102785994435,10.185375232259815,10.264330858074265,11.893971336201135,3.43663014652579,3.4048776367923894,12.55734629460415,12.637970142729495,12.324246758836017,1.935472350171442,2.3269547496811382,1.879904229330183,1.939232597322556,15.774289419572378,15.11428745140964,15.018628410007683,12.996390037724037,12.896550651920254,12.55400437138408,8.982230613427856,10.403025175939273,9.156854999135874,13.663096176156454,12.589930037406265,14.118842059753828,2.7397869666962817,2.4660829605132024,4.099391916622652,3.3832352351658295,2.998836840622814,3.4417308323471762,4.01485748307398,9.738376055786066,4.3825139418396795,9.725843326502597,8.894500490682066,11.47622561845576,8.292919475670885,8.948809627551729,7.921106342319705,8.556111820599327,6.312677938722999,7.352938550220195,18.318579194862767,16.48900588907845,15.720403421632842,11.38849869365359,10.356654516618937,12.82553510054011,9.679889966172926,7.198362672706281,9.558740050071139,18.393766092251337,20.177342150202104,16.835709610834897,10.327411742323633,6.287184189749462,5.927839939581018
1.007102785994435,1.007102785994435,0.0,10.178272446296182,10.257228072111165,11.88686855025004,3.4295273605335157,3.3977748508000603,12.550243508658502,12.63086735678453,12.317143972888417,1.928369564177324,2.319851963687343,1.8728014433360285,1.9321298113284406,15.767186633657708,15.107184665487999,15.011525624085055,12.989287251782168,12.889447865977514,12.5469015854384,8.97512782745668,10.395922389977123,9.149752213165723,13.655993390220601,12.582827251460895,14.111739273822272,2.746889752689607,2.4589801745195485,4.106494702613574,3.3903380211581857,3.0059396266157865,3.4488336183394295,4.007754697082857,9.731273269819507,4.375411155849413,9.718740540535958,8.88739770471038,11.469122832501405,8.28581668969586,8.941706841580356,7.91400355634275,8.54900903462573,6.30557515273886,7.345835764240485,18.311476408977974,16.481903103171696,15.713300635717593,11.381395907698565,10.349551730656465,12.818432314596754,9.672787180205995,7.191259886725863,9.551637264103446,18.386663306367495,20.170239364342144,16.828606824932116,10.320308956360964,6.294286975733686,5.934942725566582
10.185375232259815,10.185375232259815,10.178272446296182,0.0,1.078955626160432,2.7085961127469558,7.748745093506099,7.7804976031742825,3.371971075314179,3.452594923974047,3.1388715380352865,9.249902885735334,8.858420487506574,9.305471006383046,9.246142638597213,6.588914226392827,5.928912252072981,5.83325320981291,3.811014821419424,3.7111754349207167,3.3686291520720846,2.2031446233738383,1.217649944647489,2.028520237091631,4.477720964734619,3.40455481833158,4.9334668519122395,11.925162189976735,8.719292277094883,13.284767130897947,12.568610454401826,12.184212062321954,12.627106051196126,7.17051775797891,1.4469991783211782,6.802861299698087,1.459531907653718,2.290874746397205,2.2908503925932298,2.892455763115536,2.236565609356572,3.2642688973505773,2.6292634174823606,4.872697303264088,3.8324366905480503,9.133204029286825,7.303630703032513,6.5350282279351,2.203123467306307,1.1712792851171514,3.6401598830520223,1.5054852681620416,3.9870125683078275,1.626635184725241,9.20839092758459,10.991967008677635,7.650334428424023,1.1420365106904635,15.47255938587504,15.113215138997356
10.264330858074265,10.264330858074265,10.257228072111165,1.078955626160432,0.0,2.629640486597858,7.827700719479137,7.859453229145564,3.293015449175889,3.373639297837315,3.0599159118927903,9.32885851161637,8.937376113413364,9.384426632260322,9.3250982644785,6.509958600357805,5.849956626009893,5.754297583746051,3.7320591952902586,3.6322198087893383,3.2896735259337313,2.2821002495279927,1.1386943184871803,2.1074758632474277,4.398765338622313,3.325599192193913,4.854511225813541,12.004117815648469,8.798247903010527,13.363722756441062,12.64756608001456,12.263167687970338,12.706061676803328,7.249473383982503,1.5259548044806532,6.881816925719695,1.538487533813143,2.3698303725504415,2.2118947664391655,2.971411389260788,2.315521235510384,3.343224523489422,2.7082190436314675,4.951652929362261,3.9113923166749305,9.054248403393244,7.22467507703189,6.456072601897654,2.1241678411513805,1.092323658956784,3.5612042569191193,1.584440894321271,4.065968194430999,1.7055908108838733,9.129435301695992,10.913011382920782,7.571378802441589,1.0630808845300679,15.551515011179738,15.192170764343876
11.893971336201135,11.893971336201135,11.88686855025004,2.7085961127469558,2.629640486597858,0.0,9.45734120122902,9.489093710854632,1.6633749627058685,1.7439988113878742,1.4302754253694183,10.958498991251837,10.567016593636643,11.014067111810272,10.954738744119732,4.8803181155574356,4.220316140725005,4.124657098397021,2.1024187089455353,2.002579322413275,1.6600330394628817,3.9117407358122374,2.490946168128053,3.7371163495906283,2.7691248525298455,1.6959587057320782,3.2248707399365313,13.633758290579918,10.427888383436521,14.993363228522664,14.277206553635844,13.892808162382655,14.335702150302073,8.879113866446072,3.15559529098326,8.511457408607896,3.168128020312913,3.9994708588031336,1.4177457202012353,4.601051875262305,3.9451617217827613,4.972865009305314,4.337859529750352,6.581293414107846,5.541032802162344,7.424607921146951,5.595034592838895,4.826432117054978,1.5054726454942273,2.537316827653,1.9315637705217843,3.214081380810415,5.69560867981967,3.335231297343302,7.499794819541762,9.283370903229724,5.941738318574206,2.5665596020760937,17.181155478026337,16.821811232105265
3.43663014652579,3.43663014652579,3.4295273605335157,7.748745093506099,7.827700719479137,9.45734120122902,0.0,1.0317525097429667,10.12071616129799,10.20134000963335,9.88761662493186,2.5011577965302507,2.109675397029105,2.556725917367184,2.497397549379402,13.337659295914575,12.677657325560073,12.581998283849542,10.559759905581306,10.4599205195087,10.11737423806925,6.545600472451281,7.966395037626514,6.720224858459371,11.226466045873115,10.153299904184788,11.682211930805853,5.176417112312187,1.9705471861908324,6.536022061000143,5.819865380253295,5.435466986038432,5.878360977381464,1.578227336766606,7.301745916164057,1.945883795714768,7.289213186856967,6.457870349557626,9.039595482491306,5.856289333584564,6.512179486518593,5.484476199684317,6.119481678922649,3.876047794112077,4.9163084068128,15.881949080680263,14.052375767917745,13.283773297791983,8.951868557486314,7.920024378211233,10.388904967938865,7.2432598264410215,4.761732529102872,7.122109910114325,15.957135978373636,17.740712043972568,14.399079490931836,7.890781603856333,8.7238143311635,8.364470081563951
3.4048776367923894,3.4048776367923894,3.3977748508000603,7.7804976031742825,7.859453229145564,9.489093710854632,1.0317525097429667,0.0,10.152468670904499,10.233092519237438,9.919369134545246,2.4694052867908853,2.077922887288091,2.524973407628094,2.4656450396400187,13.369411805407983,12.709409835079452,12.613750793372562,10.591512415174373,10.49167302910488,10.149126747675858,6.577352982143709,7.998147547289805,6.751977368148572,11.258218555444572,10.185052413790318,11.713964440361696,5.144664602597475,1.9387946764493535,6.504269551306908,5.7881128705479945,5.403714476327346,5.846608467677087,1.6099798465089967,7.3334984258418,1.9776363054562245,7.3209656965349685,6.489622859251635,9.071347992128212,5.888041843288744,6.543931996211625,5.516228709394193,6.151234188622525,3.9078003038413818,4.948060916530505,15.913701590060182,14.084128277381419,13.315525807287562,8.983621067125515,7.951776887875579,10.420657477537238,7.275012336119968,4.793485038822524,7.1538624197957255,15.988888487749875,17.77246455325615,14.430832000380482,7.922534113521342,8.692061821517468,8.332717571909097
12.55734629460415,12.55734629460415,12.550243508658502,3.371971075314179,3.293015449175889,1.6633749627058685,10.12071616129799,10.152468670904499,0.0,1.0806238486840583,1.233099537339882,11.621873950342332,11.230391552997133,11.677442070861598,11.618113703212876,4.216943153278873,3.5569411783009857,3.461282135954395,1.43904374625623,1.3392043597190442,1.0033419232430625,4.57511569816203,3.154321130724036,4.400491311978119,2.1057498898909257,1.0325837430269857,2.561495777349566,14.2971332475457,11.091263342890441,15.656738184221707,14.940581510017822,14.556183119116795,14.999077106629578,9.54248882685092,3.8189702534812575,9.174832369214442,3.8315029828087726,4.662845821133201,2.081120682891651,5.264426837442936,4.608536684125101,5.636239971381216,5.001234491999404,7.244668375621885,6.20440776405996,6.761232959708485,4.931659630751511,4.163057154763421,2.168847608179881,3.2006917902431264,1.268188807824465,3.877456343298344,6.358983641664965,3.99860625980963,6.836419858134873,8.619995942685598,5.278363356592171,3.229934564662452,17.844530431422747,17.48518618590225
12.637970142729495,12.637970142729495,12.63086735678453,3.452594923974047,3.373639297837315,1.7439988113878742,10.20134000963335,10.233092519237438,1.0806238486840583,0.0,1.3137233860236361,11.702497798554123,11.311015401242951,11.75806591906846,11.698737551425001,4.136319304636794,3.476317329643271,3.3806582872947146,1.3584198975728263,1.2585805110353507,1.0839657719271194,4.65573954679175,3.234944979388073,4.481115160612961,2.0251260412115824,1.048040105657079,2.4808719286751275,14.377757095490988,11.171887191148047,15.737362032008829,15.021205357890164,14.636806967033124,15.07970095449512,9.623112675228889,3.89959410213133,9.255456217618061,3.912126831458546,4.743469669760252,2.161744531570486,5.345050686049962,4.689160532753812,5.716863819974365,5.081858340615563,7.325292224141771,6.285031612629682,6.680609111160635,4.851035782130456,4.082433306119929,2.249471456857866,3.281315638906309,1.1875649591406159,3.9580801919470114,6.439607490227852,4.079230108455298,6.755796009590628,8.539372094240692,5.197739507982845,3.3105584133250856,17.925154278923255,17.565810033452546
12.324246758836017,12.324246758836017,12.317143972888417,3.1388715380352865,3.0599159118927903,1.4302754253694183,9.88761662493186,9.919369134545246,1.233099537339882,1.3137233860236361,0.0,11.388774414327788,10.99729201688569,11.444342534861104,11.385014167197383,4.450042690485249,3.79004071555506,3.6943816732145107,1.6721432835925634,1.572303897056592,1.229757614096829,4.342016160965764,2.9212215934339114,4.167391774767702,2.3388494272130034,1.2656832803667637,2.794595314655746,14.064033712291588,10.85816380674545,15.42363864941974,14.707481974972179,14.323083583945417,14.765977571603377,9.309389290363777,3.5858707162290018,8.941732832654523,3.598403445557333,4.4297462839443185,1.8480211455627917,5.031327300309676,4.375437146931626,5.403140434286681,4.76813495484074,7.011568838733099,5.97130822703101,6.994332496632828,5.16475916789441,4.396156691974085,1.935748070853149,2.9675922529553,1.5012883451627306,3.6443568060499287,6.125884104655198,3.7655067225694325,7.069519395048509,8.8530954793053,5.511462893699843,2.9968350273761004,17.61143089744121,17.252086651778093
1.935472350171442,1.935472350171442,1.928369564177324,9.249902885735334,9.32885851161637,10.958498991251837,2.5011577965302507,2.4694052867908853,11.621873950342332,11.702497798554123,11.388774414327788,0.0,1.3914823995346755,1.0555681208436096,1.0037602471512836,14.838817079247,14.178815110195153,14.08315606866782,12.060917693940578,11.961078308026384,11.618532027118691,8.04675826596312,9.467552829599798,8.221382651798947,12.727623833134984,11.654457693179312,13.183369717277934,3.6752593166439973,1.5306106103791666,5.034864266193067,4.318707584957117,3.934309190512336,4.377203182122271,3.0793851332040387,8.802903708895961,3.44704159206633,8.790370979602518,7.959028143154226,10.540753273095325,7.35744712773033,8.013337280062862,6.985633994141511,7.620639472835043,5.377205589670242,6.4174662017045945,17.383106858358826,15.553533549763355,14.784931081233292,10.453026348208951,9.42118217023966,11.890062756568286,8.744417619236408,6.262890324104267,8.623267703039527,17.458293755869835,19.241869816885654,15.900237272027665,9.391939395919369,7.222656538340084,6.863312288364111
2.3269547496811382,2.3269547496811382,2.319851963687343,8.858420487506574,8.937376113413364,10.567016593636643,2.109675397029105,2.077922887288091,11.230391552997133,11.311015401242951,10.99729201688569,1.3914823995346755,0.0,1.447050520377785,1.3877221523834211,14.447334683463247,13.787332714056939,13.691673672479695,11.669435296783842,11.569595910826104,11.227049629772088,7.6552758673730015,9.07607043144265,7.829900253257653,12.336141436279329,11.26297529584783,12.791887320638422,4.0667417160136115,1.139128210845977,5.426346665368483,4.710189984244089,4.325791589850681,4.768685581400904,2.687902733740013,8.41142131052613,3.055559192632911,8.398888581228846,7.567545744540044,10.149270875319232,6.965964728959495,7.621854881463539,6.594151595281153,7.229157074130947,4.9857231904868415,6.025983802718209,16.99162446410635,15.162051154383304,14.393448685419939,10.061543950399967,9.029699772067096,11.498580359337282,8.352935220848714,5.871407925085848,8.231785304615272,17.066811361666602,18.85038742391747,15.508754876850896,9.000456997737125,7.614138937047052,7.254794687161218
1.879904229330183,1.879904229330183,1.8728014433360285,9.305471006383046,9.384426632260322,11.014067111810272,2.556725917367184,2.524973407628094,11.677442070861598,11.75806591906846,11.444342534861104,1.0555681208436096,1.447050520377785,0.0,1.0593283679948928,14.89438519954052,14.234383230539828,14.138724189019701,12.116485814432531,12.016646428524643,11.67410014763816,8.102326386663655,9.523120950237065,8.276950772492329,12.783191953583353,11.71002581369659,13.238937837695039,3.6196911958204003,1.5861787312218878,4.979296145395299,4.263139464144429,3.8787410696928477,4.321635061310692,3.1349532540349645,8.858471829564264,3.5026097128924425,8.845939100271382,8.01459626385829,10.596321393677131,7.413015248457398,8.068905400764748,7.041202114881761,7.676207593552302,5.432773710458402,6.4730343224634606,17.438674978431738,15.60910166999866,14.840499201531083,10.50859446879554,9.476750290879176,11.945630877070995,8.79998573990732,6.318458444867877,8.678835823715787,17.51386187593567,19.297437936773903,15.955805392233675,9.447507516560293,7.167088417606015,6.807744167617705
1.939232597322556,1.939232597322556,1.9321298113284406,9.246142638597213,9.3250982644785,10.954738744119732,2.497397549379402,2.4656450396400187,11.618113703212876,11.698737551425001,11.385014167197383,1.0037602471512836,1.3877221523834211,1.0593283679948928,0.0,14.83505683213278,14.17505486307748,14.07939582154966,12.057157446812965,11.957318060898341,11.614771779989221,8.042998018821438,9.46379258246238,8.217622404657744,12.723863586010312,11.650697446049987,13.179609470155372,3.679019563793896,1.526850363227937,5.038624513341203,4.3224678321062715,3.938069437661955,4.380963429271349,3.075624886053589,8.79914346175645,3.443281344916203,8.786610732462968,7.955267896012305,10.536993025961646,7.353686880586858,8.009577032921088,6.9818737469971515,7.616879225692233,5.373445342522661,6.413705954558982,17.379346611259503,15.549773302653065,14.781170834118788,10.449266101074953,9.417421923102093,11.886302509439945,8.740657372096722,6.2591300769583365,8.61950745589948,17.454533508771,19.238109569798812,15.896477024919358,9.388179148781706,7.226416785483885,6.867072535508749
15.774289419572378,15.774289419572378,15.767186633657708,6.588914226392827,6.509958600357805,4.8803181155574356,13.337659295914575,13.369411805407983,4.216943153278873,4.136319304636794,4.450042690485249,14.838817079247,14.447334683463247,14.89438519954052,14.83505683213278,0.0,1.6600019752581308,1.755661017633333,3.7778994072251275,3.877738793721889,4.220285076520149,7.792058847411287,6.3712642820823495,7.617434461522668,3.1111932637755486,4.1843594102691135,2.6554473763585253,17.51407636442361,14.308206473899265,18.87368129408096,18.15752462365019,17.77312623470451,18.216020219960114,12.759431963468757,7.035913403936276,12.391775507047198,7.048446133245351,7.8797889702302895,5.298063835399194,8.481369985427849,7.82547983331669,8.853183118618762,8.218177640485656,10.461611519098701,9.42135091006696,3.5442898088646553,1.714716477939347,1.053885998543759,5.385790760607823,6.417634941543175,3.9487543455857,7.094399493666864,9.575926787318673,7.2155494099953685,3.6194767073957403,5.403052794981449,2.061420204067551,6.446877715925388,21.061473528706497,20.70212928535998
15.11428745140964,15.11428745140964,15.107184665487999,5.928912252072981,5.849956626009893,4.220316140725005,12.677657325560073,12.709409835079452,3.5569411783009857,3.476317329643271,3.79004071555506,14.178815110195153,13.787332714056939,14.234383230539828,14.17505486307748,1.6600019752581308,0.0,1.0956590423776655,3.1178974321674504,3.217736818681203,3.560283101542919,7.132056873571579,5.711262307686165,6.957432487607164,2.451191288621812,3.5243574352848532,1.9954454011565481,16.854074398072278,13.648204504369497,18.213679329288052,17.497522658020785,17.113124268640448,17.556018254397724,12.099429992653297,6.375911429783317,11.73177353595045,6.388444159097268,7.219786996429442,4.638061860673738,7.821368011907588,7.165477859491725,8.193181145284226,7.558175666839611,9.80160954667585,8.761348937034384,4.204291783844846,2.3747184531639878,1.606115976715485,4.7257887859063406,5.7576329671629844,3.2887523705575132,6.434397519536747,8.915924814372046,6.5555474359133035,4.279478682361002,6.063054769479417,2.7214221792634006,5.7868757415553596,20.401471566684226,20.042127322860377
15.018628410007683,15.018628410007683,15.011525624085055,5.83325320981291,5.754297583746051,4.124657098397021,12.581998283849542,12.613750793372562,3.461282135954395,3.3806582872947146,3.6943816732145107,14.08315606866782,13.691673672479695,14.138724189019701,14.07939582154966,1.755661017633333,1.0956590423776655,0.0,3.0222383898109335,3.122077776326776,3.464624059196411,7.036397831376608,5.615603265415842,6.8617734454018615,2.35553224625386,3.4286983929374597,1.899786358783306,16.758415356926367,13.552545462774873,18.118020288362935,17.401863616977103,17.017465227535208,17.460359213363546,12.003770950878115,6.280252387545768,11.63611449413587,6.292785116860378,7.124127954239777,4.542402818359699,7.725708969756345,7.069818817298767,8.09752210315851,7.462516624671119,9.70595050467627,8.665689894950315,4.299950826170269,2.470377495531668,1.7017750190910497,4.630129743595448,5.661973924894807,3.193093328204632,6.338738477302289,8.820265772299859,6.459888393685359,4.375137724683979,6.158713811728008,2.8170812216256143,5.691216699288546,20.30581252615251,19.946468282260824
12.996390037724037,12.996390037724037,12.989287251782168,3.811014821419424,3.7320591952902586,2.1024187089455353,10.559759905581306,10.591512415174373,1.43904374625623,1.3584198975728263,1.6721432835925634,12.060917693940578,11.669435296783842,12.116485814432531,12.057157446812965,3.7778994072251275,3.1178974321674504,3.0222383898109335,0.0,1.099839386537953,1.442385669499259,5.014159444093332,3.59336487685375,4.839535057938732,1.6667061436513957,1.4064600032295442,2.1224520311330424,14.73617698967094,11.530307086742463,16.095781925474625,15.379625251740617,14.995226861082253,15.43812084831486,9.981532571370966,4.258013999529527,9.613876113877158,4.270546728855313,5.101889567049257,2.52016442911066,5.70347058324507,5.047580430050637,6.075283717104754,5.440278237853394,7.683712120933404,6.6434515096513165,6.322189214147215,4.4926158848064475,3.7240134087024206,2.607891354393548,3.639735536367808,1.1708549384328029,4.316500089338489,6.798027387217833,4.437650005832455,6.3973761125926245,8.180952197669825,4.839319610708173,3.6689783107839085,18.283574171097094,17.92422992585068
12.896550651920254,12.896550651920254,12.889447865977514,3.7111754349207167,3.6322198087893383,2.002579322413275,10.4599205195087,10.49167302910488,1.3392043597190442,1.2585805110353507,1.572303897056592,11.961078308026384,11.569595910826104,12.016646428524643,11.957318060898341,3.877738793721889,3.217736818681203,3.122077776326776,1.099839386537953,0.0,1.3425462829620864,4.9143200576362815,3.4935254903490987,4.73969567147471,1.766545530186716,1.3066206166922332,2.222291417663927,14.636337604096381,11.430467700769631,15.995942540100812,15.279785866258699,14.895387475544485,15.338281462841575,9.881693185243519,4.158174613044556,9.514036727716624,4.170707342370759,5.002050180595827,2.420325042583827,5.603631196818598,4.947741043594956,5.975444330696804,5.34043885141467,7.5838727346219565,6.543612123274417,6.422028600536432,4.592455271279744,3.823852795200737,2.5080519678680835,3.5398961498643815,1.0710155518949125,4.216660702855469,6.698188000849957,4.3378106193535855,6.4972154989776465,8.280791583938242,4.939158997168187,3.5691389242812672,18.18373478608607,17.824390540776697
12.55400437138408,12.55400437138408,12.5469015854384,3.3686291520720846,3.2896735259337313,1.6600330394628817,10.11737423806925,10.149126747675858,1.0033419232430625,1.0839657719271194,1.229757614096829,11.618532027118691,11.227049629772088,11.67410014763816,11.614771779989221,4.220285076520149,3.560283101542919,3.464624059196411,1.442385669499259,1.3425462829620864,0.0,4.5717737749211675,3.1509792074817717,4.397149388737047,2.1090918131337766,1.035925666270048,2.564837700592207,14.293791324333066,11.08792141966491,15.653396261015608,14.937239586808204,14.552841195905357,14.99573518342024,9.539146903620422,3.815628330239563,9.171490445982887,3.82816105956709,4.6595038978924475,2.0777787596487896,5.261084914203005,4.605194760884281,5.632898048141855,4.997892568759099,7.241326452385537,6.2010658408215615,6.764574882945818,4.9350015539919045,4.166399078004757,2.1655056849370533,3.1973498670008977,1.2715307310675148,3.874114420056707,6.355641718426848,3.9952643365681166,6.839761781372055,8.62333786591864,5.281705279832072,3.2265926414202455,17.8411885082285,17.481844262705945
8.982230613427856,8.982230613427856,8.97512782745668,2.2031446233738383,2.2821002495279927,3.9117407358122374,6.545600472451281,6.577352982143709,4.57511569816203,4.65573954679175,4.342016160965764,8.04675826596312,7.6552758673730015,8.102326386663655,8.042998018821438,7.792058847411287,7.132056873571579,7.036397831376608,5.014159444093332,4.9143200576362815,4.5717737749211675,0.0,2.4207945680021514,1.1746243862933432,5.680865587098624,4.607699441167344,6.136611474032637,10.722017573181208,7.51614765683745,12.08162251595424,11.365465838454226,10.981067445861651,11.423961435328147,5.967373136504442,1.756145445073618,5.599716677978312,1.7436127157413086,1.0877301230303884,3.493995015767406,1.689311139822572,1.033420985985296,2.0611242741256914,1.4261187941515652,3.6695526805310523,2.6292920674602884,10.336348647947702,8.506775323469984,7.7381728489947905,3.4062680905006,2.374423908476392,4.843304505796464,1.6976593552336636,2.7838679452642943,1.5765094386709975,10.411535546163554,12.195111625107236,8.853479048556792,2.3451811340524538,14.269414774390464,13.91007052690406
10.403025175939273,10.403025175939273,10.395922389977123,1.217649944647489,1.1386943184871803,2.490946168128053,7.966395037626514,7.998147547289805,3.154321130724036,3.234944979388073,2.9212215934339114,9.467552829599798,9.07607043144265,9.523120950237065,9.46379258246238,6.3712642820823495,5.711262307686165,5.615603265415842,3.59336487685375,3.4935254903490987,3.1509792074817717,2.4207945680021514,0.0,2.2461701817247417,4.26007102021438,3.186904873743104,4.715816907428804,12.142812133260072,8.936942221055578,13.502417073824619,12.786260397521517,12.401862005540522,12.84475599430048,7.388167702184455,1.6646491229653342,7.020511243953867,1.677181852297716,2.5085246910228496,2.073200447961285,3.1101057077182324,2.4542155539838886,3.4819188419350335,2.846913362096095,5.09034724773393,4.050086635098643,8.915554085362285,7.0859807588157455,6.317378283618022,1.9854735226721216,1.046370659530427,3.422509938476311,1.7231352128054298,4.204662512847957,1.8442851293667948,8.990740983673671,10.774317065127109,7.432684484256854,1.0756134339571464,15.690209328141082,15.330865081379246
9.156854999135874,9.156854999135874,9.149752213165723,2.028520237091631,2.1074758632474277,3.7371163495906283,6.720224858459371,6.751977368148572,4.400491311978119,4.481115160612961,4.167391774767702,8.221382651798947,7.829900253257653,8.276950772492329,8.217622404657744,7.617434461522668,6.957432487607164,6.8617734454018615,4.839535057938732,4.73969567147471,4.397149388737047,1.1746243862933432,2.2461701817247417,0.0,5.506241200995174,4.433075054985489,5.96198708796876,10.89664195860976,7.690772042738789,12.256246901126604,11.540090223765665,11.155691831243944,11.598585820628573,6.141997522568087,1.5815210587842317,5.774341064074157,1.568988329451773,1.2623545093235244,3.3193706295261256,1.8639355261105572,1.2080453722785767,2.235748660407237,1.600743180442605,3.8441770667560977,2.80391645372719,10.161724262424814,8.332150937672306,7.56354846309969,3.231643704255588,2.1997995221978885,4.668680119630046,1.5230349689436042,2.958492331526208,1.4018850523797393,10.236911160653252,12.0204872399254,8.678854662806547,2.170556747773281,14.444039159081022,14.08469491167964
13.663096176156454,13.663096176156454,13.655993390220601,4.477720964734619,4.398765338622313,2.7691248525298455,11.226466045873115,11.258218555444572,2.1057498898909257,2.0251260412115824,2.3388494272130034,12.727623833134984,12.336141436279329,12.783191953583353,12.723863586010312,3.1111932637755486,2.451191288621812,2.35553224625386,1.6667061436513957,1.766545530186716,2.1090918131337766,5.680865587098624,4.26007102021438,5.506241200995174,0.0,2.073166146865934,1.455745887499247,15.402883126526767,12.197013226342419,16.76248806095409,16.04633138796084,15.661932997685597,16.104826984475892,10.648238712044257,4.924720142741198,10.280582254781082,4.937252872063884,5.768595710028061,3.186870572647711,6.370176726027994,5.714286573045899,6.741989859754183,6.106984380725074,8.350418262895982,7.310157652078411,5.655483071348703,3.8259097414947205,3.0573072652438733,3.27459749791915,4.306441679719032,1.8375610820792758,4.983206232535601,7.464733529580605,5.104356148998655,5.730669969820137,7.514246055628967,4.172613467475989,4.335684454129124,18.950280304096196,18.590936059279652
12.589930037406265,12.589930037406265,12.582827251460895,3.40455481833158,3.325599192193913,1.6959587057320782,10.153299904184788,10.185052413790318,1.0325837430269857,1.048040105657079,1.2656832803667637,11.654457693179312,11.26297529584783,11.71002581369659,11.650697446049987,4.1843594102691135,3.5243574352848532,3.4286983929374597,1.4064600032295442,1.3066206166922332,1.035925666270048,4.607699441167344,3.186904873743104,4.433075054985489,2.073166146865934,0.0,2.528912034326594,14.32971699027519,11.123847085745892,15.68932192688738,14.973165252717882,14.588766861834602,15.031660849326897,9.575072569754893,3.8515539964947356,9.207416112128751,3.8640867258221308,4.695429564137443,2.1137044259166133,5.297010580439134,4.64112042713001,5.668823714371836,5.033818234999272,7.277252118583025,6.236991507041158,6.728649216737012,4.899075887750305,4.130473411753085,2.2014313512045067,3.2332755332618532,1.2356050647975856,3.910040086311259,6.3915673846434125,4.031190002821343,6.803836115164863,8.58741219975588,5.245779613595733,3.262518307680959,17.877114173972767,17.517769928472358
14.118842059753828,14.118842059753828,14.111739273822272,4.9334668519122395,4.854511225813541,3.2248707399365313,11.682211930805853,11.713964440361696,2.561495777349566,2.4808719286751275,2.794595314655746,13.183369717277934,12.791887320638422,13.238937837695039,13.179609470155372,2.6554473763585253,1.9954454011565481,1.899786358783306,2.1224520311330424,2.222291417663927,2.564837700592207,6.136611474032637,4.715816907428804,5.96198708796876,1.455745887499247,2.528912034326594,0.0,15.858629009000488,12.652759110776602,17.218233942451064,16.50207726998309,16.117678879979888,16.560572866456138,11.103984597253037,5.38046602983625,10.736328140157221,5.392998759156487,6.224341596941652,3.6426164600110633,6.825922612791805,6.170032459972176,7.1977357464169245,6.562730267556506,8.806164149046749,7.765903538574171,5.19973718430957,3.3701638541530623,2.6015613778221427,3.7303433852723593,4.762187566925801,2.293306969553047,5.438952119619155,7.9204794160283125,5.560102036057882,5.274924082796808,7.0585001690586795,3.716867580179553,4.791430341331013,19.406026183839895,19.04668193932669
2.7397869666962817,2.7397869666962817,2.746889752689607,11.925162189976735,12.004117815648469,13.633758290579918,5.176417112312187,5.144664602597475,14.2971332475457,14.377757095490988,14.064033712291588,3.6752593166439973,4.0667417160136115,3.6196911958204003,3.679019563793896,17.51407636442361,16.854074398072278,16.758415356926367,14.73617698967094,14.636337604096381,14.293791324333066,10.722017573181208,12.142812133260072,10.89664195860976,15.402883126526767,14.32971699027519,15.858629009000488,0.0,4.205869926789289,2.359604950302912,1.6434482686065852,1.2590498739728073,1.7019438658040587,5.754644448488506,11.478163014289876,6.122300906986633,11.465630285027954,10.634287450573755,13.216012573699082,10.032706436474008,10.688596587357939,9.660893303653715,10.29589878101168,8.052464902068184,9.092725512317593,20.05836613199842,18.22879283187983,17.4601903666349,13.128285649074487,12.096441474024843,14.565322052878194,11.419676924777045,8.938149635001356,11.29852700888109,20.13355302914127,21.917129080965136,18.57549655260884,12.067198699783013,4.547397224728707,4.188052974288251
2.4660829605132024,2.4660829605132024,2.4589801745195485,8.719292277094883,8.798247903010527,10.427888383436521,1.9705471861908324,1.9387946764493535,11.091263342890441,11.171887191148047,10.85816380674545,1.5306106103791666,1.139128210845977,1.5861787312218878,1.526850363227937,14.308206473899265,13.648204504369497,13.552545462774873,11.530307086742463,11.430467700769631,11.08792141966491,7.51614765683745,8.936942221055578,7.690772042738789,12.197013226342419,11.123847085745892,12.652759110776602,4.205869926789289,0.0,5.565474876069984,4.849318194987953,4.464919800614263,4.907813792141583,2.5487745229127388,8.272293100065994,2.916430981815118,8.259760370767395,7.428417533996274,10.010142665063512,6.826836518362335,7.482726670924844,6.455023384653592,7.0900288635565065,4.846594979750577,5.886855592048014,16.852496255076918,15.022922944960085,14.254320475845644,9.92241574013289,8.890571561674722,11.359452149270155,8.213807010382453,5.732279714404854,8.09265709413648,16.927683152654378,18.711259215337403,15.369626667498602,8.861328787341424,7.753267147573769,7.3939228977213345
4.099391916622652,4.099391916622652,4.106494702613574,13.284767130897947,13.363722756441062,14.993363228522664,6.536022061000143,6.504269551306908,15.656738184221707,15.737362032008829,15.42363864941974,5.034864266193067,5.426346665368483,4.979296145395299,5.038624513341203,18.87368129408096,18.213679329288052,18.118020288362935,16.095781925474625,15.995942540100812,15.653396261015608,12.08162251595424,13.502417073824619,12.256246901126604,16.76248806095409,15.68932192688738,17.218233942451064,2.359604950302912,5.565474876069984,0.0,1.7161566817284966,2.100555076350009,1.6576610845310809,7.114249396760707,12.837767955922773,7.481905854970162,12.8252352266804,11.993892393473883,14.57561751240786,11.392311380216604,12.048201530179517,11.020498247891659,11.655503724391933,9.41206984822593,10.452330457275073,21.417971055075558,19.58839775978058,18.819795296421788,14.487890587941017,13.456046414665934,15.924926989024557,12.779281866500988,10.297754580146773,12.658131950792098,21.493157952010122,23.27673399865992,19.935101479631633,13.426803640472222,3.18779227496742,2.8284480243921655
3.3832352351658295,3.3832352351658295,3.3903380211581857,12.568610454401826,12.64756608001456,14.277206553635844,5.819865380253295,5.7881128705479945,14.940581510017822,15.021205357890164,14.707481974972179,4.318707584957117,4.710189984244089,4.263139464144429,4.3224678321062715,18.15752462365019,17.497522658020785,17.401863616977103,15.379625251740617,15.279785866258699,14.937239586808204,11.365465838454226,12.786260397521517,11.540090223765665,16.04633138796084,14.973165252717882,16.50207726998309,1.6434482686065852,4.849318194987953,1.7161566817284966,0.0,1.3843983946370682,1.05849559719883,6.398092716246533,12.121611279041206,6.765749174616744,12.109078549788237,11.277735715904848,13.859460837107656,10.676154702189574,11.33204485265314,10.304341569594913,10.939347046561988,8.69591316887989,9.736173778585874,20.70181438817104,18.872241090291993,18.10363862592151,13.771733912555645,12.739889738321414,15.208770315106007,12.063125189570076,9.581597901354922,11.941975273759788,20.777001285217096,22.560577334634477,19.218944810613696,12.710646964101665,3.9039489564623873,3.544604705949634
2.998836840622814,2.998836840622814,3.0059396266157865,12.184212062321954,12.263167687970338,13.892808162382655,5.435466986038432,5.403714476327346,14.556183119116795,14.636806967033124,14.323083583945417,3.934309190512336,4.325791589850681,3.8787410696928477,3.938069437661955,17.77312623470451,17.113124268640448,17.017465227535208,14.995226861082253,14.895387475544485,14.552841195905357,10.981067445861651,12.401862005540522,11.155691831243944,15.661932997685597,14.588766861834602,16.117678879979888,1.2590498739728073,4.464919800614263,2.100555076350009,1.3843983946370682,0.0,1.442893991835387,6.0136943221440005,11.737212886764153,6.381350780592509,11.724680157505773,10.893337323277127,13.47506244564166,10.29175630932909,10.94764646004714,9.919943176597736,10.554948653801576,8.311514775354446,9.35177538539039,20.317416001062814,18.487842701836502,17.71924023693969,13.387335521045838,12.355491346319198,14.824371924352299,11.678726797267815,9.1971995081077,11.557576881405724,20.392602898167084,22.17617894903123,18.834546422403303,12.326248572086108,4.28834735091103,3.9290031004396297
3.4417308323471762,3.4417308323471762,3.4488336183394295,12.627106051196126,12.706061676803328,14.335702150302073,5.878360977381464,5.846608467677087,14.999077106629578,15.07970095449512,14.765977571603377,4.377203182122271,4.768685581400904,4.321635061310692,4.380963429271349,18.216020219960114,17.556018254397724,17.460359213363546,15.43812084831486,15.338281462841575,14.99573518342024,11.423961435328147,12.84475599430048,11.598585820628573,16.104826984475892,15.031660849326897,16.560572866456138,1.7019438658040587,4.907813792141583,1.6576610845310809,1.05849559719883,1.442893991835387,0.0,6.456588313356839,12.180106875866104,6.824244771714645,12.16757414661398,11.336231312784234,13.917956433806824,10.73465029910518,11.39054044952915,10.362837166531815,10.99784264346202,8.75440876589932,9.79466937555371,20.760309984197963,18.930736686526366,18.162134222237007,13.830229509261596,12.79838533510367,15.267265911694983,12.121620786398893,9.640093498330838,12.000470870596645,20.835496881235063,22.619072930429915,19.277440406810317,12.769142560885989,3.845453359288368,3.4861091087697993
4.01485748307398,4.01485748307398,4.007754697082857,7.17051775797891,7.249473383982503,8.879113866446072,1.578227336766606,1.6099798465089967,9.54248882685092,9.623112675228889,9.309389290363777,3.0793851332040387,2.687902733740013,3.1349532540349645,3.075624886053589,12.759431963468757,12.099429992653297,12.003770950878115,9.981532571370966,9.881693185243519,9.539146903620422,5.967373136504442,7.388167702184455,6.141997522568087,10.648238712044257,9.575072569754893,11.103984597253037,5.754644448488506,2.5487745229127388,7.114249396760707,6.398092716246533,6.0136943221440005,6.456588313356839,0.0,6.723518580470883,1.3676564589585058,6.71098585115931,5.87964301358356,8.461368147510317,5.278061997436162,5.933952150561327,4.906248863438947,5.541254342847866,3.297820457542077,4.338081070435157,15.303721750254926,13.47414843600044,12.705545965307556,8.373641222465057,7.341797042750801,9.810677633635036,6.665032490727012,4.18350519269257,6.543882574357804,15.378908648013889,17.162484715267905,13.820852159281898,7.31255426838438,9.302041666024703,8.942697416592368
9.738376055786066,9.738376055786066,9.731273269819507,1.4469991783211782,1.5259548044806532,3.15559529098326,7.301745916164057,7.3334984258418,3.8189702534812575,3.89959410213133,3.5858707162290018,8.802903708895961,8.41142131052613,8.858471829564264,8.79914346175645,7.035913403936276,6.375911429783317,6.280252387545768,4.258013999529527,4.158174613044556,3.815628330239563,1.756145445073618,1.6646491229653342,1.5815210587842317,4.924720142741198,3.8515539964947356,5.38046602983625,11.478163014289876,8.272293100065994,12.837767955922773,12.121611279041206,11.737212886764153,12.180106875866104,6.723518580470883,0.0,6.3558621220925176,1.0125327293326725,1.8438755681011219,2.737849570862714,2.44545658485737,1.789566431057886,2.817269719124181,2.182264239205555,4.425698125248444,3.385437512382496,9.580203205998693,7.75062988037256,6.982027405492929,2.6501226455817375,1.6182784634358898,4.087159061185353,1.0584860898415445,3.540013390161398,1.179636006406656,9.655390104267333,11.438966184592907,8.097333605656907,1.5890356890097141,15.025560212223136,14.666215965113032
4.3825139418396795,4.3825139418396795,4.375411155849413,6.802861299698087,6.881816925719695,8.511457408607896,1.945883795714768,1.9776363054562245,9.174832369214442,9.255456217618061,8.941732832654523,3.44704159206633,3.055559192632911,3.5026097128924425,3.443281344916203,12.391775507047198,11.73177353595045,11.63611449413587,9.613876113877158,9.514036727716624,9.171490445982887,5.599716677978312,7.020511243953867,5.774341064074157,10.280582254781082,9.207416112128751,10.736328140157221,6.122300906986633,2.916430981815118,7.481905854970162,6.765749174616744,6.381350780592509,6.824244771714645,1.3676564589585058,6.3558621220925176,0.0,6.343329392778319,5.511986555041688,8.093711689553693,4.910405538794205,5.566295692029166,4.5385924047419826,5.173597884248009,2.9301639986674757,3.9704246116642534,14.936065295072545,13.106491979902142,12.337889508862409,8.005984764484399,6.974140584509358,9.443021176084839,6.297376032336443,3.815848733903666,6.17622611594237,15.01125219287187,16.794828261146336,13.453195703347399,6.944897810136136,9.669698123623183,9.310353874303598
