0.0,2.4591300824530196,2.437419885608631,3.983578880268271,2.356699329949073,2.128842616300928,2.356699329949073,2.356699329949073,3.0737113774334492,3.0737113774334492,2.3403940123482707,59.625421717642126,59.625421717642126,59.625421717642126,61.482647040472656,59.625421717642126,59.625421717642126,60.651789314606404,60.651789314606404,60.651789314606404,32.66240456142951,33.022215398648,32.95242645272175,36.29469375021135,9.70623920290498,8.843817016896946,8.674926474491059,8.843817016896946,9.161112725454656,14.63914474018997,15.48470314372354,10.651110265360469,10.01384916134543,13.192268837793188,13.434806594782204,13.454042384712238,12.245543474770214,13.760979416383691,12.608509071139713,40.09643919678212,40.09476777895834,40.233077466082605,40.233077466082605,40.06677152426757,37.52198947370952,39.87288669972096,40.26065579926169,14.353433301934245,14.353433301934245,14.353433301934245,3.4747390319563767,2.689494194204478,4.274010355717799,4.274010355717799,10.24383667478043,3.751416732325622,10.24383667478043,10.24383667478043,5.900296174566644,3.6009090285100673,2.973790032466022,53.029065389742584,57.02288212913045,46.58666448421307,70.27266221842552,63.82353126886605,61.187733387313216,64.26630193000483,55.159687022384404,54.84218683057439,31.92397151507448,34.11793430516497,41.65209363152744,42.06993730434965,6.6402643305514815,1.890126439256465,2.0030131936201414,8.814135788403934,1.0464083412931904,11.348173662489252,13.781887983611654,2.943743389128059,8.015547212526695,11.862508135973135,13.618801328655204,11.619975951383408,12.903733660262587,14.923505450798087,13.740070855543914,36.68791551276093,37.89138571399192,37.757667848311485,38.50564880109652,38.10449802215071,41.01278787199121,35.041467121412275,35.11668643969157,18.838134048048175,18.22369433921615,15.887101109216422
2.4591300824530196,0.0,3.896549967754291,5.442708961742951,1.1024307525142087,1.330287466179623,1.1024307525142087,1.1024307525142087,1.6145812950745495,1.6145812950745495,1.1187360701165012,58.1662918842764,58.1662918842764,58.1662918842764,60.02351722340216,58.1662918842764,58.1662918842764,59.19265949018175,59.19265949018175,59.19265949018175,31.203274549836774,31.563085388717216,31.493296442467113,34.835563756283314,8.247109125115054,7.384686938144792,7.215796395563362,7.384686938144792,7.701982647043715,16.09827480746216,16.94383320915334,12.110240339905289,11.472979236835572,14.651398907974254,14.89393666449713,14.913172454389823,13.704673546688038,15.2201094854581,14.067639142407263,38.63730922345431,38.635637805620995,38.773947493535424,38.773947493535424,38.60764155077063,36.062859486195556,38.41375672512199,38.8015258268724,12.894303231225843,12.894303231225843,12.894303231225843,4.933869113690809,1.2303641117802002,2.814880273703653,2.814880273703653,8.78470659764604,2.292286650135207,8.78470659764604,8.78470659764604,4.441166093359342,2.141778946276372,1.5146599500880216,51.56993550269702,55.563752273803956,45.12753455105142,68.81353248553485,62.36440147307483,59.728603567620446,62.80717213833142,53.70055715196189,53.38305695763148,30.464841500131467,32.6588043004143,40.192963667252386,40.61080734256785,5.181134249840756,3.3492565215551044,3.462143275890846,7.355005709620626,2.4127217411646695,12.807303735931603,15.24101805264447,4.40287347109283,9.474677290593485,13.32163820855618,15.077931398010735,13.079106024376504,14.36286373098693,16.382635517462408,15.19920092465985,35.22878552086343,36.43225572845257,36.298537862054985,37.04651881888588,36.64536803775982,39.55365790395205,33.58233712116689,33.65755643981873,17.379003987210588,16.76456427684967,14.427971041547767
2.437419885608631,3.896549967754291,0.0,2.5461589949949475,3.794119215282031,3.5662625016988954,3.794119215282031,3.794119215282031,4.511131262512544,4.511131262512544,3.777813897686132,61.0628413455205,61.0628413455205,61.0628413455205,62.920066651907035,61.0628413455205,61.0628413455205,62.089208933460505,62.089208933460505,62.089208933460505,34.099824370562665,34.459635206068135,34.38984626047564,37.732113541177505,11.143659082085971,10.281236897207512,10.112346355010132,10.281236897207512,10.598532605362253,13.201724866663271,14.047283271833713,9.213690385509414,8.576429280697354,11.75484896170568,11.997386719102808,12.016622509065577,10.808123597171209,12.323559541266576,11.171089194104852,41.53385896665376,41.532187548839715,41.67049723515644,41.67049723515644,41.50419129431205,38.95940925809851,41.310306470891916,41.69807556817416,15.790853173160171,15.790853173160171,15.790853173160171,2.0373191465343483,4.126914079428912,5.7114302402044315,5.7114302402044315,11.681256553202399,5.188836617095983,11.681256553202399,11.681256553202399,7.337716057915869,5.038328913354769,4.411209917584982,54.466485071891576,58.46030177919102,48.024084213149024,71.71008174508101,65.26095085884468,62.62515300139295,65.70372151583364,56.59710668770886,56.27960649844864,33.3613913276636,35.555354107251276,43.08951339215329,43.50735706243134,8.077684213255646,1.547293446387584,1.4344066920201672,10.251555668751449,2.483828226896814,9.910753783577432,12.344468108531107,1.5063235035909721,6.578127329761237,10.425088257799489,12.181381453291099,10.182556072856904,11.46631378370066,13.486085577810313,12.302650980390293,38.12533530164392,39.32880549635788,39.19508763141207,39.943068580053904,39.54191780334039,42.45020763645986,36.47888691886578,36.55410623676222,20.275553908605477,19.661114201409017,17.32452097712477
3.983578880268271,5.442708961742951,2.5461589949949475,0.0,5.340278209328665,5.1124214958686105,5.340278209328665,5.340278209328665,6.0572902561188515,6.0572902561188515,5.323972891741844,62.60900004927736,62.60900004927736,62.60900004927736,64.4662253375427,62.60900004927736,62.60900004927736,63.635367627271016,63.635367627271016,63.635367627271016,35.64598327557564,36.00579410915458,35.93600516393735,39.27827242580188,12.689818067800822,11.827395884338564,11.65850534240486,11.827395884338564,12.144691591985834,11.655565881817939,12.501124288551829,7.667531394791587,7.030270289270866,10.208689974443324,10.451227732222865,10.470463522216356,9.261964608503856,10.777400554915362,9.624930205959657,43.08001782770099,43.07834640989782,43.21665609531365,43.21665609531365,43.05035015555215,40.505568135361884,42.85646533338892,43.24423442815138,17.337012149234113,17.337012149234113,17.337012149234113,1.5088398485018555,5.6730730732811825,7.257589232893465,7.257589232893465,13.2274155379754,6.734995610212115,13.2274155379754,13.2274155379754,8.883875049002086,6.584487906585974,5.95736891125748,56.01264383556326,60.00646050741523,49.570243028649884,73.25624033747395,66.80710952085543,64.17131168994291,67.24988017327736,58.14326543278627,57.825765246342755,34.90755023656626,37.10151300434479,44.635672242892454,45.05351591033639,9.623843203475394,3.093452441292962,2.980565686947854,11.797714655929164,4.029987221540242,8.364594793707287,10.798309122214352,2.03983549144513,5.031968336523335,8.878929268603379,10.635222466707372,8.636397083337817,9.920154795995309,11.939926593478344,10.756491994004689,39.67149418393582,40.874964371358985,40.74124650723461,41.4892274512453,41.088076677026514,43.99636649148163,38.02504581076061,38.10026512822768,21.821712872157573,21.20727316686375,18.8706799492724
2.356699329949073,1.1024307525142087,3.794119215282031,5.340278209328665,0.0,1.2278567136658045,1.0,1.0,1.7170120475864734,1.7170120475864734,1.0163053176023027,58.268722619706764,58.268722619706764,58.268722619706764,60.12594795770167,58.268722619706764,58.268722619706764,59.295090224991654,59.295090224991654,59.295090224991654,31.305705297589018,31.665516136355322,31.595727190127466,34.93799450282104,8.349539877352882,7.487117690444104,7.318227147873809,7.487117690444104,7.804413399321305,15.995844056119834,16.84140245794629,12.007809588024372,11.37054848488381,14.548968156417546,14.79150591297485,14.8107417028703,13.60224279500275,15.117678733983078,13.965208390770174,38.73973996857264,38.73806855073999,38.87637823859991,38.87637823859991,38.71007229590063,36.16529023229166,38.516187470327985,38.903956571926,12.996733982999231,12.996733982999231,12.996733982999231,4.831438361254713,1.3327948642940113,2.917311026199817,2.917311026199817,8.88713734984163,2.3947174026400693,8.88713734984163,8.88713734984163,4.543596845810303,2.244209698783214,1.6170907026005836,51.67236624184931,55.66618301075764,45.229965293395736,68.91596321398676,62.466832205897,59.831034302101955,62.909602870867616,53.802987889962225,53.48548769580651,30.567272248113706,32.76123504769646,40.29539441174616,40.71323808688953,5.283565002262062,3.246825769068256,3.359712523406752,7.457436461921916,2.3102909886600567,12.704872984132981,15.138587301172514,4.30044271863683,9.37224653844679,13.219207456821497,14.975500646514977,12.976675272611331,14.260432979390055,16.28020476616475,15.096770173181767,35.33121626726138,36.53468647441264,36.40096860806446,37.14894956461661,36.74779878364078,39.65608864870557,33.684767868139275,33.75998718676549,17.481434738322584,16.86699502806468,14.530401793118555
2.128842616300928,1.330287466179623,3.5662625016988954,5.1124214958686105,1.2278567136658045,0.0,1.2278567136658045,1.2278567136658045,1.9448687612444635,1.9448687612444635,1.2115513960635418,58.496579295151484,58.496579295151484,58.496579295151484,60.3538046306237,58.496579295151484,58.496579295151484,59.52294689905229,59.52294689905229,59.52294689905229,31.533562000546414,31.89337283905745,31.823583892879334,35.165851203062914,8.577396590375885,7.714974403607158,7.54608386106228,7.714974403607158,8.032270112434833,15.767987345003739,16.613545747127915,11.77995287572539,11.14269177242967,14.321111444830086,14.563649201463045,14.582884991364558,13.37438608313287,14.88982202257516,13.73735167900614,38.9675966656426,38.96592524781142,39.10423493554959,39.10423493554959,38.937928992996646,36.39314693154644,38.7440441675938,39.131813268851346,13.22459069497139,13.22459069497139,13.22459069497139,4.603581647748072,1.560651577957664,3.145167739818177,3.145167739818177,9.114994062768629,2.62257411627977,9.114994062768629,9.114994062768629,4.771453559321916,2.4720664124278926,1.8449474162603745,51.90022292559855,55.89403968960094,45.45782198427018,69.14381987386737,62.69468887552377,60.05889097542999,63.13745953985662,54.03084457114085,53.71334437737496,30.79512895158554,32.989091749602636,40.52325110742086,40.94109478217983,5.511421715704887,3.0189690554547544,3.131855809798948,7.685293175089485,2.082434275010607,12.477016272014414,14.91073058977134,4.072586005087935,9.144389825566629,12.991350744843206,14.747643935061479,12.748818560566136,14.03257626771434,16.05234805514695,14.868913461767114,35.55907296719083,36.76254317336345,36.628825307125666,37.376806263054874,36.97565548241476,39.883945344960495,33.912624569352836,33.98784388792176,17.709291448806407,17.094851738779973,14.758258504634181
2.356699329949073,1.1024307525142087,3.794119215282031,5.340278209328665,1.0,1.2278567136658045,0.0,1.0,1.7170120475864734,1.7170120475864734,1.0163053176023027,58.268722619706764,58.268722619706764,58.268722619706764,60.12594795770167,58.268722619706764,58.268722619706764,59.295090224991654,59.295090224991654,59.295090224991654,31.305705297589018,31.665516136355322,31.595727190127466,34.93799450282104,8.349539877352882,7.487117690444104,7.318227147873809,7.487117690444104,7.804413399321305,15.995844056119834,16.84140245794629,12.007809588024372,11.37054848488381,14.548968156417546,14.79150591297485,14.8107417028703,13.60224279500275,15.117678733983078,13.965208390770174,38.73973996857264,38.73806855073999,38.87637823859991,38.87637823859991,38.71007229590063,36.16529023229166,38.516187470327985,38.903956571926,12.996733982999231,12.996733982999231,12.996733982999231,4.831438361254713,1.3327948642940113,2.917311026199817,2.917311026199817,8.88713734984163,2.3947174026400693,8.88713734984163,8.88713734984163,4.543596845810303,2.244209698783214,1.6170907026005836,51.67236624184931,55.66618301075764,45.229965293395736,68.91596321398676,62.466832205897,59.831034302101955,62.909602870867616,53.802987889962225,53.48548769580651,30.567272248113706,32.76123504769646,40.29539441174616,40.71323808688953,5.283565002262062,3.246825769068256,3.359712523406752,7.457436461921916,2.3102909886600567,12.704872984132981,15.138587301172514,4.30044271863683,9.37224653844679,13.219207456821497,14.975500646514977,12.976675272611331,14.260432979390055,16.28020476616475,15.096770173181767,35.33121626726138,36.53468647441264,36.40096860806446,37.14894956461661,36.74779878364078,39.65608864870557,33.684767868139275,33.75998718676549,17.481434738322584,16.86699502806468,14.530401793118555
2.356699329949073,1.1024307525142087,3.794119215282031,5.340278209328665,1.0,1.2278567136658045,1.0,0.0,1.7170120475864734,1.7170120475864734,1.0163053176023027,58.268722619706764,58.268722619706764,58.268722619706764,60.12594795770167,58.268722619706764,58.268722619706764,59.295090224991654,59.295090224991654,59.295090224991654,31.305705297589018,31.665516136355322,31.595727190127466,34.93799450282104,8.349539877352882,7.487117690444104,7.318227147873809,7.487117690444104,7.804413399321305,15.995844056119834,16.84140245794629,12.007809588024372,11.37054848488381,14.548968156417546,14.79150591297485,14.8107417028703,13.60224279500275,15.117678733983078,13.965208390770174,38.73973996857264,38.73806855073999,38.87637823859991,38.87637823859991,38.71007229590063,36.16529023229166,38.516187470327985,38.903956571926,12.996733982999231,12.996733982999231,12.996733982999231,4.831438361254713,1.3327948642940113,2.917311026199817,2.917311026199817,8.88713734984163,2.3947174026400693,8.88713734984163,8.88713734984163,4.543596845810303,2.244209698783214,1.6170907026005836,51.67236624184931,55.66618301075764,45.229965293395736,68.91596321398676,62.466832205897,59.831034302101955,62.909602870867616,53.802987889962225,53.48548769580651,30.567272248113706,32.76123504769646,40.29539441174616,40.71323808688953,5.283565002262062,3.246825769068256,3.359712523406752,7.457436461921916,2.3102909886600567,12.704872984132981,15.138587301172514,4.30044271863683,9.37224653844679,13.219207456821497,14.975500646514977,12.976675272611331,14.260432979390055,16.28020476616475,15.096770173181767,35.33121626726138,36.53468647441264,36.40096860806446,37.14894956461661,36.74779878364078,39.65608864870557,33.684767868139275,33.75998718676549,17.481434738322584,16.86699502806468,14.530401793118555
3.0737113774334492,1.6145812950745495,4.511131262512544,6.0572902561188515,1.7170120475864734,1.9448687612444635,1.7170120475864734,1.7170120475864734,0.0,1.0,1.7333173651883418,57.55171069042923,57.55171069042923,57.55171069042923,59.408936036298705,57.55171069042923,57.55171069042923,58.57807830003435,58.57807830003435,58.57807830003435,30.588693282660145,30.948504122217383,30.878715175835367,34.22098249631269,7.632527831537117,6.7701056442172,6.601215101572726,6.7701056442172,7.087401353239373,16.712856095168696,17.558414496029325,12.72482163093227,12.087560528301827,15.265980196999326,15.508517953310218,15.52775374318594,14.319254836505696,15.83469077398036,14.682220431927611,38.022727971915224,38.021056554078,38.159366242316324,38.159366242316324,37.993060299162224,35.44827822884736,37.799175473061915,38.18694457571803,12.27972194033086,12.27972194033086,12.27972194033086,5.548450408208941,1.3842171832971029,2.200298978696889,2.200298978696889,8.170125304309536,1.6777053550879075,8.170125304309536,8.170125304309536,3.8265847985875174,1.5271976512205518,1.0999213449881278,50.95535428666556,54.94917107087486,44.512953316011554,68.19895133332071,61.74982029478314,59.11402237943153,62.19259096174558,53.08597594279457,52.768475747423075,29.850260231591335,32.04422303602562,39.57838241942596,39.99622609576462,4.566552955230357,3.9638378164130934,4.0767245707297874,6.740424415681826,3.0273030361501316,13.421885026449266,15.855599341147869,5.017454765742233,10.089258583273917,13.936219498678732,15.692512686660582,13.69368731468741,14.977445020259442,16.997216804894563,15.813782213200954,34.61420426172272,35.81767447191225,35.683956605221226,36.43193756370798,36.03078678168949,38.939076654581406,32.96775585861624,33.04297517742016,16.76442270018388,16.149982989218636,13.813389751834192
3.0737113774334492,1.6145812950745495,4.511131262512544,6.0572902561188515,1.7170120475864734,1.9448687612444635,1.7170120475864734,1.7170120475864734,1.0,0.0,1.7333173651883418,57.55171069042923,57.55171069042923,57.55171069042923,59.408936036298705,57.55171069042923,57.55171069042923,58.57807830003435,58.57807830003435,58.57807830003435,30.588693282660145,30.948504122217383,30.878715175835367,34.22098249631269,7.632527831537117,6.7701056442172,6.601215101572726,6.7701056442172,7.087401353239373,16.712856095168696,17.558414496029325,12.72482163093227,12.087560528301827,15.265980196999326,15.508517953310218,15.52775374318594,14.319254836505696,15.83469077398036,14.682220431927611,38.022727971915224,38.021056554078,38.159366242316324,38.159366242316324,37.993060299162224,35.44827822884736,37.799175473061915,38.18694457571803,12.27972194033086,12.27972194033086,12.27972194033086,5.548450408208941,1.3842171832971029,2.200298978696889,2.200298978696889,8.170125304309536,1.6777053550879075,8.170125304309536,8.170125304309536,3.8265847985875174,1.5271976512205518,1.0999213449881278,50.95535428666556,54.94917107087486,44.512953316011554,68.19895133332071,61.74982029478314,59.11402237943153,62.19259096174558,53.08597594279457,52.768475747423075,29.850260231591335,32.04422303602562,39.57838241942596,39.99622609576462,4.566552955230357,3.9638378164130934,4.0767245707297874,6.740424415681826,3.0273030361501316,13.421885026449266,15.855599341147869,5.017454765742233,10.089258583273917,13.936219498678732,15.692512686660582,13.69368731468741,14.977445020259442,16.997216804894563,15.813782213200954,34.61420426172272,35.81767447191225,35.683956605221226,36.43193756370798,36.03078678168949,38.939076654581406,32.96775585861624,33.04297517742016,16.76442270018388,16.149982989218636,13.813389751834192
2.3403940123482707,1.1187360701165012,3.777813897686132,5.323972891741844,1.0163053176023027,1.2115513960635418,1.0163053176023027,1.0163053176023027,1.7333173651883418,1.7333173651883418,0.0,58.28502793458397,58.28502793458397,58.28502793458397,60.142253272398676,58.28502793458397,58.28502793458397,59.311395539770004,59.311395539770004,59.311395539770004,31.322010614430322,31.681821453178426,31.61203250695411,34.95429981946865,8.36584519491047,7.503423008011563,7.334532465443057,7.503423008011563,7.820718716885275,15.979538738702606,16.825097140550522,11.9915042705218,11.354243167370026,14.532662838966331,14.775200595529094,14.794436385424982,13.585937477531164,15.101373416544815,13.948903073306226,38.756045284993945,38.75437386716139,38.89268355501263,38.89268355501263,38.72637761232379,36.18159554886884,38.53249278676326,38.92026188833699,13.01303930048243,13.01303930048243,13.01303930048243,4.815133043664467,1.349100181896218,2.933616343799059,2.933616343799059,8.903442667392442,2.4110227202407475,8.903442667392442,8.903442667392442,4.5599021634021915,2.2605150163842223,1.6333960202025637,51.68867155731965,55.68248832587763,45.246270609374825,68.93226852775207,62.4831375203586,59.84733961682797,62.92590818528368,53.819293205248975,53.501793011121116,30.583577564991696,32.777540364462794,40.311699728067886,40.72954340318383,5.299870319849156,3.2305204514700887,3.343407205809012,7.473741779489694,2.2939856710591533,12.68856766664344,15.122281983734737,4.28413740104347,9.355941220902169,13.202902139342088,14.959195329073427,12.960369955127089,14.24412766193248,16.263899448754604,15.080464855743015,35.34752158388671,36.550991790968155,36.41727392462784,37.16525488113554,36.76410410018366,39.67239396506869,33.701073184856206,33.77629250347834,17.497740055700067,16.883300345458615,14.546707110569354
59.625421717642126,58.1662918842764,61.0628413455205,62.60900004927736,58.268722619706764,58.496579295151484,58.268722619706764,58.268722619706764,57.55171069042923,57.55171069042923,58.28502793458397,0.0,1.0,1.0,2.85722566050111,1.0,1.0,2.0263677809922083,2.0263677809922083,2.0263677809922083,27.963019714240072,27.603208871670358,27.672997818695205,24.330730435786528,50.9191838136196,51.781605891064586,51.95049641169224,51.781605891064586,51.464310222963,73.2645635195635,74.11012170472829,69.27653001772978,68.63926906048256,71.81768798103515,72.06022567789202,72.07946146303807,70.87096284940695,72.38639841807796,71.23392835768783,20.52898481052694,20.530656228448365,20.392346533187546,20.392346533187546,20.558652484772118,23.103434664092504,20.75253732049848,20.364768198372325,46.27199022338714,46.27199022338714,46.27199022338714,62.10016029826569,57.9359278106955,56.35141190319566,56.35141190319566,50.38158640717888,56.87400544445837,50.38158640717888,50.38158640717888,54.72512632955159,57.02451312431976,57.651632019106586,7.59635735860868,3.6025400265815573,14.038759017228374,11.647242720128197,5.198110344250888,2.5623119523276845,5.640881095251919,5.46573542179664,5.783235660671798,28.701452769146176,26.507489944075267,18.973330277621283,18.55548657595422,53.98515827993472,60.51554799874291,60.62843473271336,51.811287115742516,59.579013384465775,69.97359325156803,72.40730698006551,61.5691647553379,66.64096755631796,70.48792760272498,72.24422036591561,70.2453954760128,71.52915287458816,73.5489241572054,72.36548986247598,23.937508658779773,22.734038407532985,22.867756279200226,22.119775291546762,22.52092608961079,19.61263607925826,25.58395710446885,25.50873778406164,41.78728984626189,42.401729511631466,44.73832255578473
59.625421717642126,58.1662918842764,61.0628413455205,62.60900004927736,58.268722619706764,58.496579295151484,58.268722619706764,58.268722619706764,57.55171069042923,57.55171069042923,58.28502793458397,1.0,0.0,1.0,2.85722566050111,1.0,1.0,2.0263677809922083,2.0263677809922083,2.0263677809922083,27.963019714240072,27.603208871670358,27.672997818695205,24.330730435786528,50.9191838136196,51.781605891064586,51.95049641169224,51.781605891064586,51.464310222963,73.2645635195635,74.11012170472829,69.27653001772978,68.63926906048256,71.81768798103515,72.06022567789202,72.07946146303807,70.87096284940695,72.38639841807796,71.23392835768783,20.52898481052694,20.530656228448365,20.392346533187546,20.392346533187546,20.558652484772118,23.103434664092504,20.75253732049848,20.364768198372325,46.27199022338714,46.27199022338714,46.27199022338714,62.10016029826569,57.9359278106955,56.35141190319566,56.35141190319566,50.38158640717888,56.87400544445837,50.38158640717888,50.38158640717888,54.72512632955159,57.02451312431976,57.651632019106586,7.59635735860868,3.6025400265815573,14.038759017228374,11.647242720128197,5.198110344250888,2.5623119523276845,5.640881095251919,5.46573542179664,5.783235660671798,28.701452769146176,26.507489944075267,18.973330277621283,18.55548657595422,53.98515827993472,60.51554799874291,60.62843473271336,51.811287115742516,59.579013384465775,69.97359325156803,72.40730698006551,61.5691647553379,66.64096755631796,70.48792760272498,72.24422036591561,70.2453954760128,71.52915287458816,73.5489241572054,72.36548986247598,23.937508658779773,22.734038407532985,22.867756279200226,22.119775291546762,22.52092608961079,19.61263607925826,25.58395710446885,25.50873778406164,41.78728984626189,42.401729511631466,44.73832255578473
59.625421717642126,58.1662918842764,61.0628413455205,62.60900004927736,58.268722619706764,58.496579295151484,58.268722619706764,58.268722619706764,57.55171069042923,57.55171069042923,58.28502793458397,1.0,1.0,0.0,2.85722566050111,1.0,1.0,2.0263677809922083,2.0263677809922083,2.0263677809922083,27.963019714240072,27.603208871670358,27.672997818695205,24.330730435786528,50.9191838136196,51.781605891064586,51.95049641169224,51.781605891064586,51.464310222963,73.2645635195635,74.11012170472829,69.27653001772978,68.63926906048256,71.81768798103515,72.06022567789202,72.07946146303807,70.87096284940695,72.38639841807796,71.23392835768783,20.52898481052694,20.530656228448365,20.392346533187546,20.392346533187546,20.558652484772118,23.103434664092504,20.75253732049848,20.364768198372325,46.27199022338714,46.27199022338714,46.27199022338714,62.10016029826569,57.9359278106955,56.35141190319566,56.35141190319566,50.38158640717888,56.87400544445837,50.38158640717888,50.38158640717888,54.72512632955159,57.02451312431976,57.651632019106586,7.59635735860868,3.6025400265815573,14.038759017228374,11.647242720128197,5.198110344250888,2.5623119523276845,5.640881095251919,5.46573542179664,5.783235660671798,28.701452769146176,26.507489944075267,18.973330277621283,18.55548657595422,53.98515827993472,60.51554799874291,60.62843473271336,51.811287115742516,59.579013384465775,69.97359325156803,72.40730698006551,61.5691647553379,66.64096755631796,70.48792760272498,72.24422036591561,70.2453954760128,71.52915287458816,73.5489241572054,72.36548986247598,23.937508658779773,22.734038407532985,22.867756279200226,22.119775291546762,22.52092608961079,19.61263607925826,25.58395710446885,25.50873778406164,41.78728984626189,42.401729511631466,44.73832255578473
61.482647040472656,60.02351722340216,62.920066651907035,64.4662253375427,60.12594795770167,60.3538046306237,60.12594795770167,60.12594795770167,59.408936036298705,59.408936036298705,60.142253272398676,2.85722566050111,2.85722566050111,2.85722566050111,0.0,2.85722566050111,2.85722566050111,1.8308578795906545,1.8308578795906545,1.8308578795906545,29.8202453004766,29.460434459809797,29.530223406467485,26.18795604010357,52.776409227744125,53.63883129678254,53.807721815747506,53.63883129678254,53.32153563179014,75.12178867075276,75.96734684412955,71.13375522271323,70.49649427378601,73.67491315208525,73.91745084564022,73.93668663052392,72.72818803324046,74.24362358136828,73.09115353664015,22.38621043108052,22.38788184899541,22.24957215427347,22.24957215427347,22.41587810520964,24.960660273951703,22.609762940173436,22.221993819565256,48.12921568039699,48.12921568039699,48.12921568039699,63.957385592544256,59.79315315235733,58.208637262030955,58.208637262030955,52.23881182647281,58.73123079768185,52.23881182647281,52.23881182647281,56.582351705521944,58.88173847591747,59.50885736388447,9.453583013768467,5.459765685970405,15.895984659138737,9.79001706860895,3.3408846846922344,1.294913708217599,3.7836554359897896,7.322961079592416,7.640461318129839,30.55867835140036,28.364715537858082,20.83055590402545,20.412712203851296,55.84238366353681,62.37277331143621,62.48566004411041,53.668512521168665,61.43623870782074,71.8308184473636,74.26453214306939,63.426390055839704,68.49819279521758,72.34515279168284,74.10144553115155,72.10262066820113,73.38637804955208,75.4061493044453,74.22271502605264,25.794734264903706,24.59126401900419,24.724981890090895,23.977000905641052,24.378151702000178,21.469861703313885,27.441182702831043,27.365963382789666,43.64451534079209,44.258955001245745,46.595548026053194
59.625421717642126,58.1662918842764,61.0628413455205,62.60900004927736,58.268722619706764,58.496579295151484,58.268722619706764,58.268722619706764,57.55171069042923,57.55171069042923,58.28502793458397,1.0,1.0,1.0,2.85722566050111,0.0,1.0,2.0263677809922083,2.0263677809922083,2.0263677809922083,27.963019714240072,27.603208871670358,27.672997818695205,24.330730435786528,50.9191838136196,51.781605891064586,51.95049641169224,51.781605891064586,51.464310222963,73.2645635195635,74.11012170472829,69.27653001772978,68.63926906048256,71.81768798103515,72.06022567789202,72.07946146303807,70.87096284940695,72.38639841807796,71.23392835768783,20.52898481052694,20.530656228448365,20.392346533187546,20.392346533187546,20.558652484772118,23.103434664092504,20.75253732049848,20.364768198372325,46.27199022338714,46.27199022338714,46.27199022338714,62.10016029826569,57.9359278106955,56.35141190319566,56.35141190319566,50.38158640717888,56.87400544445837,50.38158640717888,50.38158640717888,54.72512632955159,57.02451312431976,57.651632019106586,7.59635735860868,3.6025400265815573,14.038759017228374,11.647242720128197,5.198110344250888,2.5623119523276845,5.640881095251919,5.46573542179664,5.783235660671798,28.701452769146176,26.507489944075267,18.973330277621283,18.55548657595422,53.98515827993472,60.51554799874291,60.62843473271336,51.811287115742516,59.579013384465775,69.97359325156803,72.40730698006551,61.5691647553379,66.64096755631796,70.48792760272498,72.24422036591561,70.2453954760128,71.52915287458816,73.5489241572054,72.36548986247598,23.937508658779773,22.734038407532985,22.867756279200226,22.119775291546762,22.52092608961079,19.61263607925826,25.58395710446885,25.50873778406164,41.78728984626189,42.401729511631466,44.73832255578473
59.625421717642126,58.1662918842764,61.0628413455205,62.60900004927736,58.268722619706764,58.496579295151484,58.268722619706764,58.268722619706764,57.55171069042923,57.55171069042923,58.28502793458397,1.0,1.0,1.0,2.85722566050111,1.0,0.0,2.0263677809922083,2.0263677809922083,2.0263677809922083,27.963019714240072,27.603208871670358,27.672997818695205,24.330730435786528,50.9191838136196,51.781605891064586,51.95049641169224,51.781605891064586,51.464310222963,73.2645635195635,74.11012170472829,69.27653001772978,68.63926906048256,71.81768798103515,72.06022567789202,72.07946146303807,70.87096284940695,72.38639841807796,71.23392835768783,20.52898481052694,20.530656228448365,20.392346533187546,20.392346533187546,20.558652484772118,23.103434664092504,20.75253732049848,20.364768198372325,46.27199022338714,46.27199022338714,46.27199022338714,62.10016029826569,57.9359278106955,56.35141190319566,56.35141190319566,50.38158640717888,56.87400544445837,50.38158640717888,50.38158640717888,54.72512632955159,57.02451312431976,57.651632019106586,7.59635735860868,3.6025400265815573,14.038759017228374,11.647242720128197,5.198110344250888,2.5623119523276845,5.640881095251919,5.46573542179664,5.783235660671798,28.701452769146176,26.507489944075267,18.973330277621283,18.55548657595422,53.98515827993472,60.51554799874291,60.62843473271336,51.811287115742516,59.579013384465775,69.97359325156803,72.40730698006551,61.5691647553379,66.64096755631796,70.48792760272498,72.24422036591561,70.2453954760128,71.52915287458816,73.5489241572054,72.36548986247598,23.937508658779773,22.734038407532985,22.867756279200226,22.119775291546762,22.52092608961079,19.61263607925826,25.58395710446885,25.50873778406164,41.78728984626189,42.401729511631466,44.73832255578473
60.651789314606404,59.19265949018175,62.089208933460505,63.635367627271016,59.295090224991654,59.52294689905229,59.295090224991654,59.295090224991654,58.57807830003435,58.57807830003435,59.311395539770004,2.0263677809922083,2.0263677809922083,2.0263677809922083,1.8308578795906545,2.0263677809922083,2.0263677809922083,0.0,1.0,1.0,28.98938745537796,28.62957661384402,28.699365560669037,25.35709818675645,51.94555146065289,52.80797353349006,52.976864053206285,52.80797353349006,52.490677867092764,74.29093102227318,75.1364892009607,70.30289754999247,69.66563659731513,72.84405549465693,73.08659318969973,73.10582897470165,71.89733037005163,73.41276592743642,72.26029587565095,21.555352570302386,21.557023988220273,21.41871429325117,21.41871429325117,21.58502024448474,24.12980241807119,21.778905079798207,21.391135958493877,47.29835789391578,47.29835789391578,47.29835789391578,63.126527879560065,58.96229541799222,57.3777795199133,57.3777795199133,51.4079540570453,57.90037305809772,51.4079540570453,51.4079540570453,55.751493955667065,58.05088073706729,58.67799962811285,8.62272513693945,4.628907807073652,15.065126788520631,10.620874944568358,4.17174256396431,1.5359441713798354,4.6145133151487014,6.4921032014903615,6.809603440192852,29.727820508115784,27.533857689319426,19.999698040561498,19.58185433970107,55.01152591023519,61.54191559014418,61.65480232340324,52.83765475800805,60.605380981717815,70.99996077878384,73.43367448926664,62.595532340048095,67.66733510720789,71.51429512618469,73.27058787634304,71.2717630012471,72.55552039036016,74.57529165774504,73.39185737199178,24.963876410730933,23.76040616238626,23.894124033738567,23.146143047822605,23.5472938449621,20.639003840928723,26.610324852203078,26.535105531994727,42.81365753732818,43.4280972000081,45.764690233573035
60.651789314606404,59.19265949018175,62.089208933460505,63.635367627271016,59.295090224991654,59.52294689905229,59.295090224991654,59.295090224991654,58.57807830003435,58.57807830003435,59.311395539770004,2.0263677809922083,2.0263677809922083,2.0263677809922083,1.8308578795906545,2.0263677809922083,2.0263677809922083,1.0,0.0,1.0,28.98938745537796,28.62957661384402,28.699365560669037,25.35709818675645,51.94555146065289,52.80797353349006,52.976864053206285,52.80797353349006,52.490677867092764,74.29093102227318,75.1364892009607,70.30289754999247,69.66563659731513,72.84405549465693,73.08659318969973,73.10582897470165,71.89733037005163,73.41276592743642,72.26029587565095,21.555352570302386,21.557023988220273,21.41871429325117,21.41871429325117,21.58502024448474,24.12980241807119,21.778905079798207,21.391135958493877,47.29835789391578,47.29835789391578,47.29835789391578,63.126527879560065,58.96229541799222,57.3777795199133,57.3777795199133,51.4079540570453,57.90037305809772,51.4079540570453,51.4079540570453,55.751493955667065,58.05088073706729,58.67799962811285,8.62272513693945,4.628907807073652,15.065126788520631,10.620874944568358,4.17174256396431,1.5359441713798354,4.6145133151487014,6.4921032014903615,6.809603440192852,29.727820508115784,27.533857689319426,19.999698040561498,19.58185433970107,55.01152591023519,61.54191559014418,61.65480232340324,52.83765475800805,60.605380981717815,70.99996077878384,73.43367448926664,62.595532340048095,67.66733510720789,71.51429512618469,73.27058787634304,71.2717630012471,72.55552039036016,74.57529165774504,73.39185737199178,24.963876410730933,23.76040616238626,23.894124033738567,23.146143047822605,23.5472938449621,20.639003840928723,26.610324852203078,26.535105531994727,42.81365753732818,43.4280972000081,45.764690233573035
60.651789314606404,59.19265949018175,62.089208933460505,63.635367627271016,59.295090224991654,59.52294689905229,59.295090224991654,59.295090224991654,58.57807830003435,58.57807830003435,59.311395539770004,2.0263677809922083,2.0263677809922083,2.0263677809922083,1.8308578795906545,2.0263677809922083,2.0263677809922083,1.0,1.0,0.0,28.98938745537796,28.62957661384402,28.699365560669037,25.35709818675645,51.94555146065289,52.80797353349006,52.976864053206285,52.80797353349006,52.490677867092764,74.29093102227318,75.1364892009607,70.30289754999247,69.66563659731513,72.84405549465693,73.08659318969973,73.10582897470165,71.89733037005163,73.41276592743642,72.26029587565095,21.555352570302386,21.557023988220273,21.41871429325117,21.41871429325117,21.58502024448474,24.12980241807119,21.778905079798207,21.391135958493877,47.29835789391578,47.29835789391578,47.29835789391578,63.126527879560065,58.96229541799222,57.3777795199133,57.3777795199133,51.4079540570453,57.90037305809772,51.4079540570453,51.4079540570453,55.751493955667065,58.05088073706729,58.67799962811285,8.62272513693945,4.628907807073652,15.065126788520631,10.620874944568358,4.17174256396431,1.5359441713798354,4.6145133151487014,6.4921032014903615,6.809603440192852,29.727820508115784,27.533857689319426,19.999698040561498,19.58185433970107,55.01152591023519,61.54191559014418,61.65480232340324,52.83765475800805,60.605380981717815,70.99996077878384,73.43367448926664,62.595532340048095,67.66733510720789,71.51429512618469,73.27058787634304,71.2717630012471,72.55552039036016,74.57529165774504,73.39185737199178,24.963876410730933,23.76040616238626,23.894124033738567,23.146143047822605,23.5472938449621,20.639003840928723,26.610324852203078,26.535105531994727,42.81365753732818,43.4280972000081,45.764690233573035
32.66240456142951,31.203274549836774,34.099824370562665,35.64598327557564,31.305705297589018,31.533562000546414,31.305705297589018,31.305705297589018,30.588693282660145,30.588693282660145,31.322010614430322,27.963019714240072,27.963019714240072,27.963019714240072,29.8202453004766,27.963019714240072,27.963019714240072,28.98938745537796,28.98938745537796,28.98938745537796,0.0,1.3598108558083704,1.2900219062436578,4.632289395701029,23.956165680142135,24.818587845147874,24.987478383161044,24.818587845147874,24.501292144595006,46.30154830984059,47.147106632332026,42.313514186495624,41.676253133941145,44.85467254082996,45.09721027592552,45.11644606411114,43.90794726146994,45.42338306778808,44.270912826101906,8.434035104661277,8.432363686711831,8.570673384265413,8.570673384265413,8.404367429917547,5.859585198779953,8.210482590873116,8.59825171953148,19.308971653130822,19.308971653130822,19.308971653130822,35.13714345761125,30.972910448648904,29.38839435518537,29.38839435518537,23.41856822014946,29.9109879570236,23.41856822014946,23.41856822014946,27.762108597806343,30.06149565446915,30.688614623189526,21.366662541854108,25.36047977557817,14.924260948491904,38.610261878221,32.161129876939334,29.525331604737147,32.60390060593045,23.497284431738347,23.1797842006558,1.738433083193673,2.4555298215192103,9.989689660299565,10.407533366932253,27.022140466981387,33.55253095410848,33.665417702383806,24.848269072875528,32.61599622249511,43.01057752584964,45.444291633098125,34.606147845568096,39.677951338078664,43.524911955709285,45.28120499306446,43.282379791795584,44.56613738910046,46.585908993448705,45.40247450886482,5.025511183216259,6.228981463971326,6.095263589222966,6.843244593476721,6.4420937867019585,9.350383850130466,3.37906269067922,3.454282013389836,14.824270910617363,15.438710622786312,17.775303854367696
33.022215398648,31.563085388717216,34.459635206068135,36.00579410915458,31.665516136355322,31.89337283905745,31.665516136355322,31.665516136355322,30.948504122217383,30.948504122217383,31.681821453178426,27.603208871670358,27.603208871670358,27.603208871670358,29.460434459809797,27.603208871670358,27.603208871670358,28.62957661384402,28.62957661384402,28.62957661384402,1.3598108558083704,0.0,1.0697889495650852,4.272478540111465,24.31597652612715,25.17839869038787,25.347289228251956,25.17839869038787,24.861102990112272,46.66135912778063,47.506917448854665,42.673325010771414,42.03606395917587,45.21448336113529,45.45702109583966,45.47625688399417,44.26775808328187,45.78319388717275,44.63072364734006,8.074224249821395,8.072552831871501,8.210862529462396,8.210862529462396,8.044556575069748,5.499774343374164,7.850671735974399,8.238440864735985,19.66878250266275,19.66878250266275,19.66878250266275,35.496954291833816,31.33272128778465,29.74820519602474,29.74820519602474,23.778379066585153,30.2707987973112,23.778379066585153,23.778379066585153,28.121919440299088,30.421306494596,31.048425462637674,21.006851693560556,25.00066893055737,14.564450096164347,38.250451048300555,31.80131903885359,29.16552076375962,32.24408976835582,23.13747358511715,22.819973353774717,2.098243938987122,2.0957189657401907,9.629878805920136,10.047722512691719,27.381951310194506,33.91234179027504,34.02522853841491,25.2080799180894,32.97580705976766,43.3703883490596,45.804102452448724,34.96595868045227,40.03776216622484,43.88472277812153,45.6410158126804,43.642190614585196,44.92594820986841,46.94571981091496,45.762285328283554,4.665700327679533,5.869170608631721,5.735452733858822,6.483433738258306,6.082282931402821,8.990572995551002,3.0192518349592667,3.094471157676077,15.184081762823299,15.798521474669412,18.135114704896893
