0.0,1.0,1.0,1.0,1.0,1.0,1.0,5.987218877602699,5.822530670970173,5.778223623858216,6.224218722940938,4.668866129588667,4.487036791516859,5.822530670970173,2.271188034798829,3.9448898969425494,7.691760331815962,3.9448898969425494,2.625243765988364,3.9448898969425494,1.8343635042837763,2.5161429626457004,2.7414505606070865,2.711771865637739,3.674441844779737,3.176179265112116,3.251838497850919,3.343799883567433,3.230520158970019,3.3492339615814033,3.1389766282752856,5.001591667254027,5.001591667254027,20.706643927829496,20.706643927829496,15.592555690890421,25.837423065225284,25.837423065225284,21.373581649376053,6.406879419236074,7.762398823449507,7.762398823449507,21.271972536074024,16.929264780690048,21.179980876370273,17.88550653966067,20.58120182239031,2.9019660962134144,2.9345707683728577,2.9345707683728577,3.1912275169605526,4.466136836637723,3.1912275169605526,5.640704398666388,3.3249896101801966,3.3626101517835774,5.176731721145571,5.210171298603166,5.147472077459693,5.816260807558833,4.91339447755899,4.779635489503182,4.361636966483248,4.428516901768999,1.8937333158043372,2.254885542607086,4.100945118829497,2.254885542607086,2.3033998225343346,2.254885542607086,7.149638829444183,7.208156391937116,9.369091329628604,7.839306920767667,6.614618794673388,6.317848065252713,4.905034548463538,6.806892101250275,4.578996517140629,5.640704398666388,4.55391660422545,4.846515016213509,4.846515016213509,14.690699466632948,14.866303362914199,17.35825483984173,21.259428211562334,20.55694970853188,15.242598943750918,8.675258923723646,1.1596835821591922,5.965425711770933,19.269091180545036,18.03979428432802,19.57014684774099,19.791758115682203,12.980675560012775,1.0953087030674569,1.067719260973452,2.2716060473669906
1.0,0.0,1.0,1.0,1.0,1.0,1.0,5.987218877602699,5.822530670970173,5.778223623858216,6.224218722940938,4.668866129588667,4.487036791516859,5.822530670970173,2.271188034798829,3.9448898969425494,7.691760331815962,3.9448898969425494,2.625243765988364,3.9448898969425494,1.8343635042837763,2.5161429626457004,2.7414505606070865,2.711771865637739,3.674441844779737,3.176179265112116,3.251838497850919,3.343799883567433,3.230520158970019,3.3492339615814033,3.1389766282752856,5.001591667254027,5.001591667254027,20.706643927829496,20.706643927829496,15.592555690890421,25.837423065225284,25.837423065225284,21.373581649376053,6.406879419236074,7.762398823449507,7.762398823449507,21.271972536074024,16.929264780690048,21.179980876370273,17.88550653966067,20.58120182239031,2.9019660962134144,2.9345707683728577,2.9345707683728577,3.1912275169605526,4.466136836637723,3.1912275169605526,5.640704398666388,3.3249896101801966,3.3626101517835774,5.176731721145571,5.210171298603166,5.147472077459693,5.816260807558833,4.91339447755899,4.779635489503182,4.361636966483248,4.428516901768999,1.8937333158043372,2.254885542607086,4.100945118829497,2.254885542607086,2.3033998225343346,2.254885542607086,7.149638829444183,7.208156391937116,9.369091329628604,7.839306920767667,6.614618794673388,6.317848065252713,4.905034548463538,6.806892101250275,4.578996517140629,5.640704398666388,4.55391660422545,4.846515016213509,4.846515016213509,14.690699466632948,14.866303362914199,17.35825483984173,21.259428211562334,20.55694970853188,15.242598943750918,8.675258923723646,1.1596835821591922,5.965425711770933,19.269091180545036,18.03979428432802,19.57014684774099,19.791758115682203,12.980675560012775,1.0953087030674569,1.067719260973452,2.2716060473669906
1.0,1.0,0.0,1.0,1.0,1.0,1.0,5.987218877602699,5.822530670970173,5.778223623858216,6.224218722940938,4.668866129588667,4.487036791516859,5.822530670970173,2.271188034798829,3.9448898969425494,7.691760331815962,3.9448898969425494,2.625243765988364,3.9448898969425494,1.8343635042837763,2.5161429626457004,2.7414505606070865,2.711771865637739,3.674441844779737,3.176179265112116,3.251838497850919,3.343799883567433,3.230520158970019,3.3492339615814033,3.1389766282752856,5.001591667254027,5.001591667254027,20.706643927829496,20.706643927829496,15.592555690890421,25.837423065225284,25.837423065225284,21.373581649376053,6.406879419236074,7.762398823449507,7.762398823449507,21.271972536074024,16.929264780690048,21.179980876370273,17.88550653966067,20.58120182239031,2.9019660962134144,2.9345707683728577,2.9345707683728577,3.1912275169605526,4.466136836637723,3.1912275169605526,5.640704398666388,3.3249896101801966,3.3626101517835774,5.176731721145571,5.210171298603166,5.147472077459693,5.816260807558833,4.91339447755899,4.779635489503182,4.361636966483248,4.428516901768999,1.8937333158043372,2.254885542607086,4.100945118829497,2.254885542607086,2.3033998225343346,2.254885542607086,7.149638829444183,7.208156391937116,9.369091329628604,7.839306920767667,6.614618794673388,6.317848065252713,4.905034548463538,6.806892101250275,4.578996517140629,5.640704398666388,4.55391660422545,4.846515016213509,4.846515016213509,14.690699466632948,14.866303362914199,17.35825483984173,21.259428211562334,20.55694970853188,15.242598943750918,8.675258923723646,1.1596835821591922,5.965425711770933,19.269091180545036,18.03979428432802,19.57014684774099,19.791758115682203,12.980675560012775,1.0953087030674569,1.067719260973452,2.2716060473669906
1.0,1.0,1.0,0.0,1.0,1.0,1.0,5.987218877602699,5.822530670970173,5.778223623858216,6.224218722940938,4.668866129588667,4.487036791516859,5.822530670970173,2.271188034798829,3.9448898969425494,7.691760331815962,3.9448898969425494,2.625243765988364,3.9448898969425494,1.8343635042837763,2.5161429626457004,2.7414505606070865,2.711771865637739,3.674441844779737,3.176179265112116,3.251838497850919,3.343799883567433,3.230520158970019,3.3492339615814033,3.1389766282752856,5.001591667254027,5.001591667254027,20.706643927829496,20.706643927829496,15.592555690890421,25.837423065225284,25.837423065225284,21.373581649376053,6.406879419236074,7.762398823449507,7.762398823449507,21.271972536074024,16.929264780690048,21.179980876370273,17.88550653966067,20.58120182239031,2.9019660962134144,2.9345707683728577,2.9345707683728577,3.1912275169605526,4.466136836637723,3.1912275169605526,5.640704398666388,3.3249896101801966,3.3626101517835774,5.176731721145571,5.210171298603166,5.147472077459693,5.816260807558833,4.91339447755899,4.779635489503182,4.361636966483248,4.428516901768999,1.8937333158043372,2.254885542607086,4.100945118829497,2.254885542607086,2.3033998225343346,2.254885542607086,7.149638829444183,7.208156391937116,9.369091329628604,7.839306920767667,6.614618794673388,6.317848065252713,4.905034548463538,6.806892101250275,4.578996517140629,5.640704398666388,4.55391660422545,4.846515016213509,4.846515016213509,14.690699466632948,14.866303362914199,17.35825483984173,21.259428211562334,20.55694970853188,15.242598943750918,8.675258923723646,1.1596835821591922,5.965425711770933,19.269091180545036,18.03979428432802,19.57014684774099,19.791758115682203,12.980675560012775,1.0953087030674569,1.067719260973452,2.2716060473669906
1.0,1.0,1.0,1.0,0.0,1.0,1.0,5.987218877602699,5.822530670970173,5.778223623858216,6.224218722940938,4.668866129588667,4.487036791516859,5.822530670970173,2.271188034798829,3.9448898969425494,7.691760331815962,3.9448898969425494,2.625243765988364,3.9448898969425494,1.8343635042837763,2.5161429626457004,2.7414505606070865,2.711771865637739,3.674441844779737,3.176179265112116,3.251838497850919,3.343799883567433,3.230520158970019,3.3492339615814033,3.1389766282752856,5.001591667254027,5.001591667254027,20.706643927829496,20.706643927829496,15.592555690890421,25.837423065225284,25.837423065225284,21.373581649376053,6.406879419236074,7.762398823449507,7.762398823449507,21.271972536074024,16.929264780690048,21.179980876370273,17.88550653966067,20.58120182239031,2.9019660962134144,2.9345707683728577,2.9345707683728577,3.1912275169605526,4.466136836637723,3.1912275169605526,5.640704398666388,3.3249896101801966,3.3626101517835774,5.176731721145571,5.210171298603166,5.147472077459693,5.816260807558833,4.91339447755899,4.779635489503182,4.361636966483248,4.428516901768999,1.8937333158043372,2.254885542607086,4.100945118829497,2.254885542607086,2.3033998225343346,2.254885542607086,7.149638829444183,7.208156391937116,9.369091329628604,7.839306920767667,6.614618794673388,6.317848065252713,4.905034548463538,6.806892101250275,4.578996517140629,5.640704398666388,4.55391660422545,4.846515016213509,4.846515016213509,14.690699466632948,14.866303362914199,17.35825483984173,21.259428211562334,20.55694970853188,15.242598943750918,8.675258923723646,1.1596835821591922,5.965425711770933,19.269091180545036,18.03979428432802,19.57014684774099,19.791758115682203,12.980675560012775,1.0953087030674569,1.067719260973452,2.2716060473669906
1.0,1.0,1.0,1.0,1.0,0.0,1.0,5.987218877602699,5.822530670970173,5.778223623858216,6.224218722940938,4.668866129588667,4.487036791516859,5.822530670970173,2.271188034798829,3.9448898969425494,7.691760331815962,3.9448898969425494,2.625243765988364,3.9448898969425494,1.8343635042837763,2.5161429626457004,2.7414505606070865,2.711771865637739,3.674441844779737,3.176179265112116,3.251838497850919,3.343799883567433,3.230520158970019,3.3492339615814033,3.1389766282752856,5.001591667254027,5.001591667254027,20.706643927829496,20.706643927829496,15.592555690890421,25.837423065225284,25.837423065225284,21.373581649376053,6.406879419236074,7.762398823449507,7.762398823449507,21.271972536074024,16.929264780690048,21.179980876370273,17.88550653966067,20.58120182239031,2.9019660962134144,2.9345707683728577,2.9345707683728577,3.1912275169605526,4.466136836637723,3.1912275169605526,5.640704398666388,3.3249896101801966,3.3626101517835774,5.176731721145571,5.210171298603166,5.147472077459693,5.816260807558833,4.91339447755899,4.779635489503182,4.361636966483248,4.428516901768999,1.8937333158043372,2.254885542607086,4.100945118829497,2.254885542607086,2.3033998225343346,2.254885542607086,7.149638829444183,7.208156391937116,9.369091329628604,7.839306920767667,6.614618794673388,6.317848065252713,4.905034548463538,6.806892101250275,4.578996517140629,5.640704398666388,4.55391660422545,4.846515016213509,4.846515016213509,14.690699466632948,14.866303362914199,17.35825483984173,21.259428211562334,20.55694970853188,15.242598943750918,8.675258923723646,1.1596835821591922,5.965425711770933,19.269091180545036,18.03979428432802,19.57014684774099,19.791758115682203,12.980675560012775,1.0953087030674569,1.067719260973452,2.2716060473669906
1.0,1.0,1.0,1.0,1.0,1.0,0.0,5.987218877602699,5.822530670970173,5.778223623858216,6.224218722940938,4.668866129588667,4.487036791516859,5.822530670970173,2.271188034798829,3.9448898969425494,7.691760331815962,3.9448898969425494,2.625243765988364,3.9448898969425494,1.8343635042837763,2.5161429626457004,2.7414505606070865,2.711771865637739,3.674441844779737,3.176179265112116,3.251838497850919,3.343799883567433,3.230520158970019,3.3492339615814033,3.1389766282752856,5.001591667254027,5.001591667254027,20.706643927829496,20.706643927829496,15.592555690890421,25.837423065225284,25.837423065225284,21.373581649376053,6.406879419236074,7.762398823449507,7.762398823449507,21.271972536074024,16.929264780690048,21.179980876370273,17.88550653966067,20.58120182239031,2.9019660962134144,2.9345707683728577,2.9345707683728577,3.1912275169605526,4.466136836637723,3.1912275169605526,5.640704398666388,3.3249896101801966,3.3626101517835774,5.176731721145571,5.210171298603166,5.147472077459693,5.816260807558833,4.91339447755899,4.779635489503182,4.361636966483248,4.428516901768999,1.8937333158043372,2.254885542607086,4.100945118829497,2.254885542607086,2.3033998225343346,2.254885542607086,7.149638829444183,7.208156391937116,9.369091329628604,7.839306920767667,6.614618794673388,6.317848065252713,4.905034548463538,6.806892101250275,4.578996517140629,5.640704398666388,4.55391660422545,4.846515016213509,4.846515016213509,14.690699466632948,14.866303362914199,17.35825483984173,21.259428211562334,20.55694970853188,15.242598943750918,8.675258923723646,1.1596835821591922,5.965425711770933,19.269091180545036,18.03979428432802,19.57014684774099,19.791758115682203,12.980675560012775,1.0953087030674569,1.067719260973452,2.2716060473669906
5.987218877602699,5.987218877602699,5.987218877602699,5.987218877602699,5.987218877602699,5.987218877602699,5.987218877602699,0.0,1.164688206833954,1.2089952539977533,1.2369998456522677,2.318352749240595,2.500182087412372,1.164688206833954,4.716030844001432,3.042328982185204,2.7045414571067514,3.042328982185204,4.36197511299962,3.042328982185204,5.152855374197316,4.471075916291211,4.245768318428659,4.27544701338646,3.3127770343913165,3.811039614041593,3.7353803813135307,3.6434189956061624,3.7566987201916984,3.637984917592599,3.8482422508720777,1.9856272113488744,1.9856272113488744,25.693862682353725,25.693862682353725,20.579774496187806,30.824641755582864,30.824641755582864,26.360800396308104,1.4196605422088882,2.77517994889204,2.77517994889204,26.25919128417721,21.916483573988387,26.167199625529264,22.87272532382275,25.56842057831751,4.085252782877046,4.0526481107271195,4.0526481107271195,3.795991362195524,2.5210820423019227,3.795991362195524,1.3465144793441406,3.662229268991878,3.6246087273913616,1.810487157315616,1.777047579829193,1.8397468010262512,1.1709580702526925,2.0738244011093854,2.207583389256957,2.6255819125051563,2.5587019771888393,6.880952192074873,4.732333336183,9.088163990076863,4.732333336183,7.2906186980589975,4.732333336183,2.162419953654744,2.2209375162570932,4.381872459207015,2.8520880463782916,1.6273999179641705,1.3306291880959604,2.082184330210837,1.819673224854875,2.4082223617401395,1.3465144793441406,2.43330227466896,2.1407038625018826,2.1407038625018826,19.67791827951699,19.853522174353174,22.345473629098336,26.246646959809734,25.544168464729406,20.229817752040933,3.6880400513551534,5.827535295638915,10.952644576853816,24.25630995067244,23.027013066972813,24.557365614686866,24.778976880256952,17.967894386155635,6.082527580547369,5.919499616713694,4.71561283143353
5.822530670970173,5.822530670970173,5.822530670970173,5.822530670970173,5.822530670970173,5.822530670970173,5.822530670970173,1.164688206833954,0.0,1.044307047163877,1.401688052485424,2.153664542419384,2.3354938805952044,1.0,4.551342637278017,2.8776407753833766,2.869229663914001,2.8776407753833766,4.197286906255707,2.8776407753833766,4.988167167502086,4.306387709553391,4.081080111678476,4.110758806637856,3.1480888275989827,3.646351407269956,3.570692174538483,3.4787307888270993,3.5920105134176024,3.4732967108133033,3.683554044102153,1.8209390045217,1.8209390045217,25.52917448058143,25.52917448058143,20.415086292532326,30.659953556136703,30.659953556136703,26.19611219481346,1.584348749040787,2.939868155697132,2.939868155697132,26.09450308263979,21.751795370783128,26.00251142395326,22.708037120957805,25.403732376493817,3.920564576118572,3.887959903967016,3.887959903967016,3.6313031554232014,2.356393835485255,3.6313031554232014,1.1818262725107145,3.497541062213624,3.459920520611494,1.6457989504860477,1.612359372999226,1.675058594197047,1.0062698634187475,1.9091361942836111,2.0428951824335555,2.460893705691099,2.39401377037309,6.716263985522434,4.56764512946058,8.923475783779447,4.56764512946058,7.125930491547734,4.56764512946058,2.327108160475769,2.3856257230768696,4.546560665940424,3.0167762531809386,1.7920881247939597,1.4953173949285419,1.9174961233852028,1.9843614316820672,2.2435341549208574,1.1818262725107145,2.268614067850241,1.9760156556772572,1.9760156556772572,19.513230075574565,19.688833970465556,22.180785426043872,26.081958758267042,25.379480262895814,20.06512954827249,3.85272825812483,5.6628470889934865,10.787956370835268,24.091621748326833,22.862324864164215,24.39267741245848,24.614288678115816,17.803206181706305,5.917839373922747,5.754811410075645,4.55092462471009
5.778223623858216,5.778223623858216,5.778223623858216,5.778223623858216,5.778223623858216,5.778223623858216,5.778223623858216,1.2089952539977533,1.044307047163877,0.0,1.445995099648897,2.109357495258392,2.291186833435214,1.044307047163877,4.507035590142207,2.8333337282272586,2.913536711069813,2.8333337282272586,4.152979859114548,2.8333337282272586,4.943860120373651,4.26208066241382,4.036773064535685,4.066451759495476,3.103781780445291,3.6020443601215977,3.5263851273892435,3.434423741676822,3.547703466268608,3.428989663662965,3.639246996954238,1.7766319573592604,1.7766319573592604,25.484867434767764,25.484867434767764,20.370779246214425,30.615646510946437,30.615646510946437,26.151805149074175,1.6286557962038355,2.98417520285233,2.98417520285233,26.05019603688904,21.70748832458572,25.95820437819218,22.66373007485151,25.35942533066638,3.876257528973627,3.843652856821646,3.843652856821646,3.5869961082746653,2.3120867883253897,3.5869961082746653,1.137519225346894,3.4532340150635563,3.415613473461009,1.6014919033230464,1.568052325836133,1.63075154703413,1.03803718374513,1.8648291471215066,1.9985881352720258,2.4165866585318874,2.349706723213454,6.6719569384316015,4.52333808232503,8.879168736756185,4.52333808232503,7.0816234444677875,4.52333808232503,2.3714152076355424,2.4299327702362783,4.590867713075579,3.0610833003354427,1.836395171956343,1.5396244420918164,1.8731890762231316,2.0286684788436613,2.199227107760342,1.137519225346894,2.2243070206898645,1.93170860851543,1.93170860851543,19.468923029179887,19.644526924085543,22.136478379886835,26.03765171251489,25.335173217065723,20.02082250192437,3.89703530527007,5.618540041878133,10.743649323886155,24.047314702359607,22.818017818072995,24.348370366522648,24.56998163220335,17.758899135176062,5.873532326812871,5.710504362962234,4.506617577574273
6.224218722940938,6.224218722940938,6.224218722940938,6.224218722940938,6.224218722940938,6.224218722940938,6.224218722940938,1.2369998456522677,1.401688052485424,1.445995099648897,0.0,2.555352594868138,2.7371819330332166,1.401688052485424,4.953030689476622,3.2793288277813457,2.4675416114846564,3.2793288277813457,4.598974958506025,3.2793288277813457,5.389855219629834,4.7080757617883195,4.482768163944652,4.5124468589000335,3.5497768799724856,4.048039459590564,3.972380226867776,3.8804188411666334,3.993698565744472,3.874984763153431,4.085242096418405,2.2226270569866116,2.2226270569866116,25.930862520602226,25.930862520602226,20.816774337171143,31.061641590459004,31.061641590459004,26.59780023415382,1.1826606965575448,2.538180103272709,2.538180103272709,26.496191122084984,22.153483414317343,26.404199463493,23.109725163657323,25.80542041664058,4.322252628405744,4.2896479562583245,4.2896479562583245,4.032991207745556,2.758081887921946,4.032991207745556,1.58351432499397,3.899229114551092,3.8616085729530805,2.0474870029576464,2.0140474254719587,2.076746646667616,1.4079579159041191,2.31082424674468,2.4445832348881904,2.8625817581209168,2.7957018228073576,7.117952037293526,4.969333181656681,9.325163834917827,4.969333181656681,7.527618543216412,4.969333181656681,1.9254201080154507,1.9839376706193153,4.144872613683058,2.6150882007621057,1.3904000723148568,1.093629342444066,2.3191841758458915,1.5826733792083678,2.645222207364471,1.58351432499397,2.6703021202923614,2.3777037081352006,2.3777037081352006,19.914918120917648,20.090522015674097,22.58247346920821,26.483646797725154,25.781168303066853,20.466817593188523,3.451040205782365,6.064535140996494,11.189644421284436,24.493309789752946,23.264012906725572,24.794365453597226,25.01597671904068,18.20489422829404,6.319527425873771,6.15649946206021,4.952612676908759
4.668866129588667,4.668866129588667,4.668866129588667,4.668866129588667,4.668866129588667,4.668866129588667,4.668866129588667,2.318352749240595,2.153664542419384,2.109357495258392,2.555352594868138,0.0,1.1818293381900702,2.153664542419384,3.3976780953581907,1.7239762330437594,4.02289420600168,1.7239762330437594,3.0436223642196776,1.7239762330437594,3.834502625745879,3.1527231675516023,2.927415569607512,2.9570942645756633,1.99442428530494,2.4926868650823444,2.417027632332835,2.3250662466004326,2.438345971216968,2.319632168585425,2.5298895019236562,1.3327255379137137,1.3327255379137137,24.375509971721698,24.375509971721698,19.261421770876318,29.50628906317492,29.50628906317492,25.04244768784707,2.7380132914005597,4.093532697764228,4.093532697764228,24.9408385753816,20.59813085217755,24.84884691643193,21.55437260466223,24.250067867283757,2.7669000340019574,2.7342953618414967,2.7342953618414967,2.477638613231949,1.2027292930820075,2.477638613231949,1.9718382699190404,2.343876519991176,2.3062559783806496,1.5078655919525845,1.5413051694396112,1.4786059482412977,2.1473946790010587,1.2445283481488192,1.1107693599926078,1.3072291632980533,1.2403492279733674,5.562599444632798,3.413980587546458,7.769811244505487,3.413980587546458,5.972265950914844,3.413980587546458,3.480772702701897,3.5392902652897145,5.7002252073810515,4.170440795224961,2.94575266712288,2.648981937299986,1.2361684190468976,3.138025973977916,1.0898696125080318,1.9718382699190404,1.1149495254394144,1.177648886752302,1.177648886752302,18.3595655519782,18.53516944723956,21.02712090846143,24.928294250972915,24.225815753618235,18.911465025852287,5.006392799873204,4.509182547533953,9.634291833370552,22.937957235562216,21.708660348251332,23.239012900491712,23.460624166743102,16.649541654691355,4.7641748325892355,4.601146868660685,3.397260082790117
4.487036791516859,4.487036791516859,4.487036791516859,4.487036791516859,4.487036791516859,4.487036791516859,4.487036791516859,2.500182087412372,2.3354938805952044,2.291186833435214,2.7371819330332166,1.1818293381900702,0.0,2.3354938805952044,3.2158487572172394,1.5421468948573187,4.20472354410213,1.5421468948573187,2.861793026064785,1.5421468948573187,3.652673287625322,2.9708938294007594,2.7455862314485486,2.7752649264177167,1.8125949471223417,2.3108575269103664,2.235198294158949,2.1432369084243694,2.256516633043609,2.137802830409238,2.3480601637526552,1.5145548761022005,1.5145548761022005,24.193680638532236,24.193680638532236,19.079592435733204,29.324459732427762,29.324459732427762,24.86061835494778,2.919842629559767,4.275362035860564,4.275362035860564,24.75900924243758,20.41630151749871,24.66701758344757,21.372543270335655,24.068238534040635,2.585070695837781,2.552466023676321,2.552466023676321,2.295809275059583,1.0208999548919766,2.295809275059583,2.1536676080987407,2.162047181815546,2.124426640204161,1.689694930139415,1.7231345076260614,1.6604352864284446,2.3292240171770224,1.426357686337925,1.2925986981823783,1.1253998251083395,1.0585198897834274,5.380770106627474,3.2321512494062046,7.587981906727548,3.2321512494062046,5.7904366129449265,3.2321512494062046,3.6626020408308655,3.7211196034158665,5.882054545358802,4.352270133316708,3.127582005274659,2.830811275462132,1.4179977572360547,3.3198553121221077,1.091959725682115,2.1536676080987407,1.0668798127507269,1.3594782249417816,1.3594782249417816,18.177736216540406,18.353340111857975,20.845291573938542,24.746464918023385,24.04398642036477,18.72963569059305,5.1882221379080296,4.32735320945182,9.45246249585474,22.756127901775066,21.526831013983166,23.057183566826588,23.278794833168867,16.467712318735884,4.582345494523813,4.419317530584439,3.2154307446491486
5.822530670970173,5.822530670970173,5.822530670970173,5.822530670970173,5.822530670970173,5.822530670970173,5.822530670970173,1.164688206833954,1.0,1.044307047163877,1.401688052485424,2.153664542419384,2.3354938805952044,0.0,4.551342637278017,2.8776407753833766,2.869229663914001,2.8776407753833766,4.197286906255707,2.8776407753833766,4.988167167502086,4.306387709553391,4.081080111678476,4.110758806637856,3.1480888275989827,3.646351407269956,3.570692174538483,3.4787307888270993,3.5920105134176024,3.4732967108133033,3.683554044102153,1.8209390045217,1.8209390045217,25.52917448058143,25.52917448058143,20.415086292532326,30.659953556136703,30.659953556136703,26.19611219481346,1.584348749040787,2.939868155697132,2.939868155697132,26.09450308263979,21.751795370783128,26.00251142395326,22.708037120957805,25.403732376493817,3.920564576118572,3.887959903967016,3.887959903967016,3.6313031554232014,2.356393835485255,3.6313031554232014,1.1818262725107145,3.497541062213624,3.459920520611494,1.6457989504860477,1.612359372999226,1.675058594197047,1.0062698634187475,1.9091361942836111,2.0428951824335555,2.460893705691099,2.39401377037309,6.716263985522434,4.56764512946058,8.923475783779447,4.56764512946058,7.125930491547734,4.56764512946058,2.327108160475769,2.3856257230768696,4.546560665940424,3.0167762531809386,1.7920881247939597,1.4953173949285419,1.9174961233852028,1.9843614316820672,2.2435341549208574,1.1818262725107145,2.268614067850241,1.9760156556772572,1.9760156556772572,19.513230075574565,19.688833970465556,22.180785426043872,26.081958758267042,25.379480262895814,20.06512954827249,3.85272825812483,5.6628470889934865,10.787956370835268,24.091621748326833,22.862324864164215,24.39267741245848,24.614288678115816,17.803206181706305,5.917839373922747,5.754811410075645,4.55092462471009
2.271188034798829,2.271188034798829,2.271188034798829,2.271188034798829,2.271188034798829,2.271188034798829,2.271188034798829,4.716030844001432,4.551342637278017,4.507035590142207,4.953030689476622,3.3976780953581907,3.2158487572172394,4.551342637278017,0.0,2.6737018624621456,6.420572299361517,2.6737018624621456,1.3540557312267045,2.6737018624621456,1.4368245305385934,1.2449549278708605,1.4702625258611568,1.4405838308876262,2.4032538102233545,1.9049912304405088,1.980650463194742,2.0726118489310075,1.9593321243094188,2.078045926946179,1.867788593596363,3.730403633161143,3.730403633161143,21.977831935989034,21.977831935989034,16.86374371076346,27.108611058261467,27.108611058261467,22.644769655760573,5.135691385882269,6.491210791050704,6.491210791050704,22.543160542732654,18.200452797825637,22.45116888327593,19.156694554697147,21.85238983087732,1.6307780614920828,1.6633827336569293,1.6633827336569293,1.9200394822919553,3.194948802330431,1.9200394822919553,4.369516364877963,2.053801575539641,2.0914221171513256,3.905543687130865,3.9389832646038374,3.8762840434316503,4.545072773863285,3.6422064434282393,3.508447455316923,3.0904489321384334,3.157328867448035,3.1649213504782208,1.0163024921930641,5.372133152753037,1.0163024921930641,3.574587857116475,1.0163024921930641,5.8784507965842225,5.9369683591190965,8.097903298669799,6.568118888430173,5.343430761450514,5.046660031844504,3.6338465143292513,5.53570406815356,3.307808482875444,4.369516364877963,3.2827285699507667,3.575326982054715,3.575326982054715,15.961887488223184,16.137491384178272,18.62944285605014,22.53061621825471,21.828137717081976,16.51378696430271,7.4040708921019895,2.1115044526510998,7.236613744570924,20.54027919233646,19.3109822990148,20.84133485879377,21.06294612618382,14.25186358457192,2.366496737857875,2.2034687738306404,1.0004180125681956
3.9448898969425494,3.9448898969425494,3.9448898969425494,3.9448898969425494,3.9448898969425494,3.9448898969425494,3.9448898969425494,3.042328982185204,2.8776407753833766,2.8333337282272586,3.2793288277813457,1.7239762330437594,1.5421468948573187,2.8776407753833766,2.6737018624621456,0.0,4.746870438628271,1.0,2.319646131275191,1.0,3.1105263929223113,2.4287469346210595,2.2034393366491365,2.233118031620741,1.2704480522710817,1.768710632080826,1.693051399325229,1.6010900135859947,1.714369738211035,1.5956559355706026,1.8059132689252855,2.056701770944527,2.056701770944527,23.6515337581219,23.6515337581219,18.537445549599884,28.782312859197035,28.782312859197035,24.318471475389316,3.4619895242867407,4.81750893037302,4.81750893037302,24.216862362747754,19.87415463272298,24.12487070363931,20.830396386591175,23.526091653472786,2.042923801026032,2.010319128862239,2.010319128862239,1.7536623802291857,1.5212469399656423,1.7536623802291857,2.695814502902113,1.6199002869780852,1.5822797453648914,2.2318418249733085,2.2652814024581516,2.202582181263864,2.8713709119657502,1.9685045811838586,1.8347455930329626,1.41674706975042,1.4836270050746716,4.838623212233557,2.690004354652866,7.045835012967547,2.690004354652866,5.2482897186484,2.690004354652866,4.204748935452853,4.26326649802829,6.424201439485616,4.894417027813953,3.6697288999753366,3.3729581701996474,1.9601446520823078,3.862002206796325,1.6341066205378258,2.695814502902113,1.6090267076069225,1.9016251197901637,1.9016251197901637,17.635589329546463,17.811193225028113,20.30314468961926,24.20431803831739,23.50183953976657,18.187488804120477,5.730369032218867,3.785206314849913,8.910315602839077,22.213981019611325,20.98468413040976,22.515036685020686,22.736647951629543,15.92556543023254,4.040198599966646,3.8771706359982545,2.67328384989401
7.691760331815962,7.691760331815962,7.691760331815962,7.691760331815962,7.691760331815962,7.691760331815962,7.691760331815962,2.7045414571067514,2.869229663914001,2.913536711069813,2.4675416114846564,4.02289420600168,4.20472354410213,2.869229663914001,6.420572299361517,4.746870438628271,0.0,4.746870438628271,6.066516568629282,4.746870438628271,6.85739682919488,6.1756173718401195,5.950309774142068,5.979988469078703,5.017318490692274,5.51558107004754,5.439921837367045,5.347960451716157,5.461240176231909,5.342526373705884,5.552783706854271,3.6901686682256347,3.6901686682256347,27.39840408306757,27.39840408306757,22.2843159172221,32.52918313138894,32.52918313138894,28.065341794040148,2.284880914944642,1.0706384917961693,1.0706384917961693,27.963732682368477,23.62102499014609,27.87174102413475,24.57726673630305,27.272961979583652,5.789794238702282,5.757189566574525,5.757189566574525,5.500532818211011,4.225623498983115,5.500532818211011,3.0510559363892393,5.366770725090439,5.329150183512728,3.515028614245553,3.4815890367686793,3.544288257947675,2.8754995273316295,3.7783658579573527,3.912124846058684,4.330123369142385,4.263243433854423,8.585493645314298,6.43687479153015,10.79270544031888,6.43687479153015,8.995160150805816,6.43687479153015,1.5421215035066818,1.483603940900886,2.677331002592539,1.1475465892952512,2.07714153920121,2.373912269050199,3.786725787056006,1.8848682323148016,4.1127638184666875,3.0510559363892393,4.137843731385621,3.8452453193271174,3.8452453193271174,21.382459703667507,21.55806359790791,24.05001504362576,27.951188358057575,27.248709866102015,21.934359174301093,1.9834985944778099,7.532076750011609,12.657186023907187,25.960851357553214,24.73155447884502,26.261907020305582,26.483518284936686,19.672435815829896,7.787069034663369,7.624041070995109,6.420154286793947
3.9448898969425494,3.9448898969425494,3.9448898969425494,3.9448898969425494,3.9448898969425494,3.9448898969425494,3.9448898969425494,3.042328982185204,2.8776407753833766,2.8333337282272586,3.2793288277813457,1.7239762330437594,1.5421468948573187,2.8776407753833766,2.6737018624621456,1.0,4.746870438628271,0.0,2.319646131275191,1.0,3.1105263929223113,2.4287469346210595,2.2034393366491365,2.233118031620741,1.2704480522710817,1.768710632080826,1.693051399325229,1.6010900135859947,1.714369738211035,1.5956559355706026,1.8059132689252855,2.056701770944527,2.056701770944527,23.6515337581219,23.6515337581219,18.537445549599884,28.782312859197035,28.782312859197035,24.318471475389316,3.4619895242867407,4.81750893037302,4.81750893037302,24.216862362747754,19.87415463272298,24.12487070363931,20.830396386591175,23.526091653472786,2.042923801026032,2.010319128862239,2.010319128862239,1.7536623802291857,1.5212469399656423,1.7536623802291857,2.695814502902113,1.6199002869780852,1.5822797453648914,2.2318418249733085,2.2652814024581516,2.202582181263864,2.8713709119657502,1.9685045811838586,1.8347455930329626,1.41674706975042,1.4836270050746716,4.838623212233557,2.690004354652866,7.045835012967547,2.690004354652866,5.2482897186484,2.690004354652866,4.204748935452853,4.26326649802829,6.424201439485616,4.894417027813953,3.6697288999753366,3.3729581701996474,1.9601446520823078,3.862002206796325,1.6341066205378258,2.695814502902113,1.6090267076069225,1.9016251197901637,1.9016251197901637,17.635589329546463,17.811193225028113,20.30314468961926,24.20431803831739,23.50183953976657,18.187488804120477,5.730369032218867,3.785206314849913,8.910315602839077,22.213981019611325,20.98468413040976,22.515036685020686,22.736647951629543,15.92556543023254,4.040198599966646,3.8771706359982545,2.67328384989401
2.625243765988364,2.625243765988364,2.625243765988364,2.625243765988364,2.625243765988364,2.625243765988364,2.625243765988364,4.36197511299962,4.197286906255707,4.152979859114548,4.598974958506025,3.0436223642196776,2.861793026064785,4.197286906255707,1.3540557312267045,2.319646131275191,6.066516568629282,2.319646131275191,0.0,2.319646131275191,1.790880261759082,1.109100803356325,1.1162067946354355,1.0865280996616076,2.0491980790231463,1.5509354992227764,1.6265947319790952,1.7185561177181725,1.6052763930931637,1.7239901957335193,1.5137328623776807,3.376347902051225,3.376347902051225,22.33188765918268,22.33188765918268,17.217799437369123,27.462666777092892,27.462666777092892,22.99882537844034,4.78163565493711,6.1371550603318985,6.1371550603318985,22.897216265491735,18.55450852362977,22.8052246061065,19.510750279888672,22.20644555416585,1.2767223302685193,1.3093270024339172,1.3093270024339172,1.5659837510746213,2.840893071176451,1.5659837510746213,4.015460633834154,1.6997458443262061,1.7373663859391035,3.5514879560375983,3.584927533513877,3.5222283123355256,4.191017042840213,3.288150712310352,3.154391724187487,2.7363932009770586,2.803273136291348,3.518977081606823,1.37035822341966,5.7261888836081125,1.37035822341966,3.928643588207546,1.37035822341966,5.524395065754893,5.582912628299738,7.743847568305091,6.214063157726197,4.989375030535748,4.692604300886797,3.2797907832106237,5.181648337268309,2.953752751729892,4.015460633834154,2.928672838803301,3.221271250930973,3.221271250930973,16.315943215333505,16.491547111192606,18.983498581583493,22.884671941023555,22.182193440388783,16.86784269110766,7.050015161572947,2.465560183848497,7.590669475058549,20.894334916583702,19.665038024104422,21.195390582826477,21.417001850056543,14.605919312559148,2.7205524690422807,2.5575245050236215,1.3536377186585118
3.9448898969425494,3.9448898969425494,3.9448898969425494,3.9448898969425494,3.9448898969425494,3.9448898969425494,3.9448898969425494,3.042328982185204,2.8776407753833766,2.8333337282272586,3.2793288277813457,1.7239762330437594,1.5421468948573187,2.8776407753833766,2.6737018624621456,1.0,4.746870438628271,1.0,2.319646131275191,0.0,3.1105263929223113,2.4287469346210595,2.2034393366491365,2.233118031620741,1.2704480522710817,1.768710632080826,1.693051399325229,1.6010900135859947,1.714369738211035,1.5956559355706026,1.8059132689252855,2.056701770944527,2.056701770944527,23.6515337581219,23.6515337581219,18.537445549599884,28.782312859197035,28.782312859197035,24.318471475389316,3.4619895242867407,4.81750893037302,4.81750893037302,24.216862362747754,19.87415463272298,24.12487070363931,20.830396386591175,23.526091653472786,2.042923801026032,2.010319128862239,2.010319128862239,1.7536623802291857,1.5212469399656423,1.7536623802291857,2.695814502902113,1.6199002869780852,1.5822797453648914,2.2318418249733085,2.2652814024581516,2.202582181263864,2.8713709119657502,1.9685045811838586,1.8347455930329626,1.41674706975042,1.4836270050746716,4.838623212233557,2.690004354652866,7.045835012967547,2.690004354652866,5.2482897186484,2.690004354652866,4.204748935452853,4.26326649802829,6.424201439485616,4.894417027813953,3.6697288999753366,3.3729581701996474,1.9601446520823078,3.862002206796325,1.6341066205378258,2.695814502902113,1.6090267076069225,1.9016251197901637,1.9016251197901637,17.635589329546463,17.811193225028113,20.30314468961926,24.20431803831739,23.50183953976657,18.187488804120477,5.730369032218867,3.785206314849913,8.910315602839077,22.213981019611325,20.98468413040976,22.515036685020686,22.736647951629543,15.92556543023254,4.040198599966646,3.8771706359982545,2.67328384989401
1.8343635042837763,1.8343635042837763,1.8343635042837763,1.8343635042837763,1.8343635042837763,1.8343635042837763,1.8343635042837763,5.152855374197316,4.988167167502086,4.943860120373651,5.389855219629834,3.834502625745879,3.652673287625322,4.988167167502086,1.4368245305385934,3.1105263929223113,6.85739682919488,3.1105263929223113,1.790880261759082,3.1105263929223113,0.0,1.6817794584057466,1.9070870563902806,1.877408361417638,2.8400783407046215,2.3418157609521435,2.4174749937024758,2.509436379433656,2.3961566548182773,2.5148704574485157,2.3046131241098227,4.167228163507714,4.167228163507714,21.54100741499311,21.54100741499311,16.426919185647662,26.671786542557474,26.671786542557474,22.20794513538696,5.5725159160008895,6.928035320866253,6.928035320866253,22.106336022262965,17.76362827367528,22.014344362719644,18.719870031285826,21.415565309766542,2.0676025920157266,2.1002072641793195,2.1002072641793195,2.356864012802834,3.6317733327407637,2.356864012802834,4.806340895131745,2.4906261060433605,2.528246647652889,4.342368217453812,4.375807794922121,4.31310857375864,4.9818973040884025,4.079030973786187,3.945271985691469,3.527273462559724,3.5941533978623683,2.728096820022654,1.4205220383456814,4.93530862259619,1.4205220383456814,3.137763326700021,1.4205220383456814,6.315275326546896,6.37379288906844,8.534727828020271,7.0049434182260795,5.780255291527988,5.483484561980171,4.07067104468826,5.972528598191242,3.7446330132733956,4.806340895131745,3.7195531003515176,4.012151512421061,4.012151512421061,15.525062962500597,15.700666858571019,18.192618332226335,22.093791697773188,21.391313195949074,16.07696243894719,7.8408954216673905,1.674679922129151,6.7997892148346954,20.10345467006587,18.874157775726502,20.40451033678258,20.626121604366134,13.81503905779745,1.9296722073474775,1.7666442433125251,1.4372425431067848
2.5161429626457004,2.5161429626457004,2.5161429626457004,2.5161429626457004,2.5161429626457004,2.5161429626457004,2.5161429626457004,4.471075916291211,4.306387709553391,4.26208066241382,4.7080757617883195,3.1527231675516023,2.9708938294007594,4.306387709553391,1.2449549278708605,2.4287469346210595,6.1756173718401195,2.4287469346210595,1.109100803356325,2.4287469346210595,1.6817794584057466,0.0,1.2253075979916155,1.1956289030178386,2.1582988823727316,1.660036302577085,1.7356955353328636,1.8276569210711995,1.7143771964470909,1.8330909990864996,1.622833665732231,3.4854487053747905,3.4854487053747905,22.222786858330682,22.222786858330682,17.108698635458783,27.35356597759206,27.35356597759206,22.889724577747597,4.890736458211816,6.246255863538694,6.246255863538694,22.788115464774418,18.445407721968234,22.69612380536702,19.401649478417202,22.09734475328445,1.3858231336242524,1.4184278057895243,1.4184278057895243,1.6750845544288273,2.9499938745128658,1.6750845544288273,4.124561437138215,1.8088466476793925,1.8464671892919675,3.66058875935627,3.6940283368315763,3.631329115655039,4.300117846138123,3.3972515156362535,3.263492527516765,2.8454940043156105,2.912373939628546,3.409876278284149,1.2612574200638715,5.6170880803727234,1.2612574200638715,3.8195427848969934,1.2612574200638715,5.633495868994913,5.692013431536766,7.852948371404954,6.323163960928528,5.09847583380137,4.801705104165247,3.3888915865367424,5.290749140525096,3.0628535550638634,4.124561437138215,3.0377736421378283,3.3303720542585875,3.3303720542585875,16.20684241326643,16.38244630915535,18.874397780005975,22.77557114030321,22.073092639501713,16.758741889135436,7.159115964722508,2.3564593805031935,7.481568671938919,20.785234115405093,19.555937222664568,21.08628978171438,21.307901048994047,14.496818510219535,2.6114516657013267,2.448423701679804,1.2445369153026662
