1000.0,1.0,1.0149158505883136,9.4754632129281,15.08338307566815,14.575415620247476,25.501145051843817,26.192419079220475,27.8188298779779,31.685648511043887,30.432101874740606,30.495261938929637,30.432101874740606,20.28928798774561,20.455094801955955,23.877339806022384,1.0149158505883136,1.2948071127278393,1.0149158505883136,14.575415620247476,5.845815173209316,5.671217754310486,6.116923307704158,6.050243037264017,6.113595799288617,12.618163094123258,15.471736769736545,16.302848565336035,15.533446004599393,21.99384309286064,21.99384309286064,4.117379117632159,4.117379117632159,4.117379117632159,4.117379117632159,25.27042721866871,25.43973729973194,24.78091819355563,7.306033888839197,4.078774217077725,1.1737259032453249,6.199396230964791,1.1737259032453249,2.847798881593384,2.9644919353600283,3.7866049743303902,2.847798881593384,2.9723884543773673,6.292397555710365,6.292397555710365,6.004793993848241,5.19755736530791,6.12763474792907,20.73670276223431,16.51691194310612,10.0246840568671,53.36790598628575,50.9559067452022,60.586119951361326,27.99164590879554,26.851231712941058,24.9037342347211,25.64062827700343,7.331200714455358,19.350589717150736,8.103279277863326,10.489677698933269,1.5843492239813657,10.489677698933269,9.235068764448519,4.874559502122311,9.61232994551911,19.32427098565545,17.578451030432337,10.37447967676842,4.671101137766786,13.27012773086595,12.481237216202725,21.13147934739548,21.745574101601463,21.17534334545652,8.840259490962957,15.121618130491221,10.147512712346954,8.523050442923653,23.0000737987571,16.315130898908855,17.692500217858626,25.89503129489417,26.324883646354365,11.61267500606122,11.103817938783639,25.84239622469795,17.604770081715987,15.53432331887138,16.867834823258583,12.156623671318298,14.341170955462408,9.463180294647671,5.73438870422736
1.0,1000.0,1.0149158505883136,9.4754632129281,15.08338307566815,14.575415620247476,25.501145051843817,26.192419079220475,27.8188298779779,31.685648511043887,30.432101874740606,30.495261938929637,30.432101874740606,20.28928798774561,20.455094801955955,23.877339806022384,1.0149158505883136,1.2948071127278393,1.0149158505883136,14.575415620247476,5.845815173209316,5.671217754310486,6.116923307704158,6.050243037264017,6.113595799288617,12.618163094123258,15.471736769736545,16.302848565336035,15.533446004599393,21.99384309286064,21.99384309286064,4.117379117632159,4.117379117632159,4.117379117632159,4.117379117632159,25.27042721866871,25.43973729973194,24.78091819355563,7.306033888839197,4.078774217077725,1.1737259032453249,6.199396230964791,1.1737259032453249,2.847798881593384,2.9644919353600283,3.7866049743303902,2.847798881593384,2.9723884543773673,6.292397555710365,6.292397555710365,6.004793993848241,5.19755736530791,6.12763474792907,20.73670276223431,16.51691194310612,10.0246840568671,53.36790598628575,50.9559067452022,60.586119951361326,27.99164590879554,26.851231712941058,24.9037342347211,25.64062827700343,7.331200714455358,19.350589717150736,8.103279277863326,10.489677698933269,1.5843492239813657,10.489677698933269,9.235068764448519,4.874559502122311,9.61232994551911,19.32427098565545,17.578451030432337,10.37447967676842,4.671101137766786,13.27012773086595,12.481237216202725,21.13147934739548,21.745574101601463,21.17534334545652,8.840259490962957,15.121618130491221,10.147512712346954,8.523050442923653,23.0000737987571,16.315130898908855,17.692500217858626,25.89503129489417,26.324883646354365,11.61267500606122,11.103817938783639,25.84239622469795,17.604770081715987,15.53432331887138,16.867834823258583,12.156623671318298,14.341170955462408,9.463180294647671,5.73438870422736
1.0149158505883136,1.0149158505883136,1000.0,9.460547362352253,15.0684672251143,14.56049976969118,25.48622920135992,26.177503228742548,27.803914027514715,31.67073266061943,30.417186024303017,30.480346088492702,30.417186024303017,20.27437213722198,20.44017895143344,23.86242395552508,1.0,1.2798912621395402,1.0,14.56049976969118,5.830899322625071,5.656301903725954,6.102007457120383,6.035327186680126,6.128511649872373,12.633078944688092,15.486652620288448,16.28793271478842,15.518530154047783,21.978927242348963,21.978927242348963,4.102463267045526,4.102463267045526,4.102463267045526,4.102463267045526,25.25551136818285,25.42482144924751,24.76600234306567,7.320949739420587,4.063858366491051,1.1886417538336327,6.184480380381165,1.1886417538336327,2.8328830310056596,2.9495760847723806,3.77168912374342,2.8328830310056596,2.957472603789725,6.277481705126908,6.277481705126908,6.01970984443219,5.2124732158931515,6.142550598512802,20.721786911713714,16.501996092559647,10.009768206292925,53.352990136175286,50.940990895048664,60.57120410139194,27.976730058333974,26.836315862469,24.888818384232163,25.62571242652072,7.316284863873998,19.33567386662096,8.088363427283769,10.474761848360592,1.5694333733931103,10.474761848360592,9.220152913871976,4.8596436515365955,9.597414094943671,19.30935513512551,17.563535179891797,10.389395527341446,4.686016988352748,13.28504358142808,12.466321365637306,21.116563496877628,21.730658251087984,21.160427494938972,8.825343640385313,15.136533981044863,10.132596861773166,8.537966293502112,22.98515794825295,16.300215048361302,17.677584367318744,25.88011544441365,26.309967795877604,11.597759155492463,11.088902088213056,25.827480374216975,17.589854231175597,15.519407468319773,16.852918972714033,12.141707820751604,14.32625510490502,9.44826444407179,5.71947285364293
9.4754632129281,9.4754632129281,9.460547362352253,1000.0,6.607919870549465,6.099952414165064,17.025681877762356,17.71695590795951,19.34336671372672,23.210185365565643,21.956638722851512,22.019798787356102,21.956638722851512,11.813824795448761,11.979631610155689,15.401876625688283,9.460547362352253,9.180656100438554,9.460547362352253,6.099952414165064,4.629648041457093,4.80424546037388,4.3585399069224255,4.425220177373709,14.589059005352658,21.093626283999253,23.94719994987784,7.82738536273946,7.057982800377253,13.518379905928724,13.518379905928724,6.358084096946589,6.358084096946589,6.358084096946589,6.358084096946589,16.79496404366698,16.964274125404508,16.305455016636337,15.781497092560414,6.396688997492325,9.649189116024962,4.276066983646794,9.649189116024962,7.627664332544872,7.510971278832009,6.688858240164274,7.627664332544872,7.503074759818212,4.183065658882695,4.183065658882695,14.480257200112076,13.673020572981125,14.603097953967158,12.261239571289924,8.041448740982656,1.5492208444289735,44.892443001103075,42.48044373756476,52.1106570403019,19.51618274532002,18.375768544456342,16.42827105827845,17.165165103483446,3.1442624998145607,10.875126522145237,2.3721839360282004,2.014214486956617,8.89111398940236,2.014214486956617,1.2403944486752703,5.600903712567518,1.136866732707531,10.848807790576522,9.102987830789083,18.84994287317117,13.146564346289857,21.7455909186593,4.005774006686511,12.656016157677387,13.270110913852315,12.699880155876588,1.6352037224574194,23.5970813119133,1.6720495000265687,16.998513643964454,14.524610615262475,7.839667696339181,9.217037018495112,17.4195681224082,17.849420475644685,3.137211795375461,2.6283547274820327,17.366933051996995,9.129306882137058,7.058860114651027,8.392371621930334,3.6811604613475133,5.865707748952792,1.0122829182907065,4.741074510451204
15.08338307566815,15.08338307566815,15.0684672251143,6.607919870549465,1000.0,1.5079674565540158,11.417762018150075,12.109036049576497,13.735446858483238,17.60226551918063,16.348718873379703,16.41187893803488,16.348718873379703,6.205904928586263,6.371711743468989,9.793956763435034,15.0684672251143,14.78857596360792,15.0684672251143,1.5079674565540158,10.237567909812329,10.41216532858012,9.966459775501113,10.033140045898328,20.196978858839252,26.70154612078139,29.555119777589542,2.2194654927351576,1.450062930006308,7.910460041045412,7.910460041045412,11.96600396365122,11.96600396365122,11.96600396365122,11.96600396365122,11.18704418365837,11.356354265686058,10.697535155809987,21.389416943398125,12.004608864155628,15.257108978506707,9.88398685229155,15.257108978506707,13.235584197788235,13.118891144218475,12.296778106508487,13.235584197788235,13.110994625214296,9.790985527600885,9.790985527600885,20.088177053831124,19.280940428376507,20.21101780742365,6.653319704910055,2.433528871094149,6.058699026302353,39.284523240801754,36.87252396462836,46.5027373223944,13.90826289043054,12.76784868730323,10.820351197654317,11.557245244114156,8.752182369276108,5.2672066543554505,7.980103805950783,5.59370538389782,14.49903385298231,5.59370538389782,6.848314319132711,11.208823580043319,6.471053137890947,5.240887922762404,3.49506796156353,24.457862716339193,18.75448420273265,27.353510753462686,3.6021458643749913,7.04809629174516,7.662191048657032,7.091960289995359,7.24312359274732,29.205001140795048,5.935870370740029,22.606433491907246,8.916690751726355,2.2317478263413615,3.609117149349568,11.811648263488669,12.241500617504393,4.470708075659582,4.979565143491627,11.759013192983709,3.5213870129298184,1.4509402442804555,2.7844517522446495,3.926759409715659,1.7422121218331186,6.620202788835653,10.348994378711813
14.575415620247476,14.575415620247476,14.56049976969118,6.099952414165064,1.5079674565540158,1000.0,11.925729474028488,12.617003505364469,14.243414314036023,18.110232974047964,16.85668632848872,16.919846393132175,16.85668632848872,6.713872384963768,6.879679199835584,10.301924219503555,14.56049976969118,14.280608508139442,14.56049976969118,1.0,9.729600453736463,9.904197872523032,9.458492319396807,9.525172589800937,19.689011404411428,26.193578668063388,29.047152325779457,2.7274329492766762,1.9580303865577657,8.418427497295195,8.418427497295195,11.458036507777143,11.458036507777143,11.458036507777143,11.458036507777143,11.695011639565708,11.864321721572228,11.20550261177659,20.881449489246293,11.496641408286461,14.749141523114684,9.376019396178764,14.749141523114684,12.727616742084917,12.610923688498668,11.788810650677064,12.727616742084917,12.60302716949338,9.283018071478635,9.283018071478635,19.580209599378946,18.772972973748068,19.70305035299897,7.161287161257373,2.9414963276316533,5.550731569884869,39.79249068852739,37.38049141342553,47.010704766498314,14.416230345956487,13.275816142999727,11.328318653606315,12.065212699974778,8.244214913055107,5.775174110788559,7.472136349664668,5.085737927455118,13.991066397467883,5.085737927455118,6.3403468627639175,10.70085612407649,5.963085681497967,5.748855379196918,4.0030354180730905,23.949895262974895,18.246516747993418,26.845543300943646,3.0941784078532986,7.556063748063874,8.170158504927567,7.599927746310779,6.735156136405643,28.697033688868387,5.427902914315633,22.098466038054458,9.424658207884546,2.7397152828826643,4.1170846058553305,12.319615719316241,12.749468073274388,3.9627406191665564,4.4715976870195515,12.266980648818187,4.029354469438516,1.958907700831906,3.2924192087743953,3.418791953203632,1.2342446652801344,6.112235332452033,9.84102692264789
25.501145051843817,25.501145051843817,25.48622920135992,17.025681877762356,11.417762018150075,11.925729474028488,1000.0,1.6912740323618283,3.3176848439288324,7.18450351354099,5.930956864450552,5.9941169292623036,5.930956864450552,6.211857092867701,6.046050277981778,2.623805256454194,25.48622920135992,25.20633794115608,25.48622920135992,11.925729474028488,20.655329905870087,20.829927324020577,20.384221772502723,20.450902042669444,30.614740807851817,37.119308026076354,39.97288166046911,10.19829652678051,10.967699088689896,4.507301980056255,4.507301980056255,22.38376595327168,22.38376595327168,22.38376595327168,22.38376595327168,1.2307178347779753,1.061407752541481,1.720226863190776,31.807178885164248,22.422370853624024,25.674870953863707,20.301748849576743,25.674870953863707,23.653346182218037,23.536653129141715,22.714540094814296,23.653346182218037,23.52875661017081,20.208747525203876,20.208747525203876,30.505939003487697,29.69870238272155,30.628779756352902,5.764442316519937,9.984233148623893,16.47646103492424,28.8667613527916,26.454762057850306,36.084975499060974,3.4905008761967067,2.3500866710884534,1.5974108212103246,1.1394832261434455,19.16994437028601,7.150555366990377,18.397865809322937,16.011467393655288,24.91679583185791,16.011467393655288,17.26607632570581,21.62658557257312,16.888815145461827,7.1768740985773,8.922694058993285,34.87562463787301,29.172246160050204,37.771272653810236,14.019907878401279,5.369665729623191,4.75557097253998,5.3258017313638,17.660885598239183,39.622763026531054,16.35363237966699,33.02419542592197,3.501071268835118,10.18601419318622,8.808644871281047,1.3938862458573071,1.8237386004822698,14.888470087942753,15.39732715466834,1.3412511752808467,8.896375007644309,10.966821774416763,9.633310267781026,14.344521423111953,12.159974138974892,17.037964796016198,20.76675637437647
26.192419079220475,26.192419079220475,26.177503228742548,17.71695590795951,12.109036049576497,12.617003505364469,1.6912740323618283,1000.0,2.6264108115974922,6.493229481453992,5.239682832257834,5.302842897074303,5.239682832257834,6.90313112498079,6.737324310109542,3.3150792887856237,26.177503228742548,25.897611968650278,26.177503228742548,12.617003505364469,21.346603935001134,21.52120135309498,21.07549580172074,21.142176071866185,31.306014832966902,37.810582047706504,40.66415568035568,10.889570558407044,11.658973120192966,5.198576012299017,5.198576012299017,23.075039981820378,23.075039981820378,23.075039981820378,23.075039981820378,1.921991867138083,1.7526817849029352,2.411500895544383,32.49845290969144,23.113644882159168,26.366144981170436,20.99302287882098,26.366144981170436,24.344620210308314,24.22792715727521,23.405814123246067,24.344620210308314,24.220030638307225,20.900021554477554,20.900021554477554,31.197213028655298,30.389976408272727,31.3200537814612,6.455716348671608,10.675507180283073,17.1677350652642,28.175487326563108,25.763488030593034,35.39370147647602,2.799226843871122,1.6588126387338185,2.2886848535659268,1.551790806219005,19.861218399879025,7.841829399012006,19.089139839142028,16.702741424112354,25.60806985946619,16.702741424112354,17.957350355838923,22.317859601382857,17.58008917569502,7.8681481305961585,9.613968090803441,35.566898660782165,29.863520185845896,38.46254667505357,14.711181909320421,6.060939761806218,5.446845004766777,6.017075763550155,18.352159628265095,40.31403704663859,17.044906410038223,33.71546944982553,4.192345301132386,10.877288224814647,9.499918903106336,1.2973877865054682,1.1324645681213241,15.579744118668241,16.08860118527472,1.3500228570819472,9.587649039457977,11.65809580591998,10.324584299492127,15.035795453960148,12.851248170267763,17.7292388262101,21.458030403471426
27.8188298779779,27.8188298779779,27.803914027514715,19.34336671372672,13.735446858483238,14.243414314036023,3.3176848439288324,2.6264108115974922,1000.0,4.866818670260843,3.6132720208712312,3.6764320856960158,3.6132720208712312,8.529541935732706,8.363735120903296,4.94149010020949,27.803914027514715,27.524022767697264,27.803914027514715,14.243414314036023,22.97301473809996,23.147612156052848,22.70190660503614,22.76858687512858,32.93242562617786,39.43699283243132,42.29056646085234,12.51598136783838,13.285383929299899,6.824986823431204,6.824986823431204,24.701450783472847,24.701450783472847,24.701450783472847,24.701450783472847,3.5484026786908642,3.3790925964663514,4.037911707060281,34.12486370146658,24.74005568377804,27.992555779755698,22.619433682201716,27.992555779755698,25.971031010826227,25.854337957899958,25.032224924608826,25.971031010826227,25.846441438939177,22.526432357931657,22.526432357931657,32.82362382199458,32.01638720255011,32.946464574655565,8.082127159534028,12.30191798980067,18.79414587139163,26.549076528197414,24.13707722991324,33.767290686364355,1.1728160322795473,1.9675981728758052,3.9150956650919344,3.178201617793626,21.487629204130286,9.468240209507332,20.715550643959233,18.329152230535808,27.234480658794354,18.329152230535808,19.583761161444862,23.94427040368287,19.20649998155307,9.494558941083811,11.240378900723059,37.1933094486151,31.489930980721766,40.08895745883951,16.337592716918884,7.6873505727598275,7.073255815850452,7.643486574513531,19.978570433601416,41.94044782767059,18.671317216244642,35.34188024007975,5.818756112437188,12.503699034250984,11.1263297130666,2.9237985980920733,2.493946243479934,17.206154925772772,17.71501199207657,2.9764336686662753,11.214059849387018,13.284506615027299,11.950995109147362,16.66220626137736,14.477658978827563,19.35564963196912,23.08444120648042
31.685648511043887,31.685648511043887,31.67073266061943,23.210185365565643,17.60226551918063,18.110232974047964,7.18450351354099,6.493229481453992,4.866818670260843,1000.0,2.2535466495379013,2.1903865847090493,2.2535466495379013,12.396360602111256,12.230553787422547,8.808308769077644,31.67073266061943,31.390841401524952,31.67073266061943,18.110232974047964,26.839833382692376,27.014430800266727,26.5687252502109,26.635405520160717,36.799244244785704,43.303811429246124,46.157385046905226,16.38280003008618,17.152202590585134,10.691805491137627,10.691805491137627,28.56826942419684,28.56826942419684,28.56826942419684,28.56826942419684,7.415221348211849,7.245911266054715,7.904730376371877,37.99168231636433,28.606874324412544,31.85937441236914,26.4862523275523,31.85937441236914,29.83784964853716,29.72115659589389,28.89904356456179,29.83784964853716,29.713260076952224,26.393251003479783,26.393251003479783,36.69044244093458,35.883205823921124,36.81328319322048,11.948945826286549,16.168736652306762,22.660964524223523,22.682257883043658,20.27025857985731,29.900472059040197,4.69400263801019,5.834416842924937,7.7819143344581025,7.045020287458568,25.354447851831907,13.335058875042476,24.582369293198347,22.19597088418711,31.101299293362526,22.19597088418711,23.450579812840605,27.811089046134676,23.07331863364199,13.361377606594157,15.107197564448871,41.06012805337737,35.35674960364661,43.95577605326005,20.204411373858893,11.554169239827285,10.940074483379812,11.510305241615114,23.845389084257977,45.80726641508333,22.538135869294884,39.20869885105893,9.685574780804163,16.37051769651371,14.9931483769174,6.790617267848757,6.360764913378321,21.07297358132253,21.5818306467802,6.843252338404458,15.080878513141778,17.151325276313656,15.817813772067934,20.529024917805756,18.34447763851556,23.222468283785524,26.951259850831583
30.432101874740606,30.432101874740606,30.417186024303017,21.956638722851512,16.348718873379703,16.85668632848872,5.930956864450552,5.239682832257834,3.6132720208712312,2.2535466495379013,1000.0,1.0631600648299553,1.0,11.142813954268963,10.977007139528283,7.554762120290672,30.417186024303017,30.137294764963436,30.417186024303017,16.85668632848872,25.58628674246662,25.76088416017038,25.315178609785956,25.381858879784566,35.545697613365576,42.05026480514032,44.90383842639765,15.12925338373587,15.898655944576369,9.438258842799492,9.438258842799492,27.314722785291433,27.314722785291433,27.314722785291433,27.314722785291433,6.161674699159815,5.992364616974346,6.651183727406494,36.73813568619266,27.353327685537625,30.605827776219225,25.2327056870672,30.605827776219225,28.58430301065721,28.467609957917734,27.64549692591902,28.58430301065721,28.45971343896956,25.139704362927077,25.139704362927077,35.436895809402586,34.62965919157009,35.55973656181481,10.695399178305863,14.91519000586451,21.407417881166428,23.935804525273838,21.52380522358418,31.154018695767192,3.4404559886045845,4.580870193641065,6.528367685470321,5.7914736383456695,24.100901210541238,12.081512227509597,23.32882265137965,20.942424240846545,29.84775265654985,20.942424240846545,22.197033170279365,26.557542406640113,21.81977199084157,12.107830959070325,13.853650917570501,39.8065814266091,34.10320297077167,42.702229429955416,18.950864729375823,10.300622591729363,9.6865278351086,10.256758593504449,22.591842441951503,44.55371979412149,21.284589226162296,37.95515222220427,8.4320281322133,15.116971050158092,13.739601729994135,5.537070618696361,5.107218264163503,19.819426937323463,20.328284003074945,5.589705689260078,13.827331866253012,15.897778630304497,14.564267125477857,19.275478273500987,17.09093099307032,21.96892164107917,25.697713210688306
30.495261938929637,30.495261938929637,30.480346088492702,22.019798787356102,16.41187893803488,16.919846393132175,5.9941169292623036,5.302842897074303,3.6764320856960158,2.1903865847090493,1.0631600648299553,1000.0,1.0631600648299553,11.205974019022413,11.040167204284208,7.617922185088561,30.480346088492702,30.20045482916522,30.480346088492702,16.919846393132175,25.649446806849024,25.82404422454642,25.378338674178156,25.44501894417437,35.60885767731308,42.11342486872501,44.966998489803565,15.192413448417655,15.961816009241627,9.501418907576426,9.501418907576426,27.37788284960883,27.37788284960883,27.37788284960883,27.37788284960883,6.2248347639698345,6.055524681785642,6.714343792212578,36.80129575007831,27.416487749853527,30.668987840400685,25.295865751462358,30.668987840400685,28.647463074924058,28.530770022189326,27.70865699022348,28.647463074924058,28.522873503241478,25.20286442732556,25.20286442732556,35.50005587335563,34.6928192555637,35.62289662576159,10.758559243065893,14.978350070550743,21.47057794568781,23.872644460832266,21.46064515906508,31.090858631609255,3.5036160534300214,4.644030258461373,6.591527750277424,5.854633703158429,24.16406127497599,12.144672292248282,23.391982715840328,21.005584305381802,29.910912720764042,21.005584305381802,22.260193234776462,26.620702470986526,21.882932055350384,12.170991023808579,13.916810982277768,39.86974149032597,34.1663630347912,42.765389493500315,19.014024793966897,10.363782656494953,9.74968789988238,10.31991865827064,22.65500250643611,44.61687985754998,21.34774929068738,38.01831228602462,8.495188197002083,15.180131114840133,13.802761794703569,5.600230683510886,5.170378328980795,19.88258700189091,20.39144406762803,5.652865754074247,13.890491930960781,15.960938694969773,14.627427190171229,19.33863833808336,17.154091057708232,22.032081705583376,25.760873275066658
30.432101874740606,30.432101874740606,30.417186024303017,21.956638722851512,16.348718873379703,16.85668632848872,5.930956864450552,5.239682832257834,3.6132720208712312,2.2535466495379013,1.0,1.0631600648299553,1000.0,11.142813954268963,10.977007139528283,7.554762120290672,30.417186024303017,30.137294764963436,30.417186024303017,16.85668632848872,25.58628674246662,25.76088416017038,25.315178609785956,25.381858879784566,35.545697613365576,42.05026480514032,44.90383842639765,15.12925338373587,15.898655944576369,9.438258842799492,9.438258842799492,27.314722785291433,27.314722785291433,27.314722785291433,27.314722785291433,6.161674699159815,5.992364616974346,6.651183727406494,36.73813568619266,27.353327685537625,30.605827776219225,25.2327056870672,30.605827776219225,28.58430301065721,28.467609957917734,27.64549692591902,28.58430301065721,28.45971343896956,25.139704362927077,25.139704362927077,35.436895809402586,34.62965919157009,35.55973656181481,10.695399178305863,14.91519000586451,21.407417881166428,23.935804525273838,21.52380522358418,31.154018695767192,3.4404559886045845,4.580870193641065,6.528367685470321,5.7914736383456695,24.100901210541238,12.081512227509597,23.32882265137965,20.942424240846545,29.84775265654985,20.942424240846545,22.197033170279365,26.557542406640113,21.81977199084157,12.107830959070325,13.853650917570501,39.8065814266091,34.10320297077167,42.702229429955416,18.950864729375823,10.300622591729363,9.6865278351086,10.256758593504449,22.591842441951503,44.55371979412149,21.284589226162296,37.95515222220427,8.4320281322133,15.116971050158092,13.739601729994135,5.537070618696361,5.107218264163503,19.819426937323463,20.328284003074945,5.589705689260078,13.827331866253012,15.897778630304497,14.564267125477857,19.275478273500987,17.09093099307032,21.96892164107917,25.697713210688306
20.28928798774561,20.28928798774561,20.27437213722198,11.813824795448761,6.205904928586263,6.713872384963768,6.211857092867701,6.90313112498079,8.529541935732706,12.396360602111256,11.142813954268963,11.205974019022413,11.142813954268963,1000.0,1.1658068149369072,4.588051836768607,20.27437213722198,19.994480876277738,20.27437213722198,6.713872384963768,15.44347283028835,15.61807024880304,15.17236469636281,15.239044966665993,25.402883758964645,31.907451001123327,34.761024647635175,4.986439436146771,5.755841998710132,2.70455511317578,2.70455511317578,17.171908881458588,17.171908881458588,17.171908881458588,17.171908881458588,5.981139258159775,6.150449340345499,5.491630229874102,26.59532184028054,17.21051378189925,20.463013890230158,15.0898917732688,20.463013890230158,18.441489113404394,18.3247960600442,17.502683023763808,18.441489113404394,18.31689954105415,14.996890448707454,14.996890448707454,25.294081954243833,24.4868453308761,25.416922707511862,1.4474147764776648,4.77237605782102,11.264603951731562,34.07861838938984,31.666619103072904,41.29683250559155,8.702357967895008,7.561943763416122,5.614446271825401,6.351340318965649,13.958087291755712,1.9386982744744743,13.18600872936598,10.799610309747028,19.70493876622364,10.799610309747028,12.054219243788532,16.414728499064392,11.676958062925726,1.9650170060728078,3.710836967434131,29.66376760408436,23.96038910655069,32.559415631539096,8.808050791725785,1.8421913634687717,2.4562861206610194,1.8860553617374753,12.449028516988042,34.41090601215705,11.141775296282734,27.812338385302134,3.7107858244457823,4.974157102542625,3.5967877796488006,6.60574333859042,7.035595693046914,9.67661300241477,10.185470069855281,6.553108268033039,3.6845179160681467,5.754964684436212,4.421453176712957,9.132664336854583,6.9481170501509055,11.826107713722676,15.554899299026731
20.455094801955955,20.455094801955955,20.44017895143344,11.979631610155689,6.371711743468989,6.879679199835584,6.046050277981778,6.737324310109542,8.363735120903296,12.230553787422547,10.977007139528283,11.040167204284208,10.977007139528283,1.1658068149369072,1000.0,4.4222450218555025,20.44017895143344,20.160287690510014,20.44017895143344,6.879679199835584,15.609279644816622,15.783877063321434,15.338171510906186,15.404851781205682,25.568690572741097,32.07325781420198,34.926831460356205,5.152246251051605,5.921648813601687,2.538748298243956,2.538748298243956,17.33771569588388,17.33771569588388,17.33771569588388,17.33771569588388,5.815332443269367,5.984642525458361,5.32582341497486,26.761128653941288,17.376320596322103,20.62882070442742,15.255698587816719,20.62882070442742,18.607295927746677,18.490602874394373,17.668489838168068,18.607295927746677,18.48270635540485,15.162697263260455,15.162697263260455,25.459888768030574,24.652652144737708,25.58272952128699,1.2816079615410019,4.938182872729142,11.430410766461087,33.91281157656664,31.500812289951735,41.13102569379552,8.53655115307065,7.396136948560586,5.448639456928289,6.185533504082539,14.123894106363254,2.104505089409372,13.351815544011359,10.965417124494767,19.870745580477138,10.965417124494767,12.220026058485205,16.580535313536213,11.842764877638395,2.1308238210076,3.876643782355927,29.829574417422155,24.126195920459764,32.72522244453881,8.97385760654208,1.676384548532969,2.2904793057277546,1.7202485468018054,12.614835331667383,34.57671282492364,11.307582111017147,27.978145198839144,3.544979009522247,5.139963917447654,3.762594594571806,6.439936523712631,6.86978887817869,9.842419817203053,10.351276884625799,6.387301453154128,3.850324730990226,5.920771499327786,4.587259991626081,9.298471151660749,7.1139238650173535,11.991914528429085,15.720706113548717
23.877339806022384,23.877339806022384,23.86242395552508,15.401876625688283,9.793956763435034,10.301924219503555,2.623805256454194,3.3150792887856237,4.94149010020949,8.808308769077644,7.554762120290672,7.617922185088561,7.554762120290672,4.588051836768607,4.4222450218555025,1000.0,23.86242395552508,23.5825326950715,23.86242395552508,10.301924219503555,19.031524656140686,19.20612207441654,18.760416522580943,18.827096792794727,28.990935567117926,35.49550279324256,38.349076431605575,8.574491271649038,9.343893833814597,2.883496723727512,2.883496723727512,20.7599607048342,20.7599607048342,20.7599607048342,20.7599607048342,2.3930874216823232,2.5623975039145357,1.9035783932757786,30.18337364575893,20.798565605216695,24.05106570819887,18.677943599596993,24.05106570819887,22.029540934801567,21.912847881628853,21.09073484663695,22.029540934801567,21.904951362651435,18.584942275159072,18.584942275159072,28.88213376263527,28.074897141003575,29.00497451563435,4.140637060349887,8.36042789342514,14.852655782538854,30.490566593613135,28.07856730119451,37.70878073100644,5.114306132456248,3.9738919274663793,2.026394435255516,2.763288482592968,17.546139119536754,5.526750111064846,16.774060558076584,14.387662141015273,23.292990585518087,14.387662141015273,15.642271073771587,20.002780323555758,15.2650098933091,5.553068842657117,7.298888803486579,33.25181940213352,27.54844091778102,36.147467421856426,12.396102624763417,3.7458604733968444,3.1317657162378225,3.7019964751315637,16.037080346539394,37.99895779716383,14.729827127213548,31.400390187928014,1.8772660124225942,8.56220893805084,7.184839615743798,3.0176915022964055,3.447543856898167,13.264664834721584,13.773521901704585,2.965056431722304,7.272569752130513,9.34301651954116,8.009505012475739,12.720716169626476,10.53616888454092,15.414159543949205,19.142951124726945
1.0149158505883136,1.0149158505883136,1.0,9.460547362352253,15.0684672251143,14.56049976969118,25.48622920135992,26.177503228742548,27.803914027514715,31.67073266061943,30.417186024303017,30.480346088492702,30.417186024303017,20.27437213722198,20.44017895143344,23.86242395552508,1000.0,1.2798912621395402,1.0,14.56049976969118,5.830899322625071,5.656301903725954,6.102007457120383,6.035327186680126,6.128511649872373,12.633078944688092,15.486652620288448,16.28793271478842,15.518530154047783,21.978927242348963,21.978927242348963,4.102463267045526,4.102463267045526,4.102463267045526,4.102463267045526,25.25551136818285,25.42482144924751,24.76600234306567,7.320949739420587,4.063858366491051,1.1886417538336327,6.184480380381165,1.1886417538336327,2.8328830310056596,2.9495760847723806,3.77168912374342,2.8328830310056596,2.957472603789725,6.277481705126908,6.277481705126908,6.01970984443219,5.2124732158931515,6.142550598512802,20.721786911713714,16.501996092559647,10.009768206292925,53.352990136175286,50.940990895048664,60.57120410139194,27.976730058333974,26.836315862469,24.888818384232163,25.62571242652072,7.316284863873998,19.33567386662096,8.088363427283769,10.474761848360592,1.5694333733931103,10.474761848360592,9.220152913871976,4.8596436515365955,9.597414094943671,19.30935513512551,17.563535179891797,10.389395527341446,4.686016988352748,13.28504358142808,12.466321365637306,21.116563496877628,21.730658251087984,21.160427494938972,8.825343640385313,15.136533981044863,10.132596861773166,8.537966293502112,22.98515794825295,16.300215048361302,17.677584367318744,25.88011544441365,26.309967795877604,11.597759155492463,11.088902088213056,25.827480374216975,17.589854231175597,15.519407468319773,16.852918972714033,12.141707820751604,14.32625510490502,9.44826444407179,5.71947285364293
1.2948071127278393,1.2948071127278393,1.2798912621395402,9.180656100438554,14.78857596360792,14.280608508139442,25.20633794115608,25.897611968650278,27.524022767697264,31.390841401524952,30.137294764963436,30.20045482916522,30.137294764963436,19.994480876277738,20.160287690510014,23.5825326950715,1.2798912621395402,1000.0,1.2798912621395402,14.280608508139442,5.5510080605572565,5.376410641652893,5.822116195061106,5.755435924618705,6.408402911921473,12.912970206375919,15.766543881730824,16.008041453397816,15.238638892583001,21.699035981627308,21.699035981627308,3.8225720049345524,3.8225720049345524,3.8225720049345524,3.8225720049345524,24.97562010794247,25.14493018903391,24.486111082748927,7.600841001424089,3.783967104379335,1.4685330159728847,5.904589118324581,1.4685330159728847,2.5529917688754042,2.669684822643458,3.491797861626409,2.5529917688754042,2.677581341660896,5.997590443073415,5.997590443073415,6.299601106484988,5.492364477970985,6.422441860561418,20.441895650826055,16.22210483119038,9.729876944410043,53.07309888295209,50.661099641019675,60.29131285080888,27.696838798546743,26.55642460248595,24.608927123934432,25.345821166339146,7.036393601858854,19.055782605562257,7.8084721653016915,10.194870586505335,1.2895421112541077,10.194870586505335,8.94026165194541,4.579752389442128,9.317522833037467,19.029463874063673,17.283643918632716,10.669286789185023,4.965908250444619,13.5649348430645,12.18643010391637,20.836672236040982,21.45076699033272,20.880536234108057,8.54545237843843,15.416425242520212,9.852705599897444,8.817857555449526,22.70526668767161,16.02032378697192,17.397693106071937,25.600224184272996,26.030076535807066,11.317867893709764,10.809010826396456,25.547589114067822,17.30996296991934,15.239516206855074,16.573027711380366,11.861816559007003,14.046363843332927,9.168373182157422,5.439581591571746
1.0149158505883136,1.0149158505883136,1.0,9.460547362352253,15.0684672251143,14.56049976969118,25.48622920135992,26.177503228742548,27.803914027514715,31.67073266061943,30.417186024303017,30.480346088492702,30.417186024303017,20.27437213722198,20.44017895143344,23.86242395552508,1.0,1.2798912621395402,1000.0,14.56049976969118,5.830899322625071,5.656301903725954,6.102007457120383,6.035327186680126,6.128511649872373,12.633078944688092,15.486652620288448,16.28793271478842,15.518530154047783,21.978927242348963,21.978927242348963,4.102463267045526,4.102463267045526,4.102463267045526,4.102463267045526,25.25551136818285,25.42482144924751,24.76600234306567,7.320949739420587,4.063858366491051,1.1886417538336327,6.184480380381165,1.1886417538336327,2.8328830310056596,2.9495760847723806,3.77168912374342,2.8328830310056596,2.957472603789725,6.277481705126908,6.277481705126908,6.01970984443219,5.2124732158931515,6.142550598512802,20.721786911713714,16.501996092559647,10.009768206292925,53.352990136175286,50.940990895048664,60.57120410139194,27.976730058333974,26.836315862469,24.888818384232163,25.62571242652072,7.316284863873998,19.33567386662096,8.088363427283769,10.474761848360592,1.5694333733931103,10.474761848360592,9.220152913871976,4.8596436515365955,9.597414094943671,19.30935513512551,17.563535179891797,10.389395527341446,4.686016988352748,13.28504358142808,12.466321365637306,21.116563496877628,21.730658251087984,21.160427494938972,8.825343640385313,15.136533981044863,10.132596861773166,8.537966293502112,22.98515794825295,16.300215048361302,17.677584367318744,25.88011544441365,26.309967795877604,11.597759155492463,11.088902088213056,25.827480374216975,17.589854231175597,15.519407468319773,16.852918972714033,12.141707820751604,14.32625510490502,9.44826444407179,5.71947285364293
14.575415620247476,14.575415620247476,14.56049976969118,6.099952414165064,1.5079674565540158,1.0,11.925729474028488,12.617003505364469,14.243414314036023,18.110232974047964,16.85668632848872,16.919846393132175,16.85668632848872,6.713872384963768,6.879679199835584,10.301924219503555,14.56049976969118,14.280608508139442,14.56049976969118,1000.0,9.729600453736463,9.904197872523032,9.458492319396807,9.525172589800937,19.689011404411428,26.193578668063388,29.047152325779457,2.7274329492766762,1.9580303865577657,8.418427497295195,8.418427497295195,11.458036507777143,11.458036507777143,11.458036507777143,11.458036507777143,11.695011639565708,11.864321721572228,11.20550261177659,20.881449489246293,11.496641408286461,14.749141523114684,9.376019396178764,14.749141523114684,12.727616742084917,12.610923688498668,11.788810650677064,12.727616742084917,12.60302716949338,9.283018071478635,9.283018071478635,19.580209599378946,18.772972973748068,19.70305035299897,7.161287161257373,2.9414963276316533,5.550731569884869,39.79249068852739,37.38049141342553,47.010704766498314,14.416230345956487,13.275816142999727,11.328318653606315,12.065212699974778,8.244214913055107,5.775174110788559,7.472136349664668,5.085737927455118,13.991066397467883,5.085737927455118,6.3403468627639175,10.70085612407649,5.963085681497967,5.748855379196918,4.0030354180730905,23.949895262974895,18.246516747993418,26.845543300943646,3.0941784078532986,7.556063748063874,8.170158504927567,7.599927746310779,6.735156136405643,28.697033688868387,5.427902914315633,22.098466038054458,9.424658207884546,2.7397152828826643,4.1170846058553305,12.319615719316241,12.749468073274388,3.9627406191665564,4.4715976870195515,12.266980648818187,4.029354469438516,1.958907700831906,3.2924192087743953,3.418791953203632,1.2342446652801344,6.112235332452033,9.84102692264789
5.845815173209316,5.845815173209316,5.830899322625071,4.629648041457093,10.237567909812329,9.729600453736463,20.655329905870087,21.346603935001134,22.97301473809996,26.839833382692376,25.58628674246662,25.649446806849024,25.58628674246662,15.44347283028835,15.609279644816622,19.031524656140686,5.830899322625071,5.5510080605572565,5.830899322625071,9.729600453736463,1000.0,1.1745974189449069,1.271108134573216,1.204427864113029,10.959410969622226,17.463978256535494,20.31755192716827,11.457033401172332,10.687630839348476,17.148027938820363,17.148027938820363,2.728436055881539,2.728436055881539,2.728436055881539,2.728436055881539,20.4246120721215,20.59392215360498,19.935103045811662,12.151849058077874,2.767040956438917,6.01954107640539,1.35358105785934,6.01954107640539,3.9980162919288524,3.8813232381690232,3.0592101992030734,3.9980162919288524,3.87342671915209,1.4465823826345805,1.4465823826345805,10.850609164273765,10.043372536373678,10.973449918250719,15.890887605642082,11.671096779256818,5.17886888578888,48.52209095402966,46.11009169961299,55.74030496296538,23.145830769396515,22.005416570444154,20.05791908727484,20.794813131379335,2.4853855417773856,14.504774557952294,3.25746410556005,5.643862528214264,5.261465949368603,5.643862528214264,4.389253592816322,1.9712556712995988,4.766514774142795,14.478455826409624,12.732635868218809,15.220294842452125,9.516916309210483,18.11594289222116,7.635422047298934,16.285664191585347,16.89975894704302,16.329528189734376,3.9944443190802135,19.967433288583415,5.301697541361243,13.36886561087942,18.154258646888465,11.469315734763052,12.846685055828429,21.049216149913438,21.479068502477393,6.766859836310604,6.258002768576549,20.996581079583507,12.758954919544635,10.688508153621664,12.022019659935918,7.31080850208803,9.495355788659097,4.617365123168268,1.1114264690117597
