0.0,1.6793364198910445,1.2573615893355226,2.8383183044099134,1.2573615893355226,3.182172870409805,3.3426110720202455,11.400100848579633,3.7775509014859225,3.745797275716305,3.6906462765000168,14.451226738499201,14.451226738499201,14.451226738499201,6.790034253955302,8.946903390740687,11.746087740439197,11.79790235311437,11.669619472440232,11.79247017413391,11.756534231769866,11.79247017413391,3.177994797267419,3.0162441467578094,3.0162441467578094,11.756534231769866,10.719832205928244,11.756534231769866,11.890249461689894,10.719832205928244,2.6577865171049657,1.7319790070726429,3.9612598050455756,3.7064160189565296,3.622860472624281,1.4921595644561951,1.0033423519329454,2.25005107331806,7.978351265145335,9.064735085150993,7.982529631406535,25.899333492205873,26.012096732769734,20.210813274614914,7.969994533376503,9.971460940277023,7.251319419498096,7.230427813978542,9.269478582866094,9.273657027969115,11.325304395415005,9.273657027969115,6.693459771971525,1.3041533575315807,10.840591931960201,11.651233672112141,12.077451222545807,12.457706375965984,12.15684498114164,12.658281374075413
1.6793364198910445,0.0,1.4219748305593165,2.1589818845932953,1.4219748305593165,2.502836450633316,2.663274652265305,10.72076443221678,3.09821448179844,3.0664608560234505,3.011309856798,15.130563151739137,15.130563151739137,15.130563151739137,6.110697835097492,8.267566972865776,11.066751324323327,11.118565937036202,10.990283056269053,11.113133758051783,11.077197815661581,11.113133758051783,2.4986583774903925,3.695580566458916,3.695580566458916,11.077197815661581,10.040495789104089,11.077197815661581,11.210913045679394,10.040495789104089,3.3371229368606135,1.0526425871829446,4.640596224559818,4.385752438527316,4.302196892212616,2.171495984327094,1.6826787718239102,1.570714653451939,7.299014846788928,8.385398667339125,7.303193213052064,26.578669889782063,26.69143313014576,20.89014968112657,7.290658115016227,9.292124522982622,6.57198300082323,6.55109139529507,8.590142165166068,8.5943206102714,10.645967978999854,8.5943206102714,7.372796190594037,1.9834897774121734,10.161255515215581,10.971897255927729,11.398114806674293,11.778369960384303,11.477508565329815,11.97894495865067
1.2573615893355226,1.4219748305593165,0.0,2.5809567151128547,1.0,2.924811281129869,3.085249482749369,11.142739260638828,3.520189312243031,3.488435686471202,3.4332846872511347,14.708588325390128,14.708588325390128,14.708588325390128,6.532672665043552,8.689541802213347,11.488726152593891,11.54054076528364,11.412257884573545,11.535108586301646,11.499172643927492,11.535108586301646,2.9206332079872563,3.273605736032636,3.273605736032636,11.499172643927492,10.46247061780888,11.499172643927492,11.632887873885316,10.46247061780888,2.915148106398454,1.4746174177417188,4.218621394254889,3.9637776081858407,3.880222061859774,1.7495211537868345,1.2607039412684564,1.9926894839989617,7.720989676430176,8.807373496648193,7.725168042692132,26.156695073226654,26.26945831371531,20.46817485898905,7.712632944659831,9.71409935197533,6.993957830658228,6.973066225135299,9.01211699440681,9.01629543951073,11.067942807453969,9.01629543951073,6.950821360858274,1.5615149468648424,10.58323034387164,11.39387208424034,11.820089634794927,12.200344788327026,11.899483393413815,12.400919786497031
2.8383183044099134,2.1589818845932953,2.5809567151128547,0.0,2.5809567151128547,1.3438545660708099,1.5042927677219844,9.561782552577768,1.939232597322556,1.907478971541881,1.8523279723068398,16.28954502343719,16.28954502343719,16.28954502343719,4.951715951707033,7.1085850909158985,9.907769445067776,9.959584057839304,9.83130117692753,9.95415187884872,9.918215936417829,9.95415187884872,1.3396764929274283,4.854562450432844,4.854562450432844,9.918215936417829,8.881513908752604,9.918215936417829,10.051931166587819,8.881513908752604,4.496104820966865,2.1063392974138218,5.799578108111418,5.544734322203299,5.461178775927695,3.3304778687576726,2.8416606563422775,1.5882672311613621,6.140032964123696,7.226416785483885,6.144211330389678,27.737651733502766,27.850414973512617,22.049131540714846,6.131676232345308,8.133142641910869,5.413001117694341,5.392109512153788,7.431160283479196,7.435338728588016,9.486986099279815,7.435338728588016,8.53177807232496,3.1424716618798887,9.002273634986558,9.812915376565638,10.23913292779933,10.61938808196215,10.31852668654797,10.819963080474281
1.2573615893355226,1.4219748305593165,1.0,2.5809567151128547,0.0,2.924811281129869,3.085249482749369,11.142739260638828,3.520189312243031,3.488435686471202,3.4332846872511347,14.708588325390128,14.708588325390128,14.708588325390128,6.532672665043552,8.689541802213347,11.488726152593891,11.54054076528364,11.412257884573545,11.535108586301646,11.499172643927492,11.535108586301646,2.9206332079872563,3.273605736032636,3.273605736032636,11.499172643927492,10.46247061780888,11.499172643927492,11.632887873885316,10.46247061780888,2.915148106398454,1.4746174177417188,4.218621394254889,3.9637776081858407,3.880222061859774,1.7495211537868345,1.2607039412684564,1.9926894839989617,7.720989676430176,8.807373496648193,7.725168042692132,26.156695073226654,26.26945831371531,20.46817485898905,7.712632944659831,9.71409935197533,6.993957830658228,6.973066225135299,9.01211699440681,9.01629543951073,11.067942807453969,9.01629543951073,6.950821360858274,1.5615149468648424,10.58323034387164,11.39387208424034,11.820089634794927,12.200344788327026,11.899483393413815,12.400919786497031
3.182172870409805,2.502836450633316,2.924811281129869,1.3438545660708099,2.924811281129869,0.0,1.1604382016526045,9.217927987749379,1.5953780312616286,1.5636244054801103,1.5084734062436893,16.633399585275974,16.633399585275974,16.633399585275974,4.607861385888109,6.764730525467073,9.56391488034396,9.615729493131512,9.48744661218024,9.610297314139245,9.574361371697234,9.610297314139245,1.0041780731434067,5.198417016217496,5.198417016217496,9.574361371697234,8.537659343730905,9.574361371697234,9.708076601908823,8.537659343730905,4.839959386800297,2.4501938634562697,6.143432673745664,5.8885888878812205,5.805033341619434,3.674332434718295,3.185515222341931,1.9321217972224796,5.796178398488367,6.882562220060008,5.800356764755083,28.081506286736907,28.19426952663878,22.39298609880781,5.787821666708513,7.789288076695351,5.069146551940767,5.0482549463970905,7.0873057180998345,7.0914841632095795,9.14313153442937,7.0914841632095795,8.87563263734645,3.4863262278565235,8.658419069997983,9.469060811812732,9.895278363179626,10.275533517466686,9.97467212195379,10.476108516046406
3.3426110720202455,2.663274652265305,3.085249482749369,1.5042927677219844,3.085249482749369,1.1604382016526045,0.0,9.057489786642295,1.4349398296111595,1.4031862038293799,1.348035204592544,16.793837784888957,16.793837784888957,16.793837784888957,4.447423184338026,6.604292324080706,9.403476679284234,9.455291292079048,9.327008411109876,9.449859113086017,9.41392317063897,9.449859113086017,1.1646162747960056,5.358855217719124,5.358855217719124,9.41392317063897,8.377221142536452,9.41392317063897,9.547638400869406,8.377221142536452,5.000397588326176,2.610632065089611,6.3038708751731845,6.049027089330177,5.9654715430751875,3.834770636308366,3.3459534239522464,2.0925599988666854,5.635740197019007,6.7221240186847915,5.639918563286048,28.24194448228746,28.35470772213849,22.553424296649084,5.627383465238504,7.628849875413583,4.908708350419257,4.887816744874211,6.9268675167445375,6.931045961854694,8.982693333312309,6.931045961854694,9.036070838476705,3.6467644294548474,8.497980868818487,9.308622610739826,9.7348401621671,10.115095316510546,9.814233920952837,10.315670315120965
11.400100848579633,10.72076443221678,11.142739260638828,9.561782552577768,11.142739260638828,9.217927987749379,9.057489786642295,0.0,8.622549958402782,8.654303584089725,8.709454583159857,24.851327415395566,24.851327415395566,24.851327415395566,5.610066608877338,3.453197468246383,1.34598689384377,1.3978015068270817,1.2695186253952786,1.3923693278141833,1.3564333852363317,1.3923693278141833,9.222106060878287,13.416344981958105,13.416344981958105,1.3564333852363317,1.680268646180508,1.3564333852363317,1.490148615958889,1.680268646180508,13.057887355001924,10.668121845287976,14.361360632477131,14.106516848577263,14.022961302947639,11.892260410171339,11.403443200494,10.150049781372262,4.421749596182866,3.335365773482956,4.417571229913715,36.29943386984615,36.41219710676003,30.610913818593865,4.43010632796754,2.428639915144079,5.148781442929566,5.169673048472371,3.1306222751190433,3.1264438300023176,1.074796453576804,3.1264438300023176,17.093560571561444,11.704254204371559,1.559508919558093,1.251132824960036,1.6773503779703578,2.057605533852766,1.7567441370675545,2.2581805333230456
3.7775509014859225,3.09821448179844,3.520189312243031,1.939232597322556,3.520189312243031,1.5953780312616286,1.4349398296111595,8.622549958402782,0.0,1.0317536257820659,1.0869046250192915,17.228777608760602,17.228777608760602,17.228777608760602,4.012483354958919,6.1693524951167165,8.968536851168494,9.020351463982305,8.89206858296632,9.014919284987274,8.978983342527052,9.014919284987274,1.5995561044049587,5.793795046862982,5.793795046862982,8.978983342527052,7.942281314069148,8.978983342527052,9.112698572806814,7.942281314069148,5.4353374175405476,3.0455718946271113,6.738810704103563,6.483966918322063,6.400411372086606,4.269710465712272,3.7808932534175406,2.5274998284405354,5.200800367842917,6.287184189749462,5.204978734110784,28.676884294993712,28.7896475347054,22.988364115641076,5.1924436360607675,7.193910046719522,4.473768521111472,4.452876915562991,6.49192768786048,6.496106132971703,8.547753505046742,6.496106132971703,9.471010666564853,4.081704258883629,8.063041040390113,8.873682782589622,9.299900334174902,9.680155488666157,9.379294092990971,9.880730487357132
3.745797275716305,3.0664608560234505,3.488435686471202,1.907478971541881,3.488435686471202,1.5636244054801103,1.4031862038293799,8.654303584089725,1.0317536257820659,0.0,1.0551509992372334,17.197023983408236,17.197023983408236,17.197023983408236,4.0442369807260246,6.201106120854936,9.000290476846628,9.052105089659081,8.923822208646435,9.046672910664197,9.01073696820491,9.046672910664197,1.5678024786234483,5.762041421118185,5.762041421118185,9.01073696820491,7.974034939772275,9.01073696820491,9.144452198481162,7.974034939772275,5.403583791790367,3.013818268851769,6.707057078374974,6.452213292588818,6.368657746351878,4.23795683994749,3.749139627647954,2.4957462026621986,5.232553993595984,6.3189378154856675,5.236732359863794,28.64513067046404,28.757893910185963,22.956610490648753,5.224197261813949,7.2256636724387056,4.505522146873675,4.484630541325432,6.523681313593077,6.527859758704224,8.579507130735536,6.527859758704224,9.43925704089955,4.049950633116906,8.094794666090475,8.905436408270209,9.331653959844232,9.711909114324945,9.41104771865814,9.912484113010175
3.6906462765000168,3.011309856798,3.4332846872511347,1.8523279723068398,3.4332846872511347,1.5084734062436893,1.348035204592544,8.709454583159857,1.0869046250192915,1.0551509992372334,0.0,17.14187298491334,17.14187298491334,17.14187298491334,4.099387979936527,6.256257120014733,9.055441475901373,9.10725608871147,8.978973207704641,9.10182390971683,9.065887967259183,9.10182390971683,1.51265147938704,5.706890421944512,5.706890421944512,9.065887967259183,8.029185938870679,9.065887967259183,9.1996031975293,8.029185938870679,5.348432792607431,2.9586672696257166,6.651906079229217,6.397062293435033,6.313506747195542,4.182805840739475,3.6939886284317165,2.440595203431073,5.2877049927818085,6.374088814641936,5.291883359049517,28.58997967339519,28.702742913134887,22.901459492777768,5.279348260999974,7.280814671565196,4.560673146075546,4.539781540527719,6.578832312743027,6.583010757854044,8.634658129808901,6.583010757854044,9.384106041863038,3.9947996339055694,8.149945665184053,8.960587407329239,9.386804958883612,9.767060113345924,9.466198717693741,9.967635112021117
14.451226738499201,15.130563151739137,14.708588325390128,16.28954502343719,14.708588325390128,16.633399585275974,16.793837784888957,24.851327415395566,17.228777608760602,17.197023983408236,17.14187298491334,0.0,1.0,1.0,20.24126091530798,22.398130011514322,25.197314298977304,25.249128910398596,25.120846032822072,25.243696731549765,25.207760790055474,25.243696731549765,16.629221512185133,12.434982607720748,12.434982607720748,25.207760790055474,24.171058788538417,25.207760790055474,25.341476016730184,24.171058788538417,12.793440234944018,15.183205738378675,11.489966954985269,11.744810739698815,11.8283662855605,13.959067178462641,14.447884386597403,15.70127779908502,21.42957790493565,22.51596170352277,21.43375627111759,12.448106951773484,12.560870195196651,6.759586612949398,21.421221173325257,23.4226875395253,20.702546072712156,20.681654467567554,22.720705197018848,22.724883642035163,24.77653096399876,22.724883642035163,8.757766997152391,14.147073383738512,24.291818511813204,25.102460232936078,25.528677773001235,25.90893291695963,25.608071529638003,26.109507909997912
14.451226738499201,15.130563151739137,14.708588325390128,16.28954502343719,14.708588325390128,16.633399585275974,16.793837784888957,24.851327415395566,17.228777608760602,17.197023983408236,17.14187298491334,1.0,0.0,1.0,20.24126091530798,22.398130011514322,25.197314298977304,25.249128910398596,25.120846032822072,25.243696731549765,25.207760790055474,25.243696731549765,16.629221512185133,12.434982607720748,12.434982607720748,25.207760790055474,24.171058788538417,25.207760790055474,25.341476016730184,24.171058788538417,12.793440234944018,15.183205738378675,11.489966954985269,11.744810739698815,11.8283662855605,13.959067178462641,14.447884386597403,15.70127779908502,21.42957790493565,22.51596170352277,21.43375627111759,12.448106951773484,12.560870195196651,6.759586612949398,21.421221173325257,23.4226875395253,20.702546072712156,20.681654467567554,22.720705197018848,22.724883642035163,24.77653096399876,22.724883642035163,8.757766997152391,14.147073383738512,24.291818511813204,25.102460232936078,25.528677773001235,25.90893291695963,25.608071529638003,26.109507909997912
14.451226738499201,15.130563151739137,14.708588325390128,16.28954502343719,14.708588325390128,16.633399585275974,16.793837784888957,24.851327415395566,17.228777608760602,17.197023983408236,17.14187298491334,1.0,1.0,0.0,20.24126091530798,22.398130011514322,25.197314298977304,25.249128910398596,25.120846032822072,25.243696731549765,25.207760790055474,25.243696731549765,16.629221512185133,12.434982607720748,12.434982607720748,25.207760790055474,24.171058788538417,25.207760790055474,25.341476016730184,24.171058788538417,12.793440234944018,15.183205738378675,11.489966954985269,11.744810739698815,11.8283662855605,13.959067178462641,14.447884386597403,15.70127779908502,21.42957790493565,22.51596170352277,21.43375627111759,12.448106951773484,12.560870195196651,6.759586612949398,21.421221173325257,23.4226875395253,20.702546072712156,20.681654467567554,22.720705197018848,22.724883642035163,24.77653096399876,22.724883642035163,8.757766997152391,14.147073383738512,24.291818511813204,25.102460232936078,25.528677773001235,25.90893291695963,25.608071529638003,26.109507909997912
6.790034253955302,6.110697835097492,6.532672665043552,4.951715951707033,6.532672665043552,4.607861385888109,4.447423184338026,5.610066608877338,4.012483354958919,4.0442369807260246,4.099387979936527,20.24126091530798,20.24126091530798,20.24126091530798,0.0,3.156869141882243,5.956053502315729,6.007868115233462,5.879585233961703,6.002435936227498,5.966499993695173,6.002435936227498,4.6120394590287175,8.806278396027647,8.806278396027647,5.966499993695173,4.9297979633289,5.966499993695173,6.100215224245246,4.9297979633289,8.447820767384858,6.058055247984488,9.751294051285448,9.496450266065922,9.412894720010335,7.282193817491241,6.793376605882484,5.5399831823260826,2.188317013656148,3.274700836650627,2.1924953799274998,31.689367518099438,31.80213075678579,26.00084738531807,2.179960281867044,4.18142669480798,1.4612851664004334,1.4403935608393035,3.479444335007535,3.4836227801239112,5.535270155380733,3.4836227801239112,12.483494006455551,7.094187610935198,5.050557689855079,5.8611994335487605,6.287416986001043,6.667672141313141,6.3668107449848055,6.868247140455077
8.946903390740687,8.267566972865776,8.689541802213347,7.1085850909158985,8.689541802213347,6.764730525467073,6.604292324080706,3.453197468246383,6.1693524951167165,6.201106120854936,6.256257120014733,22.398130011514322,22.398130011514322,22.398130011514322,3.156869141882243,0.0,3.799184361968345,3.8509989749308224,3.722716093549366,3.8455667959201403,3.80963085335676,3.8455667959201403,6.7689085986033435,10.963147529292765,10.963147529292765,3.80963085335676,2.772928822217582,3.80963085335676,3.9433460840238257,2.772928822217582,10.604689901341779,8.214924385824663,11.908163182589982,11.653319397918702,11.56976385203973,9.439062953500578,8.95024574266278,7.6968523208409785,1.9685521283534868,1.1178316947980467,1.964373762082031,33.84623654801022,33.9589997858979,28.157716451829106,1.9769088601427869,2.0245575532864364,2.6955839755683884,2.716475581126616,1.3225751932138046,1.3267536383314786,3.378401014691954,1.3267536383314786,14.640363130975764,9.25105674724733,2.8936885488215633,3.7043302931209996,4.130547845950053,4.510803001632187,4.209941605008437,4.711378000982183
11.746087740439197,11.066751324323327,11.488726152593891,9.907769445067776,11.488726152593891,9.56391488034396,9.403476679284234,1.34598689384377,8.968536851168494,9.000290476846628,9.055441475901373,25.197314298977304,25.197314298977304,25.197314298977304,5.956053502315729,3.799184361968345,0.0,1.0518146129836772,1.076468268448857,1.046382433970736,1.0104464913926277,1.046382433970736,9.568092953471625,13.762331872987893,13.762331872987893,1.0104464913926277,2.026255540011897,1.0104464913926277,1.144161722116372,2.026255540011897,13.403874246189813,11.014108737412975,14.707347523068178,14.452503739289758,14.368948193699447,12.238247301841707,11.74943009235231,10.496036673673608,4.767736489797925,3.6813526672156516,4.763558123529307,36.6454207412882,36.758183978059144,30.956900696654902,4.776093221581531,2.774626808942882,5.494768336442492,5.515659941982086,3.4766091688692167,3.4724307237528325,1.420783347420016,3.4724307237528325,17.439547460704997,12.050241096115219,1.905495813392878,1.0948540688841566,1.3313634841305677,1.7116186400223405,1.4107572432292959,1.912193639499625
11.79790235311437,11.118565937036202,11.54054076528364,9.959584057839304,11.54054076528364,9.615729493131512,9.455291292079048,1.3978015068270817,9.020351463982305,9.052105089659081,9.10725608871147,25.249128910398596,25.249128910398596,25.249128910398596,6.007868115233462,3.8509989749308224,1.0518146129836772,0.0,1.1282828814325079,1.005432179012942,1.0413681215910506,1.005432179012942,9.619907566258988,13.81414648553667,13.81414648553667,1.0413681215910506,2.0780701529926358,1.0413681215910506,1.0923471091327301,2.0780701529926358,13.455688858762644,11.06592335012867,14.75916213555025,14.504318351790287,14.420762806205957,12.290061914488025,11.801244705027289,10.547851286416261,4.81955110274337,3.733167280179862,4.8153727364748375,36.69723535087936,36.809998587628776,31.008715307243335,4.827907834526808,2.82644142191795,5.546582949371874,5.567474554910965,3.5284237818362603,3.524245336719932,1.472597960403165,3.524245336719932,17.491362072967405,12.102055708772712,1.9573104263742531,1.1466686818677967,1.2795488711471366,1.6598040270399101,1.3589426302460104,1.8603790265180318
11.669619472440232,10.990283056269053,11.412257884573545,9.83130117692753,11.412257884573545,9.48744661218024,9.327008411109876,1.2695186253952786,8.89206858296632,8.923822208646435,8.978973207704641,25.120846032822072,25.120846032822072,25.120846032822072,5.879585233961703,3.722716093549366,1.076468268448857,1.1282828814325079,0.0,1.1228507024195704,1.086914759841481,1.1228507024195704,9.491624685308182,13.68586360517445,13.68586360517445,1.086914759841481,1.9497872715668607,1.086914759841481,1.2206299905651041,1.9497872715668607,13.327405978341046,10.937640469354571,14.630879255352703,14.376035471547171,14.292479925948085,12.161779033885075,11.672961824353619,10.41956840557568,4.691268221403597,3.604884398794176,4.687089855134857,36.56895247782811,36.681715714630755,30.88043243172591,4.699624953187449,2.698158540505838,5.418300068071503,5.43919167361183,3.400140900443662,3.3959624553271976,1.3443150789717269,3.3959624553271976,17.363079193312323,11.973772828142188,1.8290275449469635,1.0183858004353066,1.407831752578895,1.7880869084689999,1.4872255116773685,1.9886619079449477
11.79247017413391,11.113133758051783,11.535108586301646,9.95415187884872,11.535108586301646,9.610297314139245,9.449859113086017,1.3923693278141833,9.014919284987274,9.046672910664197,9.10182390971683,25.243696731549765,25.243696731549765,25.243696731549765,6.002435936227498,3.8455667959201403,1.046382433970736,1.005432179012942,1.1228507024195704,0.0,1.0359359425781092,1.0,9.614475387266737,13.808714306569488,13.808714306569488,1.0359359425781092,2.072637973980016,1.0359359425781092,1.0977792881456694,2.072637973980016,13.450256679792934,11.060491171143955,14.753729956590075,14.498886172828172,14.415330627243215,12.284629735510599,11.795812526046848,10.54241910742871,4.814118923734486,3.7277351011689963,4.809940557465943,36.691803172222556,36.804566408974225,31.00328312848189,4.822475655517942,2.8210092429059346,5.541150770364683,5.562042375903826,3.522991602825095,3.51881315770876,1.4671657813902845,3.51881315770876,17.485929894030292,12.096623529794108,1.9518782473615648,1.1412365028548606,1.2849810501600563,1.66523620605273,1.3643748092589156,1.8658112055307663
11.756534231769866,11.077197815661581,11.499172643927492,9.918215936417829,11.499172643927492,9.574361371697234,9.41392317063897,1.3564333852363317,8.978983342527052,9.01073696820491,9.065887967259183,25.207760790055474,25.207760790055474,25.207760790055474,5.966499993695173,3.80963085335676,1.0104464913926277,1.0413681215910506,1.086914759841481,1.0359359425781092,0.0,1.0359359425781092,9.578539444824862,13.772778364293124,13.772778364293124,1.0,2.036702031403955,1.0,1.1337152307237546,2.036702031403955,13.414320737499882,11.024555228751797,14.717794014359976,14.462950230585275,14.379394684996168,12.248693793166568,11.759876583682937,10.506483165017851,4.778182981182928,3.6917991586044137,4.774004614914327,36.65586723199764,36.76863046876424,30.967347187565284,4.786539712966501,2.7850733003338135,5.505214827824274,5.526106433363766,3.487055660258546,3.482877215142172,1.4312298388125466,3.482877215142172,17.44999395195257,12.060687587442331,1.915942304785062,1.105300560276779,1.320916992737997,1.70117214862998,1.4003107518367561,1.9017471481074373
11.79247017413391,11.113133758051783,11.535108586301646,9.95415187884872,11.535108586301646,9.610297314139245,9.449859113086017,1.3923693278141833,9.014919284987274,9.046672910664197,9.10182390971683,25.243696731549765,25.243696731549765,25.243696731549765,6.002435936227498,3.8455667959201403,1.046382433970736,1.005432179012942,1.1228507024195704,1.0,1.0359359425781092,0.0,9.614475387266737,13.808714306569488,13.808714306569488,1.0359359425781092,2.072637973980016,1.0359359425781092,1.0977792881456694,2.072637973980016,13.450256679792934,11.060491171143955,14.753729956590075,14.498886172828172,14.415330627243215,12.284629735510599,11.795812526046848,10.54241910742871,4.814118923734486,3.7277351011689963,4.809940557465943,36.691803172222556,36.804566408974225,31.00328312848189,4.822475655517942,2.8210092429059346,5.541150770364683,5.562042375903826,3.522991602825095,3.51881315770876,1.4671657813902845,3.51881315770876,17.485929894030292,12.096623529794108,1.9518782473615648,1.1412365028548606,1.2849810501600563,1.66523620605273,1.3643748092589156,1.8658112055307663
3.177994797267419,2.4986583774903925,2.9206332079872563,1.3396764929274283,2.9206332079872563,1.0041780731434067,1.1646162747960056,9.222106060878287,1.5995561044049587,1.5678024786234483,1.51265147938704,16.629221512185133,16.629221512185133,16.629221512185133,4.6120394590287175,6.7689085986033435,9.568092953471625,9.619907566258988,9.491624685308182,9.614475387266737,9.578539444824862,9.614475387266737,0.0,5.194238943077874,5.194238943077874,9.578539444824862,8.541837416862112,9.578539444824862,9.712254675035952,8.541837416862112,4.835781313660054,2.4460157903133135,6.139254600607937,5.884410814742942,5.800855268480984,3.6701543615764223,3.1813371491995484,1.9279437240792587,5.8003564716268325,6.886740293195983,5.80453483789354,28.077328213751446,28.190091453654645,22.388808025762902,5.791999739846996,7.793466149828862,5.073324625080615,5.052433019536976,7.091483791235283,7.095662236345016,9.147309607558542,7.095662236345016,8.87145456421637,3.4821481547144426,8.6625971431288,9.473238884940741,9.899456436306052,10.27971159059163,9.978850195079906,10.480286589170538
3.0162441467578094,3.695580566458916,3.273605736032636,4.854562450432844,3.273605736032636,5.198417016217496,5.358855217719124,13.416344981958105,5.793795046862982,5.762041421118185,5.706890421944512,12.434982607720748,12.434982607720748,12.434982607720748,8.806278396027647,10.963147529292765,13.762331872987893,13.81414648553667,13.68586360517445,13.808714306569488,13.772778364293124,13.808714306569488,5.194238943077874,0.0,1.0,13.772778364293124,12.736076340866036,13.772778364293124,13.906493593885552,12.736076340866036,1.3584576297144966,3.7482231536218,1.945015658578147,1.6901718723925379,1.6066163260315636,2.5240845823794262,3.012901794825562,4.266295219652391,9.994595405397293,11.08097922348303,9.998773771651576,23.883089404715992,23.9958526458424,18.194569162195375,9.986238673642283,11.987705076819726,9.267563560898504,9.246671955410335,11.285722720808954,11.289901165903942,13.341548528969605,11.289901165903942,4.677215627386822,2.7120907892802473,12.856836066628167,13.667477804890789,14.09369535427661,14.473950506730255,14.17308911267311,14.67452550431783
3.0162441467578094,3.695580566458916,3.273605736032636,4.854562450432844,3.273605736032636,5.198417016217496,5.358855217719124,13.416344981958105,5.793795046862982,5.762041421118185,5.706890421944512,12.434982607720748,12.434982607720748,12.434982607720748,8.806278396027647,10.963147529292765,13.762331872987893,13.81414648553667,13.68586360517445,13.808714306569488,13.772778364293124,13.808714306569488,5.194238943077874,1.0,0.0,13.772778364293124,12.736076340866036,13.772778364293124,13.906493593885552,12.736076340866036,1.3584576297144966,3.7482231536218,1.945015658578147,1.6901718723925379,1.6066163260315636,2.5240845823794262,3.012901794825562,4.266295219652391,9.994595405397293,11.08097922348303,9.998773771651576,23.883089404715992,23.9958526458424,18.194569162195375,9.986238673642283,11.987705076819726,9.267563560898504,9.246671955410335,11.285722720808954,11.289901165903942,13.341548528969605,11.289901165903942,4.677215627386822,2.7120907892802473,12.856836066628167,13.667477804890789,14.09369535427661,14.473950506730255,14.17308911267311,14.67452550431783
11.756534231769866,11.077197815661581,11.499172643927492,9.918215936417829,11.499172643927492,9.574361371697234,9.41392317063897,1.3564333852363317,8.978983342527052,9.01073696820491,9.065887967259183,25.207760790055474,25.207760790055474,25.207760790055474,5.966499993695173,3.80963085335676,1.0104464913926277,1.0413681215910506,1.086914759841481,1.0359359425781092,1.0,1.0359359425781092,9.578539444824862,13.772778364293124,13.772778364293124,0.0,2.036702031403955,1.0,1.1337152307237546,2.036702031403955,13.414320737499882,11.024555228751797,14.717794014359976,14.462950230585275,14.379394684996168,12.248693793166568,11.759876583682937,10.506483165017851,4.778182981182928,3.6917991586044137,4.774004614914327,36.65586723199764,36.76863046876424,30.967347187565284,4.786539712966501,2.7850733003338135,5.505214827824274,5.526106433363766,3.487055660258546,3.482877215142172,1.4312298388125466,3.482877215142172,17.44999395195257,12.060687587442331,1.915942304785062,1.105300560276779,1.320916992737997,1.70117214862998,1.4003107518367561,1.9017471481074373
10.719832205928244,10.040495789104089,10.46247061780888,8.881513908752604,10.46247061780888,8.537659343730905,8.377221142536452,1.680268646180508,7.942281314069148,7.974034939772275,8.029185938870679,24.171058788538417,24.171058788538417,24.171058788538417,4.9297979633289,2.772928822217582,2.026255540011897,2.0780701529926358,1.9497872715668607,2.072637973980016,2.036702031403955,2.072637973980016,8.541837416862112,12.736076340866036,12.736076340866036,2.036702031403955,0.0,2.036702031403955,2.1704172621193933,1.0,12.377618713611827,9.987853202140885,13.681091992213892,13.42624820808435,13.342692662380415,11.211991767874318,10.72317455784496,9.469781137896987,3.7414809503295956,2.655097127437269,3.7373025840595484,35.619165266448015,35.731928503638905,29.930645202385247,3.7498376821160697,1.748371269000859,4.468512797251087,4.489404402799462,2.450353629046318,2.4461751839290704,1.6054721926052833,2.4461751839290704,16.41329193404645,11.023985561937167,1.1207597266247715,1.9314014711323877,2.3576190241188018,2.737874179969189,2.437012783210145,2.938449179418518
11.756534231769866,11.077197815661581,11.499172643927492,9.918215936417829,11.499172643927492,9.574361371697234,9.41392317063897,1.3564333852363317,8.978983342527052,9.01073696820491,9.065887967259183,25.207760790055474,25.207760790055474,25.207760790055474,5.966499993695173,3.80963085335676,1.0104464913926277,1.0413681215910506,1.086914759841481,1.0359359425781092,1.0,1.0359359425781092,9.578539444824862,13.772778364293124,13.772778364293124,1.0,2.036702031403955,0.0,1.1337152307237546,2.036702031403955,13.414320737499882,11.024555228751797,14.717794014359976,14.462950230585275,14.379394684996168,12.248693793166568,11.759876583682937,10.506483165017851,4.778182981182928,3.6917991586044137,4.774004614914327,36.65586723199764,36.76863046876424,30.967347187565284,4.786539712966501,2.7850733003338135,5.505214827824274,5.526106433363766,3.487055660258546,3.482877215142172,1.4312298388125466,3.482877215142172,17.44999395195257,12.060687587442331,1.915942304785062,1.105300560276779,1.320916992737997,1.70117214862998,1.4003107518367561,1.9017471481074373
11.890249461689894,11.210913045679394,11.632887873885316,10.051931166587819,11.632887873885316,9.708076601908823,9.547638400869406,1.490148615958889,9.112698572806814,9.144452198481162,9.1996031975293,25.341476016730184,25.341476016730184,25.341476016730184,6.100215224245246,3.9433460840238257,1.144161722116372,1.0923471091327301,1.2206299905651041,1.0977792881456694,1.1337152307237546,1.0977792881456694,9.712254675035952,13.906493593885552,13.906493593885552,1.1337152307237546,2.1704172621193933,1.1337152307237546,0.0,2.1704172621193933,13.548035967154641,11.158270458776924,14.851509243779601,14.596665460052709,14.513109914479086,12.382409023011792,11.89359181360247,10.64019839511291,4.9118982118053545,3.825514389276032,4.907719845536975,36.7895824539414,36.902345690652375,31.10106241208663,4.920254943588486,2.9187885310340906,5.6389300584047355,5.659821663942915,3.620770890937621,3.6165924458213934,1.5649450695346314,3.6165924458213934,17.5837091808034,12.19440281731652,2.0496575355022273,1.239015791000361,1.1872017620146542,1.567456917908952,1.266595521113733,1.768031917388429
10.719832205928244,10.040495789104089,10.46247061780888,8.881513908752604,10.46247061780888,8.537659343730905,8.377221142536452,1.680268646180508,7.942281314069148,7.974034939772275,8.029185938870679,24.171058788538417,24.171058788538417,24.171058788538417,4.9297979633289,2.772928822217582,2.026255540011897,2.0780701529926358,1.9497872715668607,2.072637973980016,2.036702031403955,2.072637973980016,8.541837416862112,12.736076340866036,12.736076340866036,2.036702031403955,1.0,2.036702031403955,2.1704172621193933,0.0,12.377618713611827,9.987853202140885,13.681091992213892,13.42624820808435,13.342692662380415,11.211991767874318,10.72317455784496,9.469781137896987,3.7414809503295956,2.655097127437269,3.7373025840595484,35.619165266448015,35.731928503638905,29.930645202385247,3.7498376821160697,1.748371269000859,4.468512797251087,4.489404402799462,2.450353629046318,2.4461751839290704,1.6054721926052833,2.4461751839290704,16.41329193404645,11.023985561937167,1.1207597266247715,1.9314014711323877,2.3576190241188018,2.737874179969189,2.437012783210145,2.938449179418518
2.6577865171049657,3.3371229368606135,2.915148106398454,4.496104820966865,2.915148106398454,4.839959386800297,5.000397588326176,13.057887355001924,5.4353374175405476,5.403583791790367,5.348432792607431,12.793440234944018,12.793440234944018,12.793440234944018,8.447820767384858,10.604689901341779,13.403874246189813,13.455688858762644,13.327405978341046,13.450256679792934,13.414320737499882,13.450256679792934,4.835781313660054,1.3584576297144966,1.3584576297144966,13.414320737499882,12.377618713611827,13.414320737499882,13.548035967154641,12.377618713611827,0.0,3.3897655240284346,2.303473288269915,2.048629502093681,1.9650739557352583,2.1656269526977,2.6544441651724924,3.90783759011306,9.636137777114477,10.722521595574767,9.64031614337012,24.241547024593277,24.35431026562311,18.55302678633083,9.627781045356755,11.629247449257305,8.90910593238928,8.888214326894893,10.927265092976143,10.931443538072683,12.983090901979821,10.931443538072683,5.035673256827416,2.3536331596084996,12.498378439425624,13.309020178048922,13.73523772763407,14.115492880271171,13.814631486068436,14.31606787795766
1.7319790070726429,1.0526425871829446,1.4746174177417188,2.1063392974138218,1.4746174177417188,2.4501938634562697,2.610632065089611,10.668121845287976,3.0455718946271113,3.013818268851769,2.9586672696257166,15.183205738378675,15.183205738378675,15.183205738378675,6.058055247984488,8.214924385824663,11.014108737412975,11.06592335012867,10.937640469354571,11.060491171143955,11.024555228751797,11.060491171143955,2.4460157903133135,3.7482231536218,3.7482231536218,11.024555228751797,9.987853202140885,11.024555228751797,11.158270458776924,9.987853202140885,3.3897655240284346,0.0,4.693238811706349,4.438395025678734,4.354839479365561,2.2241385715061557,1.735321359005496,1.5180720662697946,7.246372259712421,8.332756080302662,7.2505506259757,26.631312475185116,26.74407571553308,20.942792267233315,7.238015527939438,9.239481935984461,6.519340413723485,6.4984488081947,8.537499578137865,8.541678023243367,10.593325392067143,8.541678023243367,7.425438777666052,2.0361323645923592,10.108612928258303,10.919254669012254,11.345472219782224,11.725727373513937,11.424865978442208,11.926302371792069
3.9612598050455756,4.640596224559818,4.218621394254889,5.799578108111418,4.218621394254889,6.143432673745664,6.3038708751731845,14.361360632477131,6.738810704103563,6.707057078374974,6.651906079229217,11.489966954985269,11.489966954985269,11.489966954985269,9.751294051285448,11.908163182589982,14.707347523068178,14.75916213555025,14.630879255352703,14.753729956590075,14.717794014359976,14.753729956590075,6.139254600607937,1.945015658578147,1.945015658578147,14.717794014359976,13.681091992213892,14.717794014359976,14.851509243779601,13.681091992213892,2.303473288269915,4.693238811706349,0.0,1.254843786194166,1.3383993325565702,3.469100240774544,3.957917453114136,5.21131087756164,10.939611059630732,12.02599487666014,10.943789425881171,22.93807377062114,23.05083701199497,17.24955351723524,10.931254327883407,12.932720729027585,10.21257921577493,10.19168761030448,12.23073837377417,12.23491681886479,14.286564179581957,12.23491681886479,3.732199969297616,3.657106447637136,13.801851717832168,14.612493455092507,15.038711003925819,15.418966155871685,15.118104762217456,15.61954115318578
3.7064160189565296,4.385752438527316,3.9637776081858407,5.544734322203299,3.9637776081858407,5.8885888878812205,6.049027089330177,14.106516848577263,6.483966918322063,6.452213292588818,6.397062293435033,11.744810739698815,11.744810739698815,11.744810739698815,9.496450266065922,11.653319397918702,14.452503739289758,14.504318351790287,14.376035471547171,14.498886172828172,14.462950230585275,14.498886172828172,5.884410814742942,1.6901718723925379,1.6901718723925379,14.462950230585275,13.42624820808435,14.462950230585275,14.596665460052709,13.42624820808435,2.048629502093681,4.438395025678734,1.254843786194166,0.0,1.0835555463627753,3.2142564546520935,3.7030736670248423,4.956467091585988,10.684767274698212,11.771151092022318,10.688945640949726,23.192917550411504,23.30568079171963,17.504397299904145,10.676410542948737,12.67787694465935,9.957735430662428,9.936843825187012,11.97589458919534,11.980073034287175,14.031720395656246,11.980073034287175,3.9870437553846676,3.4022626615266964,13.547007933742513,14.35764967128048,14.78386722026665,15.164122372352892,14.863260978587286,15.364697369742553
3.622860472624281,4.302196892212616,3.880222061859774,5.461178775927695,3.880222061859774,5.805033341619434,5.9654715430751875,14.022961302947639,6.400411372086606,6.368657746351878,6.313506747195542,11.8283662855605,11.8283662855605,11.8283662855605,9.412894720010335,11.56976385203973,14.368948193699447,14.420762806205957,14.292479925948085,14.415330627243215,14.379394684996168,14.415330627243215,5.800855268480984,1.6066163260315636,1.6066163260315636,14.379394684996168,13.342692662380415,14.379394684996168,14.513109914479086,13.342692662380415,1.9650739557352583,4.354839479365561,1.3383993325565702,1.0835555463627753,0.0,3.1307009083096076,3.6195181206925167,4.872911545289098,10.601211728734992,11.687595546154139,10.605390094986852,23.276473094642355,23.38923633592878,17.587952845087074,10.592854996984828,12.594321398878241,9.874179884641261,9.853288279164245,11.892339043346206,11.896517488438436,13.948164850018257,11.896517488438436,4.070599301707975,3.3187071151878755,13.463452388051483,14.274094125679293,14.700311674714959,15.08056682684667,14.779705433044986,15.281141824260816
1.4921595644561951,2.171495984327094,1.7495211537868345,3.3304778687576726,1.7495211537868345,3.674332434718295,3.834770636308366,11.892260410171339,4.269710465712272,4.23795683994749,4.182805840739475,13.959067178462641,13.959067178462641,13.959067178462641,7.282193817491241,9.439062953500578,12.238247301841707,12.290061914488025,12.161779033885075,12.284629735510599,12.248693793166568,12.284629735510599,3.6701543615764223,2.5240845823794262,2.5240845823794262,12.248693793166568,11.211991767874318,12.248693793166568,12.382409023011792,11.211991767874318,2.1656269526977,2.2241385715061557,3.469100240774544,3.2142564546520935,3.1307009083096076,0.0,1.488817212523291,2.742210637719128,8.470510828282784,9.55689464786172,8.474689194542457,25.407173943177746,25.51993718388327,19.71865371928199,8.462154096517,10.46362050258597,7.743478982887819,7.72258737737512,9.761638145489725,9.765816590590946,11.817463957046813,9.765816590590946,6.201300208265505,1.188006206926062,11.332751493845075,12.14339323356712,12.56961078376146,12.949865936960382,12.649004542311701,13.15044093495017
