1000.0,2.4266064817711936,1.540459337604597,4.860468439260819,1.540459337604597,5.582563027860591,5.919483251242514,22.840211782017228,6.832856893120437,6.76617427900424,6.650357180650035,29.24757615084832,29.24757615084832,29.24757615084832,13.159071933306134,17.68849712055544,23.566784254922315,23.675594941540176,23.406200892124485,23.664187365681208,23.588721886716716,23.664187365681208,5.57378907426158,5.234112708191399,5.234112708191399,23.588721886716716,21.41164763244931,23.588721886716716,23.869523869548775,21.41164763244931,4.481351685920428,2.53715591485255,7.218645590595709,6.683473639808711,6.508006992510989,2.0335350853580096,1.0070189390591855,3.625107253967926,15.654537656805203,17.935943678817083,15.663312225953721,53.28860033363233,53.525403138816436,41.342707876691314,15.636988520090654,19.840067974581746,14.127770780946001,14.083898409354937,18.365905024018797,18.37467975873514,22.68313923037151,18.37467975873514,12.956265521140201,1.6387220508163192,21.665243057116424,23.367590711435497,24.262647567346193,25.061183389528566,24.429374460397444,25.482390885558367
2.4266064817711936,1000.0,1.8861471441745643,3.4338619576459197,1.8861471441745643,4.155956546329962,4.49287676975714,21.413605307655235,5.406250411776723,5.339567797649246,5.223750699275799,30.674182618652186,30.674182618652186,30.674182618652186,11.732465453704734,16.26189064301813,22.140177781078986,22.248988467776027,21.97959441816501,22.237580891908742,22.16211541288932,22.237580891908742,4.147182592729824,6.660719189563723,6.660719189563723,22.16211541288932,19.985041157118584,22.16211541288932,22.442917395926727,19.985041157118584,5.907958167407288,1.1105494330841839,8.645252071575618,8.110080120907362,7.934613473646493,3.4601415670868967,2.4336254208302117,2.198500772249072,14.22793117825675,16.509337201412166,14.236705747409335,54.71520676854233,54.95200957330609,42.769314330365795,14.210382041534077,18.413461498263505,12.701164301728781,12.657291930119646,16.93929854684874,16.948073281569936,21.256532755899695,16.948073281569936,14.382872000247476,3.065328532565564,20.23863658195272,21.94098423744823,22.836041094016014,23.63457691680703,23.00276798719261,24.055784413166403
1.540459337604597,1.8861471441745643,1000.0,4.320009101736995,1.0,5.042103690372725,5.3790239137736755,22.29975244734154,6.292397555710365,6.2257149415895245,6.109897843227382,29.788035483319266,29.788035483319266,29.788035483319266,12.618612596591458,17.148037784648025,23.02632492044717,23.13513560709564,22.865741557604448,23.12372803123346,23.048262552247735,23.12372803123346,5.033329736773238,5.774572045668536,5.774572045668536,23.048262552247735,20.871188297398646,23.048262552247735,23.32906453515916,20.871188297398646,5.021811023436753,1.9966965772576097,7.759104927935267,7.223932977190266,7.0484663299055255,2.573994422952352,1.5474782766637585,3.0846479163978193,15.114078320503367,17.395484342961208,15.122852889653474,53.829059653775964,54.06586245880216,41.883167203877,15.096529183785645,19.29960863914819,13.58731144438228,13.543439072784128,17.8254456882543,17.834220422972532,22.14267989565333,17.834220422972532,13.496724857802375,2.1791813884161693,21.124783722130445,22.827131376904713,23.722188233069346,24.520724055486752,23.88891512616901,24.941931551643762
4.860468439260819,3.4338619576459197,4.320009101736995,1000.0,4.320009101736995,1.722094588748701,2.059014812216167,18.979743360413313,2.9723884543773673,2.9057058402379496,2.7898887418443636,33.10804454921809,33.10804454921809,33.10804454921809,9.298603498584772,13.828028690923386,19.70631583464233,19.81512652146254,19.54573247154781,19.80371894558231,19.72825346647744,19.80371894558231,1.7133206351475994,9.094581145908972,9.094581145908972,19.72825346647744,17.551179208380468,19.72825346647744,20.009055449834417,17.551179208380468,8.341820124030416,3.3233125245690247,11.079114027033976,10.543942076626927,10.368475429448159,5.894003524391112,4.867487378318782,2.2353611854388604,11.794069224659761,14.075475249516158,11.802843793818324,57.1490686403558,57.3858714443765,45.203176235501175,11.776520087925146,15.979599548012821,10.267302347158115,10.223429975522954,14.505436595306312,14.514211330034835,18.82267080848761,14.514211330034835,16.816733951882416,5.4991904899477655,17.804774633471773,19.507122290787837,20.402179148378593,21.20071497212051,20.568906041750736,21.62192246899599
1.540459337604597,1.8861471441745643,1.0,4.320009101736995,1000.0,5.042103690372725,5.3790239137736755,22.29975244734154,6.292397555710365,6.2257149415895245,6.109897843227382,29.788035483319266,29.788035483319266,29.788035483319266,12.618612596591458,17.148037784648025,23.02632492044717,23.13513560709564,22.865741557604448,23.12372803123346,23.048262552247735,23.12372803123346,5.033329736773238,5.774572045668536,5.774572045668536,23.048262552247735,20.871188297398646,23.048262552247735,23.32906453515916,20.871188297398646,5.021811023436753,1.9966965772576097,7.759104927935267,7.223932977190266,7.0484663299055255,2.573994422952352,1.5474782766637585,3.0846479163978193,15.114078320503367,17.395484342961208,15.122852889653474,53.829059653775964,54.06586245880216,41.883167203877,15.096529183785645,19.29960863914819,13.58731144438228,13.543439072784128,17.8254456882543,17.834220422972532,22.14267989565333,17.834220422972532,13.496724857802375,2.1791813884161693,21.124783722130445,22.827131376904713,23.722188233069346,24.520724055486752,23.88891512616901,24.941931551643762
5.582563027860591,4.155956546329962,5.042103690372725,1.722094588748701,5.042103690372725,1000.0,1.3369202234704693,18.257648774273697,2.2502938656494202,2.183611251508232,2.0677941531117474,33.83013912907954,33.83013912907954,33.83013912907954,8.576508910365026,13.105934103480852,18.984221248722317,19.093031935576175,18.823637885578503,19.081624359692412,19.006158880564193,19.081624359692412,1.0087739536011542,9.81667573405674,9.81667573405674,19.006158880564193,16.8290846218349,19.006158880564193,19.286960864008527,16.8290846218349,9.063914712280624,4.045407113258166,11.801208614865892,11.266036664550562,11.090570017400811,6.616098112908419,5.589581966918056,2.957455774167207,11.07197463682557,13.353380662126014,11.080749205985674,57.8711632021475,58.107966005941435,45.925270807496396,11.054425500087877,15.257504961060238,9.545207759075609,9.50133538743389,13.783342008009651,13.792116742740115,18.100576222301676,13.792116742740115,17.53882853842755,6.221285078498698,17.082680046995765,18.785027704806733,19.680084562677212,20.478620386680042,19.846811456102955,20.899827883697448
5.919483251242514,4.49287676975714,5.3790239137736755,2.059014812216167,5.3790239137736755,1.3369202234704693,1000.0,17.92072855194882,1.9133736421834349,1.8466910280416973,1.7308739296443423,34.167059348266804,34.167059348266804,34.167059348266804,8.239588687109855,12.769013880569482,18.64730102649689,18.756111713366,18.48671766333074,18.744704137480632,18.669238658341836,18.744704137480632,1.3456941770716115,10.153595957210158,10.153595957210158,18.669238658341836,16.492164399326548,18.669238658341836,18.95004064182575,16.492164399326548,9.40083493548497,4.382327336688181,12.138128837863688,11.60295688759337,11.427490240457894,6.953018336247568,5.9265021902997175,3.294375997620039,10.735054413739913,13.01646043923806,10.7438289829007,58.20808341280366,58.44488621649082,46.26219102296308,10.717505277000857,14.920584738368524,9.20828753588044,9.164415164235844,13.446421785163528,13.455196519894855,17.763655999955848,13.455196519894855,17.87574876080108,6.558205301855179,16.745759824518824,18.448107482553635,19.343164340550906,20.141700164672148,19.509891234000957,20.562907661754025
22.840211782017228,21.413605307655235,22.29975244734154,18.979743360413313,22.29975244734154,18.257648774273697,17.92072855194882,1000.0,17.00735491264584,17.07403752658842,17.1898546246357,51.08778757233068,51.08778757233068,51.08778757233068,10.681139878642409,6.151714683317404,1.7265724770719173,1.8353831643368719,1.5659891133300852,1.8239755884097848,1.7485101089962967,1.8239755884097848,18.266422727844404,27.074324462112017,27.074324462112017,1.7485101089962967,2.428564156979067,1.7485101089962967,2.029312093513667,2.428564156979067,26.32156344550404,21.303055875104747,29.058857328201974,28.52368538201225,28.34821873619004,23.87374686135981,22.8472307210374,20.215104540881747,8.185674151984017,5.904268124314207,8.176899582818802,75.12881112667691,75.36561392419605,63.18291901904711,8.203223288731834,4.000143821802565,9.712441030152087,9.75631340179198,5.474306777749991,5.465532043004867,1.1570725525112882,5.465532043004867,34.796477200279035,23.478933829180267,2.1749687310719947,1.5273789324160756,2.422435793737751,3.2209716210908086,2.5891626878418643,3.6421791199783953
6.832856893120437,5.406250411776723,6.292397555710365,2.9723884543773673,6.292397555710365,2.2502938656494202,1.9133736421834349,17.00735491264584,1000.0,1.0666826141423384,1.1824997125405123,35.08043297839726,35.08043297839726,35.08043297839726,7.326215045413729,11.855640239745105,17.733927387453836,17.84273807436284,17.57334402422927,17.831330498473275,17.75586501930681,17.831330498473275,2.2590678192504132,11.06696959841226,11.06696959841226,17.75586501930681,15.578790759545209,17.75586501930681,18.03666700289431,15.578790759545209,10.31420857683515,5.295700978716934,13.051502478617483,12.516330528476333,12.340863881381871,7.8663919779957725,6.839875832176835,4.207749639725124,9.821680772470126,12.10308679847387,9.830455341632648,59.12145701948679,59.35825982288134,47.175564642846254,9.804131635727611,14.007211098110995,8.29491389433409,8.251041522682279,12.533048144507008,12.541822879240577,16.850282360598158,12.541822879240577,18.78912239978619,7.471578943655622,15.832386184819235,17.534733843438204,18.429790701767296,19.228326526198927,18.596517595281036,19.649534023449977
6.76617427900424,5.339567797649246,6.2257149415895245,2.9057058402379496,6.2257149415895245,2.183611251508232,1.8466910280416973,17.07403752658842,1.0666826141423384,1000.0,1.1158170983981903,35.0137503651573,35.0137503651573,35.0137503651573,7.392897659524651,11.922322853795364,17.80061000137792,17.909420688284072,17.64002663815751,17.898013112394814,17.82254763323031,17.898013112394814,2.1923852051092414,11.000286984348186,11.000286984348186,17.82254763323031,15.645473373521774,17.82254763323031,18.103349616810437,15.645473373521774,10.24752596275977,5.229018364588715,12.984819864587445,12.449647914436516,12.274181267338943,7.799709363889727,6.773193218060703,4.141067025590617,9.888363386551566,12.1697694125199,9.897137955713967,59.054774407974485,59.291577211390525,47.10888203036238,9.870814249809293,14.073893712121283,8.361596508434717,8.317724136783404,12.59973075854546,12.60850549327887,16.91696497454462,12.60850549327887,18.722439785889055,7.404896329545503,15.899068798789994,17.601416457367435,18.496473315672887,19.29500914008238,18.66320020918209,19.716216637321367
6.650357180650035,5.223750699275799,6.109897843227382,2.7898887418443636,6.109897843227382,2.0677941531117474,1.7308739296443423,17.1898546246357,1.1824997125405123,1.1158170983981903,1000.0,34.89793326831801,34.89793326831801,34.89793326831801,7.508714757866707,12.03813995203094,17.916427099392884,18.025237786294085,17.75584373617975,18.01383021040534,17.938364731244285,18.01383021040534,2.076568106712784,10.884469886083474,10.884469886083474,17.938364731244285,15.761290471628426,17.938364731244285,18.21916671481153,15.761290471628426,10.131708864475605,5.113201266214005,12.869002766381355,12.333830816213567,12.158364169110637,7.683892265552896,6.657376119706605,4.0252499272052535,10.004180484841797,12.285586510748065,10.012955054003985,58.9389573141299,59.17576011758326,46.99306493483331,9.986631348099944,14.189710810286911,8.477413606758647,8.433541235108208,12.715547856760356,12.724322591493491,17.032782072598696,12.724322591493491,18.60662268791238,7.289079231201694,16.01488589688651,17.717233555391402,18.612290413655586,19.410826238026438,18.779017307156856,19.832033735244348
29.24757615084832,30.674182618652186,29.788035483319266,33.10804454921809,29.788035483319266,33.83013912907954,34.167059348266804,51.08778757233068,35.08043297839726,35.0137503651573,34.89793326831801,1000.0,1.0,1.0,41.40664792214675,45.936073024180075,51.81436002785234,51.923170711837045,51.65377666892635,51.91176313625451,51.83629765911649,51.91176313625451,33.821365175588774,25.01346347621357,25.01346347621357,51.83629765911649,49.65922345593068,51.83629765911649,52.11709963513338,49.65922345593068,25.76622449338244,30.784732050595213,23.028930605469064,23.564102553367512,23.73956919967705,28.214041074771547,29.240557211854547,31.872683378078538,43.90211360036486,46.18351957739782,43.91088816934693,25.041024598724317,25.277827409912966,13.095131887193736,43.88456446398303,48.08764383300312,42.375346752695535,42.33147438189186,46.61348091373958,46.62225564827384,50.930715024397394,46.62225564827384,17.291310694020023,28.608854105850874,49.912818874807726,51.615166489165766,52.51022332330259,53.30875912561522,52.67695021223981,53.72996661099562
29.24757615084832,30.674182618652186,29.788035483319266,33.10804454921809,29.788035483319266,33.83013912907954,34.167059348266804,51.08778757233068,35.08043297839726,35.0137503651573,34.89793326831801,1.0,1000.0,1.0,41.40664792214675,45.936073024180075,51.81436002785234,51.923170711837045,51.65377666892635,51.91176313625451,51.83629765911649,51.91176313625451,33.821365175588774,25.01346347621357,25.01346347621357,51.83629765911649,49.65922345593068,51.83629765911649,52.11709963513338,49.65922345593068,25.76622449338244,30.784732050595213,23.028930605469064,23.564102553367512,23.73956919967705,28.214041074771547,29.240557211854547,31.872683378078538,43.90211360036486,46.18351957739782,43.91088816934693,25.041024598724317,25.277827409912966,13.095131887193736,43.88456446398303,48.08764383300312,42.375346752695535,42.33147438189186,46.61348091373958,46.62225564827384,50.930715024397394,46.62225564827384,17.291310694020023,28.608854105850874,49.912818874807726,51.615166489165766,52.51022332330259,53.30875912561522,52.67695021223981,53.72996661099562
29.24757615084832,30.674182618652186,29.788035483319266,33.10804454921809,29.788035483319266,33.83013912907954,34.167059348266804,51.08778757233068,35.08043297839726,35.0137503651573,34.89793326831801,1.0,1.0,1000.0,41.40664792214675,45.936073024180075,51.81436002785234,51.923170711837045,51.65377666892635,51.91176313625451,51.83629765911649,51.91176313625451,33.821365175588774,25.01346347621357,25.01346347621357,51.83629765911649,49.65922345593068,51.83629765911649,52.11709963513338,49.65922345593068,25.76622449338244,30.784732050595213,23.028930605469064,23.564102553367512,23.73956919967705,28.214041074771547,29.240557211854547,31.872683378078538,43.90211360036486,46.18351957739782,43.91088816934693,25.041024598724317,25.277827409912966,13.095131887193736,43.88456446398303,48.08764383300312,42.375346752695535,42.33147438189186,46.61348091373958,46.62225564827384,50.930715024397394,46.62225564827384,17.291310694020023,28.608854105850874,49.912818874807726,51.615166489165766,52.51022332330259,53.30875912561522,52.67695021223981,53.72996661099562
13.159071933306134,11.732465453704734,12.618612596591458,9.298603498584772,12.618612596591458,8.576508910365026,8.239588687109855,10.681139878642409,7.326215045413729,7.392897659524651,7.508714757866707,41.40664792214675,41.40664792214675,41.40664792214675,1000.0,5.52942519795271,11.407712354863031,11.51652304199027,11.247128991319576,11.505115466077745,11.429649986759863,11.505115466077745,8.585282863960305,17.39318463165806,17.39318463165806,11.429649986759863,9.25257572299069,11.429649986759863,11.710451970915015,9.25257572299069,16.640423611508204,11.621916020767424,19.37771750769944,18.84254555873844,18.667078912021704,14.192607016731607,13.166090872353216,10.533964682884774,3.4954657286779103,5.776871756966316,3.5042402978477494,65.4476717880088,65.68447458925016,53.501779509167946,3.477916591920792,7.680996059096758,1.9686988494409101,1.9248264777625372,6.206833103515823,6.215607838260213,10.524067326299537,6.215607838260213,25.11533741355666,13.797793982963915,9.506171148695666,11.208518810452397,12.103575670602188,12.902111496757595,12.270302564468091,13.323318994955661
17.68849712055544,16.26189064301813,17.148037784648025,13.828028690923386,17.148037784648025,13.105934103480852,12.769013880569482,6.151714683317404,11.855640239745105,11.922322853795364,12.03813995203094,45.936073024180075,45.936073024180075,45.936073024180075,5.52942519795271,1000.0,6.878287160133524,6.987097847354727,6.717703796453668,6.975690271432294,6.900224792049196,6.975690271432294,13.114708057067022,21.922609811514807,21.922609811514807,6.900224792049196,4.723150526656921,6.900224792049196,7.181026776450032,4.723150526656921,21.169848792817735,16.151341210231795,23.907142683438966,23.371970735629276,23.19650408928343,18.722032202351212,17.69551605959184,15.063389873766054,3.0339594695423227,1.247446559075898,3.025184900372265,69.97709675082146,70.21389955038559,58.031204548841124,3.051508606299852,3.151570861901516,4.560726348693615,4.604598720365894,1.6774079057489897,1.6861826404961051,5.994642130853103,1.6861826404961051,29.644762575049104,18.327219169219394,4.976745952525283,6.679093615554098,7.57415047649511,8.372686303427594,7.740877370517717,8.793893802062584
23.566784254922315,22.140177781078986,23.02632492044717,19.70631583464233,23.02632492044717,18.984221248722317,18.64730102649689,1.7265724770719173,17.733927387453836,17.80061000137792,17.916427099392884,51.81436002785234,51.81436002785234,51.81436002785234,11.407712354863031,6.878287160133524,1000.0,1.108810687265722,1.1605833637425995,1.0974031113385454,1.0219376319245181,1.0974031113385454,18.99299520229041,27.800896933274576,27.800896933274576,1.0219376319245181,3.155136634024984,1.0219376319245181,1.302739616444381,3.155136634024984,27.048135916998607,22.029628348567247,29.785429798443168,29.25025785250849,29.07479120676884,24.60031933386758,23.57380319393985,20.941677014714575,8.912246628575641,6.630840601152868,8.903472059411545,75.8553835567052,76.0921863539242,63.909491462975296,8.929795765321217,4.726716298780053,10.439013506529232,10.482885878162381,6.200879254625354,6.192104519880948,1.8836450295820333,6.192104519880948,35.523049667480485,24.20550630184196,2.901541208125044,1.1991935446567288,1.6958633166741923,2.4943991440469153,1.8625902107815213,2.9156066429492125
23.675594941540176,22.248988467776027,23.13513560709564,19.81512652146254,23.13513560709564,19.093031935576175,18.756111713366,1.8353831643368719,17.84273807436284,17.909420688284072,18.025237786294085,51.923170711837045,51.923170711837045,51.923170711837045,11.51652304199027,6.987097847354727,1.108810687265722,1000.0,1.2693940510082669,1.0114075759271781,1.0868730553412063,1.0114075759271781,19.101805889143872,27.909707619627007,27.909707619627007,1.0868730553412063,3.2639473212845345,1.0868730553412063,1.1939289291787332,3.2639473212845345,27.156946603401547,22.138439035270206,29.894240484655526,29.3590685387596,29.18360189303251,24.70913002042485,23.682613880557305,21.050487701474147,9.021057315761077,6.7396512883777095,9.012282746597158,75.96419423684664,76.20099703402042,64.01830214521101,9.038606452506297,4.835526986027695,10.547824193680935,10.591696565313026,6.3096899418561465,6.300915207111857,1.9924557168466461,6.300915207111857,35.631860353231545,24.314316988422693,3.0103518953859316,1.3080042319223733,1.5870526294089866,2.385588456783811,1.7537795235166214,2.8067959556878668
23.406200892124485,21.97959441816501,22.865741557604448,19.54573247154781,22.865741557604448,18.823637885578503,18.48671766333074,1.5659891133300852,17.57334402422927,17.64002663815751,17.75584373617975,51.65377666892635,51.65377666892635,51.65377666892635,11.247128991319576,6.717703796453668,1.1605833637425995,1.2693940510082669,1000.0,1.2579864750810978,1.18252099566711,1.2579864750810978,18.832411839147184,27.640313570866343,27.640313570866343,1.18252099566711,2.9945532702904076,1.18252099566711,1.4633229801867187,2.9945532702904076,26.88755255451619,21.869044985644596,29.624846436240674,29.08967449024906,28.914207844490974,24.439735971158658,23.4132198311426,20.78109365170893,8.751663264947553,6.47025723746777,8.742888695783199,75.69480020343903,75.93160300072458,63.74890810662441,8.76921240169364,4.566132935062259,10.278430142950159,10.322302514584843,6.04029589093169,6.0315211561871145,1.7230616658406264,6.0315211561871145,35.36246630595588,24.04492293909859,2.7409578443886233,1.0386101809141437,1.8564466804156794,2.6549825077848994,2.023173574522474,3.0761900066843904
23.664187365681208,22.237580891908742,23.12372803123346,19.80371894558231,23.12372803123346,19.081624359692412,18.744704137480632,1.8239755884097848,17.831330498473275,17.898013112394814,18.01383021040534,51.91176313625451,51.91176313625451,51.91176313625451,11.505115466077745,6.975690271432294,1.0974031113385454,1.0114075759271781,1.2579864750810978,1000.0,1.075465479414029,1.0,19.09039831326015,27.89830004379592,27.89830004379592,1.075465479414029,3.2525397453580336,1.075465479414029,1.205336505105906,3.2525397453580336,27.14553902756516,22.127031459402307,29.882832908839156,29.34766096293916,29.172194317210746,24.697722444572253,23.67120630469838,21.039080125600293,9.009649739842422,6.7282437124548915,9.00087517067848,75.95278666166736,76.18958945884587,64.00689456981198,9.027198876587677,4.824119410102464,10.536416617765834,10.580288989398035,6.2982823659327,6.289507631188396,1.9810481409195972,6.289507631188396,35.62045277746361,24.30290941256763,2.9989443194592855,1.2965966559952073,1.598460205336118,2.3969960327107325,1.7651870994437229,2.818203531614609
23.588721886716716,22.16211541288932,23.048262552247735,19.72825346647744,23.048262552247735,19.006158880564193,18.669238658341836,1.7485101089962967,17.75586501930681,17.82254763323031,17.938364731244285,51.83629765911649,51.83629765911649,51.83629765911649,11.429649986759863,6.900224792049196,1.0219376319245181,1.0868730553412063,1.18252099566711,1.075465479414029,1000.0,1.075465479414029,19.01493283413221,27.822834565015558,27.822834565015558,1.0,3.177074265948305,1.0,1.2808019845198844,3.177074265948305,27.07007354874975,22.051565980378772,29.807367430155946,29.272195484229073,29.096728838491956,24.622256965649793,23.595740825734165,20.963614646537486,8.934184260484148,6.6527782330692675,8.925409691320088,75.87732118719504,76.11412398440491,63.93142909388709,8.951733397229651,4.748653930701009,10.460951138430973,10.504823510063908,6.2228168865429465,6.214042151798561,1.9055826615063478,6.214042151798561,35.5449872991004,24.22744393362889,2.9234788400486296,1.2211311765812358,1.6739256847497934,2.4724615121229583,1.840652578857188,2.8936690110256182
23.664187365681208,22.237580891908742,23.12372803123346,19.80371894558231,23.12372803123346,19.081624359692412,18.744704137480632,1.8239755884097848,17.831330498473275,17.898013112394814,18.01383021040534,51.91176313625451,51.91176313625451,51.91176313625451,11.505115466077745,6.975690271432294,1.0974031113385454,1.0114075759271781,1.2579864750810978,1.0,1.075465479414029,1000.0,19.09039831326015,27.89830004379592,27.89830004379592,1.075465479414029,3.2525397453580336,1.075465479414029,1.205336505105906,3.2525397453580336,27.14553902756516,22.127031459402307,29.882832908839156,29.34766096293916,29.172194317210746,24.697722444572253,23.67120630469838,21.039080125600293,9.009649739842422,6.7282437124548915,9.00087517067848,75.95278666166736,76.18958945884587,64.00689456981198,9.027198876587677,4.824119410102464,10.536416617765834,10.580288989398035,6.2982823659327,6.289507631188396,1.9810481409195972,6.289507631188396,35.62045277746361,24.30290941256763,2.9989443194592855,1.2965966559952073,1.598460205336118,2.3969960327107325,1.7651870994437229,2.818203531614609
5.57378907426158,4.147182592729824,5.033329736773238,1.7133206351475994,5.033329736773238,1.0087739536011542,1.3456941770716115,18.266422727844404,2.2590678192504132,2.1923852051092414,2.076568106712784,33.821365175588774,33.821365175588774,33.821365175588774,8.585282863960305,13.114708057067022,18.99299520229041,19.101805889143872,18.832411839147184,19.09039831326015,19.01493283413221,19.09039831326015,1000.0,9.807901780463533,9.807901780463533,19.01493283413221,16.837858575410433,19.01493283413221,19.2957348175755,16.837858575410433,9.055140758686115,4.036633159657958,11.792434661276666,11.257262710960179,11.081796063810065,6.607324159310487,5.580808013319052,2.948681820566443,11.080748590416347,13.362154615711564,11.089523159576432,57.86238924887803,58.09919205267475,45.916496854102085,11.06319945367869,15.266278914640608,9.553981712669293,9.51010934102765,13.792115961594092,13.800890696324535,18.109350175872937,13.800890696324535,17.530054584854373,6.212511124900329,17.091454000570476,18.793801658375557,19.688858516242707,20.48739434024242,19.8555854096678,20.90860183725813
5.234112708191399,6.660719189563723,5.774572045668536,9.094581145908972,5.774572045668536,9.81667573405674,10.153595957210158,27.074324462112017,11.06696959841226,11.000286984348186,10.884469886083474,25.01346347621357,25.01346347621357,25.01346347621357,17.39318463165806,21.922609811514807,27.800896933274576,27.909707619627007,27.640313570866343,27.89830004379592,27.822834565015558,27.89830004379592,9.807901780463533,1000.0,1.0,27.822834565015558,25.645760315818674,27.822834565015558,28.103636547159653,25.645760315818674,1.7527610224004426,6.771268622605779,2.9845328830141087,2.4493609320243293,2.2738942846662833,4.200577622996795,5.22709376913368,7.859219961270021,19.888650351334313,22.170056369314363,19.89742492046831,49.054487749903586,49.29129055626903,37.108595240610285,19.871101214648792,24.074180661321424,18.361883477886856,18.318011106361702,22.600017713698797,22.608792448398276,26.917251910836168,22.608792448398276,8.722152817512324,4.595390657488519,25.89935573991915,27.601703390270654,28.49676024398088,29.29529606413353,28.663487136613526,29.716503559067437
5.234112708191399,6.660719189563723,5.774572045668536,9.094581145908972,5.774572045668536,9.81667573405674,10.153595957210158,27.074324462112017,11.06696959841226,11.000286984348186,10.884469886083474,25.01346347621357,25.01346347621357,25.01346347621357,17.39318463165806,21.922609811514807,27.800896933274576,27.909707619627007,27.640313570866343,27.89830004379592,27.822834565015558,27.89830004379592,9.807901780463533,1.0,1000.0,27.822834565015558,25.645760315818674,27.822834565015558,28.103636547159653,25.645760315818674,1.7527610224004426,6.771268622605779,2.9845328830141087,2.4493609320243293,2.2738942846662833,4.200577622996795,5.22709376913368,7.859219961270021,19.888650351334313,22.170056369314363,19.89742492046831,49.054487749903586,49.29129055626903,37.108595240610285,19.871101214648792,24.074180661321424,18.361883477886856,18.318011106361702,22.600017713698797,22.608792448398276,26.917251910836168,22.608792448398276,8.722152817512324,4.595390657488519,25.89935573991915,27.601703390270654,28.49676024398088,29.29529606413353,28.663487136613526,29.716503559067437
23.588721886716716,22.16211541288932,23.048262552247735,19.72825346647744,23.048262552247735,19.006158880564193,18.669238658341836,1.7485101089962967,17.75586501930681,17.82254763323031,17.938364731244285,51.83629765911649,51.83629765911649,51.83629765911649,11.429649986759863,6.900224792049196,1.0219376319245181,1.0868730553412063,1.18252099566711,1.075465479414029,1.0,1.075465479414029,19.01493283413221,27.822834565015558,27.822834565015558,1000.0,3.177074265948305,1.0,1.2808019845198844,3.177074265948305,27.07007354874975,22.051565980378772,29.807367430155946,29.272195484229073,29.096728838491956,24.622256965649793,23.595740825734165,20.963614646537486,8.934184260484148,6.6527782330692675,8.925409691320088,75.87732118719504,76.11412398440491,63.93142909388709,8.951733397229651,4.748653930701009,10.460951138430973,10.504823510063908,6.2228168865429465,6.214042151798561,1.9055826615063478,6.214042151798561,35.5449872991004,24.22744393362889,2.9234788400486296,1.2211311765812358,1.6739256847497934,2.4724615121229583,1.840652578857188,2.8936690110256182
21.41164763244931,19.985041157118584,20.871188297398646,17.551179208380468,20.871188297398646,16.8290846218349,16.492164399326548,2.428564156979067,15.578790759545209,15.645473373521774,15.761290471628426,49.65922345593068,49.65922345593068,49.65922345593068,9.25257572299069,4.723150526656921,3.155136634024984,3.2639473212845345,2.9945532702904076,3.2525397453580336,3.177074265948305,3.2525397453580336,16.837858575410433,25.645760315818674,25.645760315818674,3.177074265948305,1000.0,3.177074265948305,3.457876250450726,1.0,24.892999298584837,19.874491724495854,27.630293183649172,27.09512123697714,26.91965459099887,22.445182712536067,21.41866657147441,18.78654038958367,6.75710999569215,4.475703967618264,6.748335426525051,73.70024705954083,73.9370498576417,61.75435492500901,6.7746591324437455,2.5715796649018037,8.283876874227282,8.32774924587887,4.045742620997267,4.036967886251048,2.2714916044710947,4.036967886251048,33.367913061497546,22.05036968006805,1.25359542591202,2.955943089378014,3.850999950649483,4.649535777935297,4.017726844741304,5.070743276778888
23.588721886716716,22.16211541288932,23.048262552247735,19.72825346647744,23.048262552247735,19.006158880564193,18.669238658341836,1.7485101089962967,17.75586501930681,17.82254763323031,17.938364731244285,51.83629765911649,51.83629765911649,51.83629765911649,11.429649986759863,6.900224792049196,1.0219376319245181,1.0868730553412063,1.18252099566711,1.075465479414029,1.0,1.075465479414029,19.01493283413221,27.822834565015558,27.822834565015558,1.0,3.177074265948305,1000.0,1.2808019845198844,3.177074265948305,27.07007354874975,22.051565980378772,29.807367430155946,29.272195484229073,29.096728838491956,24.622256965649793,23.595740825734165,20.963614646537486,8.934184260484148,6.6527782330692675,8.925409691320088,75.87732118719504,76.11412398440491,63.93142909388709,8.951733397229651,4.748653930701009,10.460951138430973,10.504823510063908,6.2228168865429465,6.214042151798561,1.9055826615063478,6.214042151798561,35.5449872991004,24.22744393362889,2.9234788400486296,1.2211311765812358,1.6739256847497934,2.4724615121229583,1.840652578857188,2.8936690110256182
23.869523869548775,22.442917395926727,23.32906453515916,20.009055449834417,23.32906453515916,19.286960864008527,18.95004064182575,2.029312093513667,18.03666700289431,18.103349616810437,18.21916671481153,52.11709963513338,52.11709963513338,52.11709963513338,11.710451970915015,7.181026776450032,1.302739616444381,1.1939289291787332,1.4633229801867187,1.205336505105906,1.2808019845198844,1.205336505105906,19.2957348175755,28.103636547159653,28.103636547159653,1.2808019845198844,3.457876250450726,1.2808019845198844,1000.0,3.457876250450726,27.350875531024748,22.332367963431537,30.08816941193716,29.552997466110686,29.37753082040608,24.90305894832476,23.876542808565187,21.24441662973711,9.214986244791245,6.933580217479666,9.206211675627646,76.15812315327693,76.39492595037,64.21223106538193,9.23253538153582,5.0294559151715905,10.741753122649943,10.78562549428012,6.503618870969003,6.494844136224926,2.186384646022726,6.494844136224926,35.825789279687136,24.508245916364693,3.2042808245546768,1.5019331611007578,1.3931237002307737,2.191659527608799,1.5598505943388392,2.6128670265157004
21.41164763244931,19.985041157118584,20.871188297398646,17.551179208380468,20.871188297398646,16.8290846218349,16.492164399326548,2.428564156979067,15.578790759545209,15.645473373521774,15.761290471628426,49.65922345593068,49.65922345593068,49.65922345593068,9.25257572299069,4.723150526656921,3.155136634024984,3.2639473212845345,2.9945532702904076,3.2525397453580336,3.177074265948305,3.2525397453580336,16.837858575410433,25.645760315818674,25.645760315818674,3.177074265948305,1.0,3.177074265948305,3.457876250450726,1000.0,24.892999298584837,19.874491724495854,27.630293183649172,27.09512123697714,26.91965459099887,22.445182712536067,21.41866657147441,18.78654038958367,6.75710999569215,4.475703967618264,6.748335426525051,73.70024705954083,73.9370498576417,61.75435492500901,6.7746591324437455,2.5715796649018037,8.283876874227282,8.32774924587887,4.045742620997267,4.036967886251048,2.2714916044710947,4.036967886251048,33.367913061497546,22.05036968006805,1.25359542591202,2.955943089378014,3.850999950649483,4.649535777935297,4.017726844741304,5.070743276778888
4.481351685920428,5.907958167407288,5.021811023436753,8.341820124030416,5.021811023436753,9.063914712280624,9.40083493548497,26.32156344550404,10.31420857683515,10.24752596275977,10.131708864475605,25.76622449338244,25.76622449338244,25.76622449338244,16.640423611508204,21.169848792817735,27.048135916998607,27.156946603401547,26.88755255451619,27.14553902756516,27.07007354874975,27.14553902756516,9.055140758686115,1.7527610224004426,1.7527610224004426,27.07007354874975,24.892999298584837,27.07007354874975,27.350875531024748,24.892999298584837,1000.0,6.018507600459712,3.737293905366821,3.2021219543967296,3.0266553070440425,3.44781660066517,4.474332746862233,7.106458939237425,19.1358893319404,21.417295350707008,19.14466390107725,49.80724875164587,50.04405155780852,37.86135625129474,19.118340195249186,23.32141964344034,17.609122458017488,17.565250086479274,21.847256695249897,21.856031429952637,26.164490894157623,21.856031429952637,9.474913839337573,3.842629635177849,25.146594722793807,26.848942373902734,27.743999228031544,28.542535048569462,27.91072612074371,28.96374254371109
2.53715591485255,1.1105494330841839,1.9966965772576097,3.3233125245690247,1.9966965772576097,4.045407113258166,4.382327336688181,21.303055875104747,5.295700978716934,5.229018364588715,5.113201266214005,30.784732050595213,30.784732050595213,30.784732050595213,11.621916020767424,16.151341210231795,22.029628348567247,22.138439035270206,21.869044985644596,22.127031459402307,22.051565980378772,22.127031459402307,4.036633159657958,6.771268622605779,6.771268622605779,22.051565980378772,19.874491724495854,22.051565980378772,22.332367963431537,19.874491724495854,6.018507600459712,1000.0,8.755801504583335,8.22062955392534,8.045162906667677,3.5706910001629266,2.5441748539115414,2.087951339166569,14.117381745396084,16.398787768635593,14.126156314548972,54.825756197888744,55.062559002619466,42.87986376118997,14.099832608672818,18.30291206556737,12.59061486881932,12.546742497208868,16.82874911408952,16.837523848811074,21.145983323341,16.837523848811074,14.493421433098709,3.175877965643954,20.128087149342438,21.83043480492573,22.725491661542666,23.524027484379268,22.892218554728633,23.945234980763345
7.218645590595709,8.645252071575618,7.759104927935267,11.079114027033976,7.759104927935267,11.801208614865892,12.138128837863688,29.058857328201974,13.051502478617483,12.984819864587445,12.869002766381355,23.028930605469064,23.028930605469064,23.028930605469064,19.37771750769944,23.907142683438966,29.785429798443168,29.894240484655526,29.624846436240674,29.882832908839156,29.807367430155946,29.882832908839156,11.792434661276666,2.9845328830141087,2.9845328830141087,29.807367430155946,27.630293183649172,29.807367430155946,30.08816941193716,27.630293183649172,3.737293905366821,8.755801504583335,1000.0,1.5351719510077486,1.7106385983687973,6.185110505626542,7.211626651539685,9.843752842879445,21.873183225224533,24.154589240986297,21.88195779435046,47.06995491830439,47.306757725189435,35.124062386194,21.855634088555153,26.058713530957924,20.346416353127353,20.30254398163941,24.58455058492575,24.593325319616056,28.901784777122106,24.593325319616056,6.737619935524992,6.579923540037986,27.883888607447552,29.58623625569426,30.481293108244216,31.279828927330538,30.648020000656658,31.701036421690137
6.683473639808711,8.110080120907362,7.223932977190266,10.543942076626927,7.223932977190266,11.266036664550562,11.60295688759337,28.52368538201225,12.516330528476333,12.449647914436516,12.333830816213567,23.564102553367512,23.564102553367512,23.564102553367512,18.84254555873844,23.371970735629276,29.25025785250849,29.3590685387596,29.08967449024906,29.34766096293916,29.272195484229073,29.34766096293916,11.257262710960179,2.4493609320243293,2.4493609320243293,29.272195484229073,27.09512123697714,29.272195484229073,29.552997466110686,27.09512123697714,3.2021219543967296,8.22062955392534,1.5351719510077486,1000.0,1.1754666473618278,5.649938554769395,6.676454700752169,9.308580892330575,21.338011276866244,23.619417293246865,21.34678584599442,47.60512685586416,47.84192966261122,35.65923432979871,21.320462140192348,25.52354158378463,19.811244404391097,19.767372032892723,24.04937863731021,24.058153372003066,28.36661283087811,24.058153372003066,7.272791886307801,6.044751589206062,27.348716660859278,29.051064309689004,29.946121162559965,30.74465698194107,30.1128480550333,31.16586447645936
6.508006992510989,7.934613473646493,7.0484663299055255,10.368475429448159,7.0484663299055255,11.090570017400811,11.427490240457894,28.34821873619004,12.340863881381871,12.274181267338943,12.158364169110637,23.73956919967705,23.73956919967705,23.73956919967705,18.667078912021704,23.19650408928343,29.07479120676884,29.18360189303251,28.914207844490974,29.172194317210746,29.096728838491956,29.172194317210746,11.081796063810065,2.2738942846662833,2.2738942846662833,29.096728838491956,26.91965459099887,29.096728838491956,29.37753082040608,26.91965459099887,3.0266553070440425,8.045162906667677,1.7106385983687973,1.1754666473618278,1000.0,5.474471907450176,6.500988053454284,9.133114245107105,21.16254463034348,23.44395064692369,21.17131919947239,47.78059349874894,48.01739630545043,35.83470097468285,21.144995493668137,25.348074937644306,19.635777757746645,19.59190538624491,23.873911991027036,23.882686725720713,28.19114618503834,23.882686725720713,7.448258533586746,5.869284941894538,27.173250014908113,28.875597663926513,29.77065451690141,30.569190336378007,29.93738140939447,30.99039783094771
2.0335350853580096,3.4601415670868967,2.573994422952352,5.894003524391112,2.573994422952352,6.616098112908419,6.953018336247568,23.87374686135981,7.8663919779957725,7.799709363889727,7.683892265552896,28.214041074771547,28.214041074771547,28.214041074771547,14.192607016731607,18.722032202351212,24.60031933386758,24.70913002042485,24.439735971158658,24.697722444572253,24.622256965649793,24.697722444572253,6.607324159310487,4.200577622996795,4.200577622996795,24.622256965649793,22.445182712536067,24.622256965649793,24.90305894832476,22.445182712536067,3.44781660066517,3.5706910001629266,6.185110505626542,5.649938554769395,5.474471907450176,1000.0,2.0265161462989107,4.658642339210169,16.688072739393842,18.96947876050961,16.69684730853916,52.255065280673264,52.49186808615487,40.30917281049217,16.670523602685705,20.873603055430536,15.16130586406442,15.11743349248775,19.399440105528424,19.408214840240987,23.716674309798304,19.408214840240987,11.92273043735756,1.3948130345447303,22.698778137074655,24.40112579049095,25.296182645899066,26.0947184676168,25.462909538854568,26.515925963395357
