0.0,54.13824688349413,46.696383542933035,53.41911489175804,33.5468578077965,33.5468578077965,33.5468578077965,84.19456870718302,84.19456870718302,83.34415208330842,32.91562765715164,33.00338534052085,32.54516569207151,32.54516569207151,32.54516569207151,32.54516569207151,32.54516569207151,32.54516569207151,32.54516569207151,32.54516569207151,32.54516569207151,32.54516569207151,32.54516569207151,32.54516569207151,32.54516569207151,32.54516569207151,32.54516569207151,57.333962357982166,57.441177609463466,57.22612022967988,57.22612022967988,7.971193825804343,6.7499375411052505,6.477361681605107,6.70356836553397,78.08000415247938,78.08000415247938,78.08000415247938,78.08000415247938,78.08000415247938,78.08000415247938,77.0458948236274,78.08000415247938,78.08000415247938,78.08000415247938,78.08000415247938,78.08000415247938,32.54516569207151,32.54516569207151,32.54516569207151,2.195646475846707,35.7082393024381,45.61933293109055,36.310024152033066,33.514261915500114,45.707101475395305,33.50799347585813,85.17920442271615,81.88666976570947,85.49905627290399,37.30046939832332,35.36973687487496,35.32585701228355,36.598380642698686,36.32882998542609,36.31629276278425,27.653437989590408,27.653437989590408,29.421052315973434,22.914877419689706,24.33767619776209,29.61536638612797,26.506385403547814,27.083044117827125,26.37475723812109,27.89162537966227,29.276884050005865,64.1589693447501,63.0867517119808,66.89913194764361,70.78063160170417,1.1992734453487386,12.19253062852894,13.67124195358833,6.264939992625103,80.77663902193827,79.89865710280641,82.6204254894087,79.32170164371351,76.33663604764664,76.28019656769922,76.79442408692549,69.76478068194054,75.80359775195065,79.81085932380601,73.91603733157335,80.18713604811006,26.443705303727498,27.515540279534164,29.339565879896213
54.13824688349413,0.0,8.441863751308723,1.719132037244451,21.591389885974873,21.591389885974873,21.591389885974873,31.05632483546208,31.05632483546208,30.20590809664143,22.22262004530083,22.134862360782332,22.59308201502749,22.59308201502749,22.59308201502749,22.59308201502749,22.59308201502749,22.59308201502749,22.59308201502749,22.59308201502749,22.59308201502749,22.59308201502749,22.59308201502749,22.59308201502749,22.59308201502749,22.59308201502749,22.59308201502749,4.195715691760169,4.302930950956469,4.087873555725658,4.087873555725658,61.109440201172134,59.88818401404231,59.61560817582281,59.84181484210395,24.941759492747202,24.941759492747202,24.941759492747202,24.941759492747202,24.941759492747202,24.941759492747202,23.907650039462155,24.941759492747202,24.941759492747202,24.941759492747202,24.941759492747202,24.941759492747202,22.59308201502749,22.59308201502749,22.59308201502749,52.94260048291075,19.430008354318254,9.518914411552817,18.828223492409453,21.62398577874311,9.431145863408425,21.63025421847554,32.040960686240666,28.748425586060804,32.36081258086021,17.83777822394882,19.768510788423615,19.81239065184282,18.539866995533572,18.809417658617534,18.821954881525407,27.484809747751548,27.484809747751548,25.71719541711639,32.223370291752545,30.800571527166486,25.522881346033437,28.631862332509773,28.055203619274057,28.763490497585504,27.246622357547263,25.861363683713797,11.020723224700847,9.948505498722923,13.760886078329253,17.642386118373036,53.93897345093078,65.3307766386378,66.80948782546938,59.40318650330157,27.638394698718415,26.76041266811454,29.482181406280407,26.18345713677258,23.19839117961619,23.141951693046895,23.65617927288777,16.62653509410302,22.665352821684163,26.67261487806836,20.77779218638798,27.048891649841334,28.694542432168173,27.622707457821715,25.798681853555777
46.696383542933035,8.441863751308723,0.0,7.722731714878851,14.149526180356283,14.149526180356283,14.149526180356283,38.49818839730919,38.49818839730919,37.64777166801287,14.780756343345756,14.69299865830986,15.151218315285275,15.151218315285275,15.151218315285275,15.151218315285275,15.151218315285275,15.151218315285275,15.151218315285275,15.151218315285275,15.151218315285275,15.151218315285275,15.151218315285275,15.151218315285275,15.151218315285275,15.151218315285275,15.151218315285275,11.63757943734275,11.744794696287336,11.529737301557514,11.529737301557514,53.66757698565853,52.44632077542437,52.173744932117614,52.399951602618806,32.383623117688884,32.383623117688884,32.383623117688884,32.383623117688884,32.383623117688884,32.383623117688884,31.34951367383691,32.383623117688884,32.383623117688884,32.383623117688884,32.383623117688884,32.383623117688884,15.151218315285275,15.151218315285275,15.151218315285275,45.50073712256715,11.988144637176473,2.077050661790964,11.386359772340516,14.182122073310396,1.9892821135058703,14.18839051307861,39.482824236758034,36.190289173192795,39.802676127627414,10.395914499328843,12.326647072982169,12.370526936624628,11.098003274105428,11.3675539384591,11.380091161426622,20.042946081585942,20.042946081585942,18.27533173788299,24.781506665842226,23.358707888369498,18.08101766542805,21.189998675390527,20.613339957551197,21.32162684153287,19.80475868955907,18.41950000550658,18.46258694654931,17.390369225336983,21.20274978624387,25.084249802234925,46.4971101070388,57.888913506907684,59.36762472452781,51.96132325564938,35.08025829737687,34.20227627559773,36.92404498556675,33.625320749914316,30.64025482025362,30.583815334175448,31.09804290950227,24.068398784748428,30.10721646691731,34.11447848641983,28.2196558471295,34.490755254453454,21.252678775556106,20.180843792720086,18.356818174901534
53.41911489175804,1.719132037244451,7.722731714878851,0.0,20.87225785539953,20.87225785539953,20.87225785539953,31.77545685768817,31.77545685768817,30.925040119694795,21.503488015148594,21.415730330570494,21.873949985129638,21.873949985129638,21.873949985129638,21.873949985129638,21.873949985129638,21.873949985129638,21.873949985129638,21.873949985129638,21.873949985129638,21.873949985129638,21.873949985129638,21.873949985129638,21.873949985129638,21.873949985129638,21.873949985129638,4.9148477288010834,5.022062987984795,4.8070055927788555,4.8070055927788555,60.390308222282854,59.1690520327867,58.896476194045775,59.122682860759475,25.66089152040102,25.66089152040102,25.66089152040102,25.66089152040102,25.66089152040102,25.66089152040102,24.626782067914338,25.66089152040102,25.66089152040102,25.66089152040102,25.66089152040102,25.66089152040102,21.873949985129638,21.873949985129638,21.873949985129638,52.22346848913214,18.7108763223928,8.799782375390318,18.109091460135268,20.90485374818929,8.712013827222723,20.911122187925862,32.7600927074797,29.467557610477623,33.07994460177186,17.118646191126437,19.04937875669952,19.093258620145104,17.820734963096474,18.090285626332644,18.10282284924765,26.765677721633757,26.765677721633757,24.998063389542338,31.504238270043434,30.081439504056355,24.80374931830553,27.912730307391726,27.336071593648015,28.044358472584932,26.52749033122728,25.14223165625469,11.739855260195311,10.667637534560543,14.480018112777184,18.361518150921537,53.219841458851015,64.61164466830685,66.0903558582755,58.68405452111986,28.357526724127574,27.479544694280364,30.201313430019386,26.902589163422054,23.91752320859592,23.861083722067907,24.375311301528864,17.345667127195842,23.384484851049653,27.39174690430847,21.49692421704548,27.768023675761295,27.975410407106,26.903575431821846,25.07954982604661
33.5468578077965,21.591389885974873,14.149526180356283,20.87225785539953,0.0,1.0,1.0,51.64771401266905,51.64771401266905,50.79729730542315,1.63123016558728,1.5434724801759636,2.001692139162362,2.001692139162362,2.001692139162362,2.001692139162362,2.001692139162362,2.001692139162362,2.001692139162362,2.001692139162362,2.001692139162362,2.001692139162362,2.001692139162362,2.001692139162362,2.001692139162362,2.001692139162362,2.001692139162362,24.787105542270552,24.89432080011211,24.679263407587893,24.679263407587893,40.518051428676465,39.2967951851157,39.02421933449346,39.2504260110625,45.53314888207575,45.53314888207575,45.53314888207575,45.53314888207575,45.53314888207575,45.53314888207575,44.499039461240706,45.53314888207575,45.53314888207575,45.53314888207575,45.53314888207575,45.53314888207575,2.001692139162362,2.001692139162362,2.001692139162362,32.351211359816354,3.161381550270861,13.07247552244472,3.763166416584286,1.0325958930824253,13.160244070439564,1.0388643328753926,52.63234982605335,49.33981484739979,52.95220170833255,4.7536116915565465,2.822879113539,2.778999249771468,4.051522915450647,3.7819722505083866,3.769435027512429,6.893419934758505,6.893419934758505,5.1258055788176415,11.631980561051634,10.209181769544028,4.93149150513146,8.040472537505241,7.463813815071952,8.172100704724109,6.65523254097354,5.269973847369331,31.61211296763687,30.539895261428182,34.35227576588725,38.23377571554707,33.347584367240124,44.739388072051014,46.21809933499475,38.81179765235524,48.22978399876588,47.351801997970206,50.07357064140578,46.77484648582754,43.78978062307792,43.73334113821404,44.24756870240754,37.217924716283754,43.25674228113473,47.26400421086556,41.369181700338565,47.640280969981674,8.103152638182163,7.03131764692601,5.207292016359231
33.5468578077965,21.591389885974873,14.149526180356283,20.87225785539953,1.0,0.0,1.0,51.64771401266905,51.64771401266905,50.79729730542315,1.63123016558728,1.5434724801759636,2.001692139162362,2.001692139162362,2.001692139162362,2.001692139162362,2.001692139162362,2.001692139162362,2.001692139162362,2.001692139162362,2.001692139162362,2.001692139162362,2.001692139162362,2.001692139162362,2.001692139162362,2.001692139162362,2.001692139162362,24.787105542270552,24.89432080011211,24.679263407587893,24.679263407587893,40.518051428676465,39.2967951851157,39.02421933449346,39.2504260110625,45.53314888207575,45.53314888207575,45.53314888207575,45.53314888207575,45.53314888207575,45.53314888207575,44.499039461240706,45.53314888207575,45.53314888207575,45.53314888207575,45.53314888207575,45.53314888207575,2.001692139162362,2.001692139162362,2.001692139162362,32.351211359816354,3.161381550270861,13.07247552244472,3.763166416584286,1.0325958930824253,13.160244070439564,1.0388643328753926,52.63234982605335,49.33981484739979,52.95220170833255,4.7536116915565465,2.822879113539,2.778999249771468,4.051522915450647,3.7819722505083866,3.769435027512429,6.893419934758505,6.893419934758505,5.1258055788176415,11.631980561051634,10.209181769544028,4.93149150513146,8.040472537505241,7.463813815071952,8.172100704724109,6.65523254097354,5.269973847369331,31.61211296763687,30.539895261428182,34.35227576588725,38.23377571554707,33.347584367240124,44.739388072051014,46.21809933499475,38.81179765235524,48.22978399876588,47.351801997970206,50.07357064140578,46.77484648582754,43.78978062307792,43.73334113821404,44.24756870240754,37.217924716283754,43.25674228113473,47.26400421086556,41.369181700338565,47.640280969981674,8.103152638182163,7.03131764692601,5.207292016359231
33.5468578077965,21.591389885974873,14.149526180356283,20.87225785539953,1.0,1.0,0.0,51.64771401266905,51.64771401266905,50.79729730542315,1.63123016558728,1.5434724801759636,2.001692139162362,2.001692139162362,2.001692139162362,2.001692139162362,2.001692139162362,2.001692139162362,2.001692139162362,2.001692139162362,2.001692139162362,2.001692139162362,2.001692139162362,2.001692139162362,2.001692139162362,2.001692139162362,2.001692139162362,24.787105542270552,24.89432080011211,24.679263407587893,24.679263407587893,40.518051428676465,39.2967951851157,39.02421933449346,39.2504260110625,45.53314888207575,45.53314888207575,45.53314888207575,45.53314888207575,45.53314888207575,45.53314888207575,44.499039461240706,45.53314888207575,45.53314888207575,45.53314888207575,45.53314888207575,45.53314888207575,2.001692139162362,2.001692139162362,2.001692139162362,32.351211359816354,3.161381550270861,13.07247552244472,3.763166416584286,1.0325958930824253,13.160244070439564,1.0388643328753926,52.63234982605335,49.33981484739979,52.95220170833255,4.7536116915565465,2.822879113539,2.778999249771468,4.051522915450647,3.7819722505083866,3.769435027512429,6.893419934758505,6.893419934758505,5.1258055788176415,11.631980561051634,10.209181769544028,4.93149150513146,8.040472537505241,7.463813815071952,8.172100704724109,6.65523254097354,5.269973847369331,31.61211296763687,30.539895261428182,34.35227576588725,38.23377571554707,33.347584367240124,44.739388072051014,46.21809933499475,38.81179765235524,48.22978399876588,47.351801997970206,50.07357064140578,46.77484648582754,43.78978062307792,43.73334113821404,44.24756870240754,37.217924716283754,43.25674228113473,47.26400421086556,41.369181700338565,47.640280969981674,8.103152638182163,7.03131764692601,5.207292016359231
84.19456870718302,31.05632483546208,38.49818839730919,31.77545685768817,51.64771401266905,51.64771401266905,51.64771401266905,0.0,1.0,1.8504167556370912,52.278944141128335,52.19118646093369,52.649406092486096,52.649406092486096,52.649406092486096,52.649406092486096,52.649406092486096,52.649406092486096,52.649406092486096,52.649406092486096,52.649406092486096,52.649406092486096,52.649406092486096,52.649406092486096,52.649406092486096,52.649406092486096,52.649406092486096,27.860609201934448,27.753393944451123,27.968451336230228,27.968451336230228,91.16576134233922,89.94450527961527,89.67192946888166,89.8981361123599,7.114565441872319,7.114565441872319,7.114565441872319,7.114565441872319,7.114565441872319,7.114565441872319,8.148674906928525,7.114565441872319,7.114565441872319,7.114565441872319,7.114565441872319,7.114565441872319,52.649406092486096,52.649406092486096,52.649406092486096,82.99892241693728,49.4863325825788,39.575239023885246,48.88454774781301,51.680309903856696,39.48747047854361,51.68657834328501,1.9846358714696266,3.3078992927657804,2.3044877730922932,47.89410252294883,49.82483500119893,49.86871486259935,48.59619126376796,48.86574191486135,48.87827913720912,57.54113356506253,57.54113356506253,55.77351933220725,62.279693825841484,60.85689514952514,55.57920527161253,58.688186084081565,58.11152740412002,58.81981424149831,57.302946188283364,55.917687590989736,21.035601746893228,22.107819464821027,18.29543890675005,14.41393886838043,83.99529529314586,95.38709733394882,96.86580835878513,89.45950781770952,4.417930198401275,5.295912242294214,2.5741434595396484,5.87286778180136,8.857933774011332,8.914373261127261,8.400145676146657,15.429789894185397,9.390972136934069,5.383710033611969,11.278532786810496,5.007433256315997,58.750866180095784,57.67903126732481,55.85500576423302
84.19456870718302,31.05632483546208,38.49818839730919,31.77545685768817,51.64771401266905,51.64771401266905,51.64771401266905,1.0,0.0,1.8504167556370912,52.278944141128335,52.19118646093369,52.649406092486096,52.649406092486096,52.649406092486096,52.649406092486096,52.649406092486096,52.649406092486096,52.649406092486096,52.649406092486096,52.649406092486096,52.649406092486096,52.649406092486096,52.649406092486096,52.649406092486096,52.649406092486096,52.649406092486096,27.860609201934448,27.753393944451123,27.968451336230228,27.968451336230228,91.16576134233922,89.94450527961527,89.67192946888166,89.8981361123599,7.114565441872319,7.114565441872319,7.114565441872319,7.114565441872319,7.114565441872319,7.114565441872319,8.148674906928525,7.114565441872319,7.114565441872319,7.114565441872319,7.114565441872319,7.114565441872319,52.649406092486096,52.649406092486096,52.649406092486096,82.99892241693728,49.4863325825788,39.575239023885246,48.88454774781301,51.680309903856696,39.48747047854361,51.68657834328501,1.9846358714696266,3.3078992927657804,2.3044877730922932,47.89410252294883,49.82483500119893,49.86871486259935,48.59619126376796,48.86574191486135,48.87827913720912,57.54113356506253,57.54113356506253,55.77351933220725,62.279693825841484,60.85689514952514,55.57920527161253,58.688186084081565,58.11152740412002,58.81981424149831,57.302946188283364,55.917687590989736,21.035601746893228,22.107819464821027,18.29543890675005,14.41393886838043,83.99529529314586,95.38709733394882,96.86580835878513,89.45950781770952,4.417930198401275,5.295912242294214,2.5741434595396484,5.87286778180136,8.857933774011332,8.914373261127261,8.400145676146657,15.429789894185397,9.390972136934069,5.383710033611969,11.278532786810496,5.007433256315997,58.750866180095784,57.67903126732481,55.85500576423302
83.34415208330842,30.20590809664143,37.64777166801287,30.925040119694795,50.79729730542315,50.79729730542315,50.79729730542315,1.8504167556370912,1.8504167556370912,0.0,51.428527435108954,51.34076975474288,51.798989387193735,51.798989387193735,51.798989387193735,51.798989387193735,51.798989387193735,51.798989387193735,51.798989387193735,51.798989387193735,51.798989387193735,51.798989387193735,51.798989387193735,51.798989387193735,51.798989387193735,51.798989387193735,51.798989387193735,27.01019245967817,26.902977202086376,27.118034594083475,27.118034594083475,90.31534474167628,89.09408867474909,88.82151286308532,89.04771950733532,6.26414868685074,6.26414868685074,6.26414868685074,6.26414868685074,6.26414868685074,6.26414868685074,7.298258152152473,6.26414868685074,6.26414868685074,6.26414868685074,6.26414868685074,6.26414868685074,51.798989387193735,51.798989387193735,51.798989387193735,82.14850578927181,48.63591587124991,38.72482229614415,48.034131035379424,50.82989319667376,38.637053750674106,50.836161636114184,2.8350526270721845,2.457482537192994,3.1549045286756607,47.04368580872756,48.97441829049756,49.01829815197964,47.745774550810005,48.01532520239347,48.02786242476409,56.690716869867714,56.690716869867714,54.92310263325687,61.429277141311395,60.006478461701484,54.72878857225666,57.83776939138853,57.2611107101629,57.96939754909564,56.45252949257542,55.06727089234113,20.18518499861427,21.257402717369743,17.445022156556426,13.563522115967748,83.14487866863557,94.53668074826281,96.01539177850992,88.60909121119026,3.5675134429319604,4.445495486940127,1.7237267039243354,5.022451026539051,8.00751701942735,8.063956506559391,7.549728921436502,14.57937314229765,8.540555382507112,4.533293278271026,10.42811603302709,4.157016500920795,57.900449487540946,56.82861457242805,55.00458906545309
32.91562765715164,22.22262004530083,14.780756343345756,21.503488015148594,1.63123016558728,1.63123016558728,1.63123016558728,52.278944141128335,52.278944141128335,51.428527435108954,0.0,1.0877576854120008,1.3704619735804076,1.3704619735804076,1.3704619735804076,1.3704619735804076,1.3704619735804076,1.3704619735804076,1.3704619735804076,1.3704619735804076,1.3704619735804076,1.3704619735804076,1.3704619735804076,1.3704619735804076,1.3704619735804076,1.3704619735804076,1.3704619735804076,25.418335699537607,25.525550957305033,25.31049356492919,25.31049356492919,39.88682128520653,38.66556504028721,38.39298918936765,38.61919586618328,46.164379018896895,46.164379018896895,46.164379018896895,46.164379018896895,46.164379018896895,46.164379018896895,45.13026959937107,46.164379018896895,46.164379018896895,46.164379018896895,46.164379018896895,46.164379018896895,1.3704619735804076,1.3704619735804076,1.3704619735804076,31.719981208082114,3.7926117157715398,13.703705685833206,4.394396582037002,1.598634272505135,13.791474233796778,1.5923658327122179,53.2635799530669,49.97104497913992,53.58343183487056,5.384841856907707,3.4541092790620933,3.4102294152972266,4.682753080876699,4.413202415959436,4.40066519296459,6.2621897696164455,6.2621897696164455,4.494575413437321,11.00075039699137,9.577951605091119,4.300261339730426,7.409242372565831,6.832583650025937,7.540870539810373,6.024002375794143,4.638743682005083,32.24334311953092,31.171125414254288,34.98350591525046,38.86500586095929,32.716354216410835,44.10815793360961,45.58686919843694,38.18056750699922,48.861014132030135,47.98303213241522,50.704800772119206,47.40607662103653,44.421010762088656,44.364571277294196,44.87879884085168,37.84915486277145,43.88797242079769,47.89523434542744,42.00041184224616,48.27151110404115,7.471922473254916,6.400087481806313,4.576061850987923
33.00338534052085,22.134862360782332,14.69299865830986,21.415730330570494,1.5434724801759636,1.5434724801759636,1.5434724801759636,52.19118646093369,52.19118646093369,51.34076975474288,1.0877576854120008,0.0,1.4582196589920695,1.4582196589920695,1.4582196589920695,1.4582196589920695,1.4582196589920695,1.4582196589920695,1.4582196589920695,1.4582196589920695,1.4582196589920695,1.4582196589920695,1.4582196589920695,1.4582196589920695,1.4582196589920695,1.4582196589920695,1.4582196589920695,25.330578015308816,25.437793273086662,25.222735880689953,25.222735880689953,39.97457896758579,38.75332272285403,38.48074687197552,38.70695354875711,46.076621337533126,46.076621337533126,46.076621337533126,46.076621337533126,46.076621337533126,46.076621337533126,45.04251191782416,46.076621337533126,46.076621337533126,46.076621337533126,46.076621337533126,46.076621337533126,1.4582196589920695,1.4582196589920695,1.4582196589920695,31.80773889160148,3.704854030374607,13.615948000740667,4.30663889664739,1.5108765870937442,13.703716548708682,1.5046081473008135,53.17582227307434,49.88328729848665,53.49567415494445,5.297084171533288,3.3663515936616775,3.322471729896393,4.5949953954911065,4.325444730570076,4.312907507575062,6.349947454972255,6.349947454972255,4.582333098824339,11.088508082201919,9.665709290354712,4.388019025120112,7.497000057894711,6.920341335369011,7.628628225135826,6.111760061154885,4.726501367390021,32.15558543605651,31.083367730649147,34.895748232130885,38.77724817839321,32.80411189980546,44.19591561529436,45.67462687986143,38.26832518963885,48.77325645116378,47.89527445138376,50.61704309160948,47.318318939898234,44.33325308041858,44.27681359561441,44.791041159260864,37.76139718005475,43.800214739036356,47.80747666437965,41.912654160170725,48.1837534230636,7.559680158582172,6.487845167159163,4.663819536373775
32.54516569207151,22.59308201502749,15.151218315285275,21.873949985129638,2.001692139162362,2.001692139162362,2.001692139162362,52.649406092486096,52.649406092486096,51.798989387193735,1.3704619735804076,1.4582196589920695,0.0,1.0,1.0,1.0,1.0,1.0,1.0,1.0,1.0,1.0,1.0,1.0,1.0,1.0,1.0,25.788797668028952,25.89601292575198,25.680955533465013,25.680955533465013,39.51635932427846,38.295103078572126,38.02252722748038,38.24873390443883,46.53484097521377,46.53484097521377,46.53484097521377,46.53484097521377,46.53484097521377,46.53484097521377,45.500731556465,46.53484097521377,46.53484097521377,46.53484097521377,46.53484097521377,46.53484097521377,1.0,1.0,1.0,31.34951924237272,4.163073689277562,14.074167658015984,4.7648585555097975,1.9690962460806563,14.16193620596046,1.9628278062878217,53.63404190356788,50.34150693244264,53.95389378508974,5.755303830312545,3.8245712525841253,3.780691388821194,5.053215054331413,4.7836643894310935,4.771127166437008,5.891727796252939,5.891727796252939,4.124113439948895,10.630288424222778,9.20748963210409,3.92979936623148,7.03878039931158,6.462121676713986,7.170408566570079,5.653540402410732,4.268281708524871,32.61380508481133,31.541587380090768,35.35396787902244,39.23546782237973,32.34589225122414,43.737695975597134,45.21640724151744,37.810105544978626,49.231476086236746,48.3534940873222,51.07526272481319,47.77653857639675,44.79147271970524,44.73503323495203,45.24926079813189,38.21961682483165,44.25843437880156,48.265696300403754,42.37087380158333,48.64197305871943,7.101460500007274,6.029625508454767,4.2055998775040955
32.54516569207151,22.59308201502749,15.151218315285275,21.873949985129638,2.001692139162362,2.001692139162362,2.001692139162362,52.649406092486096,52.649406092486096,51.798989387193735,1.3704619735804076,1.4582196589920695,1.0,0.0,1.0,1.0,1.0,1.0,1.0,1.0,1.0,1.0,1.0,1.0,1.0,1.0,1.0,25.788797668028952,25.89601292575198,25.680955533465013,25.680955533465013,39.51635932427846,38.295103078572126,38.02252722748038,38.24873390443883,46.53484097521377,46.53484097521377,46.53484097521377,46.53484097521377,46.53484097521377,46.53484097521377,45.500731556465,46.53484097521377,46.53484097521377,46.53484097521377,46.53484097521377,46.53484097521377,1.0,1.0,1.0,31.34951924237272,4.163073689277562,14.074167658015984,4.7648585555097975,1.9690962460806563,14.16193620596046,1.9628278062878217,53.63404190356788,50.34150693244264,53.95389378508974,5.755303830312545,3.8245712525841253,3.780691388821194,5.053215054331413,4.7836643894310935,4.771127166437008,5.891727796252939,5.891727796252939,4.124113439948895,10.630288424222778,9.20748963210409,3.92979936623148,7.03878039931158,6.462121676713986,7.170408566570079,5.653540402410732,4.268281708524871,32.61380508481133,31.541587380090768,35.35396787902244,39.23546782237973,32.34589225122414,43.737695975597134,45.21640724151744,37.810105544978626,49.231476086236746,48.3534940873222,51.07526272481319,47.77653857639675,44.79147271970524,44.73503323495203,45.24926079813189,38.21961682483165,44.25843437880156,48.265696300403754,42.37087380158333,48.64197305871943,7.101460500007274,6.029625508454767,4.2055998775040955
32.54516569207151,22.59308201502749,15.151218315285275,21.873949985129638,2.001692139162362,2.001692139162362,2.001692139162362,52.649406092486096,52.649406092486096,51.798989387193735,1.3704619735804076,1.4582196589920695,1.0,1.0,0.0,1.0,1.0,1.0,1.0,1.0,1.0,1.0,1.0,1.0,1.0,1.0,1.0,25.788797668028952,25.89601292575198,25.680955533465013,25.680955533465013,39.51635932427846,38.295103078572126,38.02252722748038,38.24873390443883,46.53484097521377,46.53484097521377,46.53484097521377,46.53484097521377,46.53484097521377,46.53484097521377,45.500731556465,46.53484097521377,46.53484097521377,46.53484097521377,46.53484097521377,46.53484097521377,1.0,1.0,1.0,31.34951924237272,4.163073689277562,14.074167658015984,4.7648585555097975,1.9690962460806563,14.16193620596046,1.9628278062878217,53.63404190356788,50.34150693244264,53.95389378508974,5.755303830312545,3.8245712525841253,3.780691388821194,5.053215054331413,4.7836643894310935,4.771127166437008,5.891727796252939,5.891727796252939,4.124113439948895,10.630288424222778,9.20748963210409,3.92979936623148,7.03878039931158,6.462121676713986,7.170408566570079,5.653540402410732,4.268281708524871,32.61380508481133,31.541587380090768,35.35396787902244,39.23546782237973,32.34589225122414,43.737695975597134,45.21640724151744,37.810105544978626,49.231476086236746,48.3534940873222,51.07526272481319,47.77653857639675,44.79147271970524,44.73503323495203,45.24926079813189,38.21961682483165,44.25843437880156,48.265696300403754,42.37087380158333,48.64197305871943,7.101460500007274,6.029625508454767,4.2055998775040955
32.54516569207151,22.59308201502749,15.151218315285275,21.873949985129638,2.001692139162362,2.001692139162362,2.001692139162362,52.649406092486096,52.649406092486096,51.798989387193735,1.3704619735804076,1.4582196589920695,1.0,1.0,1.0,0.0,1.0,1.0,1.0,1.0,1.0,1.0,1.0,1.0,1.0,1.0,1.0,25.788797668028952,25.89601292575198,25.680955533465013,25.680955533465013,39.51635932427846,38.295103078572126,38.02252722748038,38.24873390443883,46.53484097521377,46.53484097521377,46.53484097521377,46.53484097521377,46.53484097521377,46.53484097521377,45.500731556465,46.53484097521377,46.53484097521377,46.53484097521377,46.53484097521377,46.53484097521377,1.0,1.0,1.0,31.34951924237272,4.163073689277562,14.074167658015984,4.7648585555097975,1.9690962460806563,14.16193620596046,1.9628278062878217,53.63404190356788,50.34150693244264,53.95389378508974,5.755303830312545,3.8245712525841253,3.780691388821194,5.053215054331413,4.7836643894310935,4.771127166437008,5.891727796252939,5.891727796252939,4.124113439948895,10.630288424222778,9.20748963210409,3.92979936623148,7.03878039931158,6.462121676713986,7.170408566570079,5.653540402410732,4.268281708524871,32.61380508481133,31.541587380090768,35.35396787902244,39.23546782237973,32.34589225122414,43.737695975597134,45.21640724151744,37.810105544978626,49.231476086236746,48.3534940873222,51.07526272481319,47.77653857639675,44.79147271970524,44.73503323495203,45.24926079813189,38.21961682483165,44.25843437880156,48.265696300403754,42.37087380158333,48.64197305871943,7.101460500007274,6.029625508454767,4.2055998775040955
32.54516569207151,22.59308201502749,15.151218315285275,21.873949985129638,2.001692139162362,2.001692139162362,2.001692139162362,52.649406092486096,52.649406092486096,51.798989387193735,1.3704619735804076,1.4582196589920695,1.0,1.0,1.0,1.0,0.0,1.0,1.0,1.0,1.0,1.0,1.0,1.0,1.0,1.0,1.0,25.788797668028952,25.89601292575198,25.680955533465013,25.680955533465013,39.51635932427846,38.295103078572126,38.02252722748038,38.24873390443883,46.53484097521377,46.53484097521377,46.53484097521377,46.53484097521377,46.53484097521377,46.53484097521377,45.500731556465,46.53484097521377,46.53484097521377,46.53484097521377,46.53484097521377,46.53484097521377,1.0,1.0,1.0,31.34951924237272,4.163073689277562,14.074167658015984,4.7648585555097975,1.9690962460806563,14.16193620596046,1.9628278062878217,53.63404190356788,50.34150693244264,53.95389378508974,5.755303830312545,3.8245712525841253,3.780691388821194,5.053215054331413,4.7836643894310935,4.771127166437008,5.891727796252939,5.891727796252939,4.124113439948895,10.630288424222778,9.20748963210409,3.92979936623148,7.03878039931158,6.462121676713986,7.170408566570079,5.653540402410732,4.268281708524871,32.61380508481133,31.541587380090768,35.35396787902244,39.23546782237973,32.34589225122414,43.737695975597134,45.21640724151744,37.810105544978626,49.231476086236746,48.3534940873222,51.07526272481319,47.77653857639675,44.79147271970524,44.73503323495203,45.24926079813189,38.21961682483165,44.25843437880156,48.265696300403754,42.37087380158333,48.64197305871943,7.101460500007274,6.029625508454767,4.2055998775040955
32.54516569207151,22.59308201502749,15.151218315285275,21.873949985129638,2.001692139162362,2.001692139162362,2.001692139162362,52.649406092486096,52.649406092486096,51.798989387193735,1.3704619735804076,1.4582196589920695,1.0,1.0,1.0,1.0,1.0,0.0,1.0,1.0,1.0,1.0,1.0,1.0,1.0,1.0,1.0,25.788797668028952,25.89601292575198,25.680955533465013,25.680955533465013,39.51635932427846,38.295103078572126,38.02252722748038,38.24873390443883,46.53484097521377,46.53484097521377,46.53484097521377,46.53484097521377,46.53484097521377,46.53484097521377,45.500731556465,46.53484097521377,46.53484097521377,46.53484097521377,46.53484097521377,46.53484097521377,1.0,1.0,1.0,31.34951924237272,4.163073689277562,14.074167658015984,4.7648585555097975,1.9690962460806563,14.16193620596046,1.9628278062878217,53.63404190356788,50.34150693244264,53.95389378508974,5.755303830312545,3.8245712525841253,3.780691388821194,5.053215054331413,4.7836643894310935,4.771127166437008,5.891727796252939,5.891727796252939,4.124113439948895,10.630288424222778,9.20748963210409,3.92979936623148,7.03878039931158,6.462121676713986,7.170408566570079,5.653540402410732,4.268281708524871,32.61380508481133,31.541587380090768,35.35396787902244,39.23546782237973,32.34589225122414,43.737695975597134,45.21640724151744,37.810105544978626,49.231476086236746,48.3534940873222,51.07526272481319,47.77653857639675,44.79147271970524,44.73503323495203,45.24926079813189,38.21961682483165,44.25843437880156,48.265696300403754,42.37087380158333,48.64197305871943,7.101460500007274,6.029625508454767,4.2055998775040955
32.54516569207151,22.59308201502749,15.151218315285275,21.873949985129638,2.001692139162362,2.001692139162362,2.001692139162362,52.649406092486096,52.649406092486096,51.798989387193735,1.3704619735804076,1.4582196589920695,1.0,1.0,1.0,1.0,1.0,1.0,0.0,1.0,1.0,1.0,1.0,1.0,1.0,1.0,1.0,25.788797668028952,25.89601292575198,25.680955533465013,25.680955533465013,39.51635932427846,38.295103078572126,38.02252722748038,38.24873390443883,46.53484097521377,46.53484097521377,46.53484097521377,46.53484097521377,46.53484097521377,46.53484097521377,45.500731556465,46.53484097521377,46.53484097521377,46.53484097521377,46.53484097521377,46.53484097521377,1.0,1.0,1.0,31.34951924237272,4.163073689277562,14.074167658015984,4.7648585555097975,1.9690962460806563,14.16193620596046,1.9628278062878217,53.63404190356788,50.34150693244264,53.95389378508974,5.755303830312545,3.8245712525841253,3.780691388821194,5.053215054331413,4.7836643894310935,4.771127166437008,5.891727796252939,5.891727796252939,4.124113439948895,10.630288424222778,9.20748963210409,3.92979936623148,7.03878039931158,6.462121676713986,7.170408566570079,5.653540402410732,4.268281708524871,32.61380508481133,31.541587380090768,35.35396787902244,39.23546782237973,32.34589225122414,43.737695975597134,45.21640724151744,37.810105544978626,49.231476086236746,48.3534940873222,51.07526272481319,47.77653857639675,44.79147271970524,44.73503323495203,45.24926079813189,38.21961682483165,44.25843437880156,48.265696300403754,42.37087380158333,48.64197305871943,7.101460500007274,6.029625508454767,4.2055998775040955
32.54516569207151,22.59308201502749,15.151218315285275,21.873949985129638,2.001692139162362,2.001692139162362,2.001692139162362,52.649406092486096,52.649406092486096,51.798989387193735,1.3704619735804076,1.4582196589920695,1.0,1.0,1.0,1.0,1.0,1.0,1.0,0.0,1.0,1.0,1.0,1.0,1.0,1.0,1.0,25.788797668028952,25.89601292575198,25.680955533465013,25.680955533465013,39.51635932427846,38.295103078572126,38.02252722748038,38.24873390443883,46.53484097521377,46.53484097521377,46.53484097521377,46.53484097521377,46.53484097521377,46.53484097521377,45.500731556465,46.53484097521377,46.53484097521377,46.53484097521377,46.53484097521377,46.53484097521377,1.0,1.0,1.0,31.34951924237272,4.163073689277562,14.074167658015984,4.7648585555097975,1.9690962460806563,14.16193620596046,1.9628278062878217,53.63404190356788,50.34150693244264,53.95389378508974,5.755303830312545,3.8245712525841253,3.780691388821194,5.053215054331413,4.7836643894310935,4.771127166437008,5.891727796252939,5.891727796252939,4.124113439948895,10.630288424222778,9.20748963210409,3.92979936623148,7.03878039931158,6.462121676713986,7.170408566570079,5.653540402410732,4.268281708524871,32.61380508481133,31.541587380090768,35.35396787902244,39.23546782237973,32.34589225122414,43.737695975597134,45.21640724151744,37.810105544978626,49.231476086236746,48.3534940873222,51.07526272481319,47.77653857639675,44.79147271970524,44.73503323495203,45.24926079813189,38.21961682483165,44.25843437880156,48.265696300403754,42.37087380158333,48.64197305871943,7.101460500007274,6.029625508454767,4.2055998775040955
32.54516569207151,22.59308201502749,15.151218315285275,21.873949985129638,2.001692139162362,2.001692139162362,2.001692139162362,52.649406092486096,52.649406092486096,51.798989387193735,1.3704619735804076,1.4582196589920695,1.0,1.0,1.0,1.0,1.0,1.0,1.0,1.0,0.0,1.0,1.0,1.0,1.0,1.0,1.0,25.788797668028952,25.89601292575198,25.680955533465013,25.680955533465013,39.51635932427846,38.295103078572126,38.02252722748038,38.24873390443883,46.53484097521377,46.53484097521377,46.53484097521377,46.53484097521377,46.53484097521377,46.53484097521377,45.500731556465,46.53484097521377,46.53484097521377,46.53484097521377,46.53484097521377,46.53484097521377,1.0,1.0,1.0,31.34951924237272,4.163073689277562,14.074167658015984,4.7648585555097975,1.9690962460806563,14.16193620596046,1.9628278062878217,53.63404190356788,50.34150693244264,53.95389378508974,5.755303830312545,3.8245712525841253,3.780691388821194,5.053215054331413,4.7836643894310935,4.771127166437008,5.891727796252939,5.891727796252939,4.124113439948895,10.630288424222778,9.20748963210409,3.92979936623148,7.03878039931158,6.462121676713986,7.170408566570079,5.653540402410732,4.268281708524871,32.61380508481133,31.541587380090768,35.35396787902244,39.23546782237973,32.34589225122414,43.737695975597134,45.21640724151744,37.810105544978626,49.231476086236746,48.3534940873222,51.07526272481319,47.77653857639675,44.79147271970524,44.73503323495203,45.24926079813189,38.21961682483165,44.25843437880156,48.265696300403754,42.37087380158333,48.64197305871943,7.101460500007274,6.029625508454767,4.2055998775040955
32.54516569207151,22.59308201502749,15.151218315285275,21.873949985129638,2.001692139162362,2.001692139162362,2.001692139162362,52.649406092486096,52.649406092486096,51.798989387193735,1.3704619735804076,1.4582196589920695,1.0,1.0,1.0,1.0,1.0,1.0,1.0,1.0,1.0,0.0,1.0,1.0,1.0,1.0,1.0,25.788797668028952,25.89601292575198,25.680955533465013,25.680955533465013,39.51635932427846,38.295103078572126,38.02252722748038,38.24873390443883,46.53484097521377,46.53484097521377,46.53484097521377,46.53484097521377,46.53484097521377,46.53484097521377,45.500731556465,46.53484097521377,46.53484097521377,46.53484097521377,46.53484097521377,46.53484097521377,1.0,1.0,1.0,31.34951924237272,4.163073689277562,14.074167658015984,4.7648585555097975,1.9690962460806563,14.16193620596046,1.9628278062878217,53.63404190356788,50.34150693244264,53.95389378508974,5.755303830312545,3.8245712525841253,3.780691388821194,5.053215054331413,4.7836643894310935,4.771127166437008,5.891727796252939,5.891727796252939,4.124113439948895,10.630288424222778,9.20748963210409,3.92979936623148,7.03878039931158,6.462121676713986,7.170408566570079,5.653540402410732,4.268281708524871,32.61380508481133,31.541587380090768,35.35396787902244,39.23546782237973,32.34589225122414,43.737695975597134,45.21640724151744,37.810105544978626,49.231476086236746,48.3534940873222,51.07526272481319,47.77653857639675,44.79147271970524,44.73503323495203,45.24926079813189,38.21961682483165,44.25843437880156,48.265696300403754,42.37087380158333,48.64197305871943,7.101460500007274,6.029625508454767,4.2055998775040955
32.54516569207151,22.59308201502749,15.151218315285275,21.873949985129638,2.001692139162362,2.001692139162362,2.001692139162362,52.649406092486096,52.649406092486096,51.798989387193735,1.3704619735804076,1.4582196589920695,1.0,1.0,1.0,1.0,1.0,1.0,1.0,1.0,1.0,1.0,0.0,1.0,1.0,1.0,1.0,25.788797668028952,25.89601292575198,25.680955533465013,25.680955533465013,39.51635932427846,38.295103078572126,38.02252722748038,38.24873390443883,46.53484097521377,46.53484097521377,46.53484097521377,46.53484097521377,46.53484097521377,46.53484097521377,45.500731556465,46.53484097521377,46.53484097521377,46.53484097521377,46.53484097521377,46.53484097521377,1.0,1.0,1.0,31.34951924237272,4.163073689277562,14.074167658015984,4.7648585555097975,1.9690962460806563,14.16193620596046,1.9628278062878217,53.63404190356788,50.34150693244264,53.95389378508974,5.755303830312545,3.8245712525841253,3.780691388821194,5.053215054331413,4.7836643894310935,4.771127166437008,5.891727796252939,5.891727796252939,4.124113439948895,10.630288424222778,9.20748963210409,3.92979936623148,7.03878039931158,6.462121676713986,7.170408566570079,5.653540402410732,4.268281708524871,32.61380508481133,31.541587380090768,35.35396787902244,39.23546782237973,32.34589225122414,43.737695975597134,45.21640724151744,37.810105544978626,49.231476086236746,48.3534940873222,51.07526272481319,47.77653857639675,44.79147271970524,44.73503323495203,45.24926079813189,38.21961682483165,44.25843437880156,48.265696300403754,42.37087380158333,48.64197305871943,7.101460500007274,6.029625508454767,4.2055998775040955
