1000.0,3.368508460936823,54.79757594538495,42.98979403717479,42.98979403717479,40.26789392416893,40.39688029004181,47.85547249416644,47.85547249416644,48.11345896261234,48.03799348514676,13.460546533883708,16.69078008994167,17.88305465760511,13.721103147818491,13.855329466654728,13.855329466654728,31.09436462226899,27.09346781238322,3.251836574359485,3.251836574359485,3.251836574359485,6.490613153810264,7.440391137376529,6.780983742439148,6.490613153810264,6.8090558546131605,13.711452894432114,14.1527333256726,1.3500104585160153,8.33460794850422,5.501076703081577,43.5259319550614,45.54414499965119,45.44762112172872,46.96568598275895,46.0267653617726,47.4658611543549,32.163044068237646,48.501317041813934,48.96639711420572,23.038286516856942,18.05500971616078,26.986427804902828,23.029512990343697,30.48720381401472,38.138319434699945,18.239247507239597,18.098875835470263,19.419522709007182,19.805448687631355,19.805448687631355,15.174268524749987,19.39320953635533,9.46628155283935,10.220735574011988,19.370999120596025,13.87024350982076,16.668847243534174,8.580241771955274
3.368508460936823,1000.0,52.42906756095015,40.62128562226858,40.62128562226858,37.899385503327466,38.02837186947239,45.48696409088702,45.48696409088702,45.74495055998578,45.669485082328855,11.092038076431642,14.322271634796527,15.51454620345734,11.352594690531099,11.486821009453626,11.486821009453626,28.72585618443257,24.724959368589076,1.1166718865846228,1.1166718865846228,1.1166718865846228,4.12210469334865,9.808899596739636,4.412475282049193,4.12210469334865,4.44054739423038,11.342944437138549,11.784224868666259,3.0184980024403987,5.966099488577037,3.1325682424108634,41.157423541372395,43.175636590686175,43.07911271253265,44.597177577255934,43.65825695397046,45.09735275009646,29.794535632142132,46.13280864017579,46.597888713763716,20.669778067926515,15.686501262163338,24.61791936096144,20.66100454140314,28.118695375217285,35.76981100949956,15.870739053405043,15.730367381511435,21.78803115931578,22.173957137515593,22.173957137515593,17.54277697917982,21.761717986692556,7.097773093333439,7.852227114826333,17.00249066780325,11.501735052629307,14.300338788371425,6.211733312113504
54.79757594538495,52.42906756095015,1000.0,12.807782218941172,12.807782218941172,15.529682378842162,15.400696010956331,7.94210365502184,7.94210365502184,7.684117180079815,7.759582659454232,42.337029734821016,39.10679623069972,37.9145216788925,42.076473125561876,41.94224680910102,41.94224680910102,24.703211770458566,28.70410858643822,52.545739443924475,52.545739443924475,52.545739443924475,49.30696295812586,61.237966838994126,49.016592377248244,49.30696295812586,48.98852026581798,42.08612337877663,41.64484295526552,54.44756549861913,47.462968210853425,50.29649938164231,12.271644290724442,10.253431204023284,10.34995508407582,8.831890188195711,9.770810831076737,8.331715004486094,23.634532319465244,7.296259090955296,6.8311790064169475,32.759289867647716,37.7425666224763,28.811148593805868,32.768063394107614,25.310372580929698,17.659256898534032,37.55832883364855,37.69870050370665,73.2170978180417,73.60302377456192,73.60302377456192,68.97184386451316,73.19078464689007,46.33129463350237,45.57684062942405,36.42657723318461,41.92733276619752,39.1287290767988,47.21733439339627
42.98979403717479,40.62128562226858,12.807782218941172,1000.0,1.0,3.721900165329698,3.5929137971406653,5.865678568554086,5.865678568554086,6.123665043560419,6.048199564169081,30.529247683675667,27.299014149497424,26.1067395873235,30.26869107188535,30.134464754127844,30.134464754127844,12.895429590240312,16.89632642799136,40.7379575067076,40.7379575067076,40.7379575067076,37.499180981646774,49.43018502148655,37.2088103973907,37.499180981646774,37.18073828563505,30.278341325193487,29.837060897437105,42.639783585808324,35.655186213315204,38.488717416851394,1.5361379290461168,3.554351018161502,3.457827138018969,4.9758920350182745,4.036971391519669,5.476067218958092,11.826750134177216,6.51152313274724,6.97660321730587,20.95150773576562,25.934784529444524,17.003366436002008,20.960281262287896,13.502590403731803,5.851474690688356,25.75054673905856,25.89091841030302,61.40931619978798,61.79524216338879,61.79524216338879,57.16406217109763,61.3830030281551,34.523512623505084,33.76905861131715,24.618795129227983,30.119550711080574,27.320946995790877,35.40955239312373
42.98979403717479,40.62128562226858,12.807782218941172,1.0,1000.0,3.721900165329698,3.5929137971406653,5.865678568554086,5.865678568554086,6.123665043560419,6.048199564169081,30.529247683675667,27.299014149497424,26.1067395873235,30.26869107188535,30.134464754127844,30.134464754127844,12.895429590240312,16.89632642799136,40.7379575067076,40.7379575067076,40.7379575067076,37.499180981646774,49.43018502148655,37.2088103973907,37.499180981646774,37.18073828563505,30.278341325193487,29.837060897437105,42.639783585808324,35.655186213315204,38.488717416851394,1.5361379290461168,3.554351018161502,3.457827138018969,4.9758920350182745,4.036971391519669,5.476067218958092,11.826750134177216,6.51152313274724,6.97660321730587,20.95150773576562,25.934784529444524,17.003366436002008,20.960281262287896,13.502590403731803,5.851474690688356,25.75054673905856,25.89091841030302,61.40931619978798,61.79524216338879,61.79524216338879,57.16406217109763,61.3830030281551,34.523512623505084,33.76905861131715,24.618795129227983,30.119550711080574,27.320946995790877,35.40955239312373
40.26789392416893,37.899385503327466,15.529682378842162,3.721900165329698,3.721900165329698,1000.0,1.1289863681996235,8.587578732715148,8.587578732715148,8.84556520761769,8.77009972825715,27.807347543449573,24.577114003827806,23.384839439812332,27.546790931195556,27.41256461320087,27.41256461320087,10.173529428367923,14.174426269298213,38.01605738805049,38.01605738805049,38.01605738805049,34.777280855428074,46.70828492642822,34.48691027052672,34.777280855428074,34.45883815870897,27.556441184520796,27.115160755988676,39.917883471902876,32.93328608308981,35.76681729287209,4.25803809432051,6.276251183064529,6.179727302945629,7.697792199504988,6.758871556295694,8.197967383267912,9.104849971627486,9.233423296640558,9.698503380990037,18.229607581331724,23.21288438167521,14.281466277407871,18.23838110786435,10.780690242276508,3.1295745256858667,23.02864659101475,23.16901826246816,58.68741614515369,59.07334211020927,59.07334211020927,54.442162101089,58.66110297342197,31.80161249092795,31.04715847721747,21.896894979545333,27.397650570127315,24.599046850155972,32.68765226238095
40.39688029004181,38.02837186947239,15.400696010956331,3.5929137971406653,3.5929137971406653,1.1289863681996235,1000.0,8.458592364600426,8.458592364600426,8.716578839508895,8.641113360146598,27.93633391056389,24.706100371187514,23.51382580725466,27.675777298330832,27.54155098034685,27.54155098034685,10.302515796439405,14.303412637234606,38.14504375418242,38.14504375418242,38.14504375418242,34.90626722190572,46.837271291475666,34.61589663703381,34.90626722190572,34.5878245252189,27.6854275516553,27.24414712315822,40.04686983781701,33.06227244975016,35.89580365924747,4.129051726136183,6.147264814905656,6.050740934785259,7.568805831371374,6.629885188144715,8.068981015144626,9.233836339726908,9.104436928541038,9.569517012902239,18.358593949082056,23.341870749129104,14.410452645339985,18.367367475614223,10.909676610330587,3.25856089387827,23.15763295848093,23.29800462992499,58.8164025083321,59.20232847332023,59.20232847332023,54.57114846497947,58.79008933660495,31.930598857695337,31.176144844054058,22.025881347084777,27.526636937274493,24.728033217514124,32.816638629064855
47.85547249416644,45.48696409088702,7.94210365502184,5.865678568554086,5.865678568554086,8.587578732715148,8.458592364600426,1000.0,1.0,1.2579864750810978,1.18252099566711,35.3949261946762,32.164692671615725,30.97241811324566,35.13436958382665,35.000143266550765,35.000143266550765,17.761108147506853,21.762004977856897,45.603635974768274,45.603635974768274,45.603635974768274,42.36485946461511,54.29586344363,42.074488881637244,42.36485946461511,42.046416770004654,35.144019837100096,34.70273941091986,47.5054620445584,40.52086470423765,43.35439589539175,5.329540639639294,3.3113275507265665,3.4078514308699015,1.889786533735922,2.828707177348581,1.3896113496946367,16.692428693113406,1.645844564394487,2.110924649127311,25.817186276276242,30.80046305590196,21.869044985644596,25.825959802776257,18.368268959992054,10.71715325657456,30.61622526608578,30.75659693689647,66.2749945445261,66.66092050536068,66.66092050536068,62.02974054514164,66.24868137308121,39.3891911191174,38.63473710997509,29.484473659670716,34.9852292235569,32.18662551783768,40.27523088507651
47.85547249416644,45.48696409088702,7.94210365502184,5.865678568554086,5.865678568554086,8.587578732715148,8.458592364600426,1.0,1000.0,1.2579864750810978,1.18252099566711,35.3949261946762,32.164692671615725,30.97241811324566,35.13436958382665,35.000143266550765,35.000143266550765,17.761108147506853,21.762004977856897,45.603635974768274,45.603635974768274,45.603635974768274,42.36485946461511,54.29586344363,42.074488881637244,42.36485946461511,42.046416770004654,35.144019837100096,34.70273941091986,47.5054620445584,40.52086470423765,43.35439589539175,5.329540639639294,3.3113275507265665,3.4078514308699015,1.889786533735922,2.828707177348581,1.3896113496946367,16.692428693113406,1.645844564394487,2.110924649127311,25.817186276276242,30.80046305590196,21.869044985644596,25.825959802776257,18.368268959992054,10.71715325657456,30.61622526608578,30.75659693689647,66.2749945445261,66.66092050536068,66.66092050536068,62.02974054514164,66.24868137308121,39.3891911191174,38.63473710997509,29.484473659670716,34.9852292235569,32.18662551783768,40.27523088507651
48.11345896261234,45.74495055998578,7.684117180079815,6.123665043560419,6.123665043560419,8.84556520761769,8.716578839508895,1.2579864750810978,1.2579864750810978,1000.0,1.075465479414029,35.6529126661772,32.42267914375585,31.230404585605783,35.39235605538153,35.25812973813326,35.25812973813326,18.019094621731917,22.01999145162807,45.86162244383568,45.86162244383568,45.86162244383568,42.6228459345227,54.55384991012921,42.33247535161707,42.6228459345227,42.30440323999144,35.40200630865299,34.9607258825631,47.7634485131029,40.778851174595324,43.61238236504936,5.587527114660828,3.5693140257898572,3.665837905931751,2.147773008813958,3.0866936524182367,1.6475978247749783,16.950415167443417,1.3878580893141403,1.8529381740490536,26.075172749489088,31.058449528293114,22.127031459402307,26.08394627598778,18.626255434154434,10.975139731364893,30.874211738509974,31.014583409295504,66.53298100673709,66.91890696741906,66.91890696741906,62.287727008971736,66.50666783530257,39.64717758974111,38.89272358077188,29.7424601322934,35.24321569514243,32.44461198997368,40.53321735549258
48.03799348514676,45.669485082328855,7.759582659454232,6.048199564169081,6.048199564169081,8.77009972825715,8.641113360146598,1.18252099566711,1.18252099566711,1.075465479414029,1000.0,35.57744718781597,32.347213665207136,31.154939106992526,35.3168905770045,35.182664259748115,35.182664259748115,17.943629142571016,21.94452597260058,45.786156966187924,45.786156966187924,45.786156966187924,42.54738045662867,54.4783844332341,42.25700987370186,42.54738045662867,42.228937762074196,35.32654083027652,34.88526040416016,47.68798303560843,40.70338569656934,43.536916887228614,5.512061635264958,3.493848546381449,3.5903724265237793,2.072307529401008,3.011228173007889,1.572132345361274,16.874949688251643,1.4633235687280117,1.928403653462388,25.999707270625567,30.982984049670748,22.051565980378772,26.00848079712465,18.550789955011968,10.899674252037512,30.798746259877916,30.939117930670836,66.4575155310983,66.84344149182498,66.84344149182498,62.212261532858626,66.43120235966072,39.571712111637126,38.817258102617146,29.6669946536031,35.167750216756396,32.36914651142618,40.457751877449475
13.460546533883708,11.092038076431642,42.337029734821016,30.529247683675667,30.529247683675667,27.807347543449573,27.93633391056389,35.3949261946762,35.3949261946762,35.6529126661772,35.57744718781597,1000.0,4.230233563441926,5.422508134598257,1.260556614417742,1.3947829335104862,1.3947829335104862,18.633818165637294,14.632921330294932,11.208709962875643,11.208709962875643,11.208709962875643,7.969933385651669,19.900937653505363,7.67956279707302,7.969933385651669,7.651490684902561,1.2509063610131226,1.6921867931154009,13.110536075985722,6.125938590859156,8.95946983602453,31.065385607177085,33.08359867365,32.98707479465406,34.50513967287966,33.566219041179224,35.00531485028737,19.702497619192446,36.04077075000814,36.50585082800842,10.577740013713331,5.59446319369182,14.525881322197353,10.568966487159718,18.026657353220557,25.67777303418179,5.778700985356501,5.638329313139898,31.88006915987617,32.26599513570004,32.26599513570004,27.634815003546475,31.853755987413656,4.994264985972775,4.239810964225292,6.910452602528536,1.4096969767053449,4.208300716974053,5.880304767320164
16.69078008994167,14.322271634796527,39.10679623069972,27.299014149497424,27.299014149497424,24.577114003827806,24.706100371187514,32.164692671615725,32.164692671615725,32.42267914375585,32.347213665207136,4.230233563441926,1000.0,2.1922745713552887,3.969676949053387,3.8354506299736864,3.8354506299736864,15.403584611772363,11.402687772201597,14.438943521136828,14.438943521136828,14.438943521136828,11.20016694640938,23.131171201144113,10.909796358015827,11.20016694640938,10.881724245862923,3.979327202457016,3.5380467703928273,16.340769632411316,9.356172152684048,12.18970339610361,27.835152074136705,29.853365145086563,29.75684126586954,31.274906147653223,30.3359855137317,31.77508132627117,16.47226406666093,32.81053722855704,33.27561730773563,7.347506452564724,2.364229630486397,11.295647764007452,7.338732926005847,14.796423798636354,22.447539490689408,2.5484674221937786,2.408095749944409,35.11030268349848,35.496228658367706,35.496228658367706,30.86504853692431,35.08398951110064,8.224498548325379,7.470044526875953,3.680219039684297,3.820536586780193,1.0219328464705275,9.11053832926782
17.88305465760511,15.51454620345734,37.9145216788925,26.1067395873235,26.1067395873235,23.384839439812332,23.51382580725466,30.97241811324566,30.97241811324566,31.230404585605783,31.154939106992526,5.422508134598257,2.1922745713552887,1000.0,5.161951520236545,5.0277252011699245,5.0277252011699245,14.211310043064772,10.210413202179739,15.631218089752174,15.631218089752174,15.631218089752174,12.392441516145677,24.32344576530335,12.102070927838321,12.392441516145677,12.073998815693631,5.171601773639213,4.730321341616262,17.533044200232005,10.548446722927812,13.381977965528476,26.64287751234973,28.661090584827722,28.56456670553504,30.08263158853851,29.143710953855017,30.582806767572336,15.279989498379683,31.618262670741213,32.083342750326075,6.155231881664937,1.1719550591343744,10.103373193956541,6.146458355104655,13.604149229700681,21.25526492537646,1.3561928508461696,1.215821178593352,36.30257723805546,36.68850321254856,36.68850321254856,32.05732309534351,36.276264065683115,9.416773118833623,8.662319097540681,2.4879444683845326,5.012811157977854,2.2142074178254454,10.302812899572025
13.721103147818491,11.352594690531099,42.076473125561876,30.26869107188535,30.26869107188535,27.546790931195556,27.675777298330832,35.13436958382665,35.13436958382665,35.39235605538153,35.3168905770045,1.260556614417742,3.969676949053387,5.161951520236545,1000.0,1.1342263190929054,1.1342263190929054,18.373261552151472,14.372364716431866,11.469266576967787,11.469266576967787,11.469266576967787,8.230489999915907,20.161494266819265,7.940119411349565,8.230489999915907,7.912047299180268,1.009650253404627,1.4316301786985686,13.371092689946998,6.386495205192806,9.220026450242973,30.804828995483394,32.823042062335674,32.72651818332102,34.24458306184735,33.30566242995927,34.74475823935721,19.44194100582384,35.78021413929425,36.24529421739377,10.317183399567156,5.333906579334689,14.265324708325531,10.308409873013044,17.76610073967122,25.417216421596322,5.518144371004482,5.377772698783966,32.140625771361165,32.52655174711151,32.52655174711151,27.89537161577998,32.11431259890362,5.254821600338759,4.500367578608499,6.649895988212437,1.149140362287789,3.9477441025851023,6.140861381661495
13.855329466654728,11.486821009453626,41.94224680910102,30.134464754127844,30.134464754127844,27.41256461320087,27.54155098034685,35.000143266550765,35.000143266550765,35.25812973813326,35.182664259748115,1.3947829335104862,3.8354506299736864,5.0277252011699245,1.1342263190929054,1000.0,1.0,18.239035233527883,14.238138397616426,11.603492895886479,11.603492895886479,11.603492895886479,8.36471631892526,20.29572058533166,8.074345730365435,8.36471631892526,8.046273618196754,1.1438765724975302,1.2974038596058646,13.505319008797095,6.520721524239057,9.354252769228122,30.67060267777533,32.688815744821795,32.59229186579756,34.11035674447787,33.17143611249371,34.610531922040025,19.307714687259978,35.64598782208785,36.11106790023821,10.182957080608384,5.199680260270326,14.131098389505643,10.174183554054014,17.6318744210153,25.28299010343219,5.383918051942636,5.2435463797201916,32.274852088923964,32.660778064636204,32.660778064636204,28.02959793373102,32.248538916469,5.389047919402367,4.634593897681445,6.515669669168396,1.014914043194887,3.813517783505203,6.275087700711855
13.855329466654728,11.486821009453626,41.94224680910102,30.134464754127844,30.134464754127844,27.41256461320087,27.54155098034685,35.000143266550765,35.000143266550765,35.25812973813326,35.182664259748115,1.3947829335104862,3.8354506299736864,5.0277252011699245,1.1342263190929054,1.0,1000.0,18.239035233527883,14.238138397616426,11.603492895886479,11.603492895886479,11.603492895886479,8.36471631892526,20.29572058533166,8.074345730365435,8.36471631892526,8.046273618196754,1.1438765724975302,1.2974038596058646,13.505319008797095,6.520721524239057,9.354252769228122,30.67060267777533,32.688815744821795,32.59229186579756,34.11035674447787,33.17143611249371,34.610531922040025,19.307714687259978,35.64598782208785,36.11106790023821,10.182957080608384,5.199680260270326,14.131098389505643,10.174183554054014,17.6318744210153,25.28299010343219,5.383918051942636,5.2435463797201916,32.274852088923964,32.660778064636204,32.660778064636204,28.02959793373102,32.248538916469,5.389047919402367,4.634593897681445,6.515669669168396,1.014914043194887,3.813517783505203,6.275087700711855
31.09436462226899,28.72585618443257,24.703211770458566,12.895429590240312,12.895429590240312,10.173529428367923,10.302515796439405,17.761108147506853,17.761108147506853,18.019094621731917,17.943629142571016,18.633818165637294,15.403584611772363,14.211310043064772,18.373261552151472,18.239035233527883,18.239035233527883,1000.0,5.000896846563331,28.84252806996454,28.84252806996454,28.84252806996454,25.603751515971418,37.53475567683577,25.313380929264078,25.603751515971418,25.285308817272686,18.38291180552207,17.94163137493603,30.744354167415604,23.759756732471697,26.593287959705854,13.431567518363739,15.449780603292666,15.35325672337601,16.87132161652442,15.93240097548278,17.37149679905585,2.0686794576658363,18.406952709709547,18.8720327927634,9.056078167800827,14.039354984276072,5.107936854870722,9.064851694357175,1.6071608145431102,8.043954904284224,13.85511719292451,13.995488864903812,49.51388701658532,49.89981298605365,49.89981298605365,45.26863292609727,49.48757384455391,22.628083133821264,21.87362911593769,12.723365577369293,18.224121190384693,15.425517458189702,23.51412291033112
27.09346781238322,24.724959368589076,28.70410858643822,16.89632642799136,16.89632642799136,14.174426269298213,14.303412637234606,21.762004977856897,21.762004977856897,22.01999145162807,21.94452597260058,14.632921330294932,11.402687772201597,10.210413202179739,14.372364716431866,14.238138397616426,14.238138397616426,5.000896846563331,1000.0,24.841631254402227,24.841631254402227,24.841631254402227,21.602854693077365,33.53385888580838,21.312484105760678,21.602854693077365,21.284411993710798,14.382014969816328,13.940734538605472,26.743457356616318,19.758859905842055,22.59239113894766,17.43246435540727,19.450677437433008,19.354153557663825,20.872218448392427,19.933297808872727,21.372393630079625,6.06957630397654,22.407849538911673,22.872929621114878,5.055181322761575,10.038458143212443,1.1070400083278997,5.063954849322886,4.393736032116312,12.044851747220944,9.854220351672604,9.99459202379507,45.51299027098496,45.89891624214084,45.89891624214084,41.267736162856835,45.486677098838975,18.627186305056647,17.872732285816316,8.722468735030379,14.223224354452022,11.42462061864436,19.513226083227895
3.251836574359485,1.1166718865846228,52.545739443924475,40.7379575067076,40.7379575067076,38.01605738805049,38.14504375418242,45.603635974768274,45.603635974768274,45.86162244383568,45.786156966187924,11.208709962875643,14.438943521136828,15.631218089752174,11.469266576967787,11.603492895886479,11.603492895886479,28.84252806996454,24.841631254402227,1000.0,1.0,1.0,4.238776579919467,9.692227710259628,4.5291471686173725,4.238776579919467,4.557219280798293,11.459616323575517,11.900896755090432,2.9018261158610192,6.082771375127199,3.2492401289889363,41.27409542575311,43.29230847484039,43.19578459669796,44.713849461243996,43.77492883806888,45.214024634024746,29.91120751759165,46.24948052397819,46.71456059750862,20.786449953980203,15.8031731484513,24.734591246781516,20.7776764274573,28.23536726079474,35.88648289443074,15.987410939685546,15.847039267797626,21.671359273318636,22.057285251540538,22.057285251540538,17.42610509296661,21.645046100693918,7.214444979866329,7.96889900134577,17.119162554035917,11.618406939061735,14.417010674712525,6.328405198660214
3.251836574359485,1.1166718865846228,52.545739443924475,40.7379575067076,40.7379575067076,38.01605738805049,38.14504375418242,45.603635974768274,45.603635974768274,45.86162244383568,45.786156966187924,11.208709962875643,14.438943521136828,15.631218089752174,11.469266576967787,11.603492895886479,11.603492895886479,28.84252806996454,24.841631254402227,1.0,1000.0,1.0,4.238776579919467,9.692227710259628,4.5291471686173725,4.238776579919467,4.557219280798293,11.459616323575517,11.900896755090432,2.9018261158610192,6.082771375127199,3.2492401289889363,41.27409542575311,43.29230847484039,43.19578459669796,44.713849461243996,43.77492883806888,45.214024634024746,29.91120751759165,46.24948052397819,46.71456059750862,20.786449953980203,15.8031731484513,24.734591246781516,20.7776764274573,28.23536726079474,35.88648289443074,15.987410939685546,15.847039267797626,21.671359273318636,22.057285251540538,22.057285251540538,17.42610509296661,21.645046100693918,7.214444979866329,7.96889900134577,17.119162554035917,11.618406939061735,14.417010674712525,6.328405198660214
3.251836574359485,1.1166718865846228,52.545739443924475,40.7379575067076,40.7379575067076,38.01605738805049,38.14504375418242,45.603635974768274,45.603635974768274,45.86162244383568,45.786156966187924,11.208709962875643,14.438943521136828,15.631218089752174,11.469266576967787,11.603492895886479,11.603492895886479,28.84252806996454,24.841631254402227,1.0,1.0,1000.0,4.238776579919467,9.692227710259628,4.5291471686173725,4.238776579919467,4.557219280798293,11.459616323575517,11.900896755090432,2.9018261158610192,6.082771375127199,3.2492401289889363,41.27409542575311,43.29230847484039,43.19578459669796,44.713849461243996,43.77492883806888,45.214024634024746,29.91120751759165,46.24948052397819,46.71456059750862,20.786449953980203,15.8031731484513,24.734591246781516,20.7776764274573,28.23536726079474,35.88648289443074,15.987410939685546,15.847039267797626,21.671359273318636,22.057285251540538,22.057285251540538,17.42610509296661,21.645046100693918,7.214444979866329,7.96889900134577,17.119162554035917,11.618406939061735,14.417010674712525,6.328405198660214
6.490613153810264,4.12210469334865,49.30696295812586,37.499180981646774,37.499180981646774,34.777280855428074,34.90626722190572,42.36485946461511,42.36485946461511,42.6228459345227,42.54738045662867,7.969933385651669,11.20016694640938,12.392441516145677,8.230489999915907,8.36471631892526,8.36471631892526,25.603751515971418,21.602854693077365,4.238776579919467,4.238776579919467,4.238776579919467,1000.0,12.931004286246464,1.2903705887367398,1.0,1.3184427009217532,8.220839746517171,8.662120178334948,6.140602695409887,2.843994795562887,1.9895364510148812,38.035318902247504,40.05353195738336,39.95700807894466,41.47507294823146,40.536152322103725,41.9752481226122,26.672430965761396,43.01070401593779,43.47578409100911,17.54767338645789,12.564396575015342,21.4958146852771,17.53889985992293,24.996590705611187,32.6477063562816,12.748634366434793,12.608262694405532,24.91013583448374,25.29606181204675,25.29606181204675,20.664881660632037,24.883822661903537,3.975668400647539,4.730122422411222,13.88038598197918,8.379630362110671,11.178234099965465,3.0896286191626543
7.440391137376529,9.808899596739636,61.237966838994126,49.43018502148655,49.43018502148655,46.70828492642822,46.837271291475666,54.29586344363,54.29586344363,54.55384991012921,54.4783844332341,19.900937653505363,23.131171201144113,24.32344576530335,20.161494266819265,20.29572058533166,20.29572058533166,37.53475567683577,33.53385888580838,9.692227710259628,9.692227710259628,9.692227710259628,12.931004286246464,1000.0,13.221374874487568,12.931004286246464,13.24944698662342,20.15184401345606,20.59312444362235,7.790401595713256,14.774999078261994,11.941467836743843,49.96632293570715,51.984535966110656,51.888012088880544,53.40607693886007,52.46715632474927,53.90625210673942,38.603435117360505,54.941707986385424,55.40678805521573,29.478677606942988,24.49540082333599,33.42681887879951,29.469904080463117,36.92759487159805,44.5787104502269,24.679638613849473,24.539266942511333,12.979131588292121,13.365057567813762,13.365057567813762,8.73387739564925,12.952818415579893,15.906672680699694,16.661126700500205,25.811390223621142,20.310634628461543,23.109238354799075,15.0206329013176
6.780983742439148,4.412475282049193,49.016592377248244,37.2088103973907,37.2088103973907,34.48691027052672,34.61589663703381,42.074488881637244,42.074488881637244,42.33247535161707,42.25700987370186,7.67956279707302,10.909796358015827,12.102070927838321,7.940119411349565,8.074345730365435,8.074345730365435,25.313380929264078,21.312484105760678,4.5291471686173725,4.5291471686173725,4.5291471686173725,1.2903705887367398,13.221374874487568,1000.0,1.2903705887367398,1.0280721121850438,7.930469157950364,8.371749589790003,6.430973284051763,2.5536242068358783,2.279907039747318,37.74494831812444,39.76316137377839,39.66663749531429,41.184702365007894,40.245781738626704,41.6848775395261,26.38206037923515,42.72033343314161,43.18541350834549,17.257302798634193,12.274025986721213,21.2054440979456,17.248529272098263,24.7062201188044,32.357335770910296,12.458263778155061,12.317892106114812,25.20050642125238,25.58643239875169,25.58643239875169,20.95525224803436,25.174193248676474,3.6852978119379376,4.439751833718058,13.590015393792928,8.089259773551579,10.887863511570414,2.7992580304386854
6.490613153810264,4.12210469334865,49.30696295812586,37.499180981646774,37.499180981646774,34.777280855428074,34.90626722190572,42.36485946461511,42.36485946461511,42.6228459345227,42.54738045662867,7.969933385651669,11.20016694640938,12.392441516145677,8.230489999915907,8.36471631892526,8.36471631892526,25.603751515971418,21.602854693077365,4.238776579919467,4.238776579919467,4.238776579919467,1.0,12.931004286246464,1.2903705887367398,1000.0,1.3184427009217532,8.220839746517171,8.662120178334948,6.140602695409887,2.843994795562887,1.9895364510148812,38.035318902247504,40.05353195738336,39.95700807894466,41.47507294823146,40.536152322103725,41.9752481226122,26.672430965761396,43.01070401593779,43.47578409100911,17.54767338645789,12.564396575015342,21.4958146852771,17.53889985992293,24.996590705611187,32.6477063562816,12.748634366434793,12.608262694405532,24.91013583448374,25.29606181204675,25.29606181204675,20.664881660632037,24.883822661903537,3.975668400647539,4.730122422411222,13.88038598197918,8.379630362110671,11.178234099965465,3.0896286191626543
6.8090558546131605,4.44054739423038,48.98852026581798,37.18073828563505,37.18073828563505,34.45883815870897,34.5878245252189,42.046416770004654,42.046416770004654,42.30440323999144,42.228937762074196,7.651490684902561,10.881724245862923,12.073998815693631,7.912047299180268,8.046273618196754,8.046273618196754,25.285308817272686,21.284411993710798,4.557219280798293,4.557219280798293,4.557219280798293,1.3184427009217532,13.24944698662342,1.0280721121850438,1.3184427009217532,1000.0,7.902397045781023,8.343677477622727,6.4590453962270695,2.525552094651613,2.307979151931812,37.7168762063816,39.73508926208541,39.63856538361886,41.15663025335165,40.217709626946046,41.65680542788309,26.353988267261162,42.69226132152651,43.157341396743156,17.229230686535722,12.245953874577786,21.177371985894297,17.220457159999693,24.678148006803458,32.32926365904733,12.430191666013002,12.289819993971705,25.22857853324462,25.614504510737735,25.614504510737735,20.983324360088307,25.202265360669138,3.657225699755237,4.411679721536869,13.561943281659785,8.061187661382968,10.859791399417366,2.7711859182546883
13.711452894432114,11.342944437138549,42.08612337877663,30.278341325193487,30.278341325193487,27.556441184520796,27.6854275516553,35.144019837100096,35.144019837100096,35.40200630865299,35.32654083027652,1.2509063610131226,3.979327202457016,5.171601773639213,1.009650253404627,1.1438765724975302,1.1438765724975302,18.38291180552207,14.382014969816328,11.459616323575517,11.459616323575517,11.459616323575517,8.220839746517171,20.15184401345606,7.930469157950364,8.220839746517171,7.902397045781023,1000.0,1.441280432103174,13.361442436559626,6.376844951791445,9.21037619684596,30.814479248787976,32.83269231562626,32.7361684366123,34.254233315127536,33.315312683246376,34.75440849263361,19.451591259190128,35.78986439256267,36.25494447065855,10.326833652961989,5.343556832737196,14.274974961710315,10.318060126407891,17.77575099304416,25.426866674933777,5.527794624406802,5.387422952186428,32.13097551806604,32.51690149381912,32.51690149381912,27.885721362457012,32.10466234560832,5.24517134693617,4.4907173252052495,6.6595462416134605,1.1587906156924133,3.9573943559887463,6.131211128259844
14.1527333256726,11.784224868666259,41.64484295526552,29.837060897437105,29.837060897437105,27.115160755988676,27.24414712315822,34.70273941091986,34.70273941091986,34.9607258825631,34.88526040416016,1.6921867931154009,3.5380467703928273,4.730321341616262,1.4316301786985686,1.2974038596058646,1.2974038596058646,17.94163137493603,13.940734538605472,11.900896755090432,11.900896755090432,11.900896755090432,8.662120178334948,20.59312444362235,8.371749589790003,8.662120178334948,8.343677477622727,1.441280432103174,1000.0,13.80272286784621,6.818125383733263,9.651656628582696,30.373198821193355,32.39141188866702,32.29488800962173,33.81295288864092,32.874032256445275,34.31312806631824,19.01031082879885,35.34858396660992,35.81366404487224,9.885553221285937,4.9022764007214015,13.833694530485001,9.876779694731017,17.334470562352703,24.98558624584778,5.086514192399014,4.946142520172508,32.57225594509269,32.95818192071992,32.95818192071992,28.327001790766317,32.54594277264351,5.6864517789367355,4.931997757237637,6.218265809662524,1.2824898164109921,3.5161139239239363,6.572491560215537
1.3500104585160153,3.0184980024403987,54.44756549861913,42.639783585808324,42.639783585808324,39.917883471902876,40.04686983781701,47.5054620445584,47.5054620445584,47.7634485131029,47.68798303560843,13.110536075985722,16.340769632411316,17.533044200232005,13.371092689946998,13.505319008797095,13.505319008797095,30.744354167415604,26.743457356616318,2.9018261158610192,2.9018261158610192,2.9018261158610192,6.140602695409887,7.790401595713256,6.430973284051763,6.140602695409887,6.4590453962270695,13.361442436559626,13.80272286784621,1000.0,7.984597490198072,5.1510662446421165,43.17592150387925,45.194134549183836,45.09761067122642,46.615675532814954,45.676754911481076,47.115850704598955,31.813033613650354,48.15130659245378,48.61638666502618,22.688276060297472,17.70499925881131,26.63641734911328,22.679502533782667,30.137193359014283,37.78830898177213,17.889237049915717,17.74886537812686,19.76953316610495,20.1554591446696,20.1554591446696,15.524278982421656,19.743219993457107,9.116271094604818,9.870725115831021,19.02098866343546,13.520233051964674,16.318836786001036,8.23023131366378
8.33460794850422,5.966099488577037,47.462968210853425,35.655186213315204,35.655186213315204,32.93328608308981,33.06227244975016,40.52086470423765,40.52086470423765,40.778851174595324,40.70338569656934,6.125938590859156,9.356172152684048,10.548446722927812,6.386495205192806,6.520721524239057,6.520721524239057,23.759756732471697,19.758859905842055,6.082771375127199,6.082771375127199,6.082771375127199,2.843994795562887,14.774999078261994,2.5536242068358783,2.843994795562887,2.525552094651613,6.376844951791445,6.818125383733263,7.984597490198072,1000.0,3.8335312465172837,36.191324134742615,38.20953719310093,38.113013314504144,39.631078186323606,38.69215755861775,40.13125336156046,24.828436183375924,41.16670925669243,41.63178933259005,15.703678596138747,10.72040178187572,19.651819897951306,15.694905069597883,23.152595921500268,30.803711581030228,10.904639573380411,10.764267901286074,26.754130616746934,27.14005659389248,27.14005659389248,22.508876447061706,26.72781744419496,2.1316736051572773,2.8861276270000635,12.036391189480508,6.535635567428614,9.334239306231368,1.245633823610838
5.501076703081577,3.1325682424108634,50.29649938164231,38.488717416851394,38.488717416851394,35.76681729287209,35.89580365924747,43.35439589539175,43.35439589539175,43.61238236504936,43.536916887228614,8.95946983602453,12.18970339610361,13.381977965528476,9.220026450242973,9.354252769228122,9.354252769228122,26.593287959705854,22.59239113894766,3.2492401289889363,3.2492401289889363,3.2492401289889363,1.9895364510148812,11.941467836743843,2.279907039747318,1.9895364510148812,2.307979151931812,9.21037619684596,9.651656628582696,5.1510662446421165,3.8335312465172837,1000.0,39.024855336990925,41.04306839033134,40.946544511980655,42.46460937985854,41.52568875460845,42.96478455376347,27.66196740886285,44.000240446085755,44.4653205206984,18.537209834116062,13.553933024350515,22.485351131199465,18.52843630758456,25.98612714969352,33.63724279535873,13.738170815718176,13.597799143728448,23.920599389821554,24.306525367595928,24.306525367595928,19.675345213873257,23.89428621722707,4.965204851525842,5.71965887322233,14.869922430927238,9.369166812410818,12.167770549665114,4.079165070103053
43.5259319550614,41.157423541372395,12.271644290724442,1.5361379290461168,1.5361379290461168,4.25803809432051,4.129051726136183,5.329540639639294,5.329540639639294,5.587527114660828,5.512061635264958,31.065385607177085,27.835152074136705,26.64287751234973,30.804828995483394,30.67060267777533,30.67060267777533,13.431567518363739,17.43246435540727,41.27409542575311,41.27409542575311,41.27409542575311,38.035318902247504,49.96632293570715,37.74494831812444,38.035318902247504,37.7168762063816,30.814479248787976,30.373198821193355,43.17592150387925,36.191324134742615,39.024855336990925,1000.0,3.018213089147527,2.9216892090023006,4.439754106057418,3.5008334625209026,4.939929290021915,12.362888062455772,5.975385203872065,6.440465288462441,21.48764566226019,26.470922454525095,17.539504363396244,21.49641918878024,14.038728331760735,6.3876126195714455,26.28668466419694,26.427056335397396,61.945454105802774,62.33138006910921,62.33138006910921,57.700200080227,61.91914093418989,35.05965054541872,34.30519653354601,25.154933054712178,30.655688634733554,27.85708492042287,35.94569031465804
45.54414499965119,43.175636590686175,10.253431204023284,3.554351018161502,3.554351018161502,6.276251183064529,6.147264814905656,3.3113275507265665,3.3113275507265665,3.5693140257898572,3.493848546381449,33.08359867365,29.853365145086563,28.661090584827722,32.823042062335674,32.688815744821795,32.688815744821795,15.449780603292666,19.450677437433008,43.29230847484039,43.29230847484039,43.29230847484039,40.05353195738336,51.984535966110656,39.76316137377839,40.05353195738336,39.73508926208541,32.83269231562626,32.39141188866702,45.194134549183836,38.20953719310093,41.04306839033134,3.018213089147527,1000.0,1.0965238801495791,2.421541017024627,1.4826203734016983,2.9217162010520448,14.381101148032734,3.9571721150697465,4.422252199751746,23.50585874057454,28.489135527217947,19.557717445333957,23.514632267085723,16.056941416297555,8.405825707782302,28.304897737118452,28.445269408144842,63.96366710459861,64.3495930667737,64.3495930667737,59.71841309100168,63.93735393306261,37.07786360567518,36.32340959503433,27.173146129003253,32.673901701801526,29.875297991343988,37.963903373433496
45.44762112172872,43.07911271253265,10.34995508407582,3.457827138018969,3.457827138018969,6.179727302945629,6.050740934785259,3.4078514308699015,3.4078514308699015,3.665837905931751,3.5903724265237793,32.98707479465406,29.75684126586954,28.56456670553504,32.72651818332102,32.59229186579756,32.59229186579756,15.35325672337601,19.354153557663825,43.19578459669796,43.19578459669796,43.19578459669796,39.95700807894466,51.888012088880544,39.66663749531429,39.95700807894466,39.63856538361886,32.7361684366123,32.29488800962173,45.09761067122642,38.113013314504144,40.946544511980655,2.9216892090023006,1.0965238801495791,1000.0,2.5180648971717847,1.5791442535509637,3.018240081197272,14.28457726808278,4.053695995209194,4.5187760798878145,23.409334860991613,28.392611647914624,19.46119356556922,23.418108387503242,15.960417536400962,8.30930182769349,28.2083738578038,28.34874552883881,63.86714322890602,64.25306919113609,64.25306919113609,59.621889214727034,63.84083005736629,36.98133972698517,36.226885716283775,27.07662224962065,32.577377822776256,29.778774112128396,37.86737949481622
46.96568598275895,44.597177577255934,8.831890188195711,4.9758920350182745,4.9758920350182745,7.697792199504988,7.568805831371374,1.889786533735922,1.889786533735922,2.147773008813958,2.072307529401008,34.50513967287966,31.274906147653223,30.08263158853851,34.24458306184735,34.11035674447787,34.11035674447787,16.87132161652442,20.872218448392427,44.713849461243996,44.713849461243996,44.713849461243996,41.47507294823146,53.40607693886007,41.184702365007894,41.47507294823146,41.15663025335165,34.254233315127536,33.81295288864092,46.615675532814954,39.631078186323606,42.46460937985854,4.439754106057418,2.421541017024627,2.5180648971717847,1000.0,1.938920643630417,1.5001751840433006,15.802642161781684,2.5356310981201533,3.000711182840249,24.927399748689282,29.910676531089848,20.9792584562253,24.936173275193724,17.47848242921861,9.827366723726152,29.7264387411619,29.866810412057685,65.38520805440396,65.77113401576027,65.77113401576027,61.13995404948574,65.3588948829236,38.499404600299165,37.74495059056886,28.594687134075695,34.095442701473615,31.29683899388916,39.38544436696394
