1000.0,63.254510532409455,70.08278100042233,70.02751752425335,4.554316072130166,4.8518215038942545,4.8518215038942545,6.690373854216839,4.8518215038942545,6.690373854216839,3.8882756618980125,8.605251577802544,8.605251577802544,8.605251577802544,8.605251577802544,8.605251577802544,73.12399380735917,73.38188428847653,65.05459483646118,67.67923874120598,34.2807524253408,31.075514193749527,81.92884971508997,9.339778561404419,9.401208365984138,11.326580643781735,45.83235366555244,49.620683551554585,49.620683551554585,45.5524800332473,13.251049576866626,60.402576405759184,62.95537153014074,64.30631691727794,6.055000905040017,4.168172410223734,2.281319138302094,6.555225699727507,2.281319138302094,4.615747922659764,10.93431226788959,3.1062719892336337,9.715028510611019,2.5709479599092813,3.325711188432498,9.346406327194833,65.70111083783605,66.88535919641245,65.75374430552878,59.44636311720018,26.46626855228084,27.800007984664404,63.52557730147692,8.57405815209664,3.615330689091509,4.624523899166379,39.89961782078729,23.904050167091427,45.69022355051717,35.65302527927863
63.254510532409455,1000.0,7.828270810663179,7.77300733144814,59.70019461130423,59.40268919135441,59.40268919135441,57.56413691120797,59.40268919135441,57.56413691120797,66.1427860581603,55.649259255522594,55.649259255522594,55.649259255522594,55.649259255522594,55.649259255522594,10.869483792098054,11.127374288633316,2.800084387784855,5.424728423081742,29.973758806169517,33.17899704020113,19.67434028116321,54.91473229656124,54.85330249400693,52.92793027692791,18.42215743349127,14.633827461844714,14.633827461844714,18.702031071296286,51.003461399180075,3.851934249646394,1.2991390157260216,2.051806433221091,58.19950983668495,60.08633825768594,61.97319145065266,57.69928506070501,61.97319145065266,59.63876276322462,53.32019864088394,61.148238634873195,71.96953859560668,64.82545841975995,65.58022161215635,71.60091643333209,3.4466004203858573,4.630848837740533,3.499233890647582,4.808147576792316,37.78824265907457,36.4545032363943,1.2710667813744805,70.82856830189567,65.86984109873458,59.629986787067566,24.354893370485296,40.350461018393844,18.5642875513338,28.601485946632096
70.08278100042233,7.828270810663179,1000.0,1.0552634792449707,66.52846511544502,66.2309596984285,66.2309596984285,64.39240743609864,66.2309596984285,64.39240743609864,72.97105649534298,62.4775297984003,62.4775297984003,62.4775297984003,62.4775297984003,62.4775297984003,4.041212983835462,4.2991034806423745,6.028186423601918,3.40354238843177,36.802029534039974,40.00726775069754,12.846069488201085,61.743002846184446,61.6815730441904,59.756200844368465,25.250428210412682,21.462098250223445,21.462098250223445,25.530301847280516,57.83173198328251,10.68020505810306,8.127409826218772,6.776464377927792,65.02778035547904,66.91460875799858,68.80146193192004,64.52755558430424,68.80146193192004,66.46703326797224,60.14846920485625,67.97650912453668,78.79780896657813,71.65372887116784,72.40849205544747,78.42918680865134,5.381670391134375,4.197421973850843,5.329036920880576,11.636418384218292,44.61651334172327,43.28277392744822,7.557204029430785,77.65683868625484,72.69811153888722,66.45825729190183,31.183164124868735,47.178731684102516,25.39255832778084,35.4297566814414
70.02751752425335,7.77300733144814,1.0552634792449707,1000.0,66.47320163896806,66.17569622192649,66.17569622192649,64.3371439594444,66.17569622192649,64.3371439594444,72.9157930194362,62.4222663215921,62.4222663215921,62.4222663215921,62.4222663215921,62.4222663215921,4.096476463074334,4.3543669598801795,5.972922944373131,3.3482789091904537,36.74676605562201,39.95200427243424,12.901332967354723,61.687739369318436,61.626309567319566,59.70093736734953,25.195164731547102,21.406834771248523,21.406834771248523,25.475038368423743,57.77646850612029,10.62494157891838,8.072146347006424,6.72120089870421,64.97251687887689,66.85934528155431,68.74619845563817,64.47229210766102,68.74619845563817,66.41176979149013,60.09320572786708,67.92124564818324,78.74254549123275,71.59846539514012,72.3532285794888,78.37392333326916,5.326406911901675,4.142158494612376,5.273773441647579,11.581154905046146,44.56124986370556,43.22751044935662,7.501940550213407,77.60157521079611,72.6428480629552,66.40299381541895,31.127900646211565,47.12346820623313,25.33729484891971,35.374493202961254
4.554316072130166,59.70019461130423,66.52846511544502,66.47320163896806,1000.0,1.2975054318113002,1.2975054318113002,3.1360577825874913,1.2975054318113002,3.1360577825874913,7.44259173326183,5.050935506941898,5.050935506941898,5.050935506941898,5.050935506941898,5.050935506941898,69.56967793972225,69.82756842234551,61.5002789245034,64.12492284306904,30.726436394033357,27.521198154527088,78.37453390200326,5.785462490918871,5.846892295531976,7.772264574533766,42.27803766983131,46.06636756991339,46.06636756991339,41.9981640365332,9.696733509127904,56.848260470713115,59.4010556075415,60.75200100148494,2.5006848332224036,1.3861436619568306,3.272996933948043,3.0009096280553256,3.272996933948043,1.06143185053875,7.3799961983714795,2.4480440830221752,13.26934457833887,6.1252640317078315,6.880027259999448,12.90072239523548,62.14679492922949,63.331043294034636,62.199428397196606,55.89204717763134,22.911952503166734,24.245691938231857,59.97126138173193,12.12837422075642,7.169646760557137,1.070207827046697,36.34530180540811,20.34973411323858,42.13590755429096,32.09870925161992
4.8518215038942545,59.40268919135441,66.2309596984285,66.17569622192649,1.2975054318113002,1000.0,1.0,2.8385523507897377,1.0,2.8385523507897377,7.740097164923411,4.7534300751830525,4.7534300751830525,4.7534300751830525,4.7534300751830525,4.7534300751830525,69.2721725241168,69.53006300686265,61.20277350529535,63.827417424982976,30.428930965244177,27.22369272511797,78.07702849084684,5.487957059181665,5.54938686379675,7.474759142873761,41.98053224386736,45.76886214507765,45.76886214507765,41.70065861048986,9.39922807756866,56.55075504963429,59.10355018747059,60.45449558196579,2.203179401417332,1.6836490937672202,3.570502365739194,2.703404196255782,3.570502365739194,1.2360735812726003,7.08249076669407,2.7455495148247575,13.56685000961872,6.422769463423296,7.177532691685505,13.198227826546402,61.84928951029334,63.03353787560412,61.90192297828273,55.59454175618666,22.614447072990888,23.948186508262747,59.67375596189235,12.42587965212943,7.467152192230865,1.2272976047646582,36.047796377877546,20.052228682700118,41.83840212828663,31.80120382311792
4.8518215038942545,59.40268919135441,66.2309596984285,66.17569622192649,1.2975054318113002,1.0,1000.0,2.8385523507897377,1.0,2.8385523507897377,7.740097164923411,4.7534300751830525,4.7534300751830525,4.7534300751830525,4.7534300751830525,4.7534300751830525,69.2721725241168,69.53006300686265,61.20277350529535,63.827417424982976,30.428930965244177,27.22369272511797,78.07702849084684,5.487957059181665,5.54938686379675,7.474759142873761,41.98053224386736,45.76886214507765,45.76886214507765,41.70065861048986,9.39922807756866,56.55075504963429,59.10355018747059,60.45449558196579,2.203179401417332,1.6836490937672202,3.570502365739194,2.703404196255782,3.570502365739194,1.2360735812726003,7.08249076669407,2.7455495148247575,13.56685000961872,6.422769463423296,7.177532691685505,13.198227826546402,61.84928951029334,63.03353787560412,61.90192297828273,55.59454175618666,22.614447072990888,23.948186508262747,59.67375596189235,12.42587965212943,7.467152192230865,1.2272976047646582,36.047796377877546,20.052228682700118,41.83840212828663,31.80120382311792
6.690373854216839,57.56413691120797,64.39240743609864,64.3371439594444,3.1360577825874913,2.8385523507897377,2.8385523507897377,1000.0,2.8385523507897377,1.0,9.57864951448098,2.914877724546563,2.914877724546563,2.914877724546563,2.914877724546563,2.914877724546563,67.43362027036855,67.69151075386044,59.36422122965092,61.98886515615275,28.590378631790763,25.3851403879794,76.23847626419227,3.6494047086454646,3.7108345132699805,5.636206792724168,40.14197992734756,43.93030983535755,43.93030983535755,39.86210629349214,7.560675727954159,54.7122027626406,57.264997906589514,58.61594330443299,1.635372949388704,3.522201444520201,5.40905471628736,1.135148154538864,5.40905471628736,3.0746259320518976,5.243938416454803,4.58410186548114,15.405402356551878,8.261321813373861,9.016085041419943,15.036780173688415,60.01073723629991,61.194985604681506,60.06337070442448,53.7559894669755,20.77589473132386,22.10963416781261,57.83520368241496,14.264431999690267,9.30570454187593,3.0658499555443863,34.2092440519463,18.213676338908854,39.9998498115237,29.96265149137678
4.8518215038942545,59.40268919135441,66.2309596984285,66.17569622192649,1.2975054318113002,1.0,1.0,2.8385523507897377,1000.0,2.8385523507897377,7.740097164923411,4.7534300751830525,4.7534300751830525,4.7534300751830525,4.7534300751830525,4.7534300751830525,69.2721725241168,69.53006300686265,61.20277350529535,63.827417424982976,30.428930965244177,27.22369272511797,78.07702849084684,5.487957059181665,5.54938686379675,7.474759142873761,41.98053224386736,45.76886214507765,45.76886214507765,41.70065861048986,9.39922807756866,56.55075504963429,59.10355018747059,60.45449558196579,2.203179401417332,1.6836490937672202,3.570502365739194,2.703404196255782,3.570502365739194,1.2360735812726003,7.08249076669407,2.7455495148247575,13.56685000961872,6.422769463423296,7.177532691685505,13.198227826546402,61.84928951029334,63.03353787560412,61.90192297828273,55.59454175618666,22.614447072990888,23.948186508262747,59.67375596189235,12.42587965212943,7.467152192230865,1.2272976047646582,36.047796377877546,20.052228682700118,41.83840212828663,31.80120382311792
6.690373854216839,57.56413691120797,64.39240743609864,64.3371439594444,3.1360577825874913,2.8385523507897377,2.8385523507897377,1.0,2.8385523507897377,1000.0,9.57864951448098,2.914877724546563,2.914877724546563,2.914877724546563,2.914877724546563,2.914877724546563,67.43362027036855,67.69151075386044,59.36422122965092,61.98886515615275,28.590378631790763,25.3851403879794,76.23847626419227,3.6494047086454646,3.7108345132699805,5.636206792724168,40.14197992734756,43.93030983535755,43.93030983535755,39.86210629349214,7.560675727954159,54.7122027626406,57.264997906589514,58.61594330443299,1.635372949388704,3.522201444520201,5.40905471628736,1.135148154538864,5.40905471628736,3.0746259320518976,5.243938416454803,4.58410186548114,15.405402356551878,8.261321813373861,9.016085041419943,15.036780173688415,60.01073723629991,61.194985604681506,60.06337070442448,53.7559894669755,20.77589473132386,22.10963416781261,57.83520368241496,14.264431999690267,9.30570454187593,3.0658499555443863,34.2092440519463,18.213676338908854,39.9998498115237,29.96265149137678
3.8882756618980125,66.1427860581603,72.97105649534298,72.9157930194362,7.44259173326183,7.740097164923411,7.740097164923411,9.57864951448098,7.740097164923411,9.57864951448098,1000.0,11.493527237029166,11.493527237029166,11.493527237029166,11.493527237029166,11.493527237029166,76.01226928753309,76.27015976737114,67.94287035439055,70.56751424733851,37.16902804689015,33.96378982242178,84.81712514903738,12.228054220167854,12.289484024707196,14.214856301111128,48.72062925569334,52.50895912943717,52.50895912943717,48.440755624255424,16.139325232554654,63.29085194345339,65.8436470571701,67.19459243848523,8.943276565594138,7.056448071479611,5.169594800021332,9.443501360055592,5.169594800021332,7.504023583770749,13.82258792552308,5.9945476507796105,6.826752850411325,2.3173277020579692,1.5625644735092865,6.458130666820437,68.5893863529028,69.77363470616233,68.64201982036128,62.33463865877577,29.354544189984964,30.688283619901892,66.41385282606397,5.685782491385655,1.2729449728303857,7.512799560274386,42.78789342818167,26.79232580919875,48.578499141099144,38.541300897567105
8.605251577802544,55.649259255522594,62.4775297984003,62.4222663215921,5.050935506941898,4.7534300751830525,4.7534300751830525,2.914877724546563,4.7534300751830525,2.914877724546563,11.493527237029166,1000.0,1.0,1.0,1.0,1.0,65.51874264135459,65.776633125602,57.44934357850441,60.07398751188453,26.67550092300048,23.470262675618134,74.32359866266285,1.7345269841421276,1.7959567887713455,3.721329068457881,38.227102235231,42.01543215000721,42.01543215000721,37.94722860090117,5.645798004084765,52.79732510006143,55.350120250163954,56.701065651382066,3.550250673899282,5.437079168818249,7.323932440214815,3.050025879079274,7.323932440214815,4.98950365641466,3.3290606921278156,6.498979589590062,17.320280075881033,10.176199536441155,10.930962764199233,16.951657893265804,58.095859586819024,59.280107958300235,58.148493055080024,51.841111802166516,18.86101701463034,20.194756452275325,55.920326027403775,16.179309719768252,11.220582264537995,4.980727679908329,32.294366350522125,16.29879862021649,38.08497211916578,28.047773784255455
8.605251577802544,55.649259255522594,62.4775297984003,62.4222663215921,5.050935506941898,4.7534300751830525,4.7534300751830525,2.914877724546563,4.7534300751830525,2.914877724546563,11.493527237029166,1.0,1000.0,1.0,1.0,1.0,65.51874264135459,65.776633125602,57.44934357850441,60.07398751188453,26.67550092300048,23.470262675618134,74.32359866266285,1.7345269841421276,1.7959567887713455,3.721329068457881,38.227102235231,42.01543215000721,42.01543215000721,37.94722860090117,5.645798004084765,52.79732510006143,55.350120250163954,56.701065651382066,3.550250673899282,5.437079168818249,7.323932440214815,3.050025879079274,7.323932440214815,4.98950365641466,3.3290606921278156,6.498979589590062,17.320280075881033,10.176199536441155,10.930962764199233,16.951657893265804,58.095859586819024,59.280107958300235,58.148493055080024,51.841111802166516,18.86101701463034,20.194756452275325,55.920326027403775,16.179309719768252,11.220582264537995,4.980727679908329,32.294366350522125,16.29879862021649,38.08497211916578,28.047773784255455
8.605251577802544,55.649259255522594,62.4775297984003,62.4222663215921,5.050935506941898,4.7534300751830525,4.7534300751830525,2.914877724546563,4.7534300751830525,2.914877724546563,11.493527237029166,1.0,1.0,1000.0,1.0,1.0,65.51874264135459,65.776633125602,57.44934357850441,60.07398751188453,26.67550092300048,23.470262675618134,74.32359866266285,1.7345269841421276,1.7959567887713455,3.721329068457881,38.227102235231,42.01543215000721,42.01543215000721,37.94722860090117,5.645798004084765,52.79732510006143,55.350120250163954,56.701065651382066,3.550250673899282,5.437079168818249,7.323932440214815,3.050025879079274,7.323932440214815,4.98950365641466,3.3290606921278156,6.498979589590062,17.320280075881033,10.176199536441155,10.930962764199233,16.951657893265804,58.095859586819024,59.280107958300235,58.148493055080024,51.841111802166516,18.86101701463034,20.194756452275325,55.920326027403775,16.179309719768252,11.220582264537995,4.980727679908329,32.294366350522125,16.29879862021649,38.08497211916578,28.047773784255455
8.605251577802544,55.649259255522594,62.4775297984003,62.4222663215921,5.050935506941898,4.7534300751830525,4.7534300751830525,2.914877724546563,4.7534300751830525,2.914877724546563,11.493527237029166,1.0,1.0,1.0,1000.0,1.0,65.51874264135459,65.776633125602,57.44934357850441,60.07398751188453,26.67550092300048,23.470262675618134,74.32359866266285,1.7345269841421276,1.7959567887713455,3.721329068457881,38.227102235231,42.01543215000721,42.01543215000721,37.94722860090117,5.645798004084765,52.79732510006143,55.350120250163954,56.701065651382066,3.550250673899282,5.437079168818249,7.323932440214815,3.050025879079274,7.323932440214815,4.98950365641466,3.3290606921278156,6.498979589590062,17.320280075881033,10.176199536441155,10.930962764199233,16.951657893265804,58.095859586819024,59.280107958300235,58.148493055080024,51.841111802166516,18.86101701463034,20.194756452275325,55.920326027403775,16.179309719768252,11.220582264537995,4.980727679908329,32.294366350522125,16.29879862021649,38.08497211916578,28.047773784255455
8.605251577802544,55.649259255522594,62.4775297984003,62.4222663215921,5.050935506941898,4.7534300751830525,4.7534300751830525,2.914877724546563,4.7534300751830525,2.914877724546563,11.493527237029166,1.0,1.0,1.0,1.0,1000.0,65.51874264135459,65.776633125602,57.44934357850441,60.07398751188453,26.67550092300048,23.470262675618134,74.32359866266285,1.7345269841421276,1.7959567887713455,3.721329068457881,38.227102235231,42.01543215000721,42.01543215000721,37.94722860090117,5.645798004084765,52.79732510006143,55.350120250163954,56.701065651382066,3.550250673899282,5.437079168818249,7.323932440214815,3.050025879079274,7.323932440214815,4.98950365641466,3.3290606921278156,6.498979589590062,17.320280075881033,10.176199536441155,10.930962764199233,16.951657893265804,58.095859586819024,59.280107958300235,58.148493055080024,51.841111802166516,18.86101701463034,20.194756452275325,55.920326027403775,16.179309719768252,11.220582264537995,4.980727679908329,32.294366350522125,16.29879862021649,38.08497211916578,28.047773784255455
73.12399380735917,10.869483792098054,4.041212983835462,4.096476463074334,69.56967793972225,69.2721725241168,69.2721725241168,67.43362027036855,69.2721725241168,67.43362027036855,76.01226928753309,65.51874264135459,65.51874264135459,65.51874264135459,65.51874264135459,65.51874264135459,1000.0,1.2578904968372362,9.069399405991916,6.444755371800954,39.84324246841398,43.04848067620655,9.80485650808474,64.78421569240133,64.72278589067841,62.79741369921941,28.29164117069443,24.50331121693996,24.50331121693996,28.57151480704645,60.87294484623099,13.721418037552542,11.168622807472572,9.817677359948771,68.06899318681023,69.95582158043507,71.84267474521067,67.56876841795145,71.84267474521067,69.50824609254137,63.18968205802458,71.01772194185689,81.83902172723023,74.69494167015675,75.44970485055596,81.47039957136946,8.42288337381111,7.238634956975606,8.37024990357934,14.677631362872548,47.65772625320886,46.32398684314625,10.598417011024239,80.6980514532708,75.73932433249605,69.49947011651265,34.22437707302664,50.21994458714246,28.43377128780133,38.470969619388306
73.38188428847653,11.127374288633316,4.2991034806423745,4.3543669598801795,69.82756842234551,69.53006300686265,69.53006300686265,67.69151075386044,69.53006300686265,67.69151075386044,76.27015976737114,65.776633125602,65.776633125602,65.776633125602,65.776633125602,65.776633125602,1.2578904968372362,1000.0,9.327289902626122,6.702645868544363,40.10113296066966,43.306371167678535,9.546966011475087,65.0421061769327,64.9806763752334,63.05530418450278,28.549531665262226,24.76120171209119,24.76120171209119,28.829405301567718,61.130835332220215,13.97930853389101,11.426513303989498,10.075567856544222,68.32688367004658,70.21371206289838,72.10056522687961,67.82665890138918,72.10056522687961,69.76613657518998,63.44757254316135,71.27561242387571,82.0969122043358,74.95283215058447,75.7075953306471,81.7282900486539,8.680773870476076,7.496525453690372,8.628140400246702,14.935521859134047,47.91561674344571,46.58187733375362,10.856307507575652,80.95594193092738,75.99721481245713,69.75736059916484,34.4822675665072,50.4778350766376,28.691661782345555,38.72886011196064
65.05459483646118,2.800084387784855,6.028186423601918,5.972922944373131,61.5002789245034,61.20277350529535,61.20277350529535,59.36422122965092,61.20277350529535,59.36422122965092,67.94287035439055,57.44934357850441,57.44934357850441,57.44934357850441,57.44934357850441,57.44934357850441,9.069399405991916,9.327289902626122,1000.0,3.6246440355416096,31.77384317519872,34.97908140498981,17.874255900023677,56.71481662124348,56.653386818830356,54.72801460609666,20.222241814227267,16.433911845199667,16.433911845199667,20.502115451814888,52.80354573253735,5.652018637151783,3.0992234034976467,1.7482779545803457,59.999594153588035,61.88642256991686,63.77327575806278,59.49936937882181,63.77327575806278,61.43884707657727,55.120282969179954,62.94832294440928,73.76962287499963,66.62554271960069,67.3803059099373,73.40100071383218,1.6465160326343309,2.8307644500957476,1.699149502899545,6.608231964127322,39.58832701701041,38.254587596404605,2.529017606419106,72.62865258469701,67.66992539571885,61.430071100442134,26.15497774590848,42.15054537213542,20.364371931959806,30.401570317345108
67.67923874120598,5.424728423081742,3.40354238843177,3.3482789091904537,64.12492284306904,63.827417424982976,63.827417424982976,61.98886515615275,63.827417424982976,61.98886515615275,70.56751424733851,60.07398751188453,60.07398751188453,60.07398751188453,60.07398751188453,60.07398751188453,6.444755371800954,6.702645868544363,3.6246440355416096,1000.0,34.3984871792096,37.60372540238196,15.249611871877319,59.3394605572028,59.27803075500389,57.35265854886772,22.846885836877906,19.05855587218394,19.05855587218394,23.126759474110475,55.428189681677146,8.276662671653469,5.723867438734577,4.372921990044405,62.62423807775824,64.51106648701821,66.39791966787854,62.12401330482976,66.39791966787854,64.06349099537503,57.74492691062515,65.57296685743704,76.39426674260551,69.25018661799204,70.00494980522276,76.0256445831024,2.978128002946578,1.7938795854905272,2.925494532683433,9.232875998250579,42.21297100378404,40.87923158638428,5.153661641765578,75.2532964574277,70.29456928980333,64.05471501927303,28.77962176000611,44.77518935244523,22.989015954430737,33.026214323997664
34.2807524253408,29.973758806169517,36.802029534039974,36.74676605562201,30.726436394033357,30.428930965244177,30.428930965244177,28.590378631790763,30.428930965244177,28.590378631790763,37.16902804689015,26.67550092300048,26.67550092300048,26.67550092300048,26.67550092300048,26.67550092300048,39.84324246841398,40.10113296066966,31.77384317519872,34.3984871792096,1000.0,4.205238268889801,48.64809878579736,25.940973944322685,25.87954414013591,23.954171873176566,12.5516014407485,16.33993141507734,16.33993141507734,12.271727802360262,22.02970294806317,27.121824581740096,29.67461979334738,31.0255652286984,29.225751575432902,31.112580051976693,32.999433302878515,28.725526785128924,32.999433302878515,30.665004544123644,24.34644024709282,32.17448046147499,42.99578079463533,35.85170036410205,36.60646358178793,42.62715861838176,32.42035920052702,33.604607603824576,32.47299267018418,26.165611261814828,8.814483950039815,7.4807445078660235,30.244825584860205,41.85481045795154,36.89608307817182,30.656228567705348,6.618865480055562,11.376702350172268,12.409471322616412,2.372272872341573
31.075514193749527,33.17899704020113,40.00726775069754,39.95200427243424,27.521198154527088,27.22369272511797,27.22369272511797,25.3851403879794,27.22369272511797,25.3851403879794,33.96378982242178,23.470262675618134,23.470262675618134,23.470262675618134,23.470262675618134,23.470262675618134,43.04848067620655,43.306371167678535,34.97908140498981,37.60372540238196,4.205238268889801,1000.0,51.85333696400448,22.7357356956429,22.674305891349427,20.748933621188456,15.756839703270934,19.54516967333879,19.54516967333879,15.476966065154892,18.82446469315054,30.32706282199251,32.87985802806014,34.23080346028176,26.02051333286665,27.907341813284855,29.794195068325724,25.520288541579884,29.794195068325724,27.45976630448882,21.141201995734626,28.969242225080016,39.79054258642127,32.64646213630812,33.40122535588362,39.42192040906475,35.625597428735745,36.80984582905346,35.67823089826271,29.370849504016448,5.609245682494034,4.2755062397683785,33.45006381826881,38.64957224635627,33.690844853003824,27.450990328052185,9.824103747093938,8.171464084058876,15.614709585277813,5.577511140996865
81.92884971508997,19.67434028116321,12.846069488201085,12.901332967354723,78.37453390200326,78.07702849084684,78.07702849084684,76.23847626419227,78.07702849084684,76.23847626419227,84.81712514903738,74.32359866266285,74.32359866266285,74.32359866266285,74.32359866266285,74.32359866266285,9.80485650808474,9.546966011475087,17.874255900023677,15.249611871877319,48.64809878579736,51.85333696400448,1000.0,73.58907172405358,73.52764192319077,71.60226975829858,37.096497577211835,33.30816764671995,33.30816764671995,37.37637121172826,69.6778009311074,22.526274517381985,19.97347929564767,18.62253385199707,76.87384917134888,78.76067753691456,80.64753067290386,76.37362440980708,80.64753067290386,78.31310205574256,71.99453811175258,79.82257788222515,90.6438774903008,83.49979755295578,84.25456072119749,90.27525534087235,17.227739869463644,16.043491455373484,17.175106399360033,23.482487839230316,56.46258249476978,55.12884309853404,19.40327350088001,89.5029072361611,84.54418019844162,78.30432607984521,43.0292334371882,59.02480080111842,37.238627693388565,47.27582594879404
9.339778561404419,54.91473229656124,61.743002846184446,61.687739369318436,5.785462490918871,5.487957059181665,5.487957059181665,3.6494047086454646,5.487957059181665,3.6494047086454646,12.228054220167854,1.7345269841421276,1.7345269841421276,1.7345269841421276,1.7345269841421276,1.7345269841421276,64.78421569240133,65.0421061769327,56.71481662124348,59.3394605572028,25.940973944322685,22.7357356956429,73.58907172405358,1000.0,1.0614298046296344,2.986802084361833,37.49257526268832,41.280905179974454,41.280905179974454,37.212701628182806,4.9112710200975185,52.06279813852006,54.615593290925396,55.966538693407536,4.284777657970036,6.171606152764884,8.058459423976704,3.784552863172763,8.058459423976704,5.724030640396224,2.5945337080173383,7.233506573440182,18.054807057653406,10.910726519808707,11.665489747439267,17.686184875141716,57.3613326301824,58.54558100282585,57.413966098494555,51.10658483979139,18.12649003309736,19.46022947115575,55.1857990686949,16.913836701853622,11.955109247726526,5.715254663890542,31.559839374543056,15.564271637974606,37.35044514653372,27.313246806186882
9.401208365984138,54.85330249400693,61.6815730441904,61.626309567319566,5.846892295531976,5.54938686379675,5.54938686379675,3.7108345132699805,5.54938686379675,3.7108345132699805,12.289484024707196,1.7959567887713455,1.7959567887713455,1.7959567887713455,1.7959567887713455,1.7959567887713455,64.72278589067841,64.9806763752334,56.653386818830356,59.27803075500389,25.87954414013591,22.674305891349427,73.52764192319077,1.0614298046296344,1000.0,2.925372279734926,37.43114545900806,41.219475376501954,41.219475376501954,37.15127182448803,4.849841215478618,52.001368335751614,54.55416348834809,55.90510889093515,4.3462074625918365,6.233035957375234,8.119889228570532,3.845982667796751,8.119889228570532,5.785460445009751,2.5331039033894465,7.294936378041859,18.116236862075176,10.97215632436794,11.726919551987406,17.747614679572358,57.29990282782114,58.48415120056111,57.35253629613753,51.045155036953744,18.065060228676217,19.398799666768433,55.124369266161565,16.975266506302216,12.016539052270195,5.776684468504129,31.49840957057878,15.502841833495635,37.28901534284606,27.25181700205026
11.326580643781735,52.92793027692791,59.756200844368465,59.70093736734953,7.772264574533766,7.474759142873761,7.474759142873761,5.636206792724168,7.474759142873761,5.636206792724168,14.214856301111128,3.721329068457881,3.721329068457881,3.721329068457881,3.721329068457881,3.721329068457881,62.79741369921941,63.05530418450278,54.72801460609666,57.35265854886772,23.954171873176566,20.748933621188456,71.60226975829858,2.986802084361833,2.925372279734926,1000.0,35.50577320741218,39.294103131249706,39.294103131249706,35.22589957244907,2.924468935909247,50.07599611208706,52.628791270561095,53.97973667637741,6.271579741932746,8.158408236273502,10.045261506867227,5.771354947228352,10.045261506867227,7.710832724027397,1.392268376358916,9.22030865662112,20.04160913453542,12.897528601453674,13.65229182869197,19.672986952326934,55.37453061668375,56.558778992396604,55.427164085130904,49.1197828111632,16.139687954718525,17.473427393811477,53.19899704972753,18.900638779653843,13.94191132882175,7.702056747524027,29.573037310344127,13.57746955783904,35.363643091024734,25.32644473660252
45.83235366555244,18.42215743349127,25.250428210412682,25.195164731547102,42.27803766983131,41.98053224386736,41.98053224386736,40.14197992734756,41.98053224386736,40.14197992734756,48.72062925569334,38.227102235231,38.227102235231,38.227102235231,38.227102235231,38.227102235231,28.29164117069443,28.549531665262226,20.222241814227267,22.846885836877906,12.5516014407485,15.756839703270934,37.096497577211835,37.49257526268832,37.43114545900806,35.50577320741218,1000.0,4.788329982159648,4.788329982159648,1.2798736388132415,33.581304296661756,15.570223192307788,18.123018418808588,19.473963862754136,40.777352865240125,42.66418132407232,44.55103455630881,40.277128079471794,44.55103455630881,42.21660582050692,35.89804157827895,43.72608172318325,54.547381933283326,47.403301587507386,48.15806479688377,54.17875976173703,20.86875784397405,22.053006255658307,20.9213913139959,14.614009867257199,20.366085370420638,19.0323459328853,18.693224213888808,53.406411611051844,48.44768429003865,42.207829844172146,6.932735965182604,22.928303760300818,1.142130118350561,11.179328570287854
49.620683551554585,14.633827461844714,21.462098250223445,21.406834771248523,46.06636756991339,45.76886214507765,45.76886214507765,43.93030983535755,45.76886214507765,43.93030983535755,52.50895912943717,42.01543215000721,42.01543215000721,42.01543215000721,42.01543215000721,42.01543215000721,24.50331121693996,24.76120171209119,16.433911845199667,19.05855587218394,16.33993141507734,19.54516967333879,33.30816764671995,41.280905179974454,41.219475376501954,39.294103131249706,4.788329982159648,1000.0,1.0,5.068203620922543,37.36963422651419,11.781893217100079,14.334688446754656,15.685633892602967,44.565682770933826,46.45251122267845,48.3393644475146,44.06545798699207,48.3393644475146,46.0049357208226,39.686371500850484,47.514411617663015,58.335711780069936,51.191631466932975,51.94639467307264,57.967089610317274,17.08042787595721,18.264676289589076,17.13306134606298,10.825679891016865,24.15441533277251,22.820675897662483,14.904894242618251,57.19474146335154,52.23601416497224,45.99615974452118,10.72106594479284,26.716633717553556,4.930460100485506,14.967658546163802
49.620683551554585,14.633827461844714,21.462098250223445,21.406834771248523,46.06636756991339,45.76886214507765,45.76886214507765,43.93030983535755,45.76886214507765,43.93030983535755,52.50895912943717,42.01543215000721,42.01543215000721,42.01543215000721,42.01543215000721,42.01543215000721,24.50331121693996,24.76120171209119,16.433911845199667,19.05855587218394,16.33993141507734,19.54516967333879,33.30816764671995,41.280905179974454,41.219475376501954,39.294103131249706,4.788329982159648,1.0,1000.0,5.068203620922543,37.36963422651419,11.781893217100079,14.334688446754656,15.685633892602967,44.565682770933826,46.45251122267845,48.3393644475146,44.06545798699207,48.3393644475146,46.0049357208226,39.686371500850484,47.514411617663015,58.335711780069936,51.191631466932975,51.94639467307264,57.967089610317274,17.08042787595721,18.264676289589076,17.13306134606298,10.825679891016865,24.15441533277251,22.820675897662483,14.904894242618251,57.19474146335154,52.23601416497224,45.99615974452118,10.72106594479284,26.716633717553556,4.930460100485506,14.967658546163802
45.5524800332473,18.702031071296286,25.530301847280516,25.475038368423743,41.9981640365332,41.70065861048986,41.70065861048986,39.86210629349214,41.70065861048986,39.86210629349214,48.440755624255424,37.94722860090117,37.94722860090117,37.94722860090117,37.94722860090117,37.94722860090117,28.57151480704645,28.829405301567718,20.502115451814888,23.126759474110475,12.271727802360262,15.476966065154892,37.37637121172826,37.212701628182806,37.15127182448803,35.22589957244907,1.2798736388132415,5.068203620922543,5.068203620922543,1000.0,33.30143066127986,15.850096830413797,18.40289205664768,19.7538375004347,40.49747923154737,42.38430769087811,44.27116092363626,39.99725444565077,44.27116092363626,41.93673218719236,35.61816794340416,43.4462080902798,54.26750830375951,47.12342795566721,47.8781911652727,53.89888613208561,21.148631481478397,22.33287989300303,21.201264951493354,14.893883505452209,20.086211732813375,18.752472295116586,18.973097851662445,53.126537981135904,48.16781065851647,41.92795621085526,6.652862326478863,22.648430123036224,1.1377435204627444,10.899454931803554
13.251049576866626,51.003461399180075,57.83173198328251,57.77646850612029,9.696733509127904,9.39922807756866,9.39922807756866,7.560675727954159,9.39922807756866,7.560675727954159,16.139325232554654,5.645798004084765,5.645798004084765,5.645798004084765,5.645798004084765,5.645798004084765,60.87294484623099,61.130835332220215,52.80354573253735,55.428189681677146,22.02970294806317,18.82446469315054,69.6778009311074,4.9112710200975185,4.849841215478618,2.924468935909247,33.581304296661756,37.36963422651419,37.36963422651419,33.30143066127986,1000.0,48.15152722800203,50.70432239213139,52.05526780105924,8.19604867699488,10.082877170730962,11.96973044056115,7.695823882424147,11.96973044056115,9.635301658642664,3.316737312247864,11.14477759066841,21.966078061536095,14.821997533691949,15.576760760484358,21.597455879653488,53.450061744664396,54.63431012324691,53.50269521323778,47.195313925035364,14.215219023282009,15.54895846326054,51.274528172601116,20.825107707643586,15.8663802604363,9.626525682142299,27.64856839146912,11.653000624924722,33.4391741800612,23.40197581288201
60.402576405759184,3.851934249646394,10.68020505810306,10.62494157891838,56.848260470713115,56.55075504963429,56.55075504963429,54.7122027626406,56.55075504963429,54.7122027626406,63.29085194345339,52.79732510006143,52.79732510006143,52.79732510006143,52.79732510006143,52.79732510006143,13.721418037552542,13.97930853389101,5.652018637151783,8.276662671653469,27.121824581740096,30.32706282199251,22.526274517381985,52.06279813852006,52.001368335751614,50.07599611208706,15.570223192307788,11.781893217100079,11.781893217100079,15.850096830413797,48.15152722800203,1000.0,3.5527952339458553,4.9037406827304615,55.34757569045859,57.23440411856894,59.121257318880495,54.847350912633345,59.121257318880495,56.78682862239989,50.46826447736488,58.29630449986082,69.11760450667107,61.97352429953737,62.72828749507996,68.74898234269969,6.29853466959961,7.482783086601318,6.351168139847634,1.9562133272674096,34.93630845100754,33.60256902524768,4.123001030992626,67.97663420773712,63.01790698287543,56.77805264620949,21.502959136798022,37.49852681657411,15.71235331030252,25.749551719748005
62.95537153014074,1.2991390157260216,8.127409826218772,8.072146347006424,59.4010556075415,59.10355018747059,59.10355018747059,57.264997906589514,59.10355018747059,57.264997906589514,65.8436470571701,55.350120250163954,55.350120250163954,55.350120250163954,55.350120250163954,55.350120250163954,11.168622807472572,11.426513303989498,3.0992234034976467,5.723867438734577,29.67461979334738,32.87985802806014,19.97347929564767,54.615593290925396,54.55416348834809,52.628791270561095,18.123018418808588,14.334688446754656,14.334688446754656,18.40289205664768,50.70432239213139,3.5527952339458553,1000.0,2.350945448942138,57.90037083231772,59.78719925408127,61.674052447835265,57.400146056139754,61.674052447835265,59.33962375943685,53.02105963465928,60.84909963170855,71.67039959737168,64.52631941817947,65.28108261091259,71.30177743491585,3.7457394360883596,4.929987853416595,3.798372906349118,4.509008561113063,37.48910364803851,36.1553642250233,1.5702057970999608,70.52942930310267,65.5707020976211,59.330847783276184,24.055754356641902,40.05132200803595,18.26514853666835,28.302346933540225
64.30631691727794,2.051806433221091,6.776464377927792,6.72120089870421,60.75200100148494,60.45449558196579,60.45449558196579,58.61594330443299,60.45449558196579,58.61594330443299,67.19459243848523,56.701065651382066,56.701065651382066,56.701065651382066,56.701065651382066,56.701065651382066,9.817677359948771,10.075567856544222,1.7482779545803457,4.372921990044405,31.0255652286984,34.23080346028176,18.62253385199707,55.966538693407536,55.90510889093515,53.97973667637741,19.473963862754136,15.685633892602967,15.685633892602967,19.7538375004347,52.05526780105924,4.9037406827304615,2.350945448942138,1000.0,59.25131622901605,61.13814464730444,63.02499783747171,58.7510914537407,63.02499783747171,60.690569153494444,54.37200503982708,62.20004502292687,73.02134496614708,65.87726480218241,66.63202799338221,72.65272280451603,2.3947939872067785,3.5790424046347336,2.4474274574710266,5.859954009785636,38.840049075193484,37.50630965371305,1.7807396518492158,71.88037467441714,66.92164747949761,60.6817931773501,25.406699796698486,41.40226743208562,19.61609398053371,29.653292370132203
6.055000905040017,58.19950983668495,65.02778035547904,64.97251687887689,2.5006848332224036,2.203179401417332,2.203179401417332,1.635372949388704,2.203179401417332,1.635372949388704,8.943276565594138,3.550250673899282,3.550250673899282,3.550250673899282,3.550250673899282,3.550250673899282,68.06899318681023,68.32688367004658,59.999594153588035,62.62423807775824,29.225751575432902,26.02051333286665,76.87384917134888,4.284777657970036,4.3462074625918365,6.271579741932746,40.777352865240125,44.565682770933826,44.565682770933826,40.49747923154737,8.19604867699488,55.34757569045859,57.90037083231772,59.25131622901605,1000.0,2.886828495166558,4.773681767021223,1.5002247948503382,4.773681767021223,2.439252982685192,5.879311365690894,3.948728916170292,14.770029408623643,7.625948864339527,8.38071209246699,14.401407225684734,60.64611015967219,61.830358527003064,60.6987436277505,54.391362395551326,21.41126767773521,22.74500711381524,58.470576607663126,13.629059051535,8.67033159295643,2.430477006177454,34.84461699303872,18.849049286031597,40.635222749499036,30.59802443443935
4.168172410223734,60.08633825768594,66.91460875799858,66.85934528155431,1.3861436619568306,1.6836490937672202,1.6836490937672202,3.522201444520201,1.6836490937672202,3.522201444520201,7.056448071479611,5.437079168818249,5.437079168818249,5.437079168818249,5.437079168818249,5.437079168818249,69.95582158043507,70.21371206289838,61.88642256991686,64.51106648701821,31.112580051976693,27.907341813284855,78.76067753691456,6.171606152764884,6.233035957375234,8.158408236273502,42.66418132407232,46.45251122267845,46.45251122267845,42.38430769087811,10.082877170730962,57.23440411856894,59.78719925408127,61.13814464730444,2.886828495166558,1000.0,2.8868532720104096,3.3870532899907726,2.8868532720104096,1.4475755124954575,7.766139860135001,2.0619004210722274,12.883200917034292,5.739120369859703,6.493883598187182,12.514578733891689,62.532938574288025,63.71718693843327,62.58557204222608,56.278190825964955,23.29809616293379,24.631835597726493,60.357405027969705,11.742230559334415,6.7835030987599865,1.4563514890033842,36.731445461700666,20.73587777348412,42.52205120858483,32.484852909186316
2.281319138302094,61.97319145065266,68.80146193192004,68.74619845563817,3.272996933948043,3.570502365739194,3.570502365739194,5.40905471628736,3.570502365739194,5.40905471628736,5.169594800021332,7.323932440214815,7.323932440214815,7.323932440214815,7.323932440214815,7.323932440214815,71.84267474521067,72.10056522687961,63.77327575806278,66.39791966787854,32.999433302878515,29.794195068325724,80.64753067290386,8.058459423976704,8.119889228570532,10.045261506867227,44.55103455630881,48.3393644475146,48.3393644475146,44.27116092363626,11.96973044056115,59.121257318880495,61.674052447835265,63.02499783747171,4.773681767021223,2.8868532720104096,1000.0,5.273906561778023,1.0,3.3344287844830145,9.652993130864454,1.8249528509573403,10.99634764762026,3.8522670981448544,4.607030326610056,10.627725464304392,64.41979176066758,65.6040401215294,64.47242522846102,58.16504402865878,25.184949423135546,26.518688856530815,62.244258220219656,9.855377289403325,4.896649827242316,3.343204760990406,38.61829870425675,22.622731036151343,44.40890444108667,34.37170615817802
