0.0,1.9891145232749916,7.554551042794424,8.430195487320606,22.936824960911625,22.936824960911625,29.124621367440714,24.47064064800338,22.88603181707698,23.40148699866847,33.91382499271904,34.43110580438797,33.953326528472125,33.850497102082066,26.430204198365097,37.56859318462387,38.17112524488106,35.93465389289723,23.440992580953534,23.415909673328546,23.415909673328546,35.93465389289723,35.93465389289723,35.93465389289723,34.34646003181268,34.34646003181268,33.858648218907,39.16739578126874,42.90975042639748,39.90220963922779,43.169935866102705,40.372437589436174,40.372437589436174,32.1650830386603,39.16739578126874,39.284640324716065,39.71787969485873,40.47839532341469,37.951054111645036,38.17112524488106,40.47839532341469,35.93465389289723,35.550304454897194,38.46204476508172,39.49405003157352,39.16739578126874,31.586342584198086,31.586342584198086,35.020489248227314,32.1650830386603,2.7869049901216583,6.382227876334797,14.41752044228551,13.878050970935567,35.81615152799291,29.571071371552822,29.740370724763423,37.27704414346982,36.31147796395505,37.67204587109863,36.568545171882384,36.95100982605141,37.339742931903515,37.64069658318113,36.02933028716048,28.523917314054046,24.912094389731273,23.72066658573819,22.05264442281048,21.21862317484719,23.626605906855747,34.073085059817735,35.65313217805701,30.436376242555472,31.953777313850505,29.94102144838779,28.737111221937354,42.33044360791184,43.15175425439844,56.59272873112471,59.5201701762976,35.74718183461983,38.37426741052303,31.370646498682255,39.70345931109784,42.93859029077585,35.960360737070175,38.20498230041703,31.389457221856027,29.26382368384093,35.10137245669705,34.073085059817735,41.101600136351216,39.15172136691811,35.36471269377334,38.292759799777016,34.518259526904565,35.03240228294091,36.399257082967594,37.49021986786841
1.9891145232749916,0.0,6.565436520328195,7.441080965106599,23.925939473012473,23.925939473012473,30.113735872514468,25.4597551585216,23.875146329228436,24.390601510300943,34.90293949118049,35.420220302073886,34.94244102687476,34.83961160063764,27.419318706708722,38.557707677349626,39.16023973660386,36.92376838826107,24.43010709254574,24.405024184946328,24.405024184946328,36.92376838826107,36.92376838826107,36.92376838826107,35.33557452962632,35.33557452962632,34.84776271745046,40.15651027129755,43.89886490966612,40.8913241279787,44.159050348878054,41.36155207735665,41.36155207735665,33.15419753965495,40.15651027129755,40.27375481454259,40.70699418393247,41.46750981114666,38.94016860373604,39.16023973660386,41.46750981114666,36.92376838826107,36.539418950864246,39.45115925631445,40.48316452103724,40.15651027129755,32.575457086001,32.575457086001,36.009603745015035,33.15419753965495,3.7760195132866032,5.393113353584072,13.428405922705744,12.888936451053423,36.80526602354343,30.560185876053477,30.729485229044425,38.266158636675065,37.30059245872108,38.661160363653345,37.55765966623695,37.94012431978833,38.32885742500596,38.62981107578773,37.018444782374715,29.51303181988487,25.901208899774552,24.709781097043354,23.041758935775977,22.207737688596342,24.615720418257844,35.062199558041684,36.64224667386331,31.425490745920005,32.942891815142,30.930135952406804,29.72622572750133,43.31955809226797,44.14086873720836,57.58184318433312,60.50928462198324,36.73629633027871,39.36338190190403,32.35976100078257,40.69257380019677,43.927704773989966,36.94947523239344,39.194096792082995,32.37857172393049,30.252938188736948,36.0904869533603,35.062199558041684,42.090714622964384,40.140835856973915,36.3538271900293,39.28187429129538,35.507374024458635,36.0215167797103,37.38837157759346,38.47933436072344
7.554551042794424,6.565436520328195,0.0,1.8756444454815977,29.49137591172156,29.49137591172156,35.67917226662479,31.025191587071603,29.440582768263845,29.95603794599471,40.46837584416945,40.985656650276276,40.50787737950057,40.40504795420796,32.98475512142073,44.123143995077356,44.72567604819558,42.489204722168445,29.995543527980647,29.970460620545634,29.970460620545634,42.489204722168445,42.489204722168445,42.489204722168445,40.90101087861656,40.90101087861656,40.413199070946014,45.72194657254307,49.46430116981444,46.4567604214331,49.72448660603791,46.926988365753914,46.926988365753914,38.71963390832735,45.72194657254307,45.8391911145541,46.272430479354064,47.03294609839671,44.5056049175795,44.72567604819558,47.03294609839671,42.489204722168445,42.10485528847993,45.01659556491083,46.048600818836086,45.72194657254307,38.140893459694446,38.140893459694446,41.57504008768162,38.71963390832735,9.341456030725752,2.17232316738633,7.86296941300719,7.323499940094573,42.37070235859811,36.1256222665741,36.294921618190706,43.83159495733903,42.86602878895666,44.22659668033404,43.12309599394715,43.50556064371049,43.89429374504029,44.19524739278599,42.58388111536292,35.07846821874617,31.46664532529122,30.275217530634496,28.60719538007315,27.77317413798487,30.181156852471272,40.62763590956413,42.207683010490555,36.99092712934052,38.50832818565741,36.495572339914894,35.29166212468685,48.884994359008836,49.70630499457759,63.14727926415377,66.07472065708214,42.301732665999516,44.92881821140642,37.925197376325826,46.258010095771894,49.493141033807866,42.51491156605146,44.75953310332722,37.944008099312896,35.81837458173339,41.65592329526036,40.62763590956413,47.65615090340966,45.70627215838415,41.91926352942233,44.84731060163734,41.07281037184792,41.5869531222641,42.953807906968585,44.044770679242575
8.430195487320606,7.441080965106599,1.8756444454815977,0.0,30.367020340761627,30.367020340761627,36.554816687866044,31.900836014319488,30.316227197361677,30.831682374501657,41.3440202583357,41.86130106362407,41.3835217936047,41.28069236847371,33.860399546243805,44.998788403233974,45.60132045531066,43.36484913307716,30.871187956441876,30.8461050490359,30.8461050490359,43.36484913307716,43.36484913307716,43.36484913307716,41.77665529209902,41.77665529209902,41.28884348519895,46.59759097790443,50.33994556823687,47.332404825475784,50.60013100395727,47.80263276894153,47.80263276894153,39.595278325182136,46.59759097790443,46.714835519706504,47.14807488372955,47.908590501390435,45.38124932507665,45.60132045531066,47.908590501390435,43.36484913307716,42.98049970002066,45.892239971517874,46.92424522361388,46.59759097790443,39.016537877412354,39.016537877412354,42.45068450008396,39.595278325182136,10.217100474698857,3.047967612820847,6.987324968330885,6.447855495288139,43.24634676970231,37.00126668719416,37.170566038573135,44.70723936599445,43.74167319924004,45.10224108831284,43.998740403800724,44.38120505291974,44.76993815358872,45.070891800818714,43.45952552611504,35.95411264081081,32.34228975200607,31.150861958770292,29.482839810104142,28.6488185689223,31.05680128071687,41.50328032347953,43.08332742186276,37.866571548734136,39.38397260282887,37.37121676001423,36.16730654646091,49.760638758541724,50.581949392532216,64.02292363247531,66.95036501799744,43.17737707721724,45.80446261816709,38.80084179436202,47.133654500173364,50.36878543217466,43.390555976917696,45.635177510383336,38.81965251732141,36.6940190027818,42.531567707531906,41.50328032347953,48.531795305254,46.581916563773405,42.794907941266146,45.722955008540396,41.94845478505678,42.462597534647195,43.829452317105506,44.92041508753362
22.936824960911625,23.925939473012473,29.49137591172156,30.367020340761627,0.0,1.0,7.18779649247335,2.5338157048638985,1.0507931443833876,1.4646620428951578,11.977000210297044,12.494281033321897,12.016501746907945,11.91367231828805,4.4933792813168,15.631768488120862,16.23430056381503,13.997829156345038,1.5041676256269305,1.4790847177181403,1.4790847177181403,13.997829156345038,13.997829156345038,13.997829156345038,12.40963525887022,12.40963525887022,11.921823435289353,17.230571126517617,20.97292587929685,17.965385004516857,21.233111327003535,18.435612967830746,18.435612967830746,10.228258219811922,17.230571126517617,17.347815673126558,17.781055055070297,18.54157070479265,16.014229424898986,16.23430056381503,18.54157070479265,13.997829156345038,13.613479709308997,16.525220091598054,17.557225385664907,17.230571126517617,9.649517753961973,9.649517753961973,13.083664490423383,10.228258219811922,21.14991998853622,28.31905276481544,36.3543451696641,35.814875711114865,13.87932678863912,7.634246504252206,7.8035458604217585,15.340219439626594,14.374653236404177,15.735221177220485,14.631720450552976,15.014185114099607,15.402918229631712,15.70387188850645,14.092505552856602,6.587092429082425,2.9752694521381287,1.783841633618134,1.8841805472889233,2.718201803210373,1.6897809536486252,12.136260280863729,13.716307434871922,8.49955139067654,10.016952490805851,8.004196587589771,6.800286340475408,20.393619043237415,21.21492971473794,34.655904696129916,37.583346275072515,13.81035709364189,16.43744273474273,9.433821664286834,17.766634670913604,21.001765744558814,14.023536001127582,16.268157620229104,9.452632387821502,7.3269988112428726,13.164547700740004,12.136260280863729,19.164775535502066,17.214896711745357,13.427887943874357,16.355935121870985,12.58143475777789,13.095577525408585,14.462432357533764,15.553395169383945
22.936824960911625,23.925939473012473,29.49137591172156,30.367020340761627,1.0,0.0,7.18779649247335,2.5338157048638985,1.0507931443833876,1.4646620428951578,11.977000210297044,12.494281033321897,12.016501746907945,11.91367231828805,4.4933792813168,15.631768488120862,16.23430056381503,13.997829156345038,1.5041676256269305,1.4790847177181403,1.4790847177181403,13.997829156345038,13.997829156345038,13.997829156345038,12.40963525887022,12.40963525887022,11.921823435289353,17.230571126517617,20.97292587929685,17.965385004516857,21.233111327003535,18.435612967830746,18.435612967830746,10.228258219811922,17.230571126517617,17.347815673126558,17.781055055070297,18.54157070479265,16.014229424898986,16.23430056381503,18.54157070479265,13.997829156345038,13.613479709308997,16.525220091598054,17.557225385664907,17.230571126517617,9.649517753961973,9.649517753961973,13.083664490423383,10.228258219811922,21.14991998853622,28.31905276481544,36.3543451696641,35.814875711114865,13.87932678863912,7.634246504252206,7.8035458604217585,15.340219439626594,14.374653236404177,15.735221177220485,14.631720450552976,15.014185114099607,15.402918229631712,15.70387188850645,14.092505552856602,6.587092429082425,2.9752694521381287,1.783841633618134,1.8841805472889233,2.718201803210373,1.6897809536486252,12.136260280863729,13.716307434871922,8.49955139067654,10.016952490805851,8.004196587589771,6.800286340475408,20.393619043237415,21.21492971473794,34.655904696129916,37.583346275072515,13.81035709364189,16.43744273474273,9.433821664286834,17.766634670913604,21.001765744558814,14.023536001127582,16.268157620229104,9.452632387821502,7.3269988112428726,13.164547700740004,12.136260280863729,19.164775535502066,17.214896711745357,13.427887943874357,16.355935121870985,12.58143475777789,13.095577525408585,14.462432357533764,15.553395169383945
29.124621367440714,30.113735872514468,35.67917226662479,36.554816687866044,7.18779649247335,7.18779649247335,0.0,5.653980788605595,7.238589636812524,6.723134449949266,5.789203725165106,6.306484549366559,5.828705261863219,5.72587583301721,3.6944172124702583,9.44397201290572,10.046504090593645,7.810032676234541,6.683628867246264,6.708711775136838,6.708711775136838,7.810032676234541,7.810032676234541,7.810032676234541,6.221838774717225,6.221838774717225,5.734026950036328,11.042774656815782,14.785129425298539,11.777588537588963,15.045314874242866,12.247816502757303,12.247816502757303,4.040461731256305,11.042774656815782,11.160019203857184,11.593258587432347,12.35377424014563,9.826432950937612,10.046504090593645,12.35377424014563,7.810032676234541,7.425683228155489,10.337423619375684,11.369428917177531,11.042774656815782,3.461721264461572,3.461721264461572,6.895868007899851,4.040461731256305,27.337716407071788,34.50684912982713,42.54214145775248,42.002672004927526,7.691530308202635,1.446450012192338,1.6157493685332454,9.1524229634832,8.18685675735639,9.54742470234044,8.443923972252957,8.82638863694634,9.215121753685935,9.516075413524543,7.904709073009374,1.6007040638594177,5.212527041496423,6.403954859446288,8.07197703888985,8.905998293788551,6.498015539353918,5.948463796086067,7.528510953993409,2.3117548995766226,3.8291560018944297,1.8164000959147186,1.3875101523117008,14.205822586551614,15.027133261890167,28.46810833297587,31.395549938182224,7.622560613017486,10.249646262216444,3.2460251744582593,11.578838203220506,14.813969290696752,7.83573952108832,10.080361147122767,3.2648358980210292,1.1392023188924711,6.9767512184205485,5.948463796086067,12.976979073426698,11.027100241985991,7.240091462232004,10.16813864906441,6.393638274028159,6.907781042914996,8.274635878739236,9.365598693916933
24.47064064800338,25.4597551585216,31.025191587071603,31.900836014319488,2.5338157048638985,2.5338157048638985,5.653980788605595,0.0,2.5846088492445034,2.069153661985918,10.44318450902005,10.960465332419831,10.48268604565893,10.379856616966434,2.9595635766896446,14.097952789890385,14.700484866175756,12.46401345663807,2.029648079254917,2.0547309871632295,2.0547309871632295,12.46401345663807,12.46401345663807,12.46401345663807,10.875819557905531,10.875819557905531,10.388007733973462,15.696755429911148,19.439110187185392,16.431569308716277,19.69929563524075,16.901797272565545,16.901797272565545,8.694442517404752,15.696755429911148,15.81399997664616,16.247239359064036,17.007755009650207,14.480413727040856,14.700484866175756,17.007755009650207,12.46401345663807,12.079664009281615,14.991404394253244,16.023409689412055,15.696755429911148,8.115702051227446,8.115702051227446,11.549848789971108,8.694442517404752,22.683735678316435,29.852868442482418,37.88816082955709,37.348691372339914,12.34551108883227,6.100430800558817,6.269730156798097,13.806403741119084,12.840837537021294,14.20140547908972,13.097904751396829,13.48036941528929,13.869102531183282,14.170056190345392,12.558689853230135,5.053276725001836,1.4414537473043831,1.7499740712660912,3.417996252078908,4.252017507881106,1.8440347512354038,10.602444579700187,12.182491734929258,6.965735687360402,8.48313678827647,6.470380884051325,5.266470636467496,18.85980335036653,19.68111402295063,33.12208902873947,36.04953061466354,12.276541393777354,14.90362703730846,7.900005961436237,16.23281897489135,19.467950052485765,12.48972030144241,14.734341922623798,7.918816684980897,5.793183107428003,11.630732000351339,10.602444579700187,17.630959841097397,15.681081015122103,11.894072243695925,14.822119424354113,11.04761905694082,11.561761824965652,12.928616658227789,14.019579471078414
22.88603181707698,23.875146329228436,29.440582768263845,30.316227197361677,1.0507931443833876,1.0507931443833876,7.238589636812524,2.5846088492445034,0.0,1.515455187278271,12.027793354541732,12.545074177553234,12.067294891151636,11.964465462534333,4.544172425686009,15.682561632258034,16.28509370793153,14.04862230053407,1.5549607700099979,1.529877862101237,1.529877862101237,14.04862230053407,14.04862230053407,14.04862230053407,12.460428403103782,12.460428403103782,11.972616579535432,17.28136427059811,21.02371902322169,18.016178148569328,21.283904470916365,18.486406111864635,18.486406111864635,10.27905136409721,17.28136427059811,17.39860881720266,17.83184819912991,18.592363848822284,16.065022569023128,16.28509370793153,18.592363848822284,14.04862230053407,13.664272853509335,16.576013235704277,17.60801852973309,17.28136427059811,9.700310898259152,9.700310898259152,13.13445763463875,10.27905136409721,21.099126844615775,28.26825962128312,36.30355202670581,35.76408256811344,13.930119932831671,7.685039648584795,7.854339004751729,15.391012583773467,14.425446380581791,15.786014321354168,14.682513594722614,15.064978258257101,15.453711373776516,15.754665032641192,14.143298697042795,6.637885573429736,3.0260625965169337,1.8346347780007726,1.833387402906379,2.667408658830265,1.740574098031428,12.18705342510437,13.76710057906927,8.550344534995066,10.067745635095571,8.05498973191656,6.851079484819927,20.444412187188462,21.26572285865161,34.70669783921129,37.63413941791739,13.861150237836478,16.48823587885208,9.48461480858825,17.81742781497378,21.05255888848233,14.074329145315847,16.31895076434442,9.50342553212255,7.37779195558004,13.215340844953124,12.18705342510437,19.215568679506127,17.265689855826437,13.47868108808004,16.40672826598321,12.632227902006916,13.146370669623623,14.513225501708675,15.604188313523741
23.40148699866847,24.390601510300943,29.95603794599471,30.831682374501657,1.4646620428951578,1.4646620428951578,6.723134449949266,2.069153661985918,1.515455187278271,0.0,11.51233816861145,12.029618991755681,11.551839705231274,11.449010276588233,4.028717238532484,15.167106447399128,15.769638523279149,13.53316711515771,1.0395055827319812,1.014422674823055,1.014422674823055,13.53316711515771,13.53316711515771,13.53316711515771,11.944973217284081,11.944973217284081,11.45716139359136,16.765909086305772,20.508263840488656,17.500722964557387,20.768449288303888,17.970950928038732,17.970950928038732,9.763596177764365,16.765909086305772,16.883153632954222,17.31639301504645,18.07690866503901,15.549567384294333,15.769638523279149,18.07690866503901,13.53316711515771,13.148817668020296,16.060558051154636,17.092563345563846,16.765909086305772,9.184855711808762,9.184855711808762,12.619002449000028,9.763596177764365,21.614582027087504,28.783714799777364,36.819007199331466,36.279537741179745,13.414664747420206,7.169584461785946,7.338883817978517,14.875557398817671,13.909991195319247,15.27055913653012,14.167058409539614,14.549523073195296,14.938256188841386,15.239209847806553,13.62784351169472,6.122430386487138,2.5106074092742268,1.3191795907255965,2.3488425901715906,3.1828638460662546,1.225118910755094,11.67159823921429,13.25164539361004,8.034889348334257,9.552290448718905,7.539534545174593,6.335624297904525,19.92895700419267,20.750267676030656,34.19124266496407,37.11868424605445,13.345695052404727,15.972780694271227,8.969159622096047,17.30197263088475,20.53710370576258,13.558873959947142,15.80349557970389,8.98797034563395,6.862336768736369,12.699885659336829,11.67159823921429,18.700113495978904,16.75023467152825,12.963225902537822,15.891273081373544,12.116772716232342,12.630915483988195,13.997770316473115,15.08873312863859
33.91382499271904,34.90293949118049,40.46837584416945,41.3440202583357,11.977000210297044,11.977000210297044,5.789203725165106,10.44318450902005,12.027793354541732,11.51233816861145,0.0,1.5172808244983944,1.0395015367187475,1.063327892180268,8.483620935455395,4.65476829107983,5.257300369596011,3.020828952558327,11.472832585977587,11.497915493824303,11.497915493824303,3.020828952558327,3.020828952558327,3.020828952558327,1.4326350497965075,1.4326350497965075,1.0551767751570327,6.253570937360178,9.99592571355703,6.988384819408518,10.25611116315057,7.458612785454269,7.458612785454269,2.7487419944838782,6.253570937360178,6.370815484597198,6.804054868921031,7.5645705230469185,5.037229229628346,5.257300369596011,7.5645705230469185,3.020828952558327,2.6364795041280162,5.54821989880611,6.5802251982743405,6.253570937360178,3.3274824613232137,3.3274824613232137,2.1066642834406046,2.7487419944838782,32.126920043762894,39.29605271658637,47.33134497544161,46.791875527687154,2.9023265844147117,5.342753713182427,5.1734543569097555,4.363219241284771,3.3976530340556126,4.758220980651165,3.6547202492259414,4.037184914353114,4.425918031566068,4.726871691793626,3.115505349424596,6.38990778867443,10.001730762562383,11.19315857865743,12.861180754989288,13.695202008106897,11.28721925840557,1.159260071006214,2.739307230056777,4.47744882608179,2.9600477238704364,4.972803629601129,6.176713877259891,9.416618873417361,10.237929550752025,23.67890467531166,26.606346297372315,2.8333568891659446,5.46044254151578,3.543178551324617,6.789634484683619,10.024765579026477,3.046535797436742,5.291157426174007,3.524367827762413,5.6500014063426285,2.1875474940232884,1.159260071006214,8.187775357578996,6.237896522504464,2.4508877380463687,5.378934928243517,1.604434549215724,2.1185773184647916,3.4854321555303276,4.576394971989089
34.43110580438797,35.420220302073886,40.985656650276276,41.86130106362407,12.494281033321897,12.494281033321897,6.306484549366559,10.960465332419831,12.545074177553234,12.029618991755681,1.5172808244983944,0.0,1.4777792877798674,1.5806087166782326,9.000901759254328,4.1374874667155,4.740019545283784,2.503548128095453,11.990113409131734,12.015196316972158,12.015196316972158,2.503548128095453,2.503548128095453,2.503548128095453,1.0846457747023148,1.0846457747023148,1.572457599655058,5.736290113152734,9.478644889950752,6.4711039952932445,9.738830339598275,6.941331961404609,6.941331961404609,3.2660228189359617,5.736290113152734,5.853534660403613,6.286774044781449,7.047289699012756,4.519948405296104,4.740019545283784,7.047289699012756,2.503548128095453,2.1191986796510323,5.030939074522079,6.062944374106311,5.736290113152734,3.8447632857442313,3.8447632857442313,1.589383458949835,3.2660228189359617,32.64420085677531,39.81333352376115,47.84862577465794,47.30915632748459,2.3850457599471175,5.860034537434207,5.690735181179403,3.8459384168982815,2.8803722096099236,4.24094015629518,3.137439424793884,3.5199040899441956,3.9086372071841753,4.209590867435084,2.5982245249657274,6.907188612800825,10.519011586059907,11.710439401880741,13.378461577773084,14.212482830646604,11.804500081605825,1.358020753492847,2.2220264055832297,4.994729650417858,3.477328548312084,5.490084453891087,6.693994701413892,8.89933804969657,9.72064872719591,23.161623856697883,26.089065480397462,2.316076064695756,4.943161717223033,4.060459375732053,6.272353660542167,9.507484755426107,2.5292549729749343,4.773876601864959,4.041648652171078,6.167282230560274,1.670266669534199,1.358020753492847,7.670494533641317,5.720615698295194,1.9336069135638083,4.86165410394284,1.0871537247179452,1.6012964939742598,2.9681513310891208,4.059114147618608
33.953326528472125,34.94244102687476,40.50787737950057,41.3835217936047,12.016501746907945,12.016501746907945,5.828705261863219,10.48268604565893,12.067294891151636,11.551839705231274,1.0395015367187475,1.4777792877798674,0.0,1.1028294288990097,8.52312247212392,4.615266754372879,5.217798832893295,2.981327415843154,11.51233412259815,11.537417030444395,11.537417030444395,2.981327415843154,2.981327415843154,2.981327415843154,1.393133513077912,1.393133513077912,1.0946783118757755,6.214069400665887,9.956424176910245,6.948883282721581,10.216609626508015,7.419111248772542,7.419111248772542,2.7882435311998353,6.214069400665887,6.331313947904018,6.76455333223216,7.525068986366421,4.997727692924008,5.217798832893295,7.525068986366421,2.981327415843154,2.5969779674116014,5.508718362105671,6.5407236615832005,6.214069400665887,3.366983998037045,3.366983998037045,2.0671627467229117,2.7882435311998353,32.166421579617804,39.33555425199856,47.370846510249486,46.83137706253916,2.862825047699127,5.382255249884194,5.212955893612815,4.323717704576003,3.358151497341912,4.718719443944896,3.615218712513392,3.9976833776424945,4.386416494857677,4.687370155087148,3.0760038127097693,6.429409325367068,10.04123229920854,11.232660115283156,12.900682291582159,13.734703544681482,11.326720795029576,1.1197585342874834,2.699805693340669,4.516950362789625,2.9995492605856864,5.012305166305654,6.216215413954549,9.377117336761584,10.198428014109172,23.63940313905195,26.56684476123901,2.7938553524501324,5.420941004814639,3.5826800880375025,6.750132947994598,9.985264042380157,3.007034260721661,5.251655889471549,3.5638693644753854,5.689502943041919,2.1480459573057584,1.1197585342874834,8.148273820906132,6.198394985810029,2.4113862013294485,5.339433391541736,1.5649330124972813,2.0790757817471217,3.4459306188170076,4.536893435281636
33.850497102082066,34.83961160063764,40.40504795420796,41.28069236847371,11.91367231828805,11.91367231828805,5.72587583301721,10.379856616966434,11.964465462534333,11.449010276588233,1.063327892180268,1.5806087166782326,1.1028294288990097,0.0,8.420293043354539,4.7180961832406485,5.32062826174995,3.084156844732568,11.409504693953188,11.43458760180065,11.43458760180065,3.084156844732568,3.084156844732568,3.084156844732568,1.4959629419764684,1.4959629419764684,1.008151117023236,6.31689882950046,10.05925360562061,7.051712711536908,10.319439055207317,7.521940677574236,7.521940677574236,2.6854141023078273,6.31689882950046,6.434143376735688,6.867382761052551,7.627898415164899,5.100557121784918,5.32062826174995,7.627898415164899,3.084156844732568,2.699807396304303,5.611547790956356,6.643553090409529,6.31689882950046,3.2641545691504845,3.2641545691504845,2.1699921756190204,2.6854141023078273,32.06359215296294,39.232724826495115,47.268017086318,46.728547638492834,2.965654476589628,5.279425821028742,5.110126464754025,4.426547133448546,3.460980926227435,4.821548872810878,3.718048141395883,4.1005128065199035,4.489245923729227,4.790199583953678,3.1788332415982676,6.3265798965352245,9.938402870497171,11.129830686624793,12.797852863009073,13.631874116155865,11.22389136637568,1.2225879631864311,2.802635122232558,4.4141209339185075,2.896719831695487,4.909475737443078,6.113385985117486,9.479946765495438,10.301257442809261,23.74223256675266,26.669674188610237,2.8966847813412357,5.523770433667165,3.479850659153371,6.852962376815379,10.088093471089309,3.1098636896108305,5.35448531832753,3.4610399355910335,5.586673514192868,2.250875386201431,1.2225879631864311,8.251103249684647,6.3012244146449845,2.514215630223492,5.442262820395943,1.6677624413954142,2.1819052106431682,3.54876004770153,4.639722864150727
26.430204198365097,27.419318706708722,32.98475512142073,33.860399546243805,4.4933792813168,4.4933792813168,3.6944172124702583,2.9595635766896446,4.544172425686009,4.028717238532484,8.483620935455395,9.000901759254328,8.52312247212392,8.420293043354539,0.0,12.138389219653764,12.740921296601444,10.504449884767324,3.989211655808568,4.014294563712399,4.014294563712399,10.504449884767324,10.504449884767324,10.504449884767324,8.91625598467309,8.91625598467309,8.428444160367627,13.73719186150254,17.479546623941875,14.472005741223843,17.739732072402518,14.942233705684517,14.942233705684517,6.734878942666134,13.73719186150254,13.854436408380527,14.287675791337286,15.048191442909657,12.52085015722091,12.740921296601444,15.048191442909657,10.504449884767324,10.12010043706084,13.03184082501024,14.063846121404815,13.73719186150254,6.156138476159927,6.156138476159927,9.590285217289283,6.734878942666134,24.643299232388696,31.81243197997255,39.847724343099365,39.30825488766729,10.385947516852207,4.140867224577335,4.310166580879569,11.846840170573541,10.881273965506429,12.241841908964531,11.138341180131965,11.520805844407205,11.909538960703538,12.210492620186333,10.59912628144762,3.0937131486873075,2.5181098294148763,3.709537647865946,5.377559828300906,6.21158108382202,3.803598327820491,8.6428810062559,10.222928162800848,5.006172111727326,6.523573213414328,4.510817308210692,3.3069070602129096,16.900239786242196,17.72155046008389,31.162525494966918,34.08996708935848,10.316977821734243,12.944063467964702,5.940442386253721,14.273255407146394,17.508386489286877,10.530156729595543,12.774778353087662,5.959253109808248,3.833619531338746,9.671168427738293,8.6428810062559,15.67139627520323,13.721517446694477,9.93450867131082,12.862555854917412,9.088055483844903,9.60219825229392,10.969053086797631,12.06001590075801
37.56859318462387,38.557707677349626,44.123143995077356,44.998788403233974,15.631768488120862,15.631768488120862,9.44397201290572,14.097952789890385,15.682561632258034,15.167106447399128,4.65476829107983,4.1374874667155,4.615266754372879,4.7180961832406485,12.138389219653764,0.0,1.602532078728136,2.6339393387942884,15.127600864845572,15.152683772641327,15.152683772641327,2.6339393387942884,2.6339393387942884,2.6339393387942884,4.222133241398474,4.222133241398474,4.709945066219955,2.5988026469744305,6.3411574264488,3.333616529483538,6.601342876356356,3.803844495871001,3.803844495871001,6.403510284783277,2.5988026469744305,2.7160471942789832,3.1492865788720765,3.909802233545698,1.3824609386760982,1.602532078728136,3.909802233545698,2.6339393387942884,3.0182887872246726,1.8934516080620574,2.925456908082399,2.5988026469744305,6.982250751253129,6.982250751253129,3.5481040078721735,6.403510284783277,35.781688245623016,42.95082087534356,50.986113075887076,50.44664363237818,2.7524417069405303,8.997522001394321,8.828222645291763,1.291549049876074,2.2571152572732363,1.1034526896034607,2.000048042073228,1.6175833768816896,1.2288502595785409,1.0721034007359997,2.539262941924256,10.044676075729043,13.656499044237696,14.847926858086577,16.515949030880797,17.349970282057694,14.941987537647421,4.495508220119601,2.9154610612982834,8.132217115113466,6.614816014041339,8.627571918178628,9.831482164564786,5.761850585650206,6.583161263935506,20.024136419930954,22.95157805281245,2.8214114021897565,1.8056742507328936,7.197946841102683,3.134866194625202,6.3699972919525045,2.6082324939149983,1.6363891353198234,7.179136117554027,9.304769694233716,3.4672207972985816,4.495508220119601,4.533007068597934,2.5831282321098623,3.2038805532976173,1.7241666374257116,4.0503337420164085,3.5361909728493934,2.1693361357896137,1.0783733191138993
38.17112524488106,39.16023973660386,44.72567604819558,45.60132045531066,16.23430056381503,16.23430056381503,10.046504090593645,14.700484866175756,16.28509370793153,15.769638523279149,5.257300369596011,4.740019545283784,5.217798832893295,5.32062826174995,12.740921296601444,1.602532078728136,0.0,3.2364714174726377,15.730132940741122,15.75521584852702,15.75521584852702,3.2364714174726377,3.2364714174726377,3.2364714174726377,4.824665319958728,4.824665319958728,5.312477144730147,1.996270568268001,5.738625348065675,2.7310844508104566,5.9988107980099095,3.201312417226985,3.201312417226985,7.006042363069376,1.996270568268001,2.113515115576888,2.5467545001892464,3.3072701549090633,1.2200711400531847,1.0,3.3072701549090633,3.2364714174726377,3.6208208658807433,1.2909195293374633,2.322924829388977,1.996270568268001,7.584782829444752,7.584782829444752,4.150636086490939,7.006042363069376,36.384220307625085,43.55335292982383,51.58864512028796,51.049175677510284,3.3549737856124393,9.600054079185833,9.43075472312114,1.8940811286006582,2.8596473359695205,1.4990793891253789,2.6025801207795274,2.220115455599559,1.8313823383040844,1.5304286779926575,3.1417950206074745,10.647208153269037,14.259031120681387,15.45045893409086,17.118481106205124,17.9525023570137,15.544519613615371,5.098040298652599,3.517993139960709,8.734749193090314,7.217348092294,9.230103996051872,10.434014242158407,5.159318507192044,5.980629185586436,19.42160434598496,22.349045980480618,3.423943480857742,1.203142172006988,7.800478919256761,2.5323341159416475,5.767465213573352,3.2107645725946936,1.0338570565919811,7.781668195711432,9.907301771954522,4.069752875923537,5.098040298652599,3.930474990010911,1.9805961534028818,3.8064126319414897,1.121634558698776,4.652865820592751,4.138723051469082,2.7718682144895204,1.680905397841308
35.93465389289723,36.92376838826107,42.489204722168445,43.36484913307716,13.997829156345038,13.997829156345038,7.810032676234541,12.46401345663807,14.04862230053407,13.53316711515771,3.020828952558327,2.503548128095453,2.981327415843154,3.084156844732568,10.504449884767324,2.6339393387942884,3.2364714174726377,0.0,13.493661532565302,13.518744440385712,13.518744440385712,1.0,1.0,1.0,2.5881939027931997,2.5881939027931997,3.076005727710129,4.232741985577746,7.9750967638661585,4.967555867935705,8.235282213652747,5.437783834205495,5.437783834205495,4.769570946741205,4.232741985577746,4.349986532860859,4.783225917365911,5.543741571851421,3.0164002774418943,3.2364714174726377,5.543741571851421,1.0,1.3843494484590388,3.527390946772915,4.559396246623452,4.232741985577746,5.34831141341944,5.34831141341944,1.914164669163927,4.769570946741205,34.14774894931228,41.31688159883797,49.352173826050674,48.812704380603456,1.1185023681539126,7.363582664479123,7.194283308287878,2.3423902889326733,1.376824081538552,2.737392028391109,1.633891296744479,2.0163559619357874,2.4050890792276274,2.706042739525744,1.0946763968754167,8.41073673940939,12.022559710592555,13.21398752553455,14.882009700034848,15.716030952141626,13.308048205186154,2.8615688815656535,1.2815217225239144,6.498277777767185,4.980876676072485,6.993632581072369,8.197542828117328,7.395789923318913,8.217100601240512,21.658075744185147,24.585517372447462,1.1874720634080815,3.439613589454561,5.564007503352979,4.76880553312219,8.003936629356701,1.0257068448808173,3.2703284740607312,5.545196779796863,7.670830357484874,1.8332814585802335,2.8615688815656535,6.1669464067176225,4.217067570715967,1.569941214549727,3.358105976156908,2.4163944033817017,1.9022516341396285,1.4646032030247442,2.555566019684893
23.440992580953534,24.43010709254574,29.995543527980647,30.871187956441876,1.5041676256269305,1.5041676256269305,6.683628867246264,2.029648079254917,1.5549607700099979,1.0395055827319812,11.472832585977587,11.990113409131734,11.51233412259815,11.409504693953188,3.989211655808568,15.127600864845572,15.730132940741122,13.493661532565302,0.0,1.0250829079089268,1.0250829079089268,13.493661532565302,13.493661532565302,13.493661532565302,11.90546763465848,11.90546763465848,11.417655810956466,16.72640350379485,20.46875825809539,17.461217382067588,20.728943705919736,17.931445345562953,17.931445345562953,9.724090595100511,16.72640350379485,16.843648050446603,17.27688743255126,18.037403082566456,15.510061801750558,15.730132940741122,18.037403082566456,13.493661532565302,13.109312085419441,16.02105246862434,17.053057763062196,16.72640350379485,9.145350129136188,9.145350129136188,12.579496866387963,9.724090595100511,21.65408760944091,28.823220381822388,36.85851278092275,36.31904332280506,13.375159164825165,7.130078879087659,7.299378235282109,14.836051816256829,13.870485612735376,15.23105355397918,14.127552826961711,14.510017490626494,14.8987506062821,15.19970426525482,13.588337929104433,6.082924803778351,2.4711018265442246,1.2796740079936948,2.388348172901905,3.2223694287939164,1.1856133280231498,11.632092656583428,13.212139811011419,7.995383765646124,9.512784866051797,7.500028962480484,6.296118715197718,19.88945142177955,20.71076209364586,34.151737083214414,37.079178664486086,13.306189469808167,15.933275111738583,8.929654039420374,17.262467048389144,20.49759812337032,13.519368377355308,15.763989997166755,8.948464762958546,6.822831186034797,12.660380076726442,11.632092656583428,18.660607913525663,16.710729089016887,12.923720319932986,15.85176749883873,12.077267133610114,12.591409901376378,13.958264733891271,15.049227546083067
23.415909673328546,24.405024184946328,29.970460620545634,30.8461050490359,1.4790847177181403,1.4790847177181403,6.708711775136838,2.0547309871632295,1.529877862101237,1.014422674823055,11.497915493824303,12.015196316972158,11.537417030444395,11.43458760180065,4.014294563712399,15.152683772641327,15.75521584852702,13.518744440385712,1.0250829079089268,0.0,1.0,13.518744440385712,13.518744440385712,13.518744440385712,11.930550542499955,11.930550542499955,11.442738718803835,16.75148641156355,20.49384116578942,17.48630028982288,20.754026613607977,17.95652825330935,17.95652825330935,9.749173502966254,16.75148641156355,16.868730958213206,17.30197034030998,18.062485990310808,15.535144709540107,15.75521584852702,18.062485990310808,13.518744440385712,13.134394993245213,16.046135376405335,17.07814067082501,16.75148641156355,9.170433037007463,9.170433037007463,12.604579774220847,9.749173502966254,21.62900470177252,28.79813747434985,36.83342987373837,36.29396041559906,13.400242072647245,7.155161786975242,7.3244611431685005,14.861134724057209,13.895568520550373,15.256136461773275,14.152635734772918,14.535100398431926,14.923833514081494,15.224787173049421,13.613420836923499,6.108007711672592,2.4961847344519064,1.3047569159025734,2.363265264994048,3.1972865208877503,1.2106962359320543,11.65717556442824,13.237222718835772,8.020466673527267,9.537867773919602,7.525111870365416,6.321201623090705,19.914534329486184,20.73584500133451,34.176819990499915,37.10426157165651,13.331272377631215,15.958358019521071,8.954736947293615,17.287549956148126,20.52268103106371,13.544451285175358,15.789072904952091,8.973547670831616,6.847914093924464,12.68546298455826,11.65717556442824,18.685690821257754,16.73581199678587,12.94880322776128,15.87685040662259,12.102350041449444,12.616492809209102,13.98334764170498,15.074310453880075
23.415909673328546,24.405024184946328,29.970460620545634,30.8461050490359,1.4790847177181403,1.4790847177181403,6.708711775136838,2.0547309871632295,1.529877862101237,1.014422674823055,11.497915493824303,12.015196316972158,11.537417030444395,11.43458760180065,4.014294563712399,15.152683772641327,15.75521584852702,13.518744440385712,1.0250829079089268,1.0,0.0,13.518744440385712,13.518744440385712,13.518744440385712,11.930550542499955,11.930550542499955,11.442738718803835,16.75148641156355,20.49384116578942,17.48630028982288,20.754026613607977,17.95652825330935,17.95652825330935,9.749173502966254,16.75148641156355,16.868730958213206,17.30197034030998,18.062485990310808,15.535144709540107,15.75521584852702,18.062485990310808,13.518744440385712,13.134394993245213,16.046135376405335,17.07814067082501,16.75148641156355,9.170433037007463,9.170433037007463,12.604579774220847,9.749173502966254,21.62900470177252,28.79813747434985,36.83342987373837,36.29396041559906,13.400242072647245,7.155161786975242,7.3244611431685005,14.861134724057209,13.895568520550373,15.256136461773275,14.152635734772918,14.535100398431926,14.923833514081494,15.224787173049421,13.613420836923499,6.108007711672592,2.4961847344519064,1.3047569159025734,2.363265264994048,3.1972865208877503,1.2106962359320543,11.65717556442824,13.237222718835772,8.020466673527267,9.537867773919602,7.525111870365416,6.321201623090705,19.914534329486184,20.73584500133451,34.176819990499915,37.10426157165651,13.331272377631215,15.958358019521071,8.954736947293615,17.287549956148126,20.52268103106371,13.544451285175358,15.789072904952091,8.973547670831616,6.847914093924464,12.68546298455826,11.65717556442824,18.685690821257754,16.73581199678587,12.94880322776128,15.87685040662259,12.102350041449444,12.616492809209102,13.98334764170498,15.074310453880075
