0.0,3.3714350726692817,3.3714350726692817,7.259222414296018,9.79275787804315,9.456878464470165,3.7148715440558417,1.9093280376532076,4.127874224124054,16.748758965891238,9.151097511563824,9.151097511563824,9.299008997565329,9.299008997565329,12.534312703320019,4.646166737060472,4.646166737060472,5.389454159351698,20.665633467525478,19.38115019623236,13.302506662924804,21.660000452058792,21.660000452058792,19.881787295403015,13.560673053685052,13.560673053685052,19.38115019623236,18.391147240598585,18.247658678018464,15.21430111034111,15.064542031219997,14.55072260901992,9.193061960256866,11.324253808133662,9.454998539281599,14.555735493863427,21.562882488085194,14.555735493863427,14.206086189287255,17.24135333986024,14.474276084901279,16.21436032086364,14.604611108197448,16.89797914832404,7.389964416969082,2.5811595278950916,9.429371839915234,7.3745268955051575,7.7066532097799305,7.03049303287787,1.36724296624754,2.514102327168127,3.001639074186023,4.486862624980894,6.191396498558099,2.8512354908157436,4.649797233656664,2.601840729483745,10.985246244888666,12.422748808901103,27.140201747427206,26.670063084972853,18.101379679745545,26.488276712767284,18.107647657818024,9.984669263570375,7.690796399791855,9.55221390057791,16.43680324390545,15.283854415869875,18.861713127509724,16.80023008079239,19.068485737643766,19.7451931852125,5.395533102853635,1.2093153689456235,23.197584873826976,20.45322490435396,19.300321199039928,12.802464088017722,11.25469781900661,14.958018703856645,10.23955099129417,6.517260045128101,10.057826116794523,17.639866472060206,14.400335950014659,4.417928674205633,8.23429318194936,9.976363137566466,18.730130340496384,23.310365220381485,25.98572931914434,20.973280488934154,11.210833657471674,12.711060244972291,12.17204387060807,7.501111013734867,6.886988585387906,11.244440923424712
3.3714350726692817,0.0,1.0,9.6306574840361,12.164192945388661,11.828313532173215,1.343436471437083,4.280763110160789,1.7564391515829767,14.377323904626744,6.779662441446281,6.779662441446281,6.927573927560551,6.927573927560551,10.162877636373848,2.274731664643027,2.274731664643027,3.018019087162344,23.037068516672417,21.75258524819917,15.673941725800974,24.031435498899388,24.031435498899388,22.25322234629212,15.932108116179597,15.932108116179597,21.75258524819917,20.76258229461622,20.61909373232449,17.585736170219448,17.435977091347514,16.922157669983832,11.564497028232156,13.695688873693571,11.826433606986615,16.927170554819313,23.934317535155785,16.927170554819313,16.577521250796075,19.612788396125826,16.84571114598717,18.585795379015465,16.976046169074984,19.269414205233055,5.018529345690844,1.7902755448419054,7.057936770011804,9.745961965151396,10.078088279147801,9.401928102799832,3.0041921064616317,1.8573327455715005,5.373074146380823,6.858297696542785,8.562831569098659,5.2226705630612935,7.021232305134555,1.7695943432523422,13.356681310865792,10.051313741830612,24.768766708366517,24.29862804465602,15.729944620711422,24.116841671971137,15.73621259879469,7.613234194119247,5.3193613286881085,7.180778830771662,18.808238301658463,17.65528947563165,21.233148180565866,19.17166513788223,21.439920790269795,22.116628236398356,7.766968173910305,3.5807504415856277,25.569019916889257,22.824659953979598,21.67175625117818,15.17389915161243,13.62613288465314,17.329453764159915,12.610986058145084,8.888695115437505,12.42926118384922,20.01130152756295,16.771771011217936,6.789363745802195,10.605728250850365,12.347798204711351,21.101565393823815,25.6818002631565,28.35716435469822,23.344715537379038,13.582268723172561,10.339625178225827,9.800608803263124,9.872546083276426,9.25842365542108,8.873005855123392
3.3714350726692817,1.0,0.0,9.6306574840361,12.164192945388661,11.828313532173215,1.343436471437083,4.280763110160789,1.7564391515829767,14.377323904626744,6.779662441446281,6.779662441446281,6.927573927560551,6.927573927560551,10.162877636373848,2.274731664643027,2.274731664643027,3.018019087162344,23.037068516672417,21.75258524819917,15.673941725800974,24.031435498899388,24.031435498899388,22.25322234629212,15.932108116179597,15.932108116179597,21.75258524819917,20.76258229461622,20.61909373232449,17.585736170219448,17.435977091347514,16.922157669983832,11.564497028232156,13.695688873693571,11.826433606986615,16.927170554819313,23.934317535155785,16.927170554819313,16.577521250796075,19.612788396125826,16.84571114598717,18.585795379015465,16.976046169074984,19.269414205233055,5.018529345690844,1.7902755448419054,7.057936770011804,9.745961965151396,10.078088279147801,9.401928102799832,3.0041921064616317,1.8573327455715005,5.373074146380823,6.858297696542785,8.562831569098659,5.2226705630612935,7.021232305134555,1.7695943432523422,13.356681310865792,10.051313741830612,24.768766708366517,24.29862804465602,15.729944620711422,24.116841671971137,15.73621259879469,7.613234194119247,5.3193613286881085,7.180778830771662,18.808238301658463,17.65528947563165,21.233148180565866,19.17166513788223,21.439920790269795,22.116628236398356,7.766968173910305,3.5807504415856277,25.569019916889257,22.824659953979598,21.67175625117818,15.17389915161243,13.62613288465314,17.329453764159915,12.610986058145084,8.888695115437505,12.42926118384922,20.01130152756295,16.771771011217936,6.789363745802195,10.605728250850365,12.347798204711351,21.101565393823815,25.6818002631565,28.35716435469822,23.344715537379038,13.582268723172561,10.339625178225827,9.800608803263124,9.872546083276426,9.25842365542108,8.873005855123392
7.259222414296018,9.6306574840361,9.6306574840361,0.0,3.5335354669379897,3.1976560528361846,9.974093954865095,6.349894377339222,10.38709663421813,23.007981330632298,15.410319909056469,15.410319909056469,15.558231394577644,15.558231394577644,18.79353508826313,10.905389146188035,10.905389146188035,11.648676566959123,14.406411091023886,13.121927813874517,7.043284259280898,15.400778080416378,15.400778080416378,13.622564915271305,7.301450650729495,7.301450650729495,13.121927813874517,12.131924854050597,11.988436290886535,8.955078712248296,8.805319632654472,8.291500208881477,2.933839548230204,5.0650313998497625,3.195776127644751,8.296513093739959,15.303660115955667,8.296513093739959,7.9468637881362545,10.982130948799183,8.215053684535286,9.955137926092544,8.345388708220408,10.638756755988831,13.649186819700656,8.840381940416787,15.688594236499027,1.1153044813144009,1.4474307959136654,1.2287293816156812,7.626465380195225,8.773324739779596,5.257583341330064,3.772359790699225,2.067825916531742,5.407986924648515,3.6094251820030028,8.861063141977493,4.726023835922293,18.681971194310147,33.39942404072751,32.92928538216934,24.360602036928963,32.74749901145344,24.3668700149652,16.243891658274443,13.950018801691282,15.811436296753456,10.177580849912239,9.024632017998792,12.602490742918274,10.541007688100654,12.809263353932163,13.485970804466263,2.8636893126153824,7.049907045531666,16.93836251025789,14.194002526851227,13.041098816329425,6.5432416830949345,4.995475410579997,8.698796304958798,3.980328580942587,1.7419623697541293,3.798603706129532,11.380644082520359,8.14111354943018,3.84129374148085,1.975070768663611,3.717140726764055,12.470907955351425,17.051142857431334,19.726506971949195,14.71405811390558,4.951611248955773,18.97028262916997,18.43126625705119,1.2418885996640576,1.3722338292219243,17.503663313537874
9.79275787804315,12.164192945388661,12.164192945388661,3.5335354669379897,0.0,1.3358794141446277,12.507629415816893,8.883429841831802,12.920632094669905,25.541516766292663,17.94385536184682,17.94385536184682,18.091766847098167,18.091766847098167,21.32707053424912,13.43892460598438,13.43892460598438,14.182212025761245,11.8728756325495,10.588392353684512,4.5097487935737695,12.86724262340192,12.86724262340192,11.089029455727154,4.767915185169381,4.767915185169381,10.588392353684512,9.598389392669246,9.454900829341966,6.421543247813471,6.271784168104652,5.757964743956927,1.5996959187750641,2.5314959332729963,1.3377593393362646,5.762977628818915,12.770124658793552,5.762977628818915,5.413328322977545,8.44859548617723,5.681518219557604,7.421602462492428,5.81185324333372,8.105221293026187,16.182722275509356,11.373917402639677,18.22212968877964,3.418230985639762,3.086104671078467,3.762264848517023,10.160000843614146,11.306860202073008,7.791118806591446,6.305895256784148,4.601361383246683,7.9415223898122465,6.142960648162707,11.394598604178531,2.1924883692421044,21.215506640541598,35.93295944217353,35.462820785432065,26.8941374688407,35.2810344154118,26.90040544685907,18.777427109511123,16.4835542570098,18.344971748806202,7.644045386513591,6.49109655361826,10.068955282088977,8.007472225043532,10.275727893353588,10.952435344743007,5.397224779078083,9.583442509458875,14.404827055727424,11.660467068079893,10.507563356037881,4.009706217125071,2.4619399439809238,6.165260840328771,1.4467931140818535,4.275497836551158,1.2650682392345804,8.84710862031099,5.607578084401752,6.374829207533208,2.55846469836253,1.1836052598550086,9.937372494365166,14.517607403093896,17.19297152262503,12.180522655870588,2.4180757823429198,21.503818074764126,20.964801703829004,3.291646867306086,3.905769296097175,20.03719876227409
9.456878464470165,11.828313532173215,11.828313532173215,3.1976560528361846,1.3358794141446277,0.0,12.171750002660382,8.547550428144618,12.584752681586668,25.20563735670943,17.60797594986419,17.60797594986419,17.755887435153806,17.755887435153806,20.99119112322575,13.103045192996792,13.103045192996792,13.846332612918031,12.208755045755858,10.924271767096606,4.845628207614542,13.203122036431537,13.203122036431537,11.424908869062087,5.103794599195027,5.103794599195027,10.924271767096606,9.934268806222546,9.79078024291448,6.757422661717884,6.607663582021779,6.093844157915047,1.2638165046316532,2.8673753473956216,1.0018799251916415,6.0988570427766575,13.106004071841108,6.0988570427766575,5.7492077369608845,8.784474899875566,6.017397633521478,7.757481876303084,6.147732657287734,8.441100706763887,15.846842863096802,11.038037989295493,17.886250276869287,3.0823515715338643,2.750225256961922,3.4263854344239433,9.824121430090882,10.97098078871834,7.455239392783878,5.970015842842297,4.265481969192498,7.605642976020167,5.807081234208188,11.058719190837593,2.528367783372711,20.8796272294838,35.597080037301836,35.12694138031159,26.558258059777295,34.94515501019603,26.564526037798146,18.441547697748554,16.147674844667314,18.009092336928138,7.979924800301296,6.826975967516652,10.404834695577046,8.343351638792104,10.61160730681191,11.288314758099373,5.061345365070791,9.247563095858478,14.740706468453718,11.996346481322028,10.843442769462069,4.345585631192224,2.797819358105331,6.5011402542547305,1.7826725282237912,3.939618422480582,1.600947653377983,9.182988033961363,5.943457498371103,6.0389497935968395,2.2225852842325575,1.5194846739989027,10.273251907871815,14.853486815796508,17.528850934708238,12.516402069023895,2.7539551964684126,21.167938663795688,20.62892229269454,2.95576745319593,3.56988988200998,19.70131935086431
3.7148715440558417,1.343436471437083,1.343436471437083,9.974093954865095,12.507629415816893,12.171750002660382,0.0,4.62419958150456,1.4130026801483448,14.033887434556325,6.436225970255614,6.436225970255614,6.58413745638306,6.58413745638306,9.819441165570382,1.9312951932152578,1.9312951932152578,2.674582615751772,23.380504984233447,22.096021716195942,16.01737819550717,24.374871966105214,24.374871966105214,22.59665881412215,16.27554458582503,16.27554458582503,22.096021716195942,21.10601876293109,20.962530200684185,17.92917263945076,17.779413560618103,17.265594139386494,11.907933498764365,14.039125343830577,12.16987007747411,17.27060702422071,24.277754002396996,17.27060702422071,16.920957720284996,19.956224864790748,17.189147615409134,18.929231847975437,17.31948263846399,19.612850673998484,4.6750928743696,2.133712016271958,6.714500298846214,10.089398435964346,10.421524749913358,9.74536457366004,3.3476285778617925,2.2007692170005058,5.716510617656024,7.201734167694683,8.90626804006633,5.566107034347047,7.3646687762708165,2.1130308146827037,13.700117781070444,9.707877271011519,24.425330241290318,23.955191577407916,15.38650815093519,23.77340520465749,15.39277612901989,7.26979772300733,4.975924857385726,6.837342359617529,19.15167477055594,17.9987259448446,21.57658464873147,19.51510160667592,21.7833572583687,22.46006470427427,8.110404644969677,3.9241869129634885,25.91245638351515,23.168096421614482,22.015192719201508,15.517335621433338,13.969569354804172,17.672890233458233,12.954422528492165,9.232131586364757,12.772697654229692,20.354737996108906,17.11520748065847,7.132800216960582,10.94916472153707,12.691234675106616,21.445001862031503,26.025236729738385,28.70060082017733,23.688152004831835,13.925705193332396,9.996188707447518,9.457172332409627,10.215982554071516,9.601860126300453,8.529569384151154
1.9093280376532076,4.280763110160789,4.280763110160789,6.349894377339222,8.883429841831802,8.547550428144618,4.62419958150456,0.0,5.037202261514825,17.658086998097428,10.060425547682774,10.060425547682774,10.208337033630952,10.208337033630952,13.44364073799222,5.555494774368494,5.555494774368494,6.298782196521578,19.756305437551006,18.47182216526419,12.393178628187913,20.750672422900887,20.750672422900887,18.972459264813956,12.651345019076881,12.651345019076881,18.47182216526419,17.481819208911528,17.33833064623061,14.30497307662338,14.15521399741693,13.641394574931176,8.28373392384492,10.414925772502578,8.545670502955428,13.646407459777413,20.653554458845715,13.646407459777413,13.29675815501306,16.332025307389607,13.564948050770967,15.305032287739754,13.69528307413815,15.988651115630097,8.299292453653187,3.4904875654664513,10.33869987593311,6.465198858576482,6.7973251729353485,6.121164995866929,2.2765710038910028,3.4234303647450677,2.092311036578272,3.5775345875145614,5.282068461367169,1.9419074531987879,3.7404691962114303,3.511168767053346,10.075918209120712,13.332076843628581,28.049529770410786,27.579391108470155,19.010707711004276,27.397604736460774,19.01697568907218,10.893997299376952,8.60012443638854,10.461541936550143,15.527475210919324,14.3745263821921,17.95238509615926,15.890902048035773,18.159157706444134,18.83586515451896,4.486205065519071,1.70001266871063,22.28825684601302,19.543896874210407,18.390993168011533,11.893136053039402,10.345369783347055,14.048690669993446,9.330222955242009,5.60793200800359,9.148498080676614,16.730538439854904,13.49100791584438,3.5086006367307068,7.3249651452478215,9.067035101419531,17.82080230905087,22.401037192669996,25.076401294019373,20.063952459207908,10.301505621794265,13.620388279555861,13.081371905457882,6.591782976837701,5.977660548344105,12.153768958704493
4.127874224124054,1.7564391515829767,1.7564391515829767,10.38709663421813,12.920632094669905,12.584752681586668,1.4130026801483448,5.037202261514825,0.0,13.620884755958455,6.023223290364798,6.023223290364798,6.171134776507039,6.171134776507039,9.40643848612106,1.5182925130714666,1.5182925130714666,2.261579935623356,23.793507659560877,22.509024392056553,16.430380873466838,24.787874640998407,24.787874640998407,23.00966148977868,16.68854726370979,16.68854726370979,22.509024392056553,21.519021439181298,21.375532876989315,18.342175316825713,18.19241623804136,17.67859681697225,12.320936177746702,14.452128022322444,12.582872756400796,17.683609701804897,24.690756677333432,17.683609701804897,17.333960397976938,20.369227541470117,17.60215029301863,19.342234525016952,17.732485316032935,20.025853350801153,4.2620901943343314,2.546714696403758,6.301497618983571,10.50240111529726,10.834527429186915,10.158367253052244,3.7606312579489813,2.613771897130567,6.1295132975760325,7.614736847455814,9.319270719593753,5.979109714280823,7.777671456011981,2.5260334948150227,14.113120459646076,9.294874591544202,24.012327566219,23.542188902133244,14.973505472681447,23.360402529305293,14.979773450767821,6.856795043205271,4.562922177370991,6.4243396797677885,19.564677447520705,18.411728622196982,21.989587324798812,19.92810428351329,22.196359934354362,22.873067379986946,8.523407324613055,4.337189593019744,26.325459057699955,23.581099097032244,22.428195395094622,15.930338299534531,14.382572033313407,18.085892910915586,13.3674252072444,9.64513426584125,13.185700333023371,20.76774067264237,17.528210158290836,7.545802896730012,11.362167400712032,13.104237353918675,21.858004538150404,26.43823940386946,29.113603492963158,24.10115468002692,14.338707871852533,9.583186028027187,9.044169652902722,10.628985233382052,10.014862805716724,8.116566704508074
16.748758965891238,14.377323904626744,14.377323904626744,23.007981330632298,25.541516766292663,25.20563735670943,14.033887434556325,17.658086998097428,13.620884755958455,0.0,8.597661476581786,8.597661476581786,8.44974999054276,8.44974999054276,5.2144462800351405,13.102592244693582,13.102592244693582,12.359304824462248,36.414392182627616,35.129908936238735,29.051265504614083,37.4087591470623,37.4087591470623,35.630546025844644,29.309431891598436,29.309431891598436,35.129908936238735,34.13990599898569,33.99641743901085,30.963059922927464,30.81330084618139,30.299481432006893,24.941820855572825,27.073012677159618,25.203757431542968,30.304494316773017,37.31164118508321,30.304494316773017,29.95484501755042,32.99011211870567,30.223034909066,31.963119117174692,30.353369930351654,32.64673793309389,10.358794570415043,15.16759944605001,8.319387148146745,23.123285810663706,23.45541212149255,22.77925195152204,16.38151600167476,15.23465664647195,18.750398027299866,20.235621566748776,21.9401554253458,18.599994444989942,20.39855617408311,15.146918244554774,26.734005118315736,5.326010174743117,11.391442879017081,10.921304210481706,2.3526207221611557,10.739517835967233,2.3588887002751777,7.764089724158403,10.057962587880242,8.196545087429445,32.18556203649817,31.03261322734767,34.61047187724849,32.54898886723317,34.817244483531724,35.49395191828176,21.144292036896324,16.958074333635782,38.946343536344045,36.20198362365671,35.04907994057356,28.551222936883665,27.00345668894233,30.706777520497536,25.988309874110303,22.266018968813533,25.806585001837963,33.388625243923066,30.14909477531451,20.166687616535288,23.983052088023967,25.72512202360062,34.478889092669576,39.059123880448375,41.73448791838909,36.722039197894375,26.959592527979318,5.03769873790662,5.576715113653112,23.249869927589444,22.635747505460778,6.504318062726702
9.151097511563824,6.779662441446281,6.779662441446281,15.410319909056469,17.94385536184682,17.60797594986419,6.436225970255614,10.060425547682774,6.023223290364798,8.597661476581786,0.0,1.0,1.1479114862299378,1.1479114862299378,4.383215199016372,5.50493077756113,5.50493077756113,4.761643355285713,28.81673087707744,27.532247616858935,21.453604127589838,29.81109785261341,29.81109785261341,28.032884711786604,21.711770516760602,21.711770516760602,27.532247616858935,26.542244669339528,26.39875610790507,23.365398562644845,23.215639484541366,22.70182006576902,17.344159446870496,19.475351284151916,17.6060960246844,22.70683295057956,29.71397988953488,22.70683295057956,22.357183648280156,25.392450777565063,22.625373542151923,24.36545776615693,22.755708564591686,25.04907658860995,2.7611330966892544,7.569937985602861,1.278274328787921,15.525624389818987,15.857750702779573,15.181590528509602,8.783854545848559,7.636995186266712,11.15273658196513,12.637960128986418,14.342493997218972,11.002332998931127,12.800894737198137,7.549256784033336,19.136343722705764,4.271651304290197,18.989104323255145,18.51896565698908,9.95028219664685,18.337179283331615,9.956550174749683,1.8335717534002007,2.4603011135904245,1.4011163896524539,24.587900687588572,23.434951867698143,27.01281055243949,24.951327521805,27.21958316087266,27.896290602763056,13.546630604144852,9.360412880183583,31.348682259740304,28.604322315779886,27.45141862034276,20.953561555690577,19.405795295397443,23.109116157896743,18.39064847291704,14.668357542643806,18.208923599313387,25.790963906714186,22.55143340774833,12.569026178404505,16.38539067277653,18.12746062048298,26.881227766500203,31.461462605186043,34.136826676249655,29.12437789574197,19.36193113409653,4.559962741164895,4.020946365323575,15.652208507552668,15.038086081556312,3.093343415851103
9.151097511563824,6.779662441446281,6.779662441446281,15.410319909056469,17.94385536184682,17.60797594986419,6.436225970255614,10.060425547682774,6.023223290364798,8.597661476581786,1.0,0.0,1.1479114862299378,1.1479114862299378,4.383215199016372,5.50493077756113,5.50493077756113,4.761643355285713,28.81673087707744,27.532247616858935,21.453604127589838,29.81109785261341,29.81109785261341,28.032884711786604,21.711770516760602,21.711770516760602,27.532247616858935,26.542244669339528,26.39875610790507,23.365398562644845,23.215639484541366,22.70182006576902,17.344159446870496,19.475351284151916,17.6060960246844,22.70683295057956,29.71397988953488,22.70683295057956,22.357183648280156,25.392450777565063,22.625373542151923,24.36545776615693,22.755708564591686,25.04907658860995,2.7611330966892544,7.569937985602861,1.278274328787921,15.525624389818987,15.857750702779573,15.181590528509602,8.783854545848559,7.636995186266712,11.15273658196513,12.637960128986418,14.342493997218972,11.002332998931127,12.800894737198137,7.549256784033336,19.136343722705764,4.271651304290197,18.989104323255145,18.51896565698908,9.95028219664685,18.337179283331615,9.956550174749683,1.8335717534002007,2.4603011135904245,1.4011163896524539,24.587900687588572,23.434951867698143,27.01281055243949,24.951327521805,27.21958316087266,27.896290602763056,13.546630604144852,9.360412880183583,31.348682259740304,28.604322315779886,27.45141862034276,20.953561555690577,19.405795295397443,23.109116157896743,18.39064847291704,14.668357542643806,18.208923599313387,25.790963906714186,22.55143340774833,12.569026178404505,16.38539067277653,18.12746062048298,26.881227766500203,31.461462605186043,34.136826676249655,29.12437789574197,19.36193113409653,4.559962741164895,4.020946365323575,15.652208507552668,15.038086081556312,3.093343415851103
9.299008997565329,6.927573927560551,6.927573927560551,15.558231394577644,18.091766847098167,17.755887435153806,6.58413745638306,10.208337033630952,6.171134776507039,8.44974999054276,1.1479114862299378,1.1479114862299378,0.0,1.0,4.235303712823365,5.652842263720306,5.652842263720306,4.909554841466004,28.964642360676688,27.680159100695153,21.601515612395527,29.95900933602153,29.95900933602153,28.180796195531794,21.859682001530214,21.859682001530214,27.680159100695153,26.69015615335073,26.546667591941077,23.513310047172652,23.363550969091833,22.84973155039609,17.49207093218964,19.623262769219068,17.754007509974233,22.854744435205887,29.861891372961967,22.854744435205887,22.505095132957603,25.54036226177115,22.77328502679023,24.513369250529493,22.903620049210804,25.196988072872497,2.9090445829078444,7.717849471683775,1.1303628425581058,15.673535875328826,16.005662188256252,15.329502014052997,8.931766031870016,7.784906672344602,11.300648067841859,12.785871614753043,14.490405482840849,11.150244484818177,12.948806222951783,7.697168270115174,19.284255207815058,4.12373981809474,18.841192838106895,18.37105417178484,9.802370710682617,18.18926779810612,9.808638688785825,1.6856602671721919,2.608212599812436,1.253204903422859,24.73581217192568,23.582863352215373,27.16072203636835,25.099239006083472,27.36749464476485,28.044202086533247,13.694542089836762,9.508324366173309,31.49659374283965,28.75223379941909,27.599330104193506,21.10147304056487,19.553706780473306,23.257027642463246,18.538559958116295,14.81626902823577,18.35683508453399,25.938875390853738,22.699344892397484,12.716937664176577,16.533302158199007,18.275372105713082,27.029139250452232,31.6093740882621,34.2847381587481,29.272289379282807,19.509842619177874,4.412051254975941,3.8730348791229217,15.800119993049965,15.185997567113468,2.945431929634906
9.299008997565329,6.927573927560551,6.927573927560551,15.558231394577644,18.091766847098167,17.755887435153806,6.58413745638306,10.208337033630952,6.171134776507039,8.44974999054276,1.1479114862299378,1.1479114862299378,1.0,0.0,4.235303712823365,5.652842263720306,5.652842263720306,4.909554841466004,28.964642360676688,27.680159100695153,21.601515612395527,29.95900933602153,29.95900933602153,28.180796195531794,21.859682001530214,21.859682001530214,27.680159100695153,26.69015615335073,26.546667591941077,23.513310047172652,23.363550969091833,22.84973155039609,17.49207093218964,19.623262769219068,17.754007509974233,22.854744435205887,29.861891372961967,22.854744435205887,22.505095132957603,25.54036226177115,22.77328502679023,24.513369250529493,22.903620049210804,25.196988072872497,2.9090445829078444,7.717849471683775,1.1303628425581058,15.673535875328826,16.005662188256252,15.329502014052997,8.931766031870016,7.784906672344602,11.300648067841859,12.785871614753043,14.490405482840849,11.150244484818177,12.948806222951783,7.697168270115174,19.284255207815058,4.12373981809474,18.841192838106895,18.37105417178484,9.802370710682617,18.18926779810612,9.808638688785825,1.6856602671721919,2.608212599812436,1.253204903422859,24.73581217192568,23.582863352215373,27.16072203636835,25.099239006083472,27.36749464476485,28.044202086533247,13.694542089836762,9.508324366173309,31.49659374283965,28.75223379941909,27.599330104193506,21.10147304056487,19.553706780473306,23.257027642463246,18.538559958116295,14.81626902823577,18.35683508453399,25.938875390853738,22.699344892397484,12.716937664176577,16.533302158199007,18.275372105713082,27.029139250452232,31.6093740882621,34.2847381587481,29.272289379282807,19.509842619177874,4.412051254975941,3.8730348791229217,15.800119993049965,15.185997567113468,2.945431929634906
12.534312703320019,10.162877636373848,10.162877636373848,18.79353508826313,21.32707053424912,20.99119112322575,9.819441165570382,13.44364073799222,9.40643848612106,5.2144462800351405,4.383215199016372,4.383215199016372,4.235303712823365,4.235303712823365,0.0,8.888145973834135,8.888145973834135,8.144858552227324,32.199946008976184,30.915462754498424,24.836819288922275,33.19431297989201,33.19431297989201,31.41609984721907,25.094985677203358,25.094985677203358,30.915462754498424,29.92545981122878,29.781971250397643,26.74861371714374,26.59885463959603,26.085035222704064,20.727374620973247,22.858566451958676,20.989311198051283,26.090048107496457,33.09719501727148,26.090048107496457,25.74039880645349,28.775665924199004,26.008588699363237,27.7486729168553,26.138923721331437,28.43229173662105,6.144348295006341,10.95315317957018,4.104940870295131,18.908839568737577,19.240965880856862,18.564805708281632,12.167069738152788,11.020210380148107,14.535951770367578,16.0211753144997,17.72570917899566,14.385548187607114,16.184109922373686,10.932471978027012,22.51955889156111,1.1115638947543374,15.605889144488945,15.135750477059537,6.5670670014732755,14.953964102961356,6.573334979583128,3.549643445780181,5.843516312060882,3.9820988094562297,27.971115837420484,26.818167021937732,30.39602569232774,28.33454267020478,30.60279829987076,31.279505738801546,16.92984578772218,12.743628071618094,34.731897379572324,31.987537448645625,30.83463375833492,24.336776718716838,22.7890104634208,26.492331313344604,21.77386364401621,18.051572723654935,21.592138770946317,29.17417905172688,25.934648565225984,15.952241364059438,19.768605849482142,21.510675792353513,30.264442906951444,34.84467772445741,37.520041781641154,32.507593026227696,22.7451463022561,1.1767475421970701,1.362268833777238,19.035423686152626,18.421301261678913,2.28987178337362
4.646166737060472,2.274731664643027,2.274731664643027,10.905389146188035,13.43892460598438,13.103045192996792,1.9312951932152578,5.555494774368494,1.5182925130714666,13.102592244693582,5.50493077756113,5.50493077756113,5.652842263720306,5.652842263720306,8.888145973834135,0.0,1.0,1.7432874225629895,24.31180016633109,23.027316899510037,16.948673383621536,25.306167147212715,25.306167147212715,23.527953996970513,17.206839773767616,17.206839773767616,23.027316899510037,22.037313947134614,21.893825385013137,18.86046782622554,18.71070874750346,18.19688932664393,12.839228689230083,14.970420533166822,13.10116526781145,18.201902211474568,25.209049183603064,18.201902211474568,17.852252907785683,20.887520049974672,18.120442802720962,19.860527033987303,18.25077782568293,20.54414585946424,3.743797681368801,3.0650072094374083,5.7832051062121925,11.020693627240647,11.352819941052147,10.676659765073826,4.278923770913265,3.1320644101612958,6.647805810304396,8.133029359968422,9.83756323179428,6.497402227028121,8.295963968497738,3.0443260078495515,14.63141297059931,8.776582079235922,23.494035059265165,23.02389639492938,14.455212961833519,22.84211002200615,14.461480939921925,6.338502530503796,4.044629664427914,5.906047167011246,20.082969956392294,18.930021131567713,22.507879832517457,20.446396792220987,22.71465244196822,23.391359887250765,9.04169983696787,4.855482105938853,26.843751563008325,24.099391603918153,22.946487902589784,16.448630809872334,14.900864544180342,18.604185420421643,13.885717718427486,10.163426777974266,13.703992844260467,21.28603318095943,18.046502668022676,8.06409540925379,11.880459912447717,13.622529865179727,22.376297045935193,26.956531909109167,29.631895996485163,24.619447186627664,14.857000382733634,9.064893515774695,8.525877140547529,11.147277745295959,10.533155317770094,7.59827419199222
4.646166737060472,2.274731664643027,2.274731664643027,10.905389146188035,13.43892460598438,13.103045192996792,1.9312951932152578,5.555494774368494,1.5182925130714666,13.102592244693582,5.50493077756113,5.50493077756113,5.652842263720306,5.652842263720306,8.888145973834135,1.0,0.0,1.7432874225629895,24.31180016633109,23.027316899510037,16.948673383621536,25.306167147212715,25.306167147212715,23.527953996970513,17.206839773767616,17.206839773767616,23.027316899510037,22.037313947134614,21.893825385013137,18.86046782622554,18.71070874750346,18.19688932664393,12.839228689230083,14.970420533166822,13.10116526781145,18.201902211474568,25.209049183603064,18.201902211474568,17.852252907785683,20.887520049974672,18.120442802720962,19.860527033987303,18.25077782568293,20.54414585946424,3.743797681368801,3.0650072094374083,5.7832051062121925,11.020693627240647,11.352819941052147,10.676659765073826,4.278923770913265,3.1320644101612958,6.647805810304396,8.133029359968422,9.83756323179428,6.497402227028121,8.295963968497738,3.0443260078495515,14.63141297059931,8.776582079235922,23.494035059265165,23.02389639492938,14.455212961833519,22.84211002200615,14.461480939921925,6.338502530503796,4.044629664427914,5.906047167011246,20.082969956392294,18.930021131567713,22.507879832517457,20.446396792220987,22.71465244196822,23.391359887250765,9.04169983696787,4.855482105938853,26.843751563008325,24.099391603918153,22.946487902589784,16.448630809872334,14.900864544180342,18.604185420421643,13.885717718427486,10.163426777974266,13.703992844260467,21.28603318095943,18.046502668022676,8.06409540925379,11.880459912447717,13.622529865179727,22.376297045935193,26.956531909109167,29.631895996485163,24.619447186627664,14.857000382733634,9.064893515774695,8.525877140547529,11.147277745295959,10.533155317770094,7.59827419199222
5.389454159351698,3.018019087162344,3.018019087162344,11.648676566959123,14.182212025761245,13.846332612918031,2.674582615751772,6.298782196521578,2.261579935623356,12.359304824462248,4.761643355285713,4.761643355285713,4.909554841466004,4.909554841466004,8.144858552227324,1.7432874225629895,1.7432874225629895,0.0,25.055087579358133,23.770604313544467,17.69196080165998,26.049454559421232,26.049454559421232,24.271241410619005,17.950127191661622,17.950127191661622,23.770604313544467,22.780601361907056,22.637112799889778,19.60375524314049,19.453996164510908,18.940176743962958,13.582516109262025,15.71370795223672,13.844452687733485,18.945189628790597,25.952336595893012,18.945189628790597,18.59554032530865,21.6308074655623,18.863730220085575,20.603814450264917,18.994065242969704,21.287433275286563,3.0005102588989714,3.808294631901938,5.039917683977119,11.763981047971232,12.096107361663535,11.419947185923922,5.022211193252315,3.875351832620201,7.391093232254381,8.876316781577177,10.580850652918972,7.240689649008476,9.039251390064495,3.7876134303157856,15.374700389832585,8.033294657600877,22.750747644993776,22.280608980309488,13.711925542171155,22.09882260725351,13.718193520262341,5.5952151083570785,3.3013422419838405,5.162759744794817,20.82625737252351,19.673308548439433,23.251167246943268,21.189684208109387,23.457939856239346,24.13464730100541,9.784987258330876,5.598769528200768,27.587038973884706,24.842679017115664,23.689775316685722,17.19191822818409,15.644151963284076,19.347472837494436,14.62900513800636,10.906714198995163,14.44728026392069,22.02932059626962,18.789790085431186,8.807382830880044,12.623747332862026,14.365817284876055,23.119584460458704,27.69981931988466,30.375183404739982,25.362734599405062,15.600287801858626,8.321606094213479,7.7825897188505735,11.89056516598156,11.27644273866885,6.854986770084723
20.665633467525478,23.037068516672417,23.037068516672417,14.406411091023886,11.8728756325495,12.208755045755858,23.380504984233447,19.756305437551006,23.793507659560877,36.414392182627616,28.81673087707744,28.81673087707744,28.964642360676688,28.964642360676688,32.199946008976184,24.31180016633109,24.31180016633109,25.055087579358133,0.0,2.2844832819367067,8.363126845418154,1.994366993796013,1.994366993796013,1.7838461787947848,8.104960454054055,8.104960454054055,2.2844832819367067,3.2744862447575143,3.417974808305901,6.451332392104856,6.601091471806889,7.114910895846325,12.472571549609933,10.341379702842442,12.210634970942083,7.109898010986028,1.8972490288783956,7.109898010986028,7.459547316679319,4.424280152732635,7.191357420218287,5.451273177184498,7.061022396487066,4.76765434619869,27.055597809576767,22.246792980298537,29.09500520089308,14.291106610180261,13.958980296891422,14.635140471681545,21.03287643046112,22.17973578025853,18.66399440925904,17.178770867947613,15.474237002808145,18.814397991558316,17.015836260191417,22.267474181674512,10.68038726618468,32.0883821166948,46.80583467696083,46.33569602958656,37.76701286456946,46.15390966315898,37.77328084249023,29.650302615289384,27.35642978796857,29.217847259531357,5.228830253041829,6.381779086299415,2.803920354540569,4.865403414260267,2.597147742890706,1.9204402900912712,16.27010039489835,20.45631810041327,3.531951431645272,1.212408565034401,2.365312279749091,8.863169421323947,10.410935691997889,6.707614799571137,11.426082519628666,15.14837345755349,11.60780739401571,4.025767018159527,7.265297555344902,17.247704818326632,13.431340326084085,11.689270373183634,2.935503142498434,3.6447317794633936,6.320095911571992,1.3076470241790636,10.454799853548494,32.37669354721916,31.837677183164487,14.164522492338037,14.778644918670334,30.91007425311297
19.38115019623236,21.75258524819917,21.75258524819917,13.121927813874517,10.588392353684512,10.924271767096606,22.096021716195942,18.47182216526419,22.509024392056553,35.129908936238735,27.532247616858935,27.532247616858935,27.680159100695153,27.680159100695153,30.915462754498424,23.027316899510037,23.027316899510037,23.770604313544467,2.2844832819367067,0.0,7.078643564800535,3.278850275665894,3.278850275665894,1.5006371031534924,6.820477173336153,6.820477173336153,1.0,1.9900029628871962,2.1334915264499994,5.166849110837691,5.3166081905828335,5.830427614780223,11.18808827111693,9.056896423123524,10.926151692284003,5.82541472991831,3.181732310757374,5.82541472991831,6.175064035727875,3.139796871011938,5.906874139177015,4.166789895663323,5.776539115403669,3.4831710645377876,25.771114546635413,20.962309710848896,27.810521941121443,13.006623332944612,12.67449701941162,13.35065719470564,19.748393159583085,20.895252510727726,17.379511135842776,15.894287593108078,14.189753726494951,17.529914718293405,15.731352985203635,20.982990912249953,9.39590398664289,30.803898862017054,45.521351454955045,45.051212806341354,36.48252962099704,44.86942643943799,36.48879759893113,28.365819356423046,26.071946525479447,27.93336399995844,3.944346971472164,5.097295805012678,1.51943707263149,3.5809201326176554,1.3126644609687235,1.3640429918553154,14.98561711925197,19.171834828887114,4.816434713296983,2.07207471690902,1.0808289978156385,7.578686140911734,9.126452412314762,5.4231315183785505,10.141599240500295,13.86389018097801,10.323324114993053,2.741283736378149,5.980814274327972,15.96322154355029,12.146857048229743,10.404787094208992,1.6510198605988782,4.92921506109361,7.604579192472174,2.592130306101326,9.170316573888082,31.092210293059747,30.553193928039967,12.880039215008562,13.49416164180483,29.62559099636743
13.302506662924804,15.673941725800974,15.673941725800974,7.043284259280898,4.5097487935737695,4.845628207614542,16.01737819550717,12.393178628187913,16.430380873466838,29.051265504614083,21.453604127589838,21.453604127589838,21.601515612395527,21.601515612395527,24.836819288922275,16.948673383621536,16.948673383621536,17.69196080165998,8.363126845418154,7.078643564800535,0.0,9.357493837809947,9.357493837809947,7.579280667494662,1.2581663916738484,1.2581663916738484,7.078643564800535,6.088640602615842,5.94515203913217,2.9117944550734407,2.762035375278077,2.248215950860857,5.109444712150689,2.9782528605444085,4.8475081328055465,2.2532288357252703,9.26037587304421,2.2532288357252703,1.9035795297245244,4.938846694963805,2.1717694264250706,3.9118536704228797,2.3021044502639207,4.5954725015076185,19.69247104628935,14.883666184641607,21.73187845368132,6.927979778061094,6.595853463713755,7.272013640698042,13.669749627862716,14.816608984205214,11.300867594543272,9.8156440465984,8.111110174761823,11.451271177555723,9.652709438159716,14.904347386140138,3.317260424553873,24.72525539560901,39.44270812804878,38.97256947405247,30.403886201311924,38.79078310508421,30.41015417930251,22.287175872696842,19.993303026964583,21.854720513332538,4.134296594615066,2.981347760919653,6.559206492571735,4.497723433441569,6.765979104083223,7.442686556328756,8.90697356985714,13.093191294691687,10.895078272829565,8.150718280640376,6.997814567052505,1.500042576569736,3.0478088498335913,2.6555120474428326,4.0629556796019575,7.785246628338324,4.244680554408346,5.337359829475513,2.097829291234845,9.884577997268854,6.068213491301273,4.326143533767866,6.4276237046944065,11.007858620408653,13.683222745584988,8.670773869198484,3.0916730114693736,25.013566828808603,24.474550459775102,6.801395659811054,7.415518088172331,23.546947521383846
