0.0,1.040099065512191,1.0338335880729832,1.0,1.0338335880729832,1.0091893712561792,29.549397121643153,29.549397121643153,25.004343134793494,27.198483850517988,9.627275570713088,27.271191298179616,27.271191298179616,29.371383443599978,29.706099686220472,9.479391738086415,9.341116466201964,17.830315803943233,17.830315803943233,17.830315803943233,17.830315803943233,32.80386963742514,32.661786199224984,32.661786199224984,32.661786199224984,32.661786199224984,32.661786199224984,38.62870873115499,38.62870873115499,1.0350866836090988,2.382179030025312,7.211044186231251,11.062684405990579,4.320367701317423,10.770252922693146,11.334229045237258,24.566024844436587,24.566024844436587,29.95222790536597,30.466216684274524,11.931631044757534,29.647179479845782,29.8352228690764,31.109752792794243,19.593878548088416,1.9937124744611294,5.845059009569096,8.267926046779763,14.212668473545238,14.083156986397158,16.050922463607492,40.771879463751155,38.72817577853097,38.68220359581363,37.94665287185476,36.17049763576844,36.70542895029938,46.50627779558959,43.287933863494935,3.4556948514365913
1.040099065512191,0.0,1.006265477439208,1.040099065512191,1.006265477439208,1.030909694256012,29.589496185468427,29.589496185468427,25.044442199112208,27.238582914609083,9.667374636070393,27.311290362262834,27.311290362262834,29.41148250744617,29.746198750027215,9.519490803448967,9.381215531569344,17.87041486886783,17.87041486886783,17.87041486886783,17.87041486886783,32.843968700844954,32.70188526266341,32.70188526266341,32.70188526266341,32.70188526266341,32.70188526266341,38.66880779374065,38.66880779374065,1.0050123819030925,2.4222780955334278,7.251143251662997,11.102783471292225,4.360466766806487,10.810351988006826,11.37432811052742,24.606123908798395,24.606123908798395,29.99232696914341,30.50631574798997,11.971730110021353,29.68727854365949,29.875321932867802,31.149851856430548,19.633977612883722,2.0338115399711905,5.88515807503224,8.30802511218192,14.252767538694911,14.123256051553886,16.09102152864955,40.81197852599494,38.76827484110118,38.722302658391,37.98675193454529,36.21059669872311,36.74552801317584,46.546376856826214,43.328032925313366,3.4957939169360785
1.0338335880729832,1.006265477439208,0.0,1.0338335880729832,1.0,1.0246442168168044,29.58323070829311,29.58323070829311,25.038176721859745,27.23231743739221,9.661109158655483,27.30502488504719,27.30502488504719,29.405217030267583,29.739933272854795,9.513225326033233,9.374950054152853,17.864149391520616,17.864149391520616,17.864149391520616,17.864149391520616,32.83770322373303,32.69561978554857,32.69561978554857,32.69561978554857,32.69561978554857,32.69561978554857,38.66254231675912,38.66254231675912,1.0012530955361156,2.4160126180948716,7.244877774236428,11.096517993886025,4.3542012893709305,10.804086510598742,11.368062633123017,24.599858431539193,24.599858431539193,29.986061491975573,30.50005027083182,11.965464632621073,29.681013066485992,29.869056455697784,31.143586379284777,19.627712135556727,2.027546062532327,5.878892597600748,8.301759634759986,14.24650206131249,14.116990574170364,16.08475605128396,40.80571304906685,38.76200936412207,38.71603718141077,37.98048645754737,36.2043312216839,36.73926253614886,46.54011138005558,43.32176744845177,3.4895284394988826
1.0,1.040099065512191,1.0338335880729832,0.0,1.0338335880729832,1.0091893712561792,29.549397121643153,29.549397121643153,25.004343134793494,27.198483850517988,9.627275570713088,27.271191298179616,27.271191298179616,29.371383443599978,29.706099686220472,9.479391738086415,9.341116466201964,17.830315803943233,17.830315803943233,17.830315803943233,17.830315803943233,32.80386963742514,32.661786199224984,32.661786199224984,32.661786199224984,32.661786199224984,32.661786199224984,38.62870873115499,38.62870873115499,1.0350866836090988,2.382179030025312,7.211044186231251,11.062684405990579,4.320367701317423,10.770252922693146,11.334229045237258,24.566024844436587,24.566024844436587,29.95222790536597,30.466216684274524,11.931631044757534,29.647179479845782,29.8352228690764,31.109752792794243,19.593878548088416,1.9937124744611294,5.845059009569096,8.267926046779763,14.212668473545238,14.083156986397158,16.050922463607492,40.771879463751155,38.72817577853097,38.68220359581363,37.94665287185476,36.17049763576844,36.70542895029938,46.50627779558959,43.287933863494935,3.4556948514365913
1.0338335880729832,1.006265477439208,1.0,1.0338335880729832,0.0,1.0246442168168044,29.58323070829311,29.58323070829311,25.038176721859745,27.23231743739221,9.661109158655483,27.30502488504719,27.30502488504719,29.405217030267583,29.739933272854795,9.513225326033233,9.374950054152853,17.864149391520616,17.864149391520616,17.864149391520616,17.864149391520616,32.83770322373303,32.69561978554857,32.69561978554857,32.69561978554857,32.69561978554857,32.69561978554857,38.66254231675912,38.66254231675912,1.0012530955361156,2.4160126180948716,7.244877774236428,11.096517993886025,4.3542012893709305,10.804086510598742,11.368062633123017,24.599858431539193,24.599858431539193,29.986061491975573,30.50005027083182,11.965464632621073,29.681013066485992,29.869056455697784,31.143586379284777,19.627712135556727,2.027546062532327,5.878892597600748,8.301759634759986,14.24650206131249,14.116990574170364,16.08475605128396,40.80571304906685,38.76200936412207,38.71603718141077,37.98048645754737,36.2043312216839,36.73926253614886,46.54011138005558,43.32176744845177,3.4895284394988826
1.0091893712561792,1.030909694256012,1.0246442168168044,1.0091893712561792,1.0246442168168044,0.0,29.558586492513168,29.558586492513168,25.013532505776524,27.207673221448882,9.6364649419339,27.280380669108705,27.280380669108705,29.380572814474775,29.715289057086242,9.488581109308427,9.35030583742508,17.839505175065003,17.839505175065003,17.839505175065003,17.839505175065003,32.81305900820229,32.670975570006384,32.670975570006384,32.670975570006384,32.670975570006384,32.670975570006384,38.63789810174105,38.63789810174105,1.0258973123529198,2.3913684012805776,7.220233557469087,11.071873777198654,4.329557072568351,10.77944229390398,11.343418416442706,24.575214215429483,24.575214215429483,29.961417276225028,30.475406055119382,11.940820415956953,29.656368850713147,29.844412239938652,31.11894216362097,19.603067919180578,2.0029018457168357,5.854248380814105,8.277115418010833,14.221857844718535,14.09234635757207,16.060111834756153,40.78106883425891,38.737365149113494,38.69139296639781,37.955842242464854,36.17968700643904,36.714618320952056,46.515467165866625,43.29712323390524,3.464884222689895
29.549397121643153,29.589496185468427,29.58323070829311,29.549397121643153,29.58323070829311,29.558586492513168,0.0,1.0,5.545054146958336,3.350913361488476,20.922121803593413,3.2782059112744637,3.2782059112744637,1.178013685451296,1.1567025711752459,21.070005633736603,21.20828090324069,12.719081607381202,12.719081607381202,12.719081607381202,12.719081607381202,4.25447266754551,4.112389222073576,4.112389222073576,4.112389222073576,4.112389222073576,4.112389222073576,10.0793121101175,10.0793121101175,29.58448380377646,28.16721814686299,23.33835313942877,19.486712989076704,26.229029543544637,19.77914446863644,19.215168353075452,5.98337244955882,5.98337244955882,1.4028308008288772,1.9168196022526698,18.617766359931537,1.0977823623113048,1.2858257595218388,2.5603557400512136,10.955518845375607,28.55568468747001,24.704338280979446,22.281471302274216,16.336728945835453,16.466240432559,14.49847495648378,12.222482995967319,10.178779164309933,10.13280697843856,9.397256204853226,7.621100855437483,8.15603220313189,17.956881803631802,14.738537592703329,27.093702364469873
29.549397121643153,29.589496185468427,29.58323070829311,29.549397121643153,29.58323070829311,29.558586492513168,1.0,0.0,5.545054146958336,3.350913361488476,20.922121803593413,3.2782059112744637,3.2782059112744637,1.178013685451296,1.1567025711752459,21.070005633736603,21.20828090324069,12.719081607381202,12.719081607381202,12.719081607381202,12.719081607381202,4.25447266754551,4.112389222073576,4.112389222073576,4.112389222073576,4.112389222073576,4.112389222073576,10.0793121101175,10.0793121101175,29.58448380377646,28.16721814686299,23.33835313942877,19.486712989076704,26.229029543544637,19.77914446863644,19.215168353075452,5.98337244955882,5.98337244955882,1.4028308008288772,1.9168196022526698,18.617766359931537,1.0977823623113048,1.2858257595218388,2.5603557400512136,10.955518845375607,28.55568468747001,24.704338280979446,22.281471302274216,16.336728945835453,16.466240432559,14.49847495648378,12.222482995967319,10.178779164309933,10.13280697843856,9.397256204853226,7.621100855437483,8.15603220313189,17.956881803631802,14.738537592703329,27.093702364469873
25.004343134793494,25.044442199112208,25.038176721859745,25.004343134793494,25.038176721859745,25.013532505776524,5.545054146958336,5.545054146958336,0.0,3.194140786671445,16.377067728136986,3.2668482368868705,3.2668482368868705,5.367040461688085,5.701756717962002,16.5249515595049,16.66322683016341,8.174027480027824,8.174027480027824,8.174027480027824,8.174027480027824,8.79952680859464,8.657443363483548,8.657443363483548,8.657443363483548,8.657443363483548,8.657443363483548,14.624366228297506,14.624366228297506,25.039429817358517,23.622164143466893,18.793299085267375,14.941658902265214,21.683975518457533,15.234090384059979,14.67011426422443,1.4383183031094557,1.4383183031094557,5.947884947323061,6.461873748044949,14.072712266715097,5.6428365091639145,5.830879906158622,7.105409884791347,6.410464710975316,24.010630688633654,20.159284240068413,17.73641723846139,11.791674837487756,11.921186325005209,9.953420837713791,16.767537101768564,14.72383328196259,14.67786109633552,13.942310326525643,12.166154985191005,12.70108633060576,22.501935865840892,19.283591681253817,22.548648348841684
27.198483850517988,27.238582914609083,27.23231743739221,27.198483850517988,27.23231743739221,27.207673221448882,3.350913361488476,3.350913361488476,3.194140786671445,0.0,18.571208484355896,1.0727074502339646,1.0727074502339646,3.1728996760837633,3.5076159326164,18.719092315171668,18.857367585309433,10.368168259131519,10.368168259131519,10.368168259131519,10.368168259131519,6.605386026837862,6.463302581515008,6.463302581515008,6.463302581515008,6.463302581515008,6.463302581515008,12.430225459120802,12.430225459120802,27.23357053288387,25.816304866813827,20.98743983184482,17.135799663586337,23.878116251763473,17.428231144379446,16.86425502645836,3.6324590896510713,3.6324590896510713,3.753744162183768,4.267732963380388,16.266853030898513,3.4486957237709457,3.636739120919557,4.911269100804846,8.604605493014695,26.204771409882053,22.353424980610324,19.93055798941868,13.985815608372793,14.115327095541225,12.147561613144246,14.573396339134337,12.52969251306676,12.483720327309596,11.748169555482646,9.972014209777262,10.506945556433944,20.307795125766948,17.089450927612635,24.742789077809892
9.627275570713088,9.667374636070393,9.661109158655483,9.627275570713088,9.661109158655483,9.6364649419339,20.922121803593413,20.922121803593413,16.377067728136986,18.571208484355896,0.0,18.643915933432286,18.643915933432286,20.74410812173616,21.078824371551363,1.147883833184976,1.2861591055738528,9.203040294641042,9.203040294641042,9.203040294641042,9.203040294641042,24.176594394038656,24.03451095238362,24.03451095238362,24.03451095238362,24.03451095238362,24.03451095238362,30.00143364473429,30.00143364473429,9.662362254186739,8.245096545149842,3.416231391165221,2.435408841707266,6.306907877245511,2.142977356951291,2.7069534823764014,15.93874943020109,15.93874943020109,21.32495259605053,21.83894138631173,3.304355485256851,21.019904163903004,21.20794755720925,22.48247750937447,10.966603059791023,8.633563099632095,4.782216569306151,2.359349528332626,5.585392929792211,5.455881441626236,7.423646935908365,32.144604442608944,30.10090069505041,30.054928510973113,29.31937776550809,27.543222479455995,28.07815380874268,37.879002968985674,34.66065892414848,7.1715807260287106
27.271191298179616,27.311290362262834,27.30502488504719,27.271191298179616,27.30502488504719,27.280380669108705,3.2782059112744637,3.2782059112744637,3.2668482368868705,1.0727074502339646,18.643915933432286,0.0,1.0,3.1001922258668,3.434908482405182,18.791799764228514,18.93007503434785,10.440875709035552,10.440875709035552,10.440875709035552,10.440875709035552,6.532678576719391,6.390595131390722,6.390595131390722,6.390595131390722,6.390595131390722,6.390595131390722,12.357518009369981,12.357518009369981,27.306277980538603,25.889012314739716,21.0601472805813,17.20850711284393,23.950823700035752,17.500938593601372,16.936962475748494,3.705166539858491,3.705166539858491,3.6810367119773075,4.195025513185316,16.339560480258292,3.3759882735586557,3.5640316707107784,4.838561650626804,8.677312943030913,26.277478857735126,22.426132429135272,20.00326543830923,14.05852305797392,14.188034545129694,12.220269062911523,14.500688889582213,12.456985063324408,12.411012877563323,11.675462105675749,9.899306759840536,10.434238106533854,20.23508767691395,17.016743478337244,24.81549652593113
27.271191298179616,27.311290362262834,27.30502488504719,27.271191298179616,27.30502488504719,27.280380669108705,3.2782059112744637,3.2782059112744637,3.2668482368868705,1.0727074502339646,18.643915933432286,1.0,0.0,3.1001922258668,3.434908482405182,18.791799764228514,18.93007503434785,10.440875709035552,10.440875709035552,10.440875709035552,10.440875709035552,6.532678576719391,6.390595131390722,6.390595131390722,6.390595131390722,6.390595131390722,6.390595131390722,12.357518009369981,12.357518009369981,27.306277980538603,25.889012314739716,21.0601472805813,17.20850711284393,23.950823700035752,17.500938593601372,16.936962475748494,3.705166539858491,3.705166539858491,3.6810367119773075,4.195025513185316,16.339560480258292,3.3759882735586557,3.5640316707107784,4.838561650626804,8.677312943030913,26.277478857735126,22.426132429135272,20.00326543830923,14.05852305797392,14.188034545129694,12.220269062911523,14.500688889582213,12.456985063324408,12.411012877563323,11.675462105675749,9.899306759840536,10.434238106533854,20.23508767691395,17.016743478337244,24.81549652593113
29.371383443599978,29.41148250744617,29.405217030267583,29.371383443599978,29.405217030267583,29.380572814474775,1.178013685451296,1.178013685451296,5.367040461688085,3.1728996760837633,20.74410812173616,3.1001922258668,3.1001922258668,0.0,1.3347162566260637,20.891991951933214,21.030267221488025,12.541067923164572,12.541067923164572,12.541067923164572,12.541067923164572,4.432486352895,4.290402907431538,4.290402907431538,4.290402907431538,4.290402907431538,4.290402907431538,10.257325794803313,10.257325794803313,29.406470125751586,27.989204468116682,23.160339458501813,19.308699306717543,26.051015863871566,19.601130786376455,19.037154670625586,5.805358764325963,5.805358764325963,1.58084448627804,2.0948332876948155,18.439752677286904,1.2757960477623547,1.463839444971926,2.738369425477785,10.77750516081273,28.37767100891777,24.526324600625877,22.10345762092715,16.158715262507314,16.28822674926712,14.320461272674212,12.400496680253667,10.356792848979053,10.310820663115416,9.575269889648654,7.799114540478669,8.334045888105098,18.13489548643922,14.916551276414253,26.91568868520172
29.706099686220472,29.746198750027215,29.739933272854795,29.706099686220472,29.739933272854795,29.715289057086242,1.1567025711752459,1.1567025711752459,5.701756717962002,3.5076159326164,21.078824371551363,3.434908482405182,3.434908482405182,1.3347162566260637,0.0,21.22670820164675,21.364983471105816,12.875784177438106,12.875784177438106,12.875784177438106,12.875784177438106,4.097770096451139,3.9556866509721273,3.9556866509721273,3.9556866509721273,3.9556866509721273,3.9556866509721273,9.92260953959171,9.92260953959171,29.741186368337566,28.323920712062968,23.4950557065613,19.64341555748034,26.385732109565634,19.935847036951973,19.37187092155965,6.14007502052839,6.14007502052839,1.246128229654427,1.7601170310830156,18.774468928588806,1.0589202088639875,1.129123188346889,2.403653168893541,11.11222141574205,28.712387252498107,24.86104084760358,22.43817386977941,16.493431515100518,16.62294300179181,14.655177526177576,12.06578042578741,10.022076593798573,9.97610440792051,9.240553634232775,7.464398284605466,7.9993296323582745,17.80017923473837,14.581835023023203,27.25040493013211
9.479391738086415,9.519490803448967,9.513225326033233,9.479391738086415,9.513225326033233,9.488581109308427,21.070005633736603,21.070005633736603,16.5249515595049,18.719092315171668,1.147883833184976,18.791799764228514,18.791799764228514,20.891991951933214,21.22670820164675,0.0,1.1382752723891785,9.350924127304195,9.350924127304195,9.350924127304195,9.350924127304195,24.32447822311262,24.182394781507615,24.182394781507615,24.182394781507615,24.182394781507615,24.182394781507615,30.149317471494584,30.149317471494584,9.51447842156466,8.097212712357233,3.2683475580220445,2.583292674874917,6.159024044269407,2.2908611901250193,2.8548373155372424,16.086633261670553,16.086633261670553,21.472836426070078,21.98682521616994,3.452239318398753,21.16778799401641,21.35583138726496,22.63036133902504,11.11448689220825,8.485679266883173,4.634332736226023,2.211465695160208,5.73327676281179,5.603765274654883,7.5715307687717175,32.292488268388965,30.24878452176675,30.202812337709783,29.467261592565805,27.69110630725526,28.22603763632362,38.02688679180212,34.80854274868923,7.023696893127377
9.341116466201964,9.381215531569344,9.374950054152853,9.341116466201964,9.374950054152853,9.35030583742508,21.20828090324069,21.20828090324069,16.66322683016341,18.857367585309433,1.2861591055738528,18.93007503434785,18.93007503434785,21.030267221488025,21.364983471105816,1.1382752723891785,0.0,9.489199399188417,9.489199399188417,9.489199399188417,9.489199399188417,24.462753491610318,24.32067005005237,24.32067005005237,24.32067005005237,24.32067005005237,24.32067005005237,30.28759273781705,30.28759273781705,9.376203149684427,7.958937440320453,3.1300722856673233,2.7215679472446657,6.020748772065002,2.429136462501047,2.993112587900069,16.224908532424905,16.224908532424905,21.611111695457726,22.12510048540569,3.5905145907426537,21.306063263492444,21.494106656686665,22.768636608065318,11.252762163858927,8.347403994886445,4.4960574639274675,2.0731904227803,5.871552035036661,5.742040546888496,7.709806040846761,32.43076353379048,30.3870597880479,30.341087604010045,29.605536859167763,27.829381574554198,28.364312903417332,38.16516205442091,34.946818012926855,6.885421620991121
17.830315803943233,17.87041486886783,17.864149391520616,17.830315803943233,17.864149391520616,17.839505175065003,12.719081607381202,12.719081607381202,8.174027480027824,10.368168259131519,9.203040294641042,10.440875709035552,10.440875709035552,12.541067923164572,12.875784177438106,9.350924127304195,9.489199399188417,0.0,1.0,1.0,1.0,15.973554245652194,15.831470801723542,15.831470801723542,15.831470801723542,15.831470801723542,15.831470801723542,21.798393604132592,21.798393604132592,17.86540248703834,16.44813679246129,11.619271674961714,7.767631457037738,14.50994814157462,8.060062941098941,7.496086816949011,7.735709178005667,7.735709178005667,13.121912405275694,13.635901202672606,6.898684815126062,12.81686396899812,13.004907364841037,14.279437334982395,2.7635627725684633,16.836603343149626,12.985256844785306,10.56238981748048,4.617647371854359,4.747158860066284,2.779393363558845,23.9415644488202,21.897860656536242,21.851888471493087,21.116337710815255,19.340182389897436,19.875113729406518,29.67596311935045,26.4576189902235,15.374620983159224
17.830315803943233,17.87041486886783,17.864149391520616,17.830315803943233,17.864149391520616,17.839505175065003,12.719081607381202,12.719081607381202,8.174027480027824,10.368168259131519,9.203040294641042,10.440875709035552,10.440875709035552,12.541067923164572,12.875784177438106,9.350924127304195,9.489199399188417,1.0,0.0,1.0,1.0,15.973554245652194,15.831470801723542,15.831470801723542,15.831470801723542,15.831470801723542,15.831470801723542,21.798393604132592,21.798393604132592,17.86540248703834,16.44813679246129,11.619271674961714,7.767631457037738,14.50994814157462,8.060062941098941,7.496086816949011,7.735709178005667,7.735709178005667,13.121912405275694,13.635901202672606,6.898684815126062,12.81686396899812,13.004907364841037,14.279437334982395,2.7635627725684633,16.836603343149626,12.985256844785306,10.56238981748048,4.617647371854359,4.747158860066284,2.779393363558845,23.9415644488202,21.897860656536242,21.851888471493087,21.116337710815255,19.340182389897436,19.875113729406518,29.67596311935045,26.4576189902235,15.374620983159224
17.830315803943233,17.87041486886783,17.864149391520616,17.830315803943233,17.864149391520616,17.839505175065003,12.719081607381202,12.719081607381202,8.174027480027824,10.368168259131519,9.203040294641042,10.440875709035552,10.440875709035552,12.541067923164572,12.875784177438106,9.350924127304195,9.489199399188417,1.0,1.0,0.0,1.0,15.973554245652194,15.831470801723542,15.831470801723542,15.831470801723542,15.831470801723542,15.831470801723542,21.798393604132592,21.798393604132592,17.86540248703834,16.44813679246129,11.619271674961714,7.767631457037738,14.50994814157462,8.060062941098941,7.496086816949011,7.735709178005667,7.735709178005667,13.121912405275694,13.635901202672606,6.898684815126062,12.81686396899812,13.004907364841037,14.279437334982395,2.7635627725684633,16.836603343149626,12.985256844785306,10.56238981748048,4.617647371854359,4.747158860066284,2.779393363558845,23.9415644488202,21.897860656536242,21.851888471493087,21.116337710815255,19.340182389897436,19.875113729406518,29.67596311935045,26.4576189902235,15.374620983159224
17.830315803943233,17.87041486886783,17.864149391520616,17.830315803943233,17.864149391520616,17.839505175065003,12.719081607381202,12.719081607381202,8.174027480027824,10.368168259131519,9.203040294641042,10.440875709035552,10.440875709035552,12.541067923164572,12.875784177438106,9.350924127304195,9.489199399188417,1.0,1.0,1.0,0.0,15.973554245652194,15.831470801723542,15.831470801723542,15.831470801723542,15.831470801723542,15.831470801723542,21.798393604132592,21.798393604132592,17.86540248703834,16.44813679246129,11.619271674961714,7.767631457037738,14.50994814157462,8.060062941098941,7.496086816949011,7.735709178005667,7.735709178005667,13.121912405275694,13.635901202672606,6.898684815126062,12.81686396899812,13.004907364841037,14.279437334982395,2.7635627725684633,16.836603343149626,12.985256844785306,10.56238981748048,4.617647371854359,4.747158860066284,2.779393363558845,23.9415644488202,21.897860656536242,21.851888471493087,21.116337710815255,19.340182389897436,19.875113729406518,29.67596311935045,26.4576189902235,15.374620983159224
32.80386963742514,32.843968700844954,32.83770322373303,32.80386963742514,32.83770322373303,32.81305900820229,4.25447266754551,4.25447266754551,8.79952680859464,6.605386026837862,24.176594394038656,6.532678576719391,6.532678576719391,4.432486352895,4.097770096451139,24.32447822311262,24.462753491610318,15.973554245652194,15.973554245652194,15.973554245652194,15.973554245652194,0.0,1.1420834455455873,1.1420834455455873,1.1420834455455873,1.1420834455455873,1.1420834455455873,6.824839451374257,6.824839451374257,32.8389563192037,31.421690676290023,26.592825711484327,22.741185589518942,29.483502091023364,23.03361706709808,22.46964095533113,9.2378451102608,9.2378451102608,3.8516418669080137,3.337653065649883,21.872238966089775,4.156690305285632,3.9686469081650375,2.69411692793464,14.209991490985404,31.810157213126992,27.95881084177116,25.53594388261476,19.591201565794037,19.720713051780738,17.7529475862952,8.96801034330143,6.92430650581498,6.87833431982844,6.14278354449602,4.366628191603073,4.9015595402343335,14.702409174724432,11.484064949118578,30.34817490405138
32.661786199224984,32.70188526266341,32.69561978554857,32.661786199224984,32.69561978554857,32.670975570006384,4.112389222073576,4.112389222073576,8.657443363483548,6.463302581515008,24.03451095238362,6.390595131390722,6.390595131390722,4.290402907431538,3.9556866509721273,24.182394781507615,24.32067005005237,15.831470801723542,15.831470801723542,15.831470801723542,15.831470801723542,1.1420834455455873,0.0,1.0,1.0,1.0,1.0,6.966922896667378,6.966922896667378,32.696872881019814,31.279607237462884,26.450742270686828,22.59910214739497,29.34141865136425,22.8915336250672,22.32755751312184,9.095761665200419,9.095761665200419,3.709558421418606,3.195569620141611,21.730155523696585,4.0146068598092395,3.826563462680462,2.5520334824081674,14.06790804669644,31.66807377447322,27.81672740149633,25.393860441431624,19.449118122746736,19.578629608768534,17.61086414277614,9.110093788377728,7.066389951099513,7.020417765116959,6.2848669898441685,4.508711637062833,5.043642985665297,14.844492618893257,11.626148393855354,30.206091464756614
32.661786199224984,32.70188526266341,32.69561978554857,32.661786199224984,32.69561978554857,32.670975570006384,4.112389222073576,4.112389222073576,8.657443363483548,6.463302581515008,24.03451095238362,6.390595131390722,6.390595131390722,4.290402907431538,3.9556866509721273,24.182394781507615,24.32067005005237,15.831470801723542,15.831470801723542,15.831470801723542,15.831470801723542,1.1420834455455873,1.0,0.0,1.0,1.0,1.0,6.966922896667378,6.966922896667378,32.696872881019814,31.279607237462884,26.450742270686828,22.59910214739497,29.34141865136425,22.8915336250672,22.32755751312184,9.095761665200419,9.095761665200419,3.709558421418606,3.195569620141611,21.730155523696585,4.0146068598092395,3.826563462680462,2.5520334824081674,14.06790804669644,31.66807377447322,27.81672740149633,25.393860441431624,19.449118122746736,19.578629608768534,17.61086414277614,9.110093788377728,7.066389951099513,7.020417765116959,6.2848669898441685,4.508711637062833,5.043642985665297,14.844492618893257,11.626148393855354,30.206091464756614
32.661786199224984,32.70188526266341,32.69561978554857,32.661786199224984,32.69561978554857,32.670975570006384,4.112389222073576,4.112389222073576,8.657443363483548,6.463302581515008,24.03451095238362,6.390595131390722,6.390595131390722,4.290402907431538,3.9556866509721273,24.182394781507615,24.32067005005237,15.831470801723542,15.831470801723542,15.831470801723542,15.831470801723542,1.1420834455455873,1.0,1.0,0.0,1.0,1.0,6.966922896667378,6.966922896667378,32.696872881019814,31.279607237462884,26.450742270686828,22.59910214739497,29.34141865136425,22.8915336250672,22.32755751312184,9.095761665200419,9.095761665200419,3.709558421418606,3.195569620141611,21.730155523696585,4.0146068598092395,3.826563462680462,2.5520334824081674,14.06790804669644,31.66807377447322,27.81672740149633,25.393860441431624,19.449118122746736,19.578629608768534,17.61086414277614,9.110093788377728,7.066389951099513,7.020417765116959,6.2848669898441685,4.508711637062833,5.043642985665297,14.844492618893257,11.626148393855354,30.206091464756614
32.661786199224984,32.70188526266341,32.69561978554857,32.661786199224984,32.69561978554857,32.670975570006384,4.112389222073576,4.112389222073576,8.657443363483548,6.463302581515008,24.03451095238362,6.390595131390722,6.390595131390722,4.290402907431538,3.9556866509721273,24.182394781507615,24.32067005005237,15.831470801723542,15.831470801723542,15.831470801723542,15.831470801723542,1.1420834455455873,1.0,1.0,1.0,0.0,1.0,6.966922896667378,6.966922896667378,32.696872881019814,31.279607237462884,26.450742270686828,22.59910214739497,29.34141865136425,22.8915336250672,22.32755751312184,9.095761665200419,9.095761665200419,3.709558421418606,3.195569620141611,21.730155523696585,4.0146068598092395,3.826563462680462,2.5520334824081674,14.06790804669644,31.66807377447322,27.81672740149633,25.393860441431624,19.449118122746736,19.578629608768534,17.61086414277614,9.110093788377728,7.066389951099513,7.020417765116959,6.2848669898441685,4.508711637062833,5.043642985665297,14.844492618893257,11.626148393855354,30.206091464756614
32.661786199224984,32.70188526266341,32.69561978554857,32.661786199224984,32.69561978554857,32.670975570006384,4.112389222073576,4.112389222073576,8.657443363483548,6.463302581515008,24.03451095238362,6.390595131390722,6.390595131390722,4.290402907431538,3.9556866509721273,24.182394781507615,24.32067005005237,15.831470801723542,15.831470801723542,15.831470801723542,15.831470801723542,1.1420834455455873,1.0,1.0,1.0,1.0,0.0,6.966922896667378,6.966922896667378,32.696872881019814,31.279607237462884,26.450742270686828,22.59910214739497,29.34141865136425,22.8915336250672,22.32755751312184,9.095761665200419,9.095761665200419,3.709558421418606,3.195569620141611,21.730155523696585,4.0146068598092395,3.826563462680462,2.5520334824081674,14.06790804669644,31.66807377447322,27.81672740149633,25.393860441431624,19.449118122746736,19.578629608768534,17.61086414277614,9.110093788377728,7.066389951099513,7.020417765116959,6.2848669898441685,4.508711637062833,5.043642985665297,14.844492618893257,11.626148393855354,30.206091464756614
38.62870873115499,38.66880779374065,38.66254231675912,38.62870873115499,38.66254231675912,38.63789810174105,10.0793121101175,10.0793121101175,14.624366228297506,12.430225459120802,30.00143364473429,12.357518009369981,12.357518009369981,10.257325794803313,9.92260953959171,30.149317471494584,30.28759273781705,21.798393604132592,21.798393604132592,21.798393604132592,21.798393604132592,6.824839451374257,6.966922896667378,6.966922896667378,6.966922896667378,6.966922896667378,6.966922896667378,0.0,1.0,38.66379541220371,37.246529798180035,32.417664922731106,28.566024861989444,35.30834125046434,28.8584563352328,28.29448023178176,15.062684527105915,15.062684527105915,9.676481310912061,9.162492511340599,27.697078251140947,9.981529748214136,9.793486351763109,8.518956375514998,20.0348308673706,37.63499632721871,33.78365002916344,31.360783111548457,25.41604088171445,25.54555236603205,23.577786924822036,3.143170897007832,1.0994670546160825,1.0534948685477632,1.682055907922161,3.4582112622346806,2.923279913373456,8.877569755444075,5.65922551227326,36.17301404701931
38.62870873115499,38.66880779374065,38.66254231675912,38.62870873115499,38.66254231675912,38.63789810174105,10.0793121101175,10.0793121101175,14.624366228297506,12.430225459120802,30.00143364473429,12.357518009369981,12.357518009369981,10.257325794803313,9.92260953959171,30.149317471494584,30.28759273781705,21.798393604132592,21.798393604132592,21.798393604132592,21.798393604132592,6.824839451374257,6.966922896667378,6.966922896667378,6.966922896667378,6.966922896667378,6.966922896667378,1.0,0.0,38.66379541220371,37.246529798180035,32.417664922731106,28.566024861989444,35.30834125046434,28.8584563352328,28.29448023178176,15.062684527105915,15.062684527105915,9.676481310912061,9.162492511340599,27.697078251140947,9.981529748214136,9.793486351763109,8.518956375514998,20.0348308673706,37.63499632721871,33.78365002916344,31.360783111548457,25.41604088171445,25.54555236603205,23.577786924822036,3.143170897007832,1.0994670546160825,1.0534948685477632,1.682055907922161,3.4582112622346806,2.923279913373456,8.877569755444075,5.65922551227326,36.17301404701931
1.0350866836090988,1.0050123819030925,1.0012530955361156,1.0350866836090988,1.0012530955361156,1.0258973123529198,29.58448380377646,29.58448380377646,25.039429817358517,27.23357053288387,9.662362254186739,27.306277980538603,27.306277980538603,29.406470125751586,29.741186368337566,9.51447842156466,9.376203149684427,17.86540248703834,17.86540248703834,17.86540248703834,17.86540248703834,32.8389563192037,32.696872881019814,32.696872881019814,32.696872881019814,32.696872881019814,32.696872881019814,38.66379541220371,38.66379541220371,0.0,2.4172657136308575,7.246130869770019,11.097771089415543,4.3554543849063165,10.805339606128637,11.369315728652175,24.601111527039315,24.601111527039315,29.987314587457423,30.501303366311742,11.966717728149405,29.682266161968975,29.87030955118008,31.14483947476221,19.628965231070406,2.0287991580683737,5.880145693135322,8.303012730292648,14.247755156837254,14.118243669695346,16.08600914680536,40.80696614450076,38.763262459566185,38.717290276855095,37.98173955299524,36.20558431714002,36.74051563160254,46.541364475457975,43.323020543872374,3.4907815350345968
2.382179030025312,2.4222780955334278,2.4160126180948716,2.382179030025312,2.4160126180948716,2.3913684012805776,28.16721814686299,28.16721814686299,23.622164143466893,25.816304866813827,8.245096545149842,25.889012314739716,25.889012314739716,27.989204468116682,28.323920712062968,8.097212712357233,7.958937440320453,16.44813679246129,16.44813679246129,16.44813679246129,16.44813679246129,31.421690676290023,31.279607237462884,31.279607237462884,31.279607237462884,31.279607237462884,31.279607237462884,37.246529798180035,37.246529798180035,2.4172657136308575,0.0,5.828865158347571,9.680505382199845,2.938188671751792,9.388073898517495,9.952050021814864,23.183845851669055,23.183845851669055,28.570048932193476,29.08403771318668,10.549452022182452,28.265000505453745,28.45304389543458,29.727573824369188,18.21169954088378,1.3884665555917626,4.462879980742007,6.8857470198086395,12.830489454672856,12.700977967294715,14.668743448257864,39.389700542342965,37.34599684607851,37.30002466311953,36.5644739353347,34.78831869032473,35.323250007496355,45.124098908314274,41.90575495649257,2.073515821599601
7.211044186231251,7.251143251662997,7.244877774236428,7.211044186231251,7.244877774236428,7.220233557469087,23.33835313942877,23.33835313942877,18.793299085267375,20.98743983184482,3.416231391165221,21.0601472805813,21.0601472805813,23.160339458501813,23.4950557065613,3.2683475580220445,3.1300722856673233,11.619271674961714,11.619271674961714,11.619271674961714,11.619271674961714,26.592825711484327,26.450742270686828,26.450742270686828,26.450742270686828,26.450742270686828,26.450742270686828,32.417664922731106,32.417664922731106,7.246130869770019,5.828865158347571,0.0,4.85164023218369,3.890676487992952,4.5592087476096665,5.1231848726648,18.35498078911456,18.35498078911456,23.741183929751738,24.255172717231602,5.7205868750669655,23.43613549922401,23.62417889153447,24.898708836719823,13.382834435595106,6.217331713433777,2.365985178784973,2.0568818630116406,8.001624316958974,7.872112828977747,9.83987832000299,34.560835703983564,32.517131972300845,32.47115978856881,31.73560904855718,29.959453775123002,30.494385100691446,40.29523418031847,37.07689016456378,4.755349337753407
11.062684405990579,11.102783471292225,11.096517993886025,11.062684405990579,11.096517993886025,11.071873777198654,19.486712989076704,19.486712989076704,14.941658902265214,17.135799663586337,2.435408841707266,17.20850711284393,17.20850711284393,19.308699306717543,19.64341555748034,2.583292674874917,2.7215679472446657,7.767631457037738,7.767631457037738,7.767631457037738,7.767631457037738,22.741185589518942,22.59910214739497,22.59910214739497,22.59910214739497,22.59910214739497,22.59910214739497,28.566024861989444,28.566024861989444,11.097771089415543,9.680505382199845,4.85164023218369,0.0,7.742316716303679,1.292431484780703,1.2715446407034259,14.503340603394989,14.503340603394989,19.88954378268682,20.403532574453813,1.8689466436977071,19.584495349663978,19.772538743508182,21.047068699456602,9.531194224368148,10.068971936212572,6.217625409552609,3.794758369758747,4.149984089153143,4.020472600914335,5.988238096570328,30.709195669127876,28.665491912720608,28.619519728451298,27.883968979956276,26.107813686914596,26.64274501825767,36.44359422359821,33.22525016240145,8.606989564259823
4.320367701317423,4.360466766806487,4.3542012893709305,4.320367701317423,4.3542012893709305,4.329557072568351,26.229029543544637,26.229029543544637,21.683975518457533,23.878116251763473,6.306907877245511,23.950823700035752,23.950823700035752,26.051015863871566,26.385732109565634,6.159024044269407,6.020748772065002,14.50994814157462,14.50994814157462,14.50994814157462,14.50994814157462,29.483502091023364,29.34141865136425,29.34141865136425,29.34141865136425,29.34141865136425,29.34141865136425,35.30834125046434,35.30834125046434,4.3554543849063165,2.938188671751792,3.890676487992952,7.742316716303679,0.0,7.449885232178821,8.013861356344893,21.24565722478489,21.24565722478489,26.63186033099554,27.145849114741047,8.611263357701961,26.326811902647133,26.514855293617437,27.78938522944346,16.273510895408535,3.326655227253035,2.5246913095187713,4.947558350382179,10.89230079462593,10.762789306968253,12.73055479253943,37.451512010134195,35.407808299062395,35.36183611577982,34.62628538287465,32.85013012594199,33.38506144663866,43.18591042206194,39.967566443647904,1.8646728502451408
10.770252922693146,10.810351988006826,10.804086510598742,10.770252922693146,10.804086510598742,10.77944229390398,19.77914446863644,19.77914446863644,15.234090384059979,17.428231144379446,2.142977356951291,17.500938593601372,17.500938593601372,19.601130786376455,19.935847036951973,2.2908611901250193,2.429136462501047,8.060062941098941,8.060062941098941,8.060062941098941,8.060062941098941,23.03361706709808,22.8915336250672,22.8915336250672,22.8915336250672,22.8915336250672,22.8915336250672,28.8584563352328,28.8584563352328,10.805339606128637,9.388073898517495,4.5592087476096665,1.292431484780703,7.449885232178821,0.0,1.5639761254818212,14.795772085372551,14.795772085372551,20.181975262018593,20.69596405348767,2.1613781284632037,19.876926829168823,20.064970222906666,21.339500178106306,9.823625708015522,9.776540452632569,5.925193925159397,3.5023268850834666,4.442415573770493,4.31290408554429,6.28066958095429,31.00162714052088,28.95792338588113,28.91195120165014,28.176400453759737,26.400245162111425,26.935176493044775,36.73602568936656,33.51768163144725,8.314558080318356
11.334229045237258,11.37432811052742,11.368062633123017,11.334229045237258,11.368062633123017,11.343418416442706,19.215168353075452,19.215168353075452,14.67011426422443,16.86425502645836,2.7069534823764014,16.936962475748494,16.936962475748494,19.037154670625586,19.37187092155965,2.8548373155372424,2.993112587900069,7.496086816949011,7.496086816949011,7.496086816949011,7.496086816949011,22.46964095533113,22.32755751312184,22.32755751312184,22.32755751312184,22.32755751312184,22.32755751312184,28.29448023178176,28.29448023178176,11.369315728652175,9.952050021814864,5.1231848726648,1.2715446407034259,8.013861356344893,1.5639761254818212,0.0,14.231795965187926,14.231795965187926,19.617999146894064,20.13198793893363,1.5974020030015446,19.31295071371292,19.500994107654396,20.775524064288064,9.25964958464978,10.340516575729486,6.489170049855043,4.066303010342223,3.8784394485765477,3.7489279603270527,5.71669345619594,30.43765104062149,28.39394728258907,28.347975098284543,27.612424349233876,25.836269054912368,26.37120038663168,36.17204960026946,32.95370553605475,8.878534204123927
24.566024844436587,24.606123908798395,24.599858431539193,24.566024844436587,24.599858431539193,24.575214215429483,5.98337244955882,5.98337244955882,1.4383183031094557,3.6324590896510713,15.93874943020109,3.705166539858491,3.705166539858491,5.805358764325963,6.14007502052839,16.086633261670553,16.224908532424905,7.735709178005667,7.735709178005667,7.735709178005667,7.735709178005667,9.2378451102608,9.095761665200419,9.095761665200419,9.095761665200419,9.095761665200419,9.095761665200419,15.062684527105915,15.062684527105915,24.601111527039315,23.183845851669055,18.35498078911456,14.503340603394989,21.24565722478489,14.795772085372551,14.231795965187926,0.0,1.0,6.386203249833671,6.90019205043031,13.634393967324497,6.081154811743253,6.269198208696087,7.543728187003175,5.972146408471053,23.572312397232043,19.720965945040472,17.298098941496153,11.35335653689336,11.482868024472873,9.515102536320141,17.205855399143182,15.162151580708999,15.11617939511064,14.380628625747228,12.604473285390824,13.139404630525828,22.940254158369385,19.721909976683044,22.110330055984416
