1000.0,1.0842080375756007,1.0710505349532649,1.0,1.0710505349532649,1.0192976796379765,60.953733955450616,60.953733955450616,51.40912058306633,56.016816086087765,19.117278698497483,56.169501726177195,56.169501726177195,60.57990523155995,61.282809341062986,18.80672264998147,18.516344579024125,36.343663188280786,36.343663188280786,36.343663188280786,36.343663188280786,67.7881262385928,67.48975101837246,67.48975101837246,67.48975101837246,67.48975101837246,67.48975101837246,80.02028833542546,80.02028833542546,1.0736820355791075,3.9025759630531547,14.043192791085625,22.131637252580216,7.972772172766587,21.517531137655606,22.70188099499824,50.48865217331683,50.48865217331683,61.79967860126853,62.879055036976496,23.95642519399082,61.15907690767614,61.55396802506044,64.2304808648679,40.04714495098567,3.086796196368372,11.174623920095101,16.2626446982375,28.746603794445,28.47462967143403,32.60693717357573,84.52094687387742,80.22916913491503,80.13262755120863,78.58797103089499,74.85804503511373,75.9814007956287,96.56318337073813,89.80466111333935,6.156959188016843
1.0842080375756007,1000.0,1.0131575026223367,1.0842080375756007,1.0131575026223367,1.0649103579376256,61.0379419894837,61.0379419894837,51.49332861813563,56.10102412067908,19.201486735747824,56.25370976075195,56.25370976075195,60.66411326563695,61.367017375057145,18.89093068724283,18.600552616295623,36.42787122462244,36.42787122462244,36.42787122462244,36.42787122462244,67.87233427177439,67.57395905159316,67.57395905159316,67.57395905159316,67.57395905159316,67.57395905159316,80.10449636685536,80.10449636685536,1.0105260019964941,3.9867840006201978,14.127400828492293,22.21584528971367,8.056980210293624,21.60173917481433,22.78608903210758,50.57286020847662,50.57286020847662,61.88388663520115,62.96326307077893,24.04063323104484,61.243284941684934,61.63817605902238,64.31468889850414,40.13135298705581,3.1710042339394997,11.258831957567702,16.34685273558203,28.83081183125931,28.55883770826316,32.691145210164045,84.60515490458937,80.31337716631248,80.2168355826211,78.6721790625451,74.94225306731852,76.06560882766927,96.64739139933505,89.88886914315806,6.241167225565765
1.0710505349532649,1.0131575026223367,1000.0,1.0710505349532649,1.0,1.0517528553152893,61.02478448741553,61.02478448741553,51.480171115905456,56.08786661852364,19.18832923317651,56.24055225859909,56.24055225859909,60.650955763561925,61.35385987299507,18.87777318466979,18.58739511372099,36.41471372219329,36.41471372219329,36.41471372219329,36.41471372219329,67.85917676983937,67.560801549652,67.560801549652,67.560801549652,67.560801549652,67.560801549652,80.09133886519416,80.09133886519416,1.0026315006258426,3.97362649799923,14.114243325896497,22.20268778716065,8.043822707678952,21.588581672257355,22.772931529558335,50.5597027062323,50.5597027062323,61.8707291331487,62.95010556874682,24.02747572850425,61.23012743962058,61.625018556965344,64.30153139649804,40.11819548466913,3.1578467313178855,11.24567445496157,16.333695232995968,28.81765432875623,28.545680205757762,32.67798770769632,84.59199740304038,80.30021966465634,80.2036780809626,78.65902156084947,74.92909556553619,76.05245132591259,96.6342338981167,89.87571164174871,6.228009722947653
1.0,1.0842080375756007,1.0710505349532649,1000.0,1.0710505349532649,1.0192976796379765,60.953733955450616,60.953733955450616,51.40912058306633,56.016816086087765,19.117278698497483,56.169501726177195,56.169501726177195,60.57990523155995,61.282809341062986,18.80672264998147,18.516344579024125,36.343663188280786,36.343663188280786,36.343663188280786,36.343663188280786,67.7881262385928,67.48975101837246,67.48975101837246,67.48975101837246,67.48975101837246,67.48975101837246,80.02028833542546,80.02028833542546,1.0736820355791075,3.9025759630531547,14.043192791085625,22.131637252580216,7.972772172766587,21.517531137655606,22.70188099499824,50.48865217331683,50.48865217331683,61.79967860126853,62.879055036976496,23.95642519399082,61.15907690767614,61.55396802506044,64.2304808648679,40.04714495098567,3.086796196368372,11.174623920095101,16.2626446982375,28.746603794445,28.47462967143403,32.60693717357573,84.52094687387742,80.22916913491503,80.13262755120863,78.58797103089499,74.85804503511373,75.9814007956287,96.56318337073813,89.80466111333935,6.156959188016843
1.0710505349532649,1.0131575026223367,1.0,1.0710505349532649,1000.0,1.0517528553152893,61.02478448741553,61.02478448741553,51.480171115905456,56.08786661852364,19.18832923317651,56.24055225859909,56.24055225859909,60.650955763561925,61.35385987299507,18.87777318466979,18.58739511372099,36.41471372219329,36.41471372219329,36.41471372219329,36.41471372219329,67.85917676983937,67.560801549652,67.560801549652,67.560801549652,67.560801549652,67.560801549652,80.09133886519416,80.09133886519416,1.0026315006258426,3.97362649799923,14.114243325896497,22.20268778716065,8.043822707678952,21.588581672257355,22.772931529558335,50.5597027062323,50.5597027062323,61.8707291331487,62.95010556874682,24.02747572850425,61.23012743962058,61.625018556965344,64.30153139649804,40.11819548466913,3.1578467313178855,11.24567445496157,16.333695232995968,28.81765432875623,28.545680205757762,32.67798770769632,84.59199740304038,80.30021966465634,80.2036780809626,78.65902156084947,74.92909556553619,76.05245132591259,96.6342338981167,89.87571164174871,6.228009722947653
1.0192976796379765,1.0649103579376256,1.0517528553152893,1.0192976796379765,1.0517528553152893,1000.0,60.973031634277646,60.973031634277646,51.4284182621307,56.03611376504264,19.13657637806119,56.18879940512827,56.18879940512827,60.599202910397025,61.302107019881106,18.8260203295477,18.535642258592667,36.3629608676365,36.3629608676365,36.3629608676365,36.3629608676365,67.8074239172248,67.5090486970134,67.5090486970134,67.5090486970134,67.5090486970134,67.5090486970134,80.0395860136562,80.0395860136562,1.054384355941132,3.9218736426892127,14.062490470685082,22.15093493211717,7.992069852393537,21.536828817198355,22.721178674529682,50.507949852401914,50.507949852401914,61.81897628007255,62.8983527157507,23.9757228735096,61.178374586497604,61.573265703871165,64.24977854360404,40.06644263027921,3.1060938760053545,11.19392159970962,16.28194237782275,28.765901473908922,28.493927350901345,32.62623485298792,84.5402445519437,80.24846681313834,80.15192522943538,78.60726870917618,74.87734271352198,76.00069847399931,96.58248104831989,89.82395879120101,6.17625686764878
60.953733955450616,61.0379419894837,61.02478448741553,60.953733955450616,61.02478448741553,60.973031634277646,1000.0,1.0,10.544613708612504,5.936918059125799,42.836455787546164,5.784232413676374,5.784232413676374,1.3738287394477213,1.3290753994680164,43.14701183084687,43.437389896805456,25.610071375500524,25.610071375500524,25.610071375500524,25.610071375500524,7.834392601845572,7.536017366354507,7.536017366354507,7.536017366354507,7.536017366354507,7.536017366354507,20.06655543124675,20.06655543124675,61.027415987930574,58.051158108412274,47.910541592800406,39.822097277061076,53.98096204144374,40.43620338413652,39.251853541458445,11.46508214407352,11.46508214407352,1.8459446817406422,2.9253211647306063,37.99730935585623,1.20534296085374,1.6002340949958616,4.276747054107548,21.906589575288777,58.86693784368701,50.77911039005683,45.69108973477585,33.207130786254446,33.4791049083739,29.346797408615934,24.567214291531368,20.27543624505086,20.178894654720978,18.634238030191774,14.904311796418712,16.027667626576964,36.60945178762678,29.85092894467699,55.79677496538673
60.953733955450616,61.0379419894837,61.02478448741553,60.953733955450616,61.02478448741553,60.973031634277646,1.0,1000.0,10.544613708612504,5.936918059125799,42.836455787546164,5.784232413676374,5.784232413676374,1.3738287394477213,1.3290753994680164,43.14701183084687,43.437389896805456,25.610071375500524,25.610071375500524,25.610071375500524,25.610071375500524,7.834392601845572,7.536017366354507,7.536017366354507,7.536017366354507,7.536017366354507,7.536017366354507,20.06655543124675,20.06655543124675,61.027415987930574,58.051158108412274,47.910541592800406,39.822097277061076,53.98096204144374,40.43620338413652,39.251853541458445,11.46508214407352,11.46508214407352,1.8459446817406422,2.9253211647306063,37.99730935585623,1.20534296085374,1.6002340949958616,4.276747054107548,21.906589575288777,58.86693784368701,50.77911039005683,45.69108973477585,33.207130786254446,33.4791049083739,29.346797408615934,24.567214291531368,20.27543624505086,20.178894654720978,18.634238030191774,14.904311796418712,16.027667626576964,36.60945178762678,29.85092894467699,55.79677496538673
51.40912058306633,51.49332861813563,51.480171115905456,51.40912058306633,51.480171115905456,51.4284182621307,10.544613708612504,10.544613708612504,1000.0,5.607695652010033,33.29184222908767,5.760381297462428,5.760381297462428,10.170784969544977,10.873689107720203,33.602398274960294,33.89277634334316,16.06545770805843,16.06545770805843,16.06545770805843,16.06545770805843,17.379006298048743,17.08063106331545,17.08063106331545,17.08063106331545,17.08063106331545,17.08063106331545,29.61116907942476,29.61116907942476,51.48280261645288,48.506544701280475,38.36592807906149,30.27748369475695,44.43634858876082,30.891589806525953,29.7072399548713,1.920468436529857,1.920468436529857,11.390558389378427,12.469934870894392,28.4526957601017,10.74995666924422,11.144847802933105,13.821360758061829,12.361975893048163,49.32232444613067,41.23449690414366,36.14647620076891,23.662517158724285,23.934491282510933,19.80218375919896,34.11182791371398,29.820049892121432,29.723508302304584,28.178851685703847,24.448925468901106,25.57228129427209,46.15406531826588,39.39554253063301,46.252161532567534
56.016816086087765,56.10102412067908,56.08786661852364,56.016816086087765,56.08786661852364,56.03611376504264,5.936918059125799,5.936918059125799,5.607695652010033,1000.0,37.899537817147376,1.1526856454913257,1.1526856454913257,5.563089319775902,6.265993458494441,38.2100938618605,38.50047192914981,20.673153344176185,20.673153344176185,20.673153344176185,20.673153344176185,12.771310656359509,12.472935421181516,12.472935421181516,12.472935421181516,12.472935421181516,12.472935421181516,25.003473464153682,25.003473464153682,56.09049811905613,53.11424022030903,42.973623646874124,34.88517929353131,49.04404412870329,35.49928540319683,34.31493555556255,6.528164088267249,6.528164088267249,6.782862740585913,7.862239223098815,33.060391364886875,6.142261019918985,6.537152153931069,9.213665111690178,16.96967153533086,53.930019960752304,45.84219245928168,40.75417177777923,28.27021277758286,28.542186900636576,24.409879387602913,29.504132312182108,25.212354277440195,25.11581268735015,23.571156066513552,19.84122984053225,20.964585668511283,41.546369764110594,34.78784694798653,50.859857063400774
19.117278698497483,19.201486735747824,19.18832923317651,19.117278698497483,19.18832923317651,19.13657637806119,42.836455787546164,42.836455787546164,33.29184222908767,37.899537817147376,1000.0,38.0522234602078,38.0522234602078,42.46262705564593,43.16553118025786,1.3105560496884496,1.6009341217050908,18.226384618746184,18.226384618746184,18.226384618746184,18.226384618746184,49.67084822748117,49.37247300000559,49.37247300000559,49.37247300000559,49.37247300000559,49.37247300000559,61.90301065394201,61.90301065394201,19.19096073379215,16.214702744814666,6.074085921446963,4.014358567585258,12.144506542215572,3.400252449597711,4.584602312990443,32.37137380342229,32.37137380342229,43.68240045170611,44.761776911254636,5.839146519039386,43.04179874419631,43.43668987013942,46.11320276968639,21.929866425561148,17.030482509227397,8.942654795542914,3.8546340094985148,10.629325152563643,10.357351027415094,14.489658565407565,66.40366932947877,62.11189145960586,62.01534987304353,60.47069330756698,56.74076720685759,57.864122998359626,78.44590623486991,71.68738374071181,13.960319524660292
56.169501726177195,56.25370976075195,56.24055225859909,56.169501726177195,56.24055225859909,56.18879940512827,5.784232413676374,5.784232413676374,5.760381297462428,1.1526856454913257,38.0522234602078,1000.0,1.0,5.410403674320281,6.1133078130508824,38.362779504879875,38.65315757213049,20.82583898897466,20.82583898897466,20.82583898897466,20.82583898897466,12.618625011110721,12.320249775920516,12.320249775920516,12.320249775920516,12.320249775920516,12.320249775920516,24.850787819676956,24.850787819676956,56.243183759131064,53.26692586095341,43.126309289220735,35.03786493697225,49.19672977007507,35.65197104656288,34.46762119907183,6.680849733702831,6.680849733702831,6.630177095152345,7.709553577689162,33.213077008542406,5.989575374473176,6.3844665084926335,9.06097946631629,17.122357180364915,54.08270560124376,45.99487810118407,40.90685742044938,28.42289842174523,28.694872544772355,24.562565032114197,29.351446668122644,25.059668632981257,24.963127042882974,23.418470421919068,19.688544195665123,20.811900023721094,41.393684121519286,34.635161304508216,51.01254270445537
56.169501726177195,56.25370976075195,56.24055225859909,56.169501726177195,56.24055225859909,56.18879940512827,5.784232413676374,5.784232413676374,5.760381297462428,1.1526856454913257,38.0522234602078,1.0,1000.0,5.410403674320281,6.1133078130508824,38.362779504879875,38.65315757213049,20.82583898897466,20.82583898897466,20.82583898897466,20.82583898897466,12.618625011110721,12.320249775920516,12.320249775920516,12.320249775920516,12.320249775920516,12.320249775920516,24.850787819676956,24.850787819676956,56.243183759131064,53.26692586095341,43.126309289220735,35.03786493697225,49.19672977007507,35.65197104656288,34.46762119907183,6.680849733702831,6.680849733702831,6.630177095152345,7.709553577689162,33.213077008542406,5.989575374473176,6.3844665084926335,9.06097946631629,17.122357180364915,54.08270560124376,45.99487810118407,40.90685742044938,28.42289842174523,28.694872544772355,24.562565032114197,29.351446668122644,25.059668632981257,24.963127042882974,23.418470421919068,19.688544195665123,20.811900023721094,41.393684121519286,34.635161304508216,51.01254270445537
60.57990523155995,60.66411326563695,60.650955763561925,60.57990523155995,60.650955763561925,60.599202910397025,1.3738287394477213,1.3738287394477213,10.170784969544977,5.563089319775902,42.46262705564593,5.410403674320281,5.410403674320281,1000.0,1.7029041389147337,42.77318309905975,43.063561165124845,25.2362426386456,25.2362426386456,25.2362426386456,25.2362426386456,8.2082213410795,7.9098461056062295,7.9098461056062295,7.9098461056062295,7.9098461056062295,7.9098461056062295,20.440384169086954,20.440384169086954,60.653587264078325,57.677329383045034,47.536712862853804,39.44826854410684,53.60713331413029,40.062374651390556,38.87802480831373,11.091253405084522,11.091253405084522,2.2197734211838838,3.2991499041591124,37.623480622302495,1.579171700300945,1.9740628344410447,4.650575793503348,21.532760837706732,58.493109118727304,50.40528166131434,45.317261003947,32.833302051265356,33.10527617346095,28.972968672615842,24.9410430285327,20.64926498285601,20.552723392542372,19.00806676826217,15.278140535005205,16.401496365020705,36.98328052152236,30.224757680469928,55.42294623892361
61.282809341062986,61.367017375057145,61.35385987299507,61.282809341062986,61.35385987299507,61.302107019881106,1.3290753994680164,1.3290753994680164,10.873689107720203,6.265993458494441,43.16553118025786,6.1133078130508824,6.1133078130508824,1.7029041389147337,1000.0,43.47608722345818,43.76646528932221,25.93914677262002,25.93914677262002,25.93914677262002,25.93914677262002,7.505317202547392,7.206941967041468,7.206941967041468,7.206941967041468,7.206941967041468,7.206941967041468,19.73748003314259,19.73748003314259,61.35649137350889,58.38023349533222,48.239616983778724,40.15117267070871,54.310037430087824,40.76527877759914,39.58092893527527,11.794157543109618,11.794157543109618,1.5168692822742966,2.5962457652743325,38.32638475003649,1.1237324386143737,1.271158695528467,3.9476716546764354,22.235664973058306,59.196013230246024,51.108185779967506,46.02016512653676,33.53620618171108,33.808180303762796,29.67587280497291,24.23813889415356,19.946360846977,19.84981925663307,18.305162631888823,14.575236397671478,15.698592227952377,36.28037639295057,29.521853548348727,56.12585035327743
18.80672264998147,18.89093068724283,18.87777318466979,18.80672264998147,18.87777318466979,18.8260203295477,43.14701183084687,43.14701183084687,33.602398274960294,38.2100938618605,1.3105560496884496,38.362779504879875,38.362779504879875,42.77318309905975,43.47608722345818,1000.0,1.2903780720172748,18.536940667338808,18.536940667338808,18.536940667338808,18.536940667338808,49.98140426853651,49.683029041165994,49.683029041165994,49.683029041165994,49.683029041165994,49.683029041165994,62.21356669013862,62.21356669013862,18.880404685285782,15.904146695950192,5.763529871846293,4.324914617237326,11.833950492965753,3.7108084992625407,4.895158362628209,32.681929849508165,32.681929849508165,43.99295649474716,45.07233295395687,6.149702568637382,43.35235478743446,43.74724591325642,46.423758811952574,22.240422473637324,16.719926460454662,8.63209874607465,3.544077959836437,10.939881201904758,10.667907076775254,14.800214614420605,66.71422536361682,62.42244749571017,62.32590590919054,60.781249344388186,57.05132324523604,58.174679036279606,78.75646226278444,71.99793977224738,13.64976347556749
18.516344579024125,18.600552616295623,18.58739511372099,18.516344579024125,18.58739511372099,18.535642258592667,43.437389896805456,43.437389896805456,33.89277634334316,38.50047192914981,1.6009341217050908,38.65315757213049,38.65315757213049,43.063561165124845,43.76646528932221,1.2903780720172748,1000.0,18.827318738295673,18.827318738295673,18.827318738295673,18.827318738295673,50.27178233238166,49.97340710510997,49.97340710510997,49.97340710510997,49.97340710510997,49.97340710510997,62.503944749415794,62.503944749415794,18.590026614337297,15.61376862467295,5.473151799901379,4.615292689213797,11.543572421336505,4.001186571252199,5.185536434590145,32.9723079180923,32.9723079180923,44.28333456046123,45.36271101935195,6.4400806405595725,43.64273285333413,44.03762397904199,46.71413687693716,22.530800544103744,16.429548389261534,8.341720674247682,3.2536998878386303,11.230259273576989,10.95828514846584,15.090592685778198,67.00460342096,62.71282555490058,62.616283968421094,61.0716274042523,57.341701306563806,58.4650570971764,79.04684031428391,72.28831782714639,13.359385404081351
36.343663188280786,36.42787122462244,36.41471372219329,36.343663188280786,36.41471372219329,36.3629608676365,25.610071375500524,25.610071375500524,16.06545770805843,20.673153344176185,18.226384618746184,20.82583898897466,20.82583898897466,25.2362426386456,25.93914677262002,18.536940667338808,18.827318738295673,1000.0,1.0,1.0,1.0,32.444463915869605,32.14608868361944,32.14608868361944,32.14608868361944,32.14608868361944,32.14608868361944,44.67662656867844,44.67662656867844,36.41734522278052,33.44108726416871,23.300470517419598,15.212026059779248,29.3708910973067,15.826132176307777,14.641782315592923,15.1449892738119,15.1449892738119,26.456016051078954,27.53539252561247,13.387238111764729,25.81541433489605,26.210305466166172,28.88681840346303,4.703481822393773,34.256867020614216,26.169039374049145,21.081018616709006,8.597059480894155,8.869033606139197,4.736726063473574,49.17728534252242,44.8855073787261,44.78896579013548,43.24430919271204,39.51438301878461,40.63773883175369,61.219522550635936,54.460999879469355,31.18670406463437
36.343663188280786,36.42787122462244,36.41471372219329,36.343663188280786,36.41471372219329,36.3629608676365,25.610071375500524,25.610071375500524,16.06545770805843,20.673153344176185,18.226384618746184,20.82583898897466,20.82583898897466,25.2362426386456,25.93914677262002,18.536940667338808,18.827318738295673,1.0,1000.0,1.0,1.0,32.444463915869605,32.14608868361944,32.14608868361944,32.14608868361944,32.14608868361944,32.14608868361944,44.67662656867844,44.67662656867844,36.41734522278052,33.44108726416871,23.300470517419598,15.212026059779248,29.3708910973067,15.826132176307777,14.641782315592923,15.1449892738119,15.1449892738119,26.456016051078954,27.53539252561247,13.387238111764729,25.81541433489605,26.210305466166172,28.88681840346303,4.703481822393773,34.256867020614216,26.169039374049145,21.081018616709006,8.597059480894155,8.869033606139197,4.736726063473574,49.17728534252242,44.8855073787261,44.78896579013548,43.24430919271204,39.51438301878461,40.63773883175369,61.219522550635936,54.460999879469355,31.18670406463437
36.343663188280786,36.42787122462244,36.41471372219329,36.343663188280786,36.41471372219329,36.3629608676365,25.610071375500524,25.610071375500524,16.06545770805843,20.673153344176185,18.226384618746184,20.82583898897466,20.82583898897466,25.2362426386456,25.93914677262002,18.536940667338808,18.827318738295673,1.0,1.0,1000.0,1.0,32.444463915869605,32.14608868361944,32.14608868361944,32.14608868361944,32.14608868361944,32.14608868361944,44.67662656867844,44.67662656867844,36.41734522278052,33.44108726416871,23.300470517419598,15.212026059779248,29.3708910973067,15.826132176307777,14.641782315592923,15.1449892738119,15.1449892738119,26.456016051078954,27.53539252561247,13.387238111764729,25.81541433489605,26.210305466166172,28.88681840346303,4.703481822393773,34.256867020614216,26.169039374049145,21.081018616709006,8.597059480894155,8.869033606139197,4.736726063473574,49.17728534252242,44.8855073787261,44.78896579013548,43.24430919271204,39.51438301878461,40.63773883175369,61.219522550635936,54.460999879469355,31.18670406463437
36.343663188280786,36.42787122462244,36.41471372219329,36.343663188280786,36.41471372219329,36.3629608676365,25.610071375500524,25.610071375500524,16.06545770805843,20.673153344176185,18.226384618746184,20.82583898897466,20.82583898897466,25.2362426386456,25.93914677262002,18.536940667338808,18.827318738295673,1.0,1.0,1.0,1000.0,32.444463915869605,32.14608868361944,32.14608868361944,32.14608868361944,32.14608868361944,32.14608868361944,44.67662656867844,44.67662656867844,36.41734522278052,33.44108726416871,23.300470517419598,15.212026059779248,29.3708910973067,15.826132176307777,14.641782315592923,15.1449892738119,15.1449892738119,26.456016051078954,27.53539252561247,13.387238111764729,25.81541433489605,26.210305466166172,28.88681840346303,4.703481822393773,34.256867020614216,26.169039374049145,21.081018616709006,8.597059480894155,8.869033606139197,4.736726063473574,49.17728534252242,44.8855073787261,44.78896579013548,43.24430919271204,39.51438301878461,40.63773883175369,61.219522550635936,54.460999879469355,31.18670406463437
67.7881262385928,67.87233427177439,67.85917676983937,67.7881262385928,67.85917676983937,67.8074239172248,7.834392601845572,7.834392601845572,17.379006298048743,12.771310656359509,49.67084822748117,12.618625011110721,12.618625011110721,8.2082213410795,7.505317202547392,49.98140426853651,50.27178233238166,32.444463915869605,32.444463915869605,32.444463915869605,32.444463915869605,1000.0,1.2983752356457332,1.2983752356457332,1.2983752356457332,1.2983752356457332,1.2983752356457332,13.23216284788594,13.23216284788594,67.86180827032777,64.88555042020906,54.74493399411708,46.65648973798978,60.815354391149064,47.27059584090597,46.08624600619537,18.29947473154768,18.29947473154768,6.988447920506828,5.909071437864753,44.831701828788525,7.629049641099827,7.234158507146578,4.557645548662744,28.740982131069348,65.70133014756668,57.61350276771944,52.52548215349099,40.041523288167475,40.31349740873954,36.18118993121992,17.732821720933003,13.441043662211458,13.344502071639722,11.799845443441644,8.069919202366455,9.1932750344921,29.775059266921303,23.016536393149007,62.6311672985079
67.48975101837246,67.57395905159316,67.560801549652,67.48975101837246,67.560801549652,67.5090486970134,7.536017366354507,7.536017366354507,17.08063106331545,12.472935421181516,49.37247300000559,12.320249775920516,12.320249775920516,7.9098461056062295,7.206941967041468,49.683029041165994,49.97340710510997,32.14608868361944,32.14608868361944,32.14608868361944,32.14608868361944,1.2983752356457332,1000.0,1.0,1.0,1.0,1.0,13.530538083001494,13.530538083001494,67.5634330501416,64.58717519867206,54.44655876844234,46.35811450952943,60.51697916786492,46.972220612641124,45.78787077755587,18.00109949692088,18.00109949692088,6.690072684979072,5.610696202297383,44.53332659976282,7.330674405599401,6.935783271628971,4.259270313057152,28.44260689806252,65.40295492639376,57.31512754314229,52.22710692700641,39.74314805776814,40.01512217841392,35.88281469982989,18.03119695559323,13.739418897308976,13.642877306745612,12.098220678672753,8.368294437831949,9.491650269897123,30.07343449967584,23.314911627096244,62.33279207598889
67.48975101837246,67.57395905159316,67.560801549652,67.48975101837246,67.560801549652,67.5090486970134,7.536017366354507,7.536017366354507,17.08063106331545,12.472935421181516,49.37247300000559,12.320249775920516,12.320249775920516,7.9098461056062295,7.206941967041468,49.683029041165994,49.97340710510997,32.14608868361944,32.14608868361944,32.14608868361944,32.14608868361944,1.2983752356457332,1.0,1000.0,1.0,1.0,1.0,13.530538083001494,13.530538083001494,67.5634330501416,64.58717519867206,54.44655876844234,46.35811450952943,60.51697916786492,46.972220612641124,45.78787077755587,18.00109949692088,18.00109949692088,6.690072684979072,5.610696202297383,44.53332659976282,7.330674405599401,6.935783271628971,4.259270313057152,28.44260689806252,65.40295492639376,57.31512754314229,52.22710692700641,39.74314805776814,40.01512217841392,35.88281469982989,18.03119695559323,13.739418897308976,13.642877306745612,12.098220678672753,8.368294437831949,9.491650269897123,30.07343449967584,23.314911627096244,62.33279207598889
67.48975101837246,67.57395905159316,67.560801549652,67.48975101837246,67.560801549652,67.5090486970134,7.536017366354507,7.536017366354507,17.08063106331545,12.472935421181516,49.37247300000559,12.320249775920516,12.320249775920516,7.9098461056062295,7.206941967041468,49.683029041165994,49.97340710510997,32.14608868361944,32.14608868361944,32.14608868361944,32.14608868361944,1.2983752356457332,1.0,1.0,1000.0,1.0,1.0,13.530538083001494,13.530538083001494,67.5634330501416,64.58717519867206,54.44655876844234,46.35811450952943,60.51697916786492,46.972220612641124,45.78787077755587,18.00109949692088,18.00109949692088,6.690072684979072,5.610696202297383,44.53332659976282,7.330674405599401,6.935783271628971,4.259270313057152,28.44260689806252,65.40295492639376,57.31512754314229,52.22710692700641,39.74314805776814,40.01512217841392,35.88281469982989,18.03119695559323,13.739418897308976,13.642877306745612,12.098220678672753,8.368294437831949,9.491650269897123,30.07343449967584,23.314911627096244,62.33279207598889
67.48975101837246,67.57395905159316,67.560801549652,67.48975101837246,67.560801549652,67.5090486970134,7.536017366354507,7.536017366354507,17.08063106331545,12.472935421181516,49.37247300000559,12.320249775920516,12.320249775920516,7.9098461056062295,7.206941967041468,49.683029041165994,49.97340710510997,32.14608868361944,32.14608868361944,32.14608868361944,32.14608868361944,1.2983752356457332,1.0,1.0,1.0,1000.0,1.0,13.530538083001494,13.530538083001494,67.5634330501416,64.58717519867206,54.44655876844234,46.35811450952943,60.51697916786492,46.972220612641124,45.78787077755587,18.00109949692088,18.00109949692088,6.690072684979072,5.610696202297383,44.53332659976282,7.330674405599401,6.935783271628971,4.259270313057152,28.44260689806252,65.40295492639376,57.31512754314229,52.22710692700641,39.74314805776814,40.01512217841392,35.88281469982989,18.03119695559323,13.739418897308976,13.642877306745612,12.098220678672753,8.368294437831949,9.491650269897123,30.07343449967584,23.314911627096244,62.33279207598889
67.48975101837246,67.57395905159316,67.560801549652,67.48975101837246,67.560801549652,67.5090486970134,7.536017366354507,7.536017366354507,17.08063106331545,12.472935421181516,49.37247300000559,12.320249775920516,12.320249775920516,7.9098461056062295,7.206941967041468,49.683029041165994,49.97340710510997,32.14608868361944,32.14608868361944,32.14608868361944,32.14608868361944,1.2983752356457332,1.0,1.0,1.0,1.0,1000.0,13.530538083001494,13.530538083001494,67.5634330501416,64.58717519867206,54.44655876844234,46.35811450952943,60.51697916786492,46.972220612641124,45.78787077755587,18.00109949692088,18.00109949692088,6.690072684979072,5.610696202297383,44.53332659976282,7.330674405599401,6.935783271628971,4.259270313057152,28.44260689806252,65.40295492639376,57.31512754314229,52.22710692700641,39.74314805776814,40.01512217841392,35.88281469982989,18.03119695559323,13.739418897308976,13.642877306745612,12.098220678672753,8.368294437831949,9.491650269897123,30.07343449967584,23.314911627096244,62.33279207598889
80.02028833542546,80.10449636685536,80.09133886519416,80.02028833542546,80.09133886519416,80.0395860136562,20.06655543124675,20.06655543124675,29.61116907942476,25.003473464153682,61.90301065394201,24.850787819676956,24.850787819676956,20.440384169086954,19.73748003314259,62.21356669013862,62.503944749415794,44.67662656867844,44.67662656867844,44.67662656867844,44.67662656867844,13.23216284788594,13.530538083001494,13.530538083001494,13.530538083001494,13.530538083001494,13.530538083001494,1000.0,1.0,80.0939703656278,77.11771257617808,66.97709633773533,58.88865221017783,73.0475166259751,59.50275830398888,58.31840848674169,30.531637506922422,30.531637506922422,19.22061075291533,18.141234273815254,57.06386432739598,19.861212471249683,19.466321338702524,16.78980838858149,40.97314482147826,77.93349228715928,69.84566506124321,64.75764453425177,52.27368585160035,52.54565996866731,48.413352542126276,5.500658883716447,1.208880814693773,1.1123392239503025,2.432317406636538,6.162243650692829,5.038887818084257,17.542896486432557,10.784373575773847,74.86332949874054
80.02028833542546,80.10449636685536,80.09133886519416,80.02028833542546,80.09133886519416,80.0395860136562,20.06655543124675,20.06655543124675,29.61116907942476,25.003473464153682,61.90301065394201,24.850787819676956,24.850787819676956,20.440384169086954,19.73748003314259,62.21356669013862,62.503944749415794,44.67662656867844,44.67662656867844,44.67662656867844,44.67662656867844,13.23216284788594,13.530538083001494,13.530538083001494,13.530538083001494,13.530538083001494,13.530538083001494,1.0,1000.0,80.0939703656278,77.11771257617808,66.97709633773533,58.88865221017783,73.0475166259751,59.50275830398888,58.31840848674169,30.531637506922422,30.531637506922422,19.22061075291533,18.141234273815254,57.06386432739598,19.861212471249683,19.466321338702524,16.78980838858149,40.97314482147826,77.93349228715928,69.84566506124321,64.75764453425177,52.27368585160035,52.54565996866731,48.413352542126276,5.500658883716447,1.208880814693773,1.1123392239503025,2.432317406636538,6.162243650692829,5.038887818084257,17.542896486432557,10.784373575773847,74.86332949874054
1.0736820355791075,1.0105260019964941,1.0026315006258426,1.0736820355791075,1.0026315006258426,1.054384355941132,61.027415987930574,61.027415987930574,51.48280261645288,56.09049811905613,19.19096073379215,56.243183759131064,56.243183759131064,60.653587264078325,61.35649137350889,18.880404685285782,18.590026614337297,36.41734522278052,36.41734522278052,36.41734522278052,36.41734522278052,67.86180827032777,67.5634330501416,67.5634330501416,67.5634330501416,67.5634330501416,67.5634330501416,80.0939703656278,80.0939703656278,1000.0,3.9762579986248006,14.116874826517039,22.20531928777264,8.046454208303263,21.591213172870134,22.775563030169568,50.56233420678255,50.56233420678255,61.87336063366059,62.95273706925465,24.030107229113746,61.23275894013484,61.62765005747816,64.30416289700065,40.12082698524785,3.1604782319435842,11.248305955584176,16.336326733614563,28.82028582935823,28.548311706360227,32.68061920829125,84.59462890345159,80.30285116508898,80.2063095813957,78.66165306129,74.93172706599404,76.05508282636534,96.63686539846174,89.87834314213198,6.230641223572653
3.9025759630531547,3.9867840006201978,3.97362649799923,3.9025759630531547,3.97362649799923,3.9218736426892127,58.051158108412274,58.051158108412274,48.506544701280475,53.11424022030903,16.214702744814666,53.26692586095341,53.26692586095341,57.677329383045034,58.38023349533222,15.904146695950192,15.61376862467295,33.44108726416871,33.44108726416871,33.44108726416871,33.44108726416871,64.88555042020906,64.58717519867206,64.58717519867206,64.58717519867206,64.58717519867206,64.58717519867206,77.11771257617808,77.11771257617808,3.9762579986248006,1000.0,11.140616832529899,19.229061302619673,5.070196210678764,18.614955186886743,19.799305045811217,47.58607628850501,47.58607628850501,58.8971027576063,59.97647919769202,21.053849246583145,58.256501061452866,58.651392180412614,61.327905031175284,37.144569035855945,1.8157797667427016,8.272047959558215,13.360068741598143,25.844027854813,25.572053731318903,29.704361241341513,81.61837113892021,77.32659337676486,77.23005179255101,75.68539526420288,71.95546924968193,73.07882501574234,93.66060770745997,86.90208540863439,3.2543832253591614
14.043192791085625,14.127400828492293,14.114243325896497,14.043192791085625,14.114243325896497,14.062490470685082,47.910541592800406,47.910541592800406,38.36592807906149,42.973623646874124,6.074085921446963,43.126309289220735,43.126309289220735,47.536712862853804,48.239616983778724,5.763529871846293,5.473151799901379,23.300470517419598,23.300470517419598,23.300470517419598,23.300470517419598,54.74493399411708,54.44655876844234,54.44655876844234,54.44655876844234,54.44655876844234,54.44655876844234,66.97709633773533,66.97709633773533,14.116874826517039,11.140616832529899,1000.0,9.088444487585749,7.070420624785198,8.474338369980302,9.65868823259608,37.445459657140574,37.445459657140574,48.756486252478645,49.83586270618636,10.913232437640625,48.115884548370424,48.51077567222238,51.187288557111636,27.003952314749718,11.956396598210931,3.8685688754484424,3.2194519123244443,15.703411065613842,15.431436940853269,19.563744472006277,71.47775497836548,67.18597714183176,67.0894355559945,65.54477900197007,61.8148529277583,62.938208711452035,83.51999177866877,76.76146934558393,8.886233609282154
22.131637252580216,22.21584528971367,22.20268778716065,22.131637252580216,22.20268778716065,22.15093493211717,39.822097277061076,39.822097277061076,30.27748369475695,34.88517929353131,4.014358567585258,35.03786493697225,35.03786493697225,39.44826854410684,40.15117267070871,4.324914617237326,4.615292689213797,15.212026059779248,15.212026059779248,15.212026059779248,15.212026059779248,46.65648973798978,46.35811450952943,46.35811450952943,46.35811450952943,46.35811450952943,46.35811450952943,58.88865221017783,58.88865221017783,22.20531928777264,19.229061302619673,9.088444487585749,1000.0,15.158865104237725,1.6141061180394765,1.570243745477194,29.357015267129476,29.357015267129476,40.66804194364232,41.747418406353,2.824787951765185,40.02744023429435,40.42233136136718,43.09884426885887,18.915507871173112,20.0448410660464,11.957013360060477,6.868992576493368,7.614966587221602,7.342992461920102,11.475300002797688,63.38931090516853,59.09753301671328,59.00099142974773,57.456334857908175,53.726408742520654,54.849764538341105,75.43154786955624,68.67302534104304,16.97467808494563
7.972772172766587,8.056980210293624,8.043822707678952,7.972772172766587,8.043822707678952,7.992069852393537,53.98096204144374,53.98096204144374,44.43634858876082,49.04404412870329,12.144506542215572,49.19672977007507,49.19672977007507,53.60713331413029,54.310037430087824,11.833950492965753,11.543572421336505,29.3708910973067,29.3708910973067,29.3708910973067,29.3708910973067,60.815354391149064,60.51697916786492,60.51697916786492,60.51697916786492,60.51697916786492,60.51697916786492,73.0475166259751,73.0475166259751,8.046454208303263,5.070196210678764,7.070420624785198,15.158865104237725,1000.0,14.544758987575523,15.729108848324275,43.51588017204826,43.51588017204826,54.82690669509063,55.90628314095619,16.983653051174123,54.18630499555898,54.58119611659662,57.257708981831264,33.07437288035791,5.885975977231374,4.201851749989419,9.289872535802576,21.77383166871445,21.50185754463333,25.634165064332798,77.5481752212818,73.25639742803102,73.15985584313763,71.61519930403676,67.88527326447816,69.00862903794118,89.59041188633007,82.8318895316606,2.8158129855147953
21.517531137655606,21.60173917481433,21.588581672257355,21.517531137655606,21.588581672257355,21.536828817198355,40.43620338413652,40.43620338413652,30.891589806525953,35.49928540319683,3.400252449597711,35.65197104656288,35.65197104656288,40.062374651390556,40.76527877759914,3.7108084992625407,4.001186571252199,15.826132176307777,15.826132176307777,15.826132176307777,15.826132176307777,47.27059584090597,46.972220612641124,46.972220612641124,46.972220612641124,46.972220612641124,46.972220612641124,59.50275830398888,59.50275830398888,21.591213172870134,18.614955186886743,8.474338369980302,1.6141061180394765,14.544758987575523,1000.0,2.1843498635118244,29.97112137928236,29.97112137928236,41.282148050239044,42.36152451232411,3.438894069772727,40.64154634125453,41.036437468104,43.71295037402324,19.529613986832594,19.430734950528393,11.342907242834734,6.254886458675279,8.229072704918034,7.957098579643009,12.089406120004007,64.00341699509386,59.71163911035037,59.615097523465295,58.07044095289544,54.34051484043399,55.463870635394024,76.04565394766979,69.28713142603924,16.360571968668545
22.70188099499824,22.78608903210758,22.772931529558335,22.70188099499824,22.772931529558335,22.721178674529682,39.251853541458445,39.251853541458445,29.7072399548713,34.31493555556255,4.584602312990443,34.46762119907183,34.46762119907183,38.87802480831373,39.58092893527527,4.895158362628209,5.185536434590145,14.641782315592923,14.641782315592923,14.641782315592923,14.641782315592923,46.08624600619537,45.78787077755587,45.78787077755587,45.78787077755587,45.78787077755587,45.78787077755587,58.31840848674169,58.31840848674169,22.775563030169568,19.799305045811217,9.65868823259608,1.570243745477194,15.729108848324275,2.1843498635118244,1000.0,28.78677152689464,28.78677152689464,40.09779820847753,41.177174671760625,2.254544206303243,39.45719649879713,39.85208762607423,42.52860053500493,18.345264127764537,20.61508480903192,12.527257104695591,7.439236321718668,7.044722842010749,6.77274871668681,10.905056258011474,62.81906718530512,58.52728929343704,58.43074770639754,56.88609113339114,53.15616501531596,54.279520811926524,74.86130416056587,68.10278162571497,17.544921828660243
50.48865217331683,50.57286020847662,50.5597027062323,50.48865217331683,50.5597027062323,50.507949852401914,11.46508214407352,11.46508214407352,1.920468436529857,6.528164088267249,32.37137380342229,6.680849733702831,6.680849733702831,11.091253405084522,11.794157543109618,32.681929849508165,32.9723079180923,15.1449892738119,15.1449892738119,15.1449892738119,15.1449892738119,18.29947473154768,18.00109949692088,18.00109949692088,18.00109949692088,18.00109949692088,18.00109949692088,30.531637506922422,30.531637506922422,50.56233420678255,47.58607628850501,37.445459657140574,29.357015267129476,43.51588017204826,29.97112137928236,28.78677152689464,1000.0,1.0,12.311026824650707,13.390403305903652,27.532227331381446,11.670425104660831,12.065316238261783,14.741829192706668,11.441507457789212,48.4018560341873,40.314028484584995,35.22600777714192,22.742048727476053,23.014022851393033,18.881715326272296,35.03229633820067,30.740518319488896,30.64397672973234,29.09932011406918,25.36939389932073,26.492749724104236,47.07453373257571,40.316010951034386,45.331693117567276
