0.0,1.954422859307136,1.954422859307136,14.535592300164918,16.200236087026035,16.200236087026035,18.129617679642642,16.211944350505505,10.268166315660151,3.416758471942342,2.4866029301363035,2.3590974771687656,2.621633036036652,2.621633036036652,19.998836377914785,19.998836377914785,21.401411182660354,19.145763793120576,19.459392183814348,20.10379849433949,20.10379849433949,20.049017449348366,18.416060633078875,21.401411182660354,20.232178672341632,19.923564839752157,20.90502856022585,9.799583645423253,9.787879487692038,9.151671901611062,2.1659774851146976,12.353968168820922,3.1324875581347573,16.135004370023324,18.70668646078959,16.569883657854746,20.157743230351773,21.132101208626242,3.6675847680674023,4.282105307698261,10.552407584891807,11.259527677903273,11.117366330983211,11.468589018684918,15.896658240407971,18.85722694309713,14.244984185488926,16.640969958071544,15.691764862690995,12.82332198588825,14.934919132564886,19.124855284844042,14.115360820101255,23.285774283684376,21.972652927478894,21.592103357932555,22.273748591857355,2.1375300593041393,6.681608851428138,4.286285700633917
1.954422859307136,0.0,1.0,15.49001514999718,17.154658934472923,17.154658934472923,19.084040523991074,17.166367197934676,9.31374346008497,2.4623356128062435,1.5321800708674518,1.404674617888244,1.6672101767818746,1.6672101767818746,20.95325921891987,20.95325921891987,22.35583402093616,20.10018663569318,20.4138150258188,21.05822133514688,21.05822133514688,21.00344029025907,19.370483476936773,22.35583402093616,21.18660151290577,20.87798768089837,21.859451399489192,8.845160789459506,8.833456631718862,8.197249045145142,3.1204003443022303,11.399545315233976,2.178064698949199,17.089427217568716,19.661109304141718,17.524306504735755,21.112166071057143,22.086524047440772,2.7131619089814434,3.3276824487608927,9.597984729562715,12.21395053165042,12.071789184876819,12.423011872213138,16.85108108830977,19.811649786184084,15.199407035710264,17.59539280484221,16.646187710894807,13.777744837895685,15.88934198184926,20.079278127454184,15.06978367049351,24.24019711799584,22.92707576458894,22.54652619582269,23.228171428340335,1.1831072000070824,5.727185993421305,3.331862841697685
1.954422859307136,1.0,0.0,15.49001514999718,17.154658934472923,17.154658934472923,19.084040523991074,17.166367197934676,9.31374346008497,2.4623356128062435,1.5321800708674518,1.404674617888244,1.6672101767818746,1.6672101767818746,20.95325921891987,20.95325921891987,22.35583402093616,20.10018663569318,20.4138150258188,21.05822133514688,21.05822133514688,21.00344029025907,19.370483476936773,22.35583402093616,21.18660151290577,20.87798768089837,21.859451399489192,8.845160789459506,8.833456631718862,8.197249045145142,3.1204003443022303,11.399545315233976,2.178064698949199,17.089427217568716,19.661109304141718,17.524306504735755,21.112166071057143,22.086524047440772,2.7131619089814434,3.3276824487608927,9.597984729562715,12.21395053165042,12.071789184876819,12.423011872213138,16.85108108830977,19.811649786184084,15.199407035710264,17.59539280484221,16.646187710894807,13.777744837895685,15.88934198184926,20.079278127454184,15.06978367049351,24.24019711799584,22.92707576458894,22.54652619582269,23.228171428340335,1.1831072000070824,5.727185993421305,3.331862841697685
14.535592300164918,15.49001514999718,15.49001514999718,0.0,2.664643804164908,2.664643804164908,4.594025421570116,2.6763520677794883,23.803758470890457,16.95235074568966,16.02219521500028,15.894689763464033,16.157225319360542,16.157225319360542,6.4632441487011905,6.4632441487011905,7.86581897822949,5.610171550145276,5.923799945783136,6.5682062668876915,6.5682062668876915,6.5134252209751935,4.880468379119579,7.86581897822949,6.6965864470651235,6.387972609284371,7.369436346717632,23.33517581081596,23.32347165333471,22.68726408055759,13.36961482492906,25.88956027514774,16.66807983540556,2.599412086412899,5.171094211117972,3.0342913793494097,6.622151003811285,7.596508999228833,17.20317703861361,17.817697570036604,24.087999733810353,4.276064645259769,4.41822599284569,4.067003303448717,2.361065954109101,5.321634695691769,1.2906081173088366,3.105377680425241,2.1561725741430036,2.712270328126597,1.3993268362059361,5.589263041543903,1.4202314838336605,9.750182116769095,8.437060733909874,8.056511157078155,8.73815640419244,15.673122348033482,20.217201076749017,17.82187796291465
16.200236087026035,17.154658934472923,17.154658934472923,2.664643804164908,0.0,1.0,2.9293816179872705,1.0117082636162285,25.468402228078777,18.6169945262123,17.686838998079182,17.559333546881955,17.821869102077418,17.821869102077418,4.798600346277901,4.798600346277901,6.201175177061009,3.945527747120096,4.259156142965052,4.90356246454689,4.90356246454689,4.848781418591109,3.215824575676403,6.201175177061009,5.031942644827725,4.723328806803066,5.704792545067362,24.999819569853113,24.988115412417567,24.351907842089915,15.034258614495672,27.554204023655306,18.332723616724945,1.0652317177607686,3.5064504078305734,1.3696475752476336,4.957507201513596,5.931865197793836,18.867820818421915,19.48234134804989,25.752643489859064,5.940708448064953,6.082869795551024,5.731647106394566,1.303577850090499,3.6569908924906294,2.9552519214260276,1.4407338763382356,1.5084712300712648,4.376914131805854,2.2653169680014003,3.9246192385055036,3.0848752879249925,8.085538317805428,6.772416933346938,6.391867356105737,7.073512603970689,17.337766132034005,21.881844847142283,19.486521740915506
16.200236087026035,17.154658934472923,17.154658934472923,2.664643804164908,1.0,0.0,2.9293816179872705,1.0117082636162285,25.468402228078777,18.6169945262123,17.686838998079182,17.559333546881955,17.821869102077418,17.821869102077418,4.798600346277901,4.798600346277901,6.201175177061009,3.945527747120096,4.259156142965052,4.90356246454689,4.90356246454689,4.848781418591109,3.215824575676403,6.201175177061009,5.031942644827725,4.723328806803066,5.704792545067362,24.999819569853113,24.988115412417567,24.351907842089915,15.034258614495672,27.554204023655306,18.332723616724945,1.0652317177607686,3.5064504078305734,1.3696475752476336,4.957507201513596,5.931865197793836,18.867820818421915,19.48234134804989,25.752643489859064,5.940708448064953,6.082869795551024,5.731647106394566,1.303577850090499,3.6569908924906294,2.9552519214260276,1.4407338763382356,1.5084712300712648,4.376914131805854,2.2653169680014003,3.9246192385055036,3.0848752879249925,8.085538317805428,6.772416933346938,6.391867356105737,7.073512603970689,17.337766132034005,21.881844847142283,19.486521740915506
18.129617679642642,19.084040523991074,19.084040523991074,4.594025421570116,2.9293816179872705,2.9293816179872705,0.0,2.9176733543732265,27.39778378306283,20.546376110637343,19.616220585792266,19.488715135032564,19.75125068932368,19.75125068932368,2.869218728981001,2.869218728981001,4.271793560728048,2.01614612942387,2.329774525399195,2.9741808473088946,2.9741808473088946,2.919399801322104,1.2864429577508556,4.271793560728048,3.1025610276646867,2.79394718946524,3.775410928349558,26.929201127143877,26.91749696976539,26.281289402499215,16.963640210655754,29.48358556784874,20.262105202172833,2.994613335735383,1.5770687899839555,2.559734042795717,3.0281255843067068,4.002483581246141,20.79720240193131,21.411722929263917,27.682025043422886,7.870090062748676,8.012251410069307,7.661028721314422,3.232959468011829,1.7276092746913523,4.884633538674315,2.4886477417128514,3.437852847937953,6.306295748049459,4.194698585595413,1.9952376208012665,5.014256905097984,6.156156703369032,4.8430353175160885,4.462485739933344,5.144130988430001,19.26714772093734,23.811226418685433,21.415903322113667
16.211944350505505,17.166367197934676,17.166367197934676,2.6763520677794883,1.0117082636162285,1.0117082636162285,2.9176733543732265,0.0,25.480110491340373,18.6287027896448,17.69854726153058,17.57104181033587,17.83357736552614,17.83357736552614,4.786892082670161,4.786892082670161,6.189466913460706,3.9338194835089677,4.24744787935507,4.891854200939626,4.891854200939626,4.837073154983597,3.2041163120630576,6.189466913460706,5.020234381221062,4.711620543194993,5.693084281464163,25.011527833128177,24.999823675692966,24.363616105383173,15.04596687799533,27.56591228685378,18.344431880163327,1.076939981376994,3.4947421442180353,1.3579393116314833,4.9457989379065825,5.920156934191925,18.879529081849142,19.494049611463886,25.76435175311236,5.952416711666726,6.094578059151955,5.743355369997534,1.3152861137066707,3.6452826288785496,2.9669601850399845,1.4290256127221188,1.5201794936873372,4.388622395415323,2.2770252316166744,3.912910974894303,3.0965835515386395,8.073830054218767,6.760708669750331,6.380159092506625,7.061804340376183,17.349474395492233,21.89355311050031,19.49823000432941
10.268166315660151,9.31374346008497,9.31374346008497,23.803758470890457,25.468402228078777,25.468402228078777,27.39778378306283,25.480110491340373,0.0,7.851407851506848,8.781563390964951,8.909068843547246,8.646533285455924,8.646533285455924,29.267002441559573,29.267002441559573,30.66957721431748,28.413929875322776,28.72755825927298,29.37196455565404,29.37196455565404,29.317183511880387,27.6842267306155,30.66957721431748,29.50034473079205,29.191730905061704,30.173194603413577,1.4685826721779267,1.4802868299549754,2.116494418333146,11.43414379505424,3.0858018643121747,8.135678764683178,25.403170512287623,27.974852552278417,25.838049791966913,29.425909290464702,30.400267246567775,7.600581555875672,6.986061017204762,1.2842412705099198,20.527693899455222,20.3855325545133,20.736755237293444,25.16482438706524,28.12539303142226,23.513150361128975,25.909136090834338,24.959931013082215,22.091488184431608,24.203085296408528,28.39302136749254,23.383526997907904,32.55394026947653,31.240818945581978,30.860269385098913,31.54191460269373,9.130636260706074,4.586557473821159,6.98188062427442
3.416758471942342,2.4623356128062435,2.4623356128062435,16.95235074568966,18.6169945262123,18.6169945262123,20.546376110637343,18.6287027896448,7.851407851506848,0.0,1.9301555419755028,2.057660994949741,1.7951254360637139,1.7951254360637139,22.4155948001086,22.4155948001086,23.818169597691824,21.56252221943647,21.876150608635378,22.52055691601388,22.52055691601388,22.465775871294188,20.832819062780118,23.818169597691824,22.64893709337707,22.340323262316804,23.321786977846873,7.382825180370009,7.371121022617007,6.734913435402343,4.5827359565452355,9.937209709328375,1.2842709138818829,18.55176280947069,21.123444889158055,18.986642095541846,22.57450165175817,23.548859625070097,1.2508262962070726,1.8653468361040635,8.135649121310701,13.676286133928231,13.534124787404517,13.885347474118051,18.313416680800543,21.273985370767146,16.661742632050938,19.057728395466526,18.108523303885033,15.240080437227734,17.35167757663071,21.54161371125874,16.5321192671193,25.70253268833977,24.3894113394561,24.008861771953278,24.690507002192746,2.279228412816532,4.264850381760208,1.869527229041847
2.4866029301363035,1.5321800708674518,1.5321800708674518,16.02219521500028,17.686838998079182,17.686838998079182,19.616220585792266,17.69854726153058,8.781563390964951,1.9301555419755028,0.0,1.1275054529806003,1.1350301059168544,1.1350301059168544,21.48543927878185,21.48543927878185,22.888014079220046,20.63236669646341,20.945995086259646,21.590401394894407,21.590401394894407,21.535620350066406,19.902663538452945,22.888014079220046,21.718781572512516,21.410167740842052,22.39163145834363,8.312980720141624,8.301276562396184,7.665068975573239,3.652580415017938,10.867365247138915,1.6458846281022828,17.62160728123251,20.193289365364215,18.056486568011646,21.64434613074562,22.618704106035846,2.180981838168599,2.795502378006252,9.06580466056851,12.746130598967838,12.60396925228161,12.955191939400098,17.383261152181856,20.343829847252685,15.73158710094196,18.127572868053736,17.178367774943514,14.309924904180328,16.421522046530836,20.61145818824619,15.601963735825715,24.772377173993647,23.459255822199903,23.078706253883883,23.760351485589556,1.3490728708620943,5.195005923089275,2.7996827709435106
2.3590974771687656,1.404674617888244,1.404674617888244,15.894689763464033,17.559333546881955,17.559333546881955,19.488715135032564,17.57104181033587,8.909068843547246,2.057660994949741,1.1275054529806003,0.0,1.2625355588972254,1.2625355588972254,21.357933828491664,21.357933828491664,22.760508629311627,20.50486124595338,20.81848963582935,21.462895944631914,21.462895944631914,21.40811489978944,19.775158087762282,22.760508629311627,21.59127612228409,21.28266229053209,22.264126008297207,8.440486172770097,8.428782015025778,7.7925744282608775,3.5250749620806348,10.994870699481096,1.7733900810796528,17.49410183002133,20.065783914744678,17.928981116894544,21.51684068049742,22.491198656052156,2.3084872911392056,2.923007830964522,9.193310113121402,12.61862514686853,12.476463800160992,12.82768648733259,17.25575570092015,20.216324396670412,15.604081649350183,18.00006741695224,17.050862323638952,14.182419452332551,16.29401659507267,20.48395273773089,15.474458284209513,24.644871724637877,23.3317503724542,22.951200804029316,23.63284603593131,1.2215674178819942,5.322511375952572,2.9271882239016787
2.621633036036652,1.6672101767818746,1.6672101767818746,16.157225319360542,17.821869102077418,17.821869102077418,19.75125068932368,17.83357736552614,8.646533285455924,1.7951254360637139,1.1350301059168544,1.2625355588972254,0.0,1.0,21.620469381812697,21.620469381812697,23.023044181844075,20.767396799728605,21.081025189439835,21.725431497895734,21.725431497895734,21.67065045308315,20.037693641910742,23.023044181844075,21.853811675477537,21.54519784389397,22.52666156111469,8.177950614584528,8.16624645683793,7.530038869954654,3.7876105208841717,10.732335141880418,1.510854522187688,17.756637385245643,20.32831946874617,18.19151667192437,21.779376233731714,22.753734208740056,2.045951732260205,2.6604722721098186,8.930774555090107,12.881160703930277,12.738999357266866,13.090222044328481,17.51829125624893,20.478859950594902,15.866617205361552,18.2626029719498,17.313397879056332,14.444955008873578,16.556552150807693,20.746488291516997,15.736993840271396,24.907407276029012,23.594285924650567,23.213736356450536,23.89538158794707,1.4841029767777916,5.059975817289108,2.664652665047175
2.621633036036652,1.6672101767818746,1.6672101767818746,16.157225319360542,17.821869102077418,17.821869102077418,19.75125068932368,17.83357736552614,8.646533285455924,1.7951254360637139,1.1350301059168544,1.2625355588972254,1.0,0.0,21.620469381812697,21.620469381812697,23.023044181844075,20.767396799728605,21.081025189439835,21.725431497895734,21.725431497895734,21.67065045308315,20.037693641910742,23.023044181844075,21.853811675477537,21.54519784389397,22.52666156111469,8.177950614584528,8.16624645683793,7.530038869954654,3.7876105208841717,10.732335141880418,1.510854522187688,17.756637385245643,20.32831946874617,18.19151667192437,21.779376233731714,22.753734208740056,2.045951732260205,2.6604722721098186,8.930774555090107,12.881160703930277,12.738999357266866,13.090222044328481,17.51829125624893,20.478859950594902,15.866617205361552,18.2626029719498,17.313397879056332,14.444955008873578,16.556552150807693,20.746488291516997,15.736993840271396,24.907407276029012,23.594285924650567,23.213736356450536,23.89538158794707,1.4841029767777916,5.059975817289108,2.664652665047175
19.998836377914785,20.95325921891987,20.95325921891987,6.4632441487011905,4.798600346277901,4.798600346277901,2.869218728981001,4.786892082670161,29.267002441559573,22.4155948001086,21.48543927878185,21.357933828491664,21.620469381812697,21.620469381812697,0.0,1.0,2.4025748321790585,1.8530725996387587,1.539444203649353,1.1049621183474037,1.1049621183474037,1.0501810723501723,2.5827757712728414,2.4025748321790585,1.2333422987298797,1.0752715395284749,1.9061921996053444,28.79841978804306,28.786715630724053,28.150508066651536,18.832858912778086,31.352804215144996,22.13132389273676,4.863832063990412,2.292149939067265,4.428952771272945,1.1589068553560504,2.1332648525854783,22.666421090425718,23.280941615314646,29.55124370044197,9.73930878607089,9.881470133180377,9.530247444940212,5.102178196129949,2.14160945436787,6.753852265549377,4.357866470223011,5.30707157592982,8.175514473442469,6.063917313052293,1.873981108261642,6.883475631853717,4.286937975983209,2.973816589249152,2.593267011471683,3.274912260336441,21.13636641520497,25.68044509450825,23.28512200814752
19.998836377914785,20.95325921891987,20.95325921891987,6.4632441487011905,4.798600346277901,4.798600346277901,2.869218728981001,4.786892082670161,29.267002441559573,22.4155948001086,21.48543927878185,21.357933828491664,21.620469381812697,21.620469381812697,1.0,0.0,2.4025748321790585,1.8530725996387587,1.539444203649353,1.1049621183474037,1.1049621183474037,1.0501810723501723,2.5827757712728414,2.4025748321790585,1.2333422987298797,1.0752715395284749,1.9061921996053444,28.79841978804306,28.786715630724053,28.150508066651536,18.832858912778086,31.352804215144996,22.13132389273676,4.863832063990412,2.292149939067265,4.428952771272945,1.1589068553560504,2.1332648525854783,22.666421090425718,23.280941615314646,29.55124370044197,9.73930878607089,9.881470133180377,9.530247444940212,5.102178196129949,2.14160945436787,6.753852265549377,4.357866470223011,5.30707157592982,8.175514473442469,6.063917313052293,1.873981108261642,6.883475631853717,4.286937975983209,2.973816589249152,2.593267011471683,3.274912260336441,21.13636641520497,25.68044509450825,23.28512200814752
21.401411182660354,22.35583402093616,22.35583402093616,7.86581897822949,6.201175177061009,6.201175177061009,4.271793560728048,6.189466913460706,30.66957721431748,23.818169597691824,22.888014079220046,22.760508629311627,23.023044181844075,23.023044181844075,2.4025748321790585,2.4025748321790585,0.0,3.2556474316819055,2.942019035754419,2.2976127138412736,2.2976127138412736,2.352393759833679,3.9853506031181274,1.0,2.1692325334684472,2.477846371699677,1.4963826326054792,30.200994562711948,30.18929040544027,29.553082843911167,20.23543372068213,32.75537897901651,23.53389869120558,6.266406894731726,3.694724771000372,5.831527602281499,2.243667976836965,1.2693099796151321,24.068995887218005,24.68351641013128,30.953818472025414,11.141883611984033,11.284044958902232,10.932822271129467,6.50475302671345,3.5441842863417747,8.156427094818412,5.760441301272706,6.709646406371232,9.578089301270865,7.466492142917354,3.2765559403001663,8.286050461003253,2.8843631442414233,1.5712417571497075,1.1906921793140781,1.8723374282975005,22.538941216682833,27.08301988109576,24.687696802950526
19.145763793120576,20.10018663569318,20.10018663569318,5.610171550145276,3.945527747120096,3.945527747120096,2.01614612942387,3.9338194835089677,28.413929875322776,21.56252221943647,20.63236669646341,20.50486124595338,20.767396799728605,20.767396799728605,1.8530725996387587,1.8530725996387587,3.2556474316819055,0.0,1.3136283959966757,1.958034717981842,1.958034717981842,1.9032536719869837,1.729703171683716,3.2556474316819055,2.086414898357747,1.7778010601127994,2.7592647991756114,27.94534722068937,27.93364306334271,27.29743549778489,17.979786326175816,30.499731654110942,21.27825131155355,4.010759464851702,1.4390773394528869,3.575880172013838,2.0119794549879,2.98633745212753,21.81334851021036,22.427869036241365,28.698171134891947,8.886236189396325,9.02839753660838,8.677174848117971,4.249105597064131,1.288536854743266,5.9007796671229915,3.504793870945771,4.453998976930568,7.322441875754544,5.210844714330249,1.0209085086236684,6.030403033487452,5.140010575037501,3.826889188648222,3.4463396109430033,4.127984859669533,20.283293832288017,24.82737252020756,22.432049429082127
19.459392183814348,20.4138150258188,20.4138150258188,5.923799945783136,4.259156142965052,4.259156142965052,2.329774525399195,4.24744787935507,28.72755825927298,21.876150608635378,20.945995086259646,20.81848963582935,21.081025189439835,21.081025189439835,1.539444203649353,1.539444203649353,2.942019035754419,1.3136283959966757,0.0,1.644406321994919,1.644406321994919,1.5896252759987215,2.0433315676683623,2.942019035754419,1.7727865023743334,1.4641726641218273,2.4456364032191082,28.258975605046206,28.247271447709608,27.611063882692434,18.29341471752438,30.813360036166152,21.591879700937927,4.324387860690193,1.7527057354443407,3.889508567892887,1.6983510590023885,2.6727090561833355,22.126976899243477,22.74149742485984,29.01179951859209,9.199864584370433,9.342025931545992,8.99080324314459,4.562733992877855,1.6021652507371966,6.214408062715707,3.818422266830881,4.767627372721567,7.636070271087882,5.524473110025784,1.3345369046202336,6.344031429059167,4.826382179290983,3.5132607927637576,3.132711215028733,3.814356463811891,20.596922222301327,25.141000907091854,22.74567781769774
20.10379849433949,21.05822133514688,21.05822133514688,6.5682062668876915,4.90356246454689,4.90356246454689,2.9741808473088946,4.891854200939626,29.37196455565404,22.52055691601388,21.590401394894407,21.462895944631914,21.725431497895734,21.725431497895734,1.1049621183474037,1.1049621183474037,2.2976127138412736,1.958034717981842,1.644406321994919,0.0,1.0,1.054781045997246,2.687737889606122,2.2976127138412736,1.1283801803826343,1.1802336578758068,1.801230081261778,28.903381902277314,28.891677744961775,28.25547018107523,18.937821029431163,31.457766328588743,22.23628600870637,4.968794182256719,2.3971120574051246,4.53391488955627,1.053944737008692,2.028302734244234,22.77138320627354,23.38590373101883,29.65620581445049,9.844270904009315,9.986432251105464,9.635209562897868,5.2071403143860815,2.24657157270775,6.858814383718468,4.462828588508929,5.412033694176725,8.280476591513498,6.168879431261257,1.9789432266045228,6.9884377500147545,4.1819758576910715,2.868854470921243,2.488304893136812,3.1699501420151246,21.241328531392938,25.785407209613055,23.390084123850713
20.10379849433949,21.05822133514688,21.05822133514688,6.5682062668876915,4.90356246454689,4.90356246454689,2.9741808473088946,4.891854200939626,29.37196455565404,22.52055691601388,21.590401394894407,21.462895944631914,21.725431497895734,21.725431497895734,1.1049621183474037,1.1049621183474037,2.2976127138412736,1.958034717981842,1.644406321994919,1.0,0.0,1.054781045997246,2.687737889606122,2.2976127138412736,1.1283801803826343,1.1802336578758068,1.801230081261778,28.903381902277314,28.891677744961775,28.25547018107523,18.937821029431163,31.457766328588743,22.23628600870637,4.968794182256719,2.3971120574051246,4.53391488955627,1.053944737008692,2.028302734244234,22.77138320627354,23.38590373101883,29.65620581445049,9.844270904009315,9.986432251105464,9.635209562897868,5.2071403143860815,2.24657157270775,6.858814383718468,4.462828588508929,5.412033694176725,8.280476591513498,6.168879431261257,1.9789432266045228,6.9884377500147545,4.1819758576910715,2.868854470921243,2.488304893136812,3.1699501420151246,21.241328531392938,25.785407209613055,23.390084123850713
20.049017449348366,21.00344029025907,21.00344029025907,6.5134252209751935,4.848781418591109,4.848781418591109,2.919399801322104,4.837073154983597,29.317183511880387,22.465775871294188,21.535620350066406,21.40811489978944,21.67065045308315,21.67065045308315,1.0501810723501723,1.0501810723501723,2.352393759833679,1.9032536719869837,1.5896252759987215,1.054781045997246,1.054781045997246,0.0,2.6329568436164807,2.352393759833679,1.1831612263798152,1.1254526118786234,1.8560111272571322,28.848600858430636,28.836896701113286,28.200689137129586,18.88303998432069,31.402985285154987,22.18150496395306,4.914013136302348,2.3423310114130533,4.479133843592958,1.1087257830059218,2.0830837802384075,22.716602161583875,23.331122686404214,29.601424770721728,9.789489858226743,9.931651205329873,9.580428517105231,5.1523592684370545,2.1917905267146036,6.804033337815097,4.408047542544252,5.35725264823254,8.225695545661505,6.114098385336981,1.9241621806097728,6.933656704115603,4.236756903659914,2.9236355169085733,2.5430859391277227,3.2247311879990552,21.186547486525534,25.730626165311595,23.335303079236617
18.416060633078875,19.370483476936773,19.370483476936773,4.880468379119579,3.215824575676403,3.215824575676403,1.2864429577508556,3.2041163120630576,27.6842267306155,20.832819062780118,19.902663538452945,19.775158087762282,20.037693641910742,20.037693641910742,2.5827757712728414,2.5827757712728414,3.9853506031181274,1.729703171683716,2.0433315676683623,2.687737889606122,2.687737889606122,2.6329568436164807,0.0,3.9853506031181274,2.816118069968936,2.5075042317534133,3.488967970698384,27.215644075054,27.203939917684362,26.56773235089306,17.250083164655365,29.77002851373266,20.548548154476553,3.281056293420549,1.2906258322355206,2.8461770005049996,2.741682626606827,3.7160406236129564,21.08364535393012,21.69816588090229,27.968467990755606,8.156533019789292,8.298694367080817,7.9474716783967825,3.51940242568146,1.4411663169451296,5.1710764961911835,2.775090699425558,3.7242958055929165,6.592738705371689,4.481141543185682,1.7087946630605921,5.300699862599527,5.869713745980399,4.55659235996244,4.176042782341162,4.857688030909797,19.5535906737859,24.09766936881126,21.702346273749548
21.401411182660354,22.35583402093616,22.35583402093616,7.86581897822949,6.201175177061009,6.201175177061009,4.271793560728048,6.189466913460706,30.66957721431748,23.818169597691824,22.888014079220046,22.760508629311627,23.023044181844075,23.023044181844075,2.4025748321790585,2.4025748321790585,1.0,3.2556474316819055,2.942019035754419,2.2976127138412736,2.2976127138412736,2.352393759833679,3.9853506031181274,0.0,2.1692325334684472,2.477846371699677,1.4963826326054792,30.200994562711948,30.18929040544027,29.553082843911167,20.23543372068213,32.75537897901651,23.53389869120558,6.266406894731726,3.694724771000372,5.831527602281499,2.243667976836965,1.2693099796151321,24.068995887218005,24.68351641013128,30.953818472025414,11.141883611984033,11.284044958902232,10.932822271129467,6.50475302671345,3.5441842863417747,8.156427094818412,5.760441301272706,6.709646406371232,9.578089301270865,7.466492142917354,3.2765559403001663,8.286050461003253,2.8843631442414233,1.5712417571497075,1.1906921793140781,1.8723374282975005,22.538941216682833,27.08301988109576,24.687696802950526
20.232178672341632,21.18660151290577,21.18660151290577,6.6965864470651235,5.031942644827725,5.031942644827725,3.1025610276646867,5.020234381221062,29.50034473079205,22.64893709337707,21.718781572512516,21.59127612228409,21.853811675477537,21.853811675477537,1.2333422987298797,1.2333422987298797,2.1692325334684472,2.086414898357747,1.7727865023743334,1.1283801803826343,1.1283801803826343,1.1831612263798152,2.816118069968936,2.1692325334684472,0.0,1.3086138382580814,1.672849900882629,29.03176207758703,29.02005792027574,28.383850356617618,19.066201207714382,31.58614650292772,22.364666186148654,5.097174362534178,2.525492237773978,4.6622950698551975,1.0744354433739682,1.8999225538675815,22.899763383566054,23.51428390813474,29.78458598948296,9.972651083878384,10.114812430958,9.76358974279077,5.335520494650736,2.3749517530793023,6.987194563874169,4.591208768811131,5.540413874429782,8.408856771547118,6.2972596114667665,2.1073234069801483,7.1168179301604075,4.0535956773712325,2.740474290559633,2.35992471276726,3.0415699616611245,21.369708709103808,25.913787385992247,23.518464300965405
19.923564839752157,20.87798768089837,20.87798768089837,6.387972609284371,4.723328806803066,4.723328806803066,2.79394718946524,4.711620543194993,29.191730905061704,22.340323262316804,21.410167740842052,21.28266229053209,21.54519784389397,21.54519784389397,1.0752715395284749,1.0752715395284749,2.477846371699677,1.7778010601127994,1.4641726641218273,1.1802336578758068,1.1802336578758068,1.1254526118786234,2.5075042317534133,2.477846371699677,1.3086138382580814,0.0,1.9814637391304482,28.72314825144526,28.71144409412378,28.075236529918325,18.75758737445248,31.277532679112337,22.056052354899034,4.788560524517451,2.2168783995447514,4.35368123178808,1.2341783948843843,2.208536392108762,22.591149552674974,23.205670077666486,29.475972164005537,9.664037246829732,9.80619859394869,9.454975905685409,5.026906656664125,2.0663379148440106,6.678580726144845,4.282594930736337,5.2318000364704735,8.100242934107285,5.988645773619639,1.7987095687358137,6.80820409245487,4.3622095154698055,3.049088128762299,2.668538550990082,3.350183799844653,21.061094877211335,25.605173557288282,23.209850470500072
20.90502856022585,21.859451399489192,21.859451399489192,7.369436346717632,5.704792545067362,5.704792545067362,3.775410928349558,5.693084281464163,30.173194603413577,23.321786977846873,22.39163145834363,22.264126008297207,22.52666156111469,22.52666156111469,1.9061921996053444,1.9061921996053444,1.4963826326054792,2.7592647991756114,2.4456364032191082,1.801230081261778,1.801230081261778,1.8560111272571322,3.488967970698384,1.4963826326054792,1.672849900882629,1.9814637391304482,0.0,29.704611951121127,29.692907793832436,29.056700231388785,19.73905109710341,32.258996371304804,23.03751607104076,5.770024262754348,3.1983421385429667,5.3351449701996945,1.7472853442547125,1.2270726529918754,23.57261326765865,24.187133791285042,30.4574358615436,10.645500981825801,10.78766232881492,10.436439640868782,6.008370394797322,3.0478016538665207,7.660044463404891,5.264058669174731,6.21326377451003,9.081706670399393,6.970109511277268,2.780173307795982,7.789667829634957,3.3807457767348246,2.067624389739948,1.6870748119162835,2.3687200608731476,22.042558595430563,26.586637265216226,24.19131418410921
9.799583645423253,8.845160789459506,8.845160789459506,23.33517581081596,24.999819569853113,24.999819569853113,26.929201127143877,25.011527833128177,1.4685826721779267,7.382825180370009,8.312980720141624,8.440486172770097,8.177950614584528,8.177950614584528,28.79841978804306,28.79841978804306,30.200994562711948,27.94534722068937,28.258975605046206,28.903381902277314,28.903381902277314,28.848600858430636,27.215644075054,30.200994562711948,29.03176207758703,28.72314825144526,29.704611951121127,0.0,1.0117041577771826,1.647911746172452,10.965561125350758,3.5543845363631346,7.66709609363779,24.93458785398704,27.50626989708354,25.369467134169565,28.95732663716004,29.93168459458811,7.131998884661331,6.51747834581319,1.7528239426827483,20.059111236124924,19.91694989105322,20.26817257415574,24.696241728492645,27.65681037641886,23.044567700745144,25.4405534331201,24.49134835427793,21.62290552259209,23.734502636765598,27.924438712832192,22.914944337387386,32.085357620584475,30.772236294781354,30.391686733760363,31.073331952323553,8.662053590011013,4.117974801909553,6.513297952881705
9.787879487692038,8.833456631718862,8.833456631718862,23.32347165333471,24.988115412417567,24.988115412417567,26.91749696976539,24.999823675692966,1.4802868299549754,7.371121022617007,8.301276562396184,8.428782015025778,8.16624645683793,8.16624645683793,28.786715630724053,28.786715630724053,30.18929040544027,27.93364306334271,28.247271447709608,28.891677744961775,28.891677744961775,28.836896701113286,27.203939917684362,30.18929040544027,29.02005792027574,28.71144409412378,29.692907793832436,1.0117041577771826,0.0,1.6362075883955147,10.953856967632532,3.566088694136415,7.655391935886991,24.92288369654964,27.494565739722983,25.35776297674461,28.94562247984627,29.919980437307167,7.120294726906464,6.5057741880540725,1.7645281004595885,20.047407078563285,19.905245733488382,20.256468416598857,24.68453757104852,27.645106219063038,23.03286354325625,25.428849275697203,24.479644196828076,21.611201365067245,23.722798479295015,27.91273455548486,22.90324017989512,32.07365346338004,30.760532137529616,30.37998257649531,31.061627795082483,8.65034943226868,4.106270644138132,6.501593795122558
9.151671901611062,8.197249045145142,8.197249045145142,22.68726408055759,24.351907842089915,24.351907842089915,26.281289402499215,24.363616105383173,2.116494418333146,6.734913435402343,7.665068975573239,7.7925744282608775,7.530038869954654,7.530038869954654,28.150508066651536,28.150508066651536,29.553082843911167,27.29743549778489,27.611063882692434,28.25547018107523,28.25547018107523,28.200689137129586,26.56773235089306,29.553082843911167,28.383850356617618,28.075236529918325,29.056700231388785,1.647911746172452,1.6362075883955147,0.0,10.317649382233242,4.202296282266088,7.019184348786116,24.28667612612265,26.85835817341886,24.721555406985015,28.30941491605558,29.28377287527992,6.484087139595728,5.8695666005251255,2.400735688820465,19.411199501485218,19.26903815623929,19.620260839774662,24.048330000260904,27.008898653013404,22.39665597006975,24.792641706047846,23.843436625733357,20.974993789956184,23.086590907089278,27.276526989891227,22.267032606527764,31.437445905466376,30.12432457707251,29.743775015321727,30.425420235198825,8.01414184560715,3.4700630559906784,5.86538620759221
2.1659774851146976,3.1204003443022303,3.1204003443022303,13.36961482492906,15.034258614495672,15.034258614495672,16.963640210655754,15.04596687799533,11.43414379505424,4.5827359565452355,3.652580415017938,3.5250749620806348,3.7876105208841717,3.7876105208841717,18.832858912778086,18.832858912778086,20.23543372068213,17.979786326175816,18.29341471752438,18.937821029431163,18.937821029431163,18.88303998432069,17.250083164655365,20.23543372068213,19.066201207714382,18.75758737445248,19.73905109710341,10.965561125350758,10.953856967632532,10.317649382233242,0.0,13.51994564552469,4.298465042833698,14.969026897380813,17.540708992947543,15.403906185969387,18.99176576556131,19.966123746023644,4.83356225257761,5.448082791949934,11.718385063949645,10.093550198295311,9.951388851214134,10.30261153931821,14.730680767359916,17.691249475560166,13.079006709814168,15.474992486312061,14.525787389299655,11.657344508209649,13.768941657948325,17.958877817856035,12.94938334423394,22.11979682631309,20.806675466853246,20.426125896401587,21.10777113196005,3.303507544263975,7.847586334242327,5.452263184883678
12.353968168820922,11.399545315233976,11.399545315233976,25.88956027514774,27.554204023655306,27.554204023655306,29.48358556784874,27.56591228685378,3.0858018643121747,9.937209709328375,10.867365247138915,10.994870699481096,10.732335141880418,10.732335141880418,31.352804215144996,31.352804215144996,32.75537897901651,30.499731654110942,30.813360036166152,31.457766328588743,31.457766328588743,31.402985285154987,29.77002851373266,32.75537897901651,31.58614650292772,31.277532679112337,32.258996371304804,3.5543845363631346,3.566088694136415,4.202296282266088,13.51994564552469,0.0,10.221480622020607,27.488972308215292,30.06065433368484,27.923851585536706,31.51171106306408,32.48606901300512,9.686383414110136,9.071862876394649,2.8015605938565793,22.613495719092732,22.471334374767043,22.822557056016997,27.250626184268334,30.211194811935567,25.59895216684193,27.99493788401492,27.04573281137216,24.177289997009485,26.28888709863658,30.47882314640631,25.46932880426441,34.63974202158637,33.326620706543345,32.94607114855785,33.62771636165745,11.216438116214496,6.672359335976048,9.067682483470533
3.1324875581347573,2.178064698949199,2.178064698949199,16.66807983540556,18.332723616724945,18.332723616724945,20.262105202172833,18.344431880163327,8.135678764683178,1.2842709138818829,1.6458846281022828,1.7733900810796528,1.510854522187688,1.510854522187688,22.13132389273676,22.13132389273676,23.53389869120558,21.27825131155355,21.591879700937927,22.23628600870637,22.23628600870637,22.18150496395306,20.548548154476553,23.53389869120558,22.364666186148654,22.056052354899034,23.03751607104076,7.66709609363779,7.655391935886991,7.019184348786116,4.298465042833698,10.221480622020607,0.0,18.26749189995062,20.8391739810202,18.7023711862422,22.290230744483832,23.26458871840944,1.53509721008702,2.149617749971599,8.419920034428465,13.392015222308338,13.24985387573363,13.601076562574194,18.029145771161964,20.989714462716073,16.377471721635903,18.773457486203423,17.82425239414588,14.955809526207041,17.067406666530495,21.25734280336355,16.247848356646635,25.418261783131936,24.105140433346666,23.724590865591775,24.40623609628569,1.9949574989530006,4.549121295474935,2.153798142909261
16.135004370023324,17.089427217568716,17.089427217568716,2.599412086412899,1.0652317177607686,1.0652317177607686,2.994613335735383,1.076939981376994,25.403170512287623,18.55176280947069,17.62160728123251,17.49410183002133,17.756637385245643,17.756637385245643,4.863832063990412,4.863832063990412,6.266406894731726,4.010759464851702,4.324387860690193,4.968794182256719,4.968794182256719,4.914013136302348,3.281056293420549,6.266406894731726,5.097174362534178,4.788560524517451,5.770024262754348,24.93458785398704,24.92288369654964,24.28667612612265,14.969026897380813,27.488972308215292,18.26749189995062,0.0,3.571682125570145,1.4348792930078733,5.022738919222018,5.9970969154735805,18.80258910170962,19.417109631411172,25.687411774114057,5.875476730383466,6.017638077874198,5.666415388706466,1.2383461323299685,3.7222226102276124,2.890020203677418,1.5059655940982706,1.4432395123112376,4.311682414081886,2.2000852502456274,3.9898509562375186,3.0196435701780784,8.150770035399661,6.837648650996933,6.457099073769776,7.138744321608899,17.272534415149384,21.816613130814797,19.421290024277297
18.70668646078959,19.661109304141718,19.661109304141718,5.171094211117972,3.5064504078305734,3.5064504078305734,1.5770687899839555,3.4947421442180353,27.974852552278417,21.123444889158055,20.193289365364215,20.065783914744678,20.32831946874617,20.32831946874617,2.292149939067265,2.292149939067265,3.694724771000372,1.4390773394528869,1.7527057354443407,2.3971120574051246,2.3971120574051246,2.3423310114130533,1.2906258322355206,3.694724771000372,2.525492237773978,2.2168783995447514,3.1983421385429667,27.50626989708354,27.494565739722983,26.85835817341886,17.540708992947543,30.06065433368484,20.8391739810202,3.571682125570145,0.0,3.1368028326827404,2.451056794408308,3.425414791473872,21.37427118015988,21.988791706761145,28.259093812192962,8.447158851243723,8.58932019850451,8.238097509895336,3.8100282578132783,1.1505404847105816,5.461702328154052,3.065716531607371,4.014921637708122,6.883364537125059,4.771767375228851,1.4181688308294116,5.59132569454575,5.57908791407124,4.265966527896948,3.885416950239793,4.567062198875696,19.84421650089075,24.388295193115223,21.992972099605844
16.569883657854746,17.524306504735755,17.524306504735755,3.0342913793494097,1.3696475752476336,1.3696475752476336,2.559734042795717,1.3579393116314833,25.838049791966913,18.986642095541846,18.056486568011646,17.928981116894544,18.19151667192437,18.19151667192437,4.428952771272945,4.428952771272945,5.831527602281499,3.575880172013838,3.889508567892887,4.53391488955627,4.53391488955627,4.479133843592958,2.8461770005049996,5.831527602281499,4.6622950698551975,4.35368123178808,5.3351449701996945,25.369467134169565,25.35776297674461,24.721555406985015,15.403906185969387,27.923851585536706,18.7023711862422,1.4348792930078733,3.1368028326827404,0.0,4.587859626530504,5.562217622965358,19.237468387583327,19.8519889167894,26.12229105348336,6.310356022823272,6.452517370281779,6.101294681192047,1.6732254253343228,3.287343317356241,3.324899496588912,1.071086301091186,1.8781188053105755,4.746561706817575,2.634964543210468,3.5549716633971036,3.4545228630772185,7.715890743444049,6.402769358680233,6.022219781362534,6.703865029368326,17.707413702184365,22.251492414098706,19.856169309652095
