0.0,1.0601485982682863,1.050750382109475,1.0,1.050750382109475,1.0137840568842689,1.0,1.0526300254136483,1.0494973104318188,77.31121509838185,74.94175643171917,74.94175643171917,77.37015443382882,100.5039480465142,94.69853213401515,100.05302411101735,94.79260020898474,90.92020236821561,90.92020236821561,94.90422776975413,100.91097288195033,100.63376935193082,90.92020236821561,95.55267341590819,84.3960910206176,65.64816263094633,66.61428603784074,8.432382461098904,8.432382461098904,7.186095643028385,115.34038710071705,111.92132452364473,105.90390032956107,86.08727846951614,86.1443416389714,77.9093882224866,77.87991839576625,77.87991839576625,77.87991839576625,77.87991839576625,77.87991839576625,77.87991839576625,85.65334859201813,86.52058311057036,85.65334859201813,13.048600263536352,13.048600263536352,12.36558494976852,43.82409568246473,43.82409568246473,3.0732685450379678,10.316566279346876,16.09402660898587,5.980551551976133,15.65537938403972,16.50134356785589,11.632445129486577,13.737886380817686,8.994438330483419,86.19513415713904,89.95134186195317,88.09516862709548,92.85481526158966,92.86108635130756,79.2161013823664,84.92219343794456,80.30713182704278,90.26488795082864,92.3092319223895,98.59929394575374,92.01449270380215,96.95618971783861,102.29951042330755,100.9636541804216,65.39738581556378,73.07770367004741,69.20925951710933,1.8138891859638513,2.064510712324315,4.721136518223895,109.48709159283504,107.43613362934511,108.00061338701867,69.20925951710933,77.04034539606292,71.77984635356727,77.936977004108,82.64598902861722,84.37665224635411,79.55469579694838,79.8932913281252,85.97566049346746,68.84562072190366,76.04967062657703,80.514052702003,20.850336169053048,18.32489007772419,22.511023170216102,36.34903726665488,36.34903726665488
1.0601485982682863,0.0,1.009398216158812,1.0601485982682863,1.009398216158812,1.0463645413840181,1.0601485982682863,1.0075185728546387,1.1096459087000976,77.37136368864007,75.0019050224656,75.0019050224656,77.4303030240747,100.56409663118971,94.75868072022482,100.11317269581528,94.85274879517029,90.98035095537476,90.98035095537476,94.96437635591101,100.97112146651487,100.69391793657101,90.98035095537476,95.61282200189788,84.45623960932515,65.70831122346007,66.67443463018172,8.492531059290258,8.492531059290258,7.246244241243287,115.40053568105823,111.98147310503741,105.96404891272779,86.1474270578334,86.20449022727534,77.96953681261918,77.94006698590505,77.94006698590505,77.94006698590505,77.94006698590505,77.94006698590505,77.94006698590505,85.71349718043628,86.58073169878637,85.71349718043628,13.10874886160316,13.10874886160316,12.42573354785746,43.884244278202644,43.884244278202644,3.133417143300141,10.376714877494495,16.154175206938337,6.040700150209731,15.715527982010236,16.56149216579113,11.692593727597846,13.798034978860851,9.054586928662756,86.25528274543116,90.01149044934957,88.15531721493927,92.91496384826748,92.9212349379838,79.27624997222111,84.98234202653153,80.36728041666194,90.32503653814852,92.36938050920409,98.65944253094263,92.07464129069027,97.0163383034625,102.35965900749012,101.02380276497178,65.45753440812199,73.13785226116717,69.26940810897368,1.8740377842311542,2.124659310590946,4.781285116472738,109.54724017495714,107.49628221206939,108.06076196957832,69.26940810897368,77.10049398637774,71.83999494494138,77.99712559423479,82.7061376177205,84.4368008350661,79.61484438673034,79.95343991783409,86.03580908181071,68.9057693138359,76.10981921709708,80.5742012915771,20.910484766775838,18.385038675576695,22.57117176784403,36.40918586319759,36.40918586319759
1.050750382109475,1.009398216158812,0.0,1.050750382109475,1.0,1.0369663252252066,1.050750382109475,1.0018796433041732,1.1002476925412878,77.36196547373368,74.99250680748291,74.99250680748291,77.42090480917022,100.55469841715589,94.7492825059512,100.10377448176231,94.84335058090042,90.97095274095274,90.97095274095274,94.95497814164563,100.96172325249837,100.68451972254269,90.97095274095274,95.60342378765861,84.44684139466112,65.69891300820112,66.66503641494978,8.483132843143547,8.483132843143547,7.236846025092884,115.39113746770177,111.9720748915166,105.95465069892974,86.13802884323037,86.1950920126744,77.96013859773242,77.93066877101732,77.93066877101732,77.93066877101732,77.93066877101732,77.93066877101732,77.93066877101732,85.70409896581747,86.57133348419914,85.70409896581747,13.099350645475964,13.099350645475964,12.416335331726795,43.874846062439666,43.874846062439666,3.1240189271423073,10.367316661354641,16.144776990829037,6.031301934056396,15.706129765898114,16.552093949684526,11.683195511463685,13.788636762737353,9.045188712517929,86.24588453083204,90.00209223489045,88.14591900041025,92.90556563392067,92.91183672363724,79.26685175737778,84.97294381188632,80.3578822018554,90.31563832370139,92.35998229483593,98.65004431682854,92.06524307631064,97.00694008928043,102.35026079353331,101.0144045509575,65.44813619285607,73.1284540461261,69.26000989381622,1.8646395680725054,2.1152610944324053,4.771886900317005,109.53784196132234,107.48688399834047,108.05136375587516,69.26000989381622,77.09109577146248,71.83059672986055,77.98772737934894,82.69673940299461,84.42740262040137,79.60544617189835,79.94404170301355,86.02641086720361,68.89637109866783,76.10042100214977,80.56480307677762,20.901086550702473,18.375640459483037,22.56177355178551,36.39978764730879,36.39978764730879
1.0,1.0601485982682863,1.050750382109475,0.0,1.050750382109475,1.0137840568842689,1.0,1.0526300254136483,1.0494973104318188,77.31121509838185,74.94175643171917,74.94175643171917,77.37015443382882,100.5039480465142,94.69853213401515,100.05302411101735,94.79260020898474,90.92020236821561,90.92020236821561,94.90422776975413,100.91097288195033,100.63376935193082,90.92020236821561,95.55267341590819,84.3960910206176,65.64816263094633,66.61428603784074,8.432382461098904,8.432382461098904,7.186095643028385,115.34038710071705,111.92132452364473,105.90390032956107,86.08727846951614,86.1443416389714,77.9093882224866,77.87991839576625,77.87991839576625,77.87991839576625,77.87991839576625,77.87991839576625,77.87991839576625,85.65334859201813,86.52058311057036,85.65334859201813,13.048600263536352,13.048600263536352,12.36558494976852,43.82409568246473,43.82409568246473,3.0732685450379678,10.316566279346876,16.09402660898587,5.980551551976133,15.65537938403972,16.50134356785589,11.632445129486577,13.737886380817686,8.994438330483419,86.19513415713904,89.95134186195317,88.09516862709548,92.85481526158966,92.86108635130756,79.2161013823664,84.92219343794456,80.30713182704278,90.26488795082864,92.3092319223895,98.59929394575374,92.01449270380215,96.95618971783861,102.29951042330755,100.9636541804216,65.39738581556378,73.07770367004741,69.20925951710933,1.8138891859638513,2.064510712324315,4.721136518223895,109.48709159283504,107.43613362934511,108.00061338701867,69.20925951710933,77.04034539606292,71.77984635356727,77.936977004108,82.64598902861722,84.37665224635411,79.55469579694838,79.8932913281252,85.97566049346746,68.84562072190366,76.04967062657703,80.514052702003,20.850336169053048,18.32489007772419,22.511023170216102,36.34903726665488,36.34903726665488
1.050750382109475,1.009398216158812,1.0,1.050750382109475,0.0,1.0369663252252066,1.050750382109475,1.0018796433041732,1.1002476925412878,77.36196547373368,74.99250680748291,74.99250680748291,77.42090480917022,100.55469841715589,94.7492825059512,100.10377448176231,94.84335058090042,90.97095274095274,90.97095274095274,94.95497814164563,100.96172325249837,100.68451972254269,90.97095274095274,95.60342378765861,84.44684139466112,65.69891300820112,66.66503641494978,8.483132843143547,8.483132843143547,7.236846025092884,115.39113746770177,111.9720748915166,105.95465069892974,86.13802884323037,86.1950920126744,77.96013859773242,77.93066877101732,77.93066877101732,77.93066877101732,77.93066877101732,77.93066877101732,77.93066877101732,85.70409896581747,86.57133348419914,85.70409896581747,13.099350645475964,13.099350645475964,12.416335331726795,43.874846062439666,43.874846062439666,3.1240189271423073,10.367316661354641,16.144776990829037,6.031301934056396,15.706129765898114,16.552093949684526,11.683195511463685,13.788636762737353,9.045188712517929,86.24588453083204,90.00209223489045,88.14591900041025,92.90556563392067,92.91183672363724,79.26685175737778,84.97294381188632,80.3578822018554,90.31563832370139,92.35998229483593,98.65004431682854,92.06524307631064,97.00694008928043,102.35026079353331,101.0144045509575,65.44813619285607,73.1284540461261,69.26000989381622,1.8646395680725054,2.1152610944324053,4.771886900317005,109.53784196132234,107.48688399834047,108.05136375587516,69.26000989381622,77.09109577146248,71.83059672986055,77.98772737934894,82.69673940299461,84.42740262040137,79.60544617189835,79.94404170301355,86.02641086720361,68.89637109866783,76.10042100214977,80.56480307677762,20.901086550702473,18.375640459483037,22.56177355178551,36.39978764730879,36.39978764730879
1.0137840568842689,1.0463645413840181,1.0369663252252066,1.0137840568842689,1.0369663252252066,0.0,1.0137840568842689,1.0388459685293798,1.0632813673160868,77.32499915343159,74.95554048688078,74.95554048688078,77.38393848887574,100.51773210028492,94.71231618813735,100.06680816481611,94.8063842631014,90.93398642255535,90.93398642255535,94.91801182386425,100.92475693569564,100.64755340569346,90.93398642255535,95.56645746998,84.4098750753121,65.6619466865128,66.62807009336763,8.44616651796565,8.44616651796565,7.19987969990051,115.35417115349472,111.9351085766633,105.91768438298612,86.1010625241212,86.15812569357342,77.92317227750758,77.89370245078864,77.89370245078864,77.89370245078864,77.89370245078864,77.89370245078864,77.89370245078864,85.66713264664631,86.53436716515223,85.66713264664631,13.062384320374626,13.062384320374626,12.379369006611855,43.83787973876975,43.83787973876975,3.0870526019208664,10.33035033620363,16.10781066579798,5.994335608852526,15.669163440855968,16.51512762466406,11.646229186335022,13.751670437650551,9.008222387347422,86.20891821173832,89.96512591634726,88.10895268159209,92.86859931581915,92.87487040553664,79.22988543732372,84.93597749261141,80.32091588194612,90.27867200520521,92.32301597665031,98.61307799964206,92.02827675807981,96.9699737718266,102.31329447696535,100.97743823416361,65.41116987114043,73.09148772529454,69.22304357252705,1.8276732428479068,2.0782947692082203,4.7349205751037635,109.50087564602075,107.44991768266877,108.01439744030458,69.22304357252705,77.05412945112565,71.79363040887267,77.95076105912766,82.65977308340238,84.39043630104963,79.56847985188901,79.90707538304912,85.98944454807848,68.8594047773369,76.06345468168678,80.52783675689601,20.864120225812595,18.33867413451343,22.52480722695394,36.362821323144225,36.362821323144225
1.0,1.0601485982682863,1.050750382109475,1.0,1.050750382109475,1.0137840568842689,0.0,1.0526300254136483,1.0494973104318188,77.31121509838185,74.94175643171917,74.94175643171917,77.37015443382882,100.5039480465142,94.69853213401515,100.05302411101735,94.79260020898474,90.92020236821561,90.92020236821561,94.90422776975413,100.91097288195033,100.63376935193082,90.92020236821561,95.55267341590819,84.3960910206176,65.64816263094633,66.61428603784074,8.432382461098904,8.432382461098904,7.186095643028385,115.34038710071705,111.92132452364473,105.90390032956107,86.08727846951614,86.1443416389714,77.9093882224866,77.87991839576625,77.87991839576625,77.87991839576625,77.87991839576625,77.87991839576625,77.87991839576625,85.65334859201813,86.52058311057036,85.65334859201813,13.048600263536352,13.048600263536352,12.36558494976852,43.82409568246473,43.82409568246473,3.0732685450379678,10.316566279346876,16.09402660898587,5.980551551976133,15.65537938403972,16.50134356785589,11.632445129486577,13.737886380817686,8.994438330483419,86.19513415713904,89.95134186195317,88.09516862709548,92.85481526158966,92.86108635130756,79.2161013823664,84.92219343794456,80.30713182704278,90.26488795082864,92.3092319223895,98.59929394575374,92.01449270380215,96.95618971783861,102.29951042330755,100.9636541804216,65.39738581556378,73.07770367004741,69.20925951710933,1.8138891859638513,2.064510712324315,4.721136518223895,109.48709159283504,107.43613362934511,108.00061338701867,69.20925951710933,77.04034539606292,71.77984635356727,77.936977004108,82.64598902861722,84.37665224635411,79.55469579694838,79.8932913281252,85.97566049346746,68.84562072190366,76.04967062657703,80.514052702003,20.850336169053048,18.32489007772419,22.511023170216102,36.34903726665488,36.34903726665488
1.0526300254136483,1.0075185728546387,1.0018796433041732,1.0526300254136483,1.0018796433041732,1.0388459685293798,1.0526300254136483,0.0,1.1021273358454609,77.36384511678739,74.99438645055187,74.99438645055187,77.42278445222357,100.55657806003506,94.75116214887835,100.10565412464535,94.84523022382683,90.97283238390958,90.97283238390958,94.95685778457113,100.96360289537411,100.68639936542078,90.97283238390958,95.60530343057891,84.44872103766639,65.70079265132536,66.6669160580686,8.485012486445305,8.485012486445305,7.238725668395379,115.39301711044551,111.97395453429321,105.9565303417618,86.13990848622342,86.19697165566703,77.96201824078221,77.9325484140673,77.9325484140673,77.9325484140673,77.9325484140673,77.9325484140673,77.9325484140673,85.70597860881368,86.57321312718905,85.70597860881368,13.101230288773818,13.101230288773818,12.418214975025343,43.8767257056647,43.8767257056647,3.125898570446286,10.369196304655027,16.146656634123314,6.033181577359474,15.708009409192956,16.553973592978263,11.68507515476293,13.790516406034467,9.04706835581931,86.2477641738243,90.00397187785472,88.14779864338853,92.90744527686249,92.913716366579,79.26873140041889,84.97482345488781,80.35976184488916,90.31751796666323,92.36186193778198,98.6519239597238,92.06712271925899,97.0088197321893,102.35214043639711,101.01628419383277,65.45001583598169,73.13033368920675,69.26188953692014,1.8665192113766464,2.117140737736525,4.773766543620564,109.53972160412175,107.48876364115873,108.05324339868825,69.26188953692014,77.09297541451798,71.83247637294915,77.98960702239852,82.69861904601223,84.42928226340675,79.6073258149372,79.94592134605008,86.0282905101975,68.89825074177388,76.10230064521166,80.56668271980995,20.902966193989563,18.37752010277418,22.563653195069637,36.40166729055897,36.40166729055897
1.0494973104318188,1.1096459087000976,1.1002476925412878,1.0494973104318188,1.1002476925412878,1.0632813673160868,1.0494973104318188,1.1021273358454609,0.0,77.2617177945321,74.89225912746802,74.89225912746802,77.32065712998923,100.45445074725569,94.64903483349488,100.00352681165813,94.7431029084843,90.87070506691445,90.87070506691445,94.85473046927726,100.8614755827831,100.58427205270138,90.87070506691445,95.50317611556883,84.34659371804308,65.59866532524195,66.56478873227842,8.382885150729464,8.382885150729464,7.136598332639726,115.29088980502357,111.87182722708633,105.8544030315435,86.03778116726258,86.09484433672878,77.8598909187402,77.83042109201473,77.83042109201473,77.83042109201473,77.83042109201473,77.83042109201473,77.83042109201473,85.6038512896816,86.47108580840006,85.6038512896816,12.999102953268835,12.999102953268835,12.316087639482866,43.77459837410987,43.77459837410987,3.023771234610921,10.267068969013197,16.04452929881206,5.931054241572238,15.605882073851118,16.451846257696204,11.582947819182648,13.688389070569528,8.944941020123803,86.14563685490617,89.90184456045692,88.04567132523131,92.80531796068439,92.81158905040357,79.16660407884851,84.87269613546918,80.2576345237186,90.2153906493953,92.25973462137173,98.54979664607298,91.96499540272389,96.9066924178001,102.25001312445447,100.91415688126621,65.34788850982287,73.02820636548925,69.15976221193891,1.76439187553274,2.015013401893725,4.671639207807614,109.43759429567666,107.38663633169148,107.95111608950039,69.15976221193891,76.99084809216666,71.73034904879997,77.8874797003664,82.59649172571726,84.32715494377594,79.50519849349031,79.84379402472723,85.92616319119252,68.79612341667742,76.000173322512,80.46455539871585,20.80083885906765,18.275392767632365,22.461525860308562,36.299539957638665,36.299539957638665
77.31121509838185,77.37136368864007,77.36196547373368,77.31121509838185,77.36196547373368,77.32499915343159,77.31121509838185,77.36384511678739,77.2617177945321,0.0,3.3694589704821913,3.3694589704821913,1.0589393432511438,24.19273694240285,18.38731985661019,23.741812911630294,18.481387949669127,14.608989389366815,14.608989389366815,18.59301553194397,24.599761864438094,24.322558275378707,14.608989389366815,19.241461303869713,8.084876946111589,12.663053775855921,11.696930278422556,69.87883352945764,69.87883352945764,71.12512021143168,39.02917951992615,35.61011606409265,29.59269042056583,9.776064664968773,9.833127843704487,1.5981732038650232,1.5687033731862758,1.5687033731862758,1.5687033731862758,1.5687033731862758,1.5687033731862758,1.5687033731862758,9.342134717265186,10.209369376773918,9.342134717265186,65.26261618375061,65.26261618375061,65.94563143464092,34.4871219085242,34.4871219085242,75.2379468216875,67.99464990663944,62.21719009880395,72.33066416566035,62.65583728822762,61.809873172316976,66.67877118561482,64.57333012826973,69.31677771967098,9.883920370142194,13.640128711139038,11.783955155839292,16.54360263577276,16.549873726655917,2.9048865422718526,8.610979446363718,3.9959171405159184,13.95367485531336,15.998019195711414,22.28808244395723,15.703279923061572,20.644977882968405,25.988299705497088,24.652443174159426,12.913830614212241,5.2335119575578695,9.101956540002572,76.49732601955695,76.24670452572009,73.59007905103687,33.17588253201005,31.12492407766142,31.689403968996317,9.101956540002572,1.2708697380308254,6.531369423895938,1.62576198919487,6.334774685114029,8.06543816880237,3.243481004073628,3.5820765828654904,9.6644466707995,9.465595372925282,2.2615446359741744,4.202838045063924,57.46088088074046,59.98632680031804,55.800193980379866,41.96218034993224,41.96218034993224
74.94175643171917,75.0019050224656,74.99250680748291,74.94175643171917,74.99250680748291,74.95554048688078,74.94175643171917,74.99438645055187,74.89225912746802,3.3694589704821913,0.0,1.0,3.428398313725672,26.562195881200818,20.75677880872567,26.111271851591308,20.85084690159745,16.978448348219363,16.978448348219363,20.96247448364898,26.969220802167662,26.692017213837826,16.978448348219363,21.610920254251184,10.454335913009661,10.293594811181736,9.327471312713149,67.50937480550236,67.50937480550236,68.75566149666403,41.39863840839367,37.97957496623332,31.9621493437544,12.145523630217802,12.202586808892544,3.9676321742521834,3.9381623435790143,3.9381623435790143,3.9381623435790143,3.9381623435790143,3.9381623435790143,3.9381623435790143,11.711593682966479,12.57882834155126,11.711593682966479,62.893157427235245,62.893157427235245,63.57617268279719,32.1176629939698,32.1176629939698,72.86848813843847,65.62519116911454,59.84773132207518,69.96120545994073,60.286378514348215,59.440414392961046,64.309312438842,62.203871367091224,66.94731899162747,12.25337933527569,16.009587671473753,14.1534141187337,18.913061591366,18.91933268223794,5.274345512318204,10.980438412781552,6.365376110137746,16.323133815179375,18.367478152264244,24.657541387520283,18.072738880119587,23.01443683033165,28.357758639449138,27.02190211174942,10.544371649823145,2.864052987498296,6.732497572008373,74.1278673463273,73.87724585048277,71.22062035493843,35.545341443128784,33.49438299585579,34.05886288528789,6.732497572008373,3.0985892324817987,4.161910454350473,3.995220959576723,8.704233653396733,10.434897135717616,5.61293997400186,5.951535552663336,12.033905636166788,7.096136405207735,2.1079143345828504,6.57229701459087,55.0914220744561,57.61686800942117,53.430735164353884,39.59272146434365,39.59272146434365
74.94175643171917,75.0019050224656,74.99250680748291,74.94175643171917,74.99250680748291,74.95554048688078,74.94175643171917,74.99438645055187,74.89225912746802,3.3694589704821913,1.0,0.0,3.428398313725672,26.562195881200818,20.75677880872567,26.111271851591308,20.85084690159745,16.978448348219363,16.978448348219363,20.96247448364898,26.969220802167662,26.692017213837826,16.978448348219363,21.610920254251184,10.454335913009661,10.293594811181736,9.327471312713149,67.50937480550236,67.50937480550236,68.75566149666403,41.39863840839367,37.97957496623332,31.9621493437544,12.145523630217802,12.202586808892544,3.9676321742521834,3.9381623435790143,3.9381623435790143,3.9381623435790143,3.9381623435790143,3.9381623435790143,3.9381623435790143,11.711593682966479,12.57882834155126,11.711593682966479,62.893157427235245,62.893157427235245,63.57617268279719,32.1176629939698,32.1176629939698,72.86848813843847,65.62519116911454,59.84773132207518,69.96120545994073,60.286378514348215,59.440414392961046,64.309312438842,62.203871367091224,66.94731899162747,12.25337933527569,16.009587671473753,14.1534141187337,18.913061591366,18.91933268223794,5.274345512318204,10.980438412781552,6.365376110137746,16.323133815179375,18.367478152264244,24.657541387520283,18.072738880119587,23.01443683033165,28.357758639449138,27.02190211174942,10.544371649823145,2.864052987498296,6.732497572008373,74.1278673463273,73.87724585048277,71.22062035493843,35.545341443128784,33.49438299585579,34.05886288528789,6.732497572008373,3.0985892324817987,4.161910454350473,3.995220959576723,8.704233653396733,10.434897135717616,5.61293997400186,5.951535552663336,12.033905636166788,7.096136405207735,2.1079143345828504,6.57229701459087,55.0914220744561,57.61686800942117,53.430735164353884,39.59272146434365,39.59272146434365
77.37015443382882,77.4303030240747,77.42090480917022,77.37015443382882,77.42090480917022,77.38393848887574,77.37015443382882,77.42278445222357,77.32065712998923,1.0589393432511438,3.428398313725672,3.428398313725672,0.0,24.133797599864835,18.328380513759683,23.68287356906481,18.422448606822964,14.550050046360948,14.550050046360948,18.534076189103008,24.54082252192534,24.263618932848708,14.550050046360948,19.182521961059578,8.025937602926685,12.721993118924876,11.755869621520384,69.9377728663538,69.9377728663538,71.18405954809526,38.97024017859211,35.551176722429545,29.533751078398623,9.717125321819422,9.774188500556468,1.539233860614309,1.5097640299355182,1.5097640299355182,1.5097640299355182,1.5097640299355182,1.5097640299355182,1.5097640299355182,9.283195374105988,10.150430033634896,9.283195374105988,65.32155552147158,65.32155552147158,66.00457077224348,34.54606125027586,34.54606125027586,75.29688615755377,68.05358924387923,62.27612943703758,72.38960350209494,62.71477662638897,61.868812510617275,66.7377105230889,64.63226946610894,69.37571705667064,9.824981026995367,13.581189368099434,11.725015812742017,16.48466329284171,16.49093438372512,2.8459471990253897,8.552040103189062,3.936977797276488,13.894735512284399,15.93907985275826,22.22914310130685,15.644340580096802,20.586038540228806,25.929360363073805,24.59350383164997,12.972769957273295,5.29245130078481,9.160895883165628,76.55626535516991,76.3056438613838,73.6490183872281,33.116943190131494,31.065984735613494,31.6304646269939,9.160895883165628,1.3298090812818502,6.590308767105893,1.5668226459441985,6.275835341900344,8.0064988256171,3.1845416608290087,3.523137239623019,9.605507327647569,9.524534716080279,2.3204839792231002,4.143898701826184,57.51982021972464,60.04526613891133,55.859133319611765,42.02111969093923,42.02111969093923
100.5039480465142,100.56409663118971,100.55469841715589,100.5039480465142,100.55469841715589,100.51773210028492,100.5039480465142,100.55657806003506,100.45445074725569,24.19273694240285,26.562195881200818,26.562195881200818,24.133797599864835,0.0,6.805417138517547,1.4509240361268527,6.711349044884542,10.5837476211811,10.5837476211811,6.599721461916481,1.4070249270502888,1.129821334556663,10.5837476211811,5.951275685706663,17.10786005594762,35.85579050545143,34.88966703106993,93.07156713776601,93.07156713776601,94.31785371314437,15.83644287177615,12.417379327826522,6.399953558743102,15.416672343563707,15.35960916499424,23.59456374560636,23.624033575945646,23.624033575945646,23.624033575945646,23.624033575945646,23.624033575945646,23.624033575945646,15.85060228989168,14.983367632935702,15.85060228989168,88.45535017249078,88.45535017249078,89.13836536852092,57.679857855707866,57.679857855707866,98.43067995989406,91.18738367296488,85.40992432611995,95.52339756268893,85.84857148178794,85.00260743079461,89.87150506005669,87.76606417187095,92.50951137551148,15.308816638701646,11.552608300961147,13.408781856495052,8.649134368741853,8.642863277832783,22.287850421336902,16.581757558029803,21.196819833526682,11.239062156391814,9.194717810900396,2.904654519618242,9.489457084553877,4.547759095832767,2.795562786517004,1.459706237433338,36.106567337663854,28.42624883921387,32.294693349713754,99.69005904285164,99.4394375720174,96.78281233705074,9.983145740415239,7.932187244234094,8.49666714664589,32.294693349713754,24.463606677109514,29.724106283164875,23.566974960593488,18.857962307095978,17.12729883316504,21.949255962906612,21.610660387366178,15.528290337397946,32.65833217506599,25.45428156224024,20.989898930816896,80.65361546095303,83.17906119614507,78.99292867815201,65.15491591363711,65.15491591363711
94.69853213401515,94.75868072022482,94.7492825059512,94.69853213401515,94.7492825059512,94.71231618813735,94.69853213401515,94.75116214887835,94.64903483349488,18.38731985661019,20.75677880872567,20.75677880872567,18.328380513759683,6.805417138517547,0.0,6.3544931027058364,1.0940680937031566,4.7783304873931165,4.7783304873931165,1.2056956767514635,7.2124420652378145,6.9352384729736425,4.7783304873931165,1.854141453363063,11.302442939115958,30.050373499440997,29.084250017093026,87.26615104312091,87.26615104312091,88.51243764801465,21.641859970366927,18.222796440701135,12.205370689366392,9.611255221267072,9.55419204252627,17.789146656684512,17.818616487175767,17.818616487175767,17.818616487175767,17.818616487175767,17.818616487175767,17.818616487175767,10.045185168925848,9.17795050935937,10.045185168925848,82.64993397212497,82.64993397212497,83.33294918343996,51.87444109515776,51.87444109515776,92.62526399510396,85.3819675344829,79.60450805911256,89.71798152650348,80.04315522422719,79.19719115506113,84.06608889152048,81.9606479562058,86.7040952676908,9.503399516081883,5.747191168987157,7.603364728682156,2.843717232066049,2.8374461411492087,16.48243332590571,10.77634043941783,15.391402733003488,5.433645023803904,3.389300674939933,4.900762619869143,3.684039949012231,3.257658043730462,8.600979923253472,7.265123375574989,30.301150333761413,22.620831778251056,26.489276315553862,93.88464310968833,93.63402163252651,90.97739633151663,15.78856286160545,13.737604371232962,14.302084272155332,26.489276315553862,18.65818959276471,23.918689230756275,17.76155787152958,13.052545196708266,11.321881716400549,16.14383886586176,15.80524328873771,9.72287321543892,26.852915143627747,19.648864483354725,15.184481829363174,74.84819909479883,77.37364488188588,73.18751227879598,59.34949926606956,59.34949926606956
100.05302411101735,100.11317269581528,100.10377448176231,100.05302411101735,100.10377448176231,100.06680816481611,100.05302411101735,100.10565412464535,100.00352681165813,23.741812911630294,26.111271851591308,26.111271851591308,23.68287356906481,1.4509240361268527,6.3544931027058364,0.0,6.260425009062276,10.132823585941855,10.132823585941855,6.1487974260819245,1.857948963173603,1.5807453706827514,10.132823585941855,5.5003516498056975,16.656936022379575,35.40486648150892,34.43874300645621,92.62064318771787,92.62064318771787,93.86692976545645,16.287366905607158,12.868303362581399,6.850877594549916,14.965748309479382,14.908685130893508,23.143639714558287,23.173109544910975,23.173109544910975,23.173109544910975,23.173109544910975,23.173109544910975,23.173109544910975,15.399678255934278,14.53244359872846,15.399678255934278,88.00442621398041,88.00442621398041,88.68744141123484,57.22893385201571,57.22893385201571,97.97975602022305,90.73645971940952,84.95900036226801,95.07247361731464,85.39764751869357,84.55168346624279,89.42058110409553,87.3151402121348,92.05858742440945,14.857892604586368,11.101684265915393,12.957857821873265,8.198210333173282,8.191939242263267,21.836926389712293,16.13083352429492,20.745895801447332,10.788138121281355,8.743793775417004,2.4537304835194527,9.038533049119014,4.096835059817282,3.2464868226029857,1.9106302735559488,35.65564331389871,27.97532481059973,31.84376932339148,99.23913510570556,98.98851363436621,96.3318883941256,10.434069775683872,8.383111279842565,8.947591182169315,31.84376932339148,24.01268264646412,29.27318225528563,23.11605092953288,18.40703827412346,16.67637479960327,21.498331931138285,21.159736355456467,15.077366303345904,32.207408148974864,25.003357532072673,20.538974898654036,80.20269148914188,82.72813722850182,78.54200470367182,64.7039919191264,64.7039919191264
94.79260020898474,94.85274879517029,94.84335058090042,94.79260020898474,94.84335058090042,94.8063842631014,94.79260020898474,94.84523022382683,94.7431029084843,18.481387949669127,20.85084690159745,20.85084690159745,18.422448606822964,6.711349044884542,1.0940680937031566,6.260425009062276,0.0,4.872398581065294,4.872398581065294,1.1116275830483553,7.118373971615074,6.841170379343837,4.872398581065294,1.7600733596612805,11.39651103259222,30.14444159134812,29.17831810911756,87.36021912095211,87.36021912095211,88.60650572538266,21.547791877560154,18.128728347621607,12.111302595926556,9.705323314811451,9.648260136072734,17.883214749786926,17.91268458027607,17.91268458027607,17.91268458027607,17.91268458027607,17.91268458027607,17.91268458027607,10.139253262453908,9.272018602919246,10.139253262453908,82.74400205161342,82.74400205161342,83.42701726268905,51.96850918335128,51.96850918335128,92.71933207089582,85.47603561300163,79.69857613964403,89.81204960341704,80.13722330461091,79.2912592357291,84.16015697051033,82.05471603593384,86.79816334572871,9.597467609630193,5.84125926264165,7.697432822291654,2.9377853257616424,2.931514234844851,16.576501419097802,10.870408532916581,15.485470826264912,5.527713117464555,3.483368768630528,4.806694526197408,3.778108042699601,3.1635899500376428,8.506911829671022,7.171055281953629,30.39521842563741,22.71489987095882,26.583344407874065,93.97871118498293,93.72808970792063,91.07146440794877,15.69449476836176,13.64353627787037,14.20801617882369,26.583344407874065,18.752257685803457,24.012757323341113,17.85562596463396,13.146613290101259,11.415949809875958,16.237906959075907,15.899311381973428,9.816941308979176,26.94698323590824,19.742932576316985,15.278549922637168,74.94226717687938,77.46771296315607,73.28158036139445,59.44356735252268,59.44356735252268
90.92020236821561,90.98035095537476,90.97095274095274,90.92020236821561,90.97095274095274,90.93398642255535,90.92020236821561,90.97283238390958,90.87070506691445,14.608989389366815,16.978448348219363,16.978448348219363,14.550050046360948,10.5837476211811,4.7783304873931165,10.132823585941855,4.872398581065294,0.0,1.0,4.984026164074888,10.990772547354986,10.713568955465984,1.0,5.632471940419702,7.524112457443433,26.27204307462051,25.30591958787481,83.48782116483055,83.48782116483055,84.73410778791839,25.420190414958046,22.001126897374025,15.983701162492908,5.8329247374155635,5.775861558609737,14.010816187891898,14.040286018458046,14.040286018458046,14.040286018458046,14.040286018458046,14.040286018458046,14.040286018458046,6.266854685586948,5.399620025028001,6.266854685586948,78.87160402878925,78.87160402878925,79.55461924949564,48.096110812310215,48.096110812310215,88.84693419696103,81.60363762919721,75.82617807488563,85.93965168426284,76.26482524579106,75.41886116548685,80.28775896774667,78.18231800347438,82.92576538128328,5.725069032107942,1.968860681985328,3.825034242876297,2.93461325563045,2.9408843465472385,12.704102853941174,6.9980099570152285,11.613072258613785,1.6553145366579591,2.3890298127354774,8.67909310471558,2.0942905386307196,7.035988529964867,12.37931040329504,11.043453857619387,26.52281991010857,18.842501323718693,22.71094587531405,90.106313331103,89.85569185002718,87.19906650819874,19.56689332567349,17.515934840752312,18.080414740245452,22.71094587531405,14.879859126242968,20.140358780733905,13.98322740266698,9.274214717803863,7.543551234755904,12.365508393122855,12.026912815243993,5.9445427317162025,23.074584704863025,15.870534019578958,11.406151354536428,71.06986904991918,73.5953148687236,69.40918221366056,55.5711690506645,55.5711690506645
90.92020236821561,90.98035095537476,90.97095274095274,90.92020236821561,90.97095274095274,90.93398642255535,90.92020236821561,90.97283238390958,90.87070506691445,14.608989389366815,16.978448348219363,16.978448348219363,14.550050046360948,10.5837476211811,4.7783304873931165,10.132823585941855,4.872398581065294,1.0,0.0,4.984026164074888,10.990772547354986,10.713568955465984,1.0,5.632471940419702,7.524112457443433,26.27204307462051,25.30591958787481,83.48782116483055,83.48782116483055,84.73410778791839,25.420190414958046,22.001126897374025,15.983701162492908,5.8329247374155635,5.775861558609737,14.010816187891898,14.040286018458046,14.040286018458046,14.040286018458046,14.040286018458046,14.040286018458046,14.040286018458046,6.266854685586948,5.399620025028001,6.266854685586948,78.87160402878925,78.87160402878925,79.55461924949564,48.096110812310215,48.096110812310215,88.84693419696103,81.60363762919721,75.82617807488563,85.93965168426284,76.26482524579106,75.41886116548685,80.28775896774667,78.18231800347438,82.92576538128328,5.725069032107942,1.968860681985328,3.825034242876297,2.93461325563045,2.9408843465472385,12.704102853941174,6.9980099570152285,11.613072258613785,1.6553145366579591,2.3890298127354774,8.67909310471558,2.0942905386307196,7.035988529964867,12.37931040329504,11.043453857619387,26.52281991010857,18.842501323718693,22.71094587531405,90.106313331103,89.85569185002718,87.19906650819874,19.56689332567349,17.515934840752312,18.080414740245452,22.71094587531405,14.879859126242968,20.140358780733905,13.98322740266698,9.274214717803863,7.543551234755904,12.365508393122855,12.026912815243993,5.9445427317162025,23.074584704863025,15.870534019578958,11.406151354536428,71.06986904991918,73.5953148687236,69.40918221366056,55.5711690506645,55.5711690506645
94.90422776975413,94.96437635591101,94.95497814164563,94.90422776975413,94.95497814164563,94.91801182386425,94.90422776975413,94.95685778457113,94.85473046927726,18.59301553194397,20.96247448364898,20.96247448364898,18.534076189103008,6.599721461916481,1.2056956767514635,6.1487974260819245,1.1116275830483553,4.984026164074888,4.984026164074888,0.0,7.006746388658987,6.729542796379507,4.984026164074888,1.6484457766141631,11.508138615365956,30.256069172250115,29.289945690159378,87.47184668512111,87.47184668512111,88.71813328900134,21.4361642955649,18.017100765304434,11.99967501318493,9.81695089766689,9.759887718930681,17.99484233211367,18.024312162600303,18.024312162600303,18.024312162600303,18.024312162600303,18.024312162600303,18.024312162600303,10.250880845289755,9.383646185793305,10.250880845289755,82.8556296177514,82.8556296177514,83.53864482854256,52.080136759835206,52.080136759835206,92.830959632642,85.58766317798747,79.81020370702134,89.92367716649585,80.24885087181262,79.40288680326854,84.27178453605586,82.16634360235648,86.90979091014327,9.709095192490357,5.952886845629756,7.8090604052254085,3.0494129088000212,3.0431418178832934,16.68812900153165,10.982036115717278,15.597098408781584,5.6393407004601315,3.594996351662694,4.695066943184374,3.889735625727788,3.0519623670004368,8.395284246762031,7.059427698999153,30.506846006502343,22.826527452814748,26.694971989268105,94.0903387461384,93.83971726919428,91.1830919704556,15.582867185851049,13.531908695219613,14.096388596209383,26.694971989268105,18.863885268054204,24.124384905050512,17.967253546963054,13.258240872775282,11.527577392648674,16.349534541536105,16.010938964459392,9.92856889182967,27.058610817254973,19.854560158476453,15.390177505168873,75.05389474609733,77.57934053141108,73.39320793122786,59.555194926937475,59.555194926937475
100.91097288195033,100.97112146651487,100.96172325249837,100.91097288195033,100.96172325249837,100.92475693569564,100.91097288195033,100.96360289537411,100.8614755827831,24.599761864438094,26.969220802167662,26.969220802167662,24.54082252192534,1.4070249270502888,7.2124420652378145,1.857948963173603,7.118373971615074,10.990772547354986,10.990772547354986,7.006746388658987,0.0,1.2772035924939549,10.990772547354986,6.3583006125142,17.514884980561796,36.26281542123003,35.296691947461994,93.47859198639513,93.47859198639513,94.72487855963331,15.429417946681767,12.01035440192505,5.992928631939316,15.823697268657181,15.76663409010297,24.001588667895003,24.03105849822196,24.03105849822196,24.03105849822196,24.03105849822196,24.03105849822196,24.03105849822196,16.257627214867185,15.39039255814353,16.257627214867185,88.86237502879452,88.86237502879452,89.54539022371422,58.08688275303633,58.08688275303633,98.83770479911425,91.59440852477456,85.81694918726913,95.93042240708002,86.2555963422499,85.40963229257878,90.27852991404833,88.17308902928653,92.91653622509634,15.715841563823908,11.959633226952773,13.815806782089423,9.056159295228184,9.049888204320013,22.694875344156202,16.988782482798708,21.603844756765007,11.646087082444305,9.601742737305559,3.311679446628254,9.89648201091292,4.9547840227546915,2.388537859489516,1.0526813103832708,36.51359225328042,28.83327375926759,32.70171826766839,100.09708387978286,99.84646240940647,97.18983717922124,9.576120814069126,7.525162317597319,8.089642220081455,32.70171826766839,24.870631599027845,30.131131202545074,23.97399988289365,19.264987231158877,17.534323757773407,22.3562808858583,22.01768531044814,15.935315262461408,33.06535709280914,25.861306483719503,21.396923854132222,81.06064032932392,83.58608606073395,79.39995354894513,65.56194080261929,65.56194080261929
100.63376935193082,100.69391793657101,100.68451972254269,100.63376935193082,100.68451972254269,100.64755340569346,100.63376935193082,100.68639936542078,100.58427205270138,24.322558275378707,26.692017213837826,26.692017213837826,24.263618932848708,1.129821334556663,6.9352384729736425,1.5807453706827514,6.841170379343837,10.713568955465984,10.713568955465984,6.729542796379507,1.2772035924939549,0.0,10.713568955465984,6.081097020189904,17.237681389740303,35.98561183644115,35.01948836225455,93.20138844738456,93.20138844738456,94.4476750220813,15.706621537855321,12.287557993645512,6.270132224269429,15.546493677507897,15.489430498943252,23.724385078662564,23.75385490899794,23.75385490899794,23.75385490899794,23.75385490899794,23.75385490899794,23.75385490899794,15.980423623798595,15.113188966916018,15.980423623798595,88.58517148455343,88.58517148455343,89.26818668022996,57.809679180830535,57.809679180830535,98.56050126651594,91.31720498359633,85.5397456397256,95.65321887095776,85.97839279517477,85.13242874460246,90.00132637138304,87.89588548428766,92.63933268543443,15.43863797265493,11.682429635188683,13.53860319059738,8.778955703124826,8.772684612216036,22.4176717545613,16.711578891871415,21.32664116688385,11.368883490638506,9.324539145257921,3.0344758541635994,9.61927841889693,4.677580430351357,2.6657414519690654,1.3298849028771176,36.2363886686021,28.556070171561142,32.424514681394655,99.81988034874448,99.56925887805606,96.9126336446123,9.85332440609044,7.8023659098149265,8.366845812250252,32.424514681394655,24.5934280100483,29.85392761529838,23.69679629365334,18.987783640714248,17.257120166955886,22.079077296172965,21.740481720673802,15.658111671332655,32.788153506679734,25.584102895039788,21.11972026419845,80.78343677685821,83.30888251084599,79.12274999482842,65.28473723610375,65.28473723610375
