0.0,5.669757213370316,1.6723220532238114,51.92625335203295,51.92625335203295,51.92625335203295,51.92625335203295,51.92625335203295,51.92625335203295,59.0708739308019,52.62707249779491,52.66844449810251,59.67260904740587,57.88306352477818,56.200674226859064,53.21066689955507,63.25035289392088,63.9542285965906,63.474741220145425,63.9542285965906,63.9542285965906,63.474741220145425,63.44277531537916,50.9270449689002,50.9270449689002,50.9270449689002,53.282127210444635,53.1072374140624,53.307827836401955,52.43462979227586,52.43462979227586,52.43462979227586,52.993778282801784,53.17619041597479,52.62707249779491,59.074634786238924,52.187650677199365,52.852737751352095,48.26536712836182,62.277579949943174,51.62285610126677,52.993778282801784,81.0544799527871,82.56099550221079,77.51119852755761,77.51119852755761,6.327620251803897,3.865472501174655,6.89830831859295,6.976072161161694,14.918962037231015,8.434760418863632,5.625230582726696,53.019478980981596,53.44573352429277,54.56150909186717,58.04039434747615,57.78339965172307,58.99941765128965,56.52975776116929,57.3634313244822,53.22006957487825,59.75785457021843,55.63339441847358,55.60205290117145,52.69351842956206,66.45191418321612,64.6781562724932,68.47007493673756,61.22456791450116,63.06733188459302,65.30492935555462,52.11681645581919,45.064492118790874,48.061005589508525,47.02038530588401,50.819225164022264,52.85649883470608,51.97890898187623,57.0061434838911,53.94720719060203,55.85905306044206,70.94571481332665,57.43238146629112,53.26394871502657,49.734752221402566,49.31475095077967,53.46453883101467,50.794150774557444,52.27352926939729,49.10161532008865,48.80071720544161,93.2488499714415,74.84394310055684,79.70711993552668,79.70711993552668,4.690794018393837,9.375434026521928,2.194740543405474,3.492946785426018
5.669757213370316,0.0,6.342079266217225,47.256496386829696,47.256496386829696,47.256496386829696,47.256496386829696,47.256496386829696,47.256496386829696,54.4011170442992,47.95731553983192,47.99868754057018,55.00285216802672,53.21330662443973,51.53091730743706,48.54090994770084,58.58059605848611,59.28447177012189,58.8049843875575,59.28447177012189,59.28447177012189,58.8049843875575,58.77301848238503,46.25728799355423,46.25728799355423,46.25728799355423,48.61237025934337,48.43748046112025,48.63807088557177,47.764872832314325,47.764872832314325,47.764872832314325,48.32402132866882,48.50643346375766,47.95731553983192,54.40487789978052,47.51789371468444,48.18298079574266,43.59561012703155,57.60782310229061,46.9530991329614,48.32402132866882,76.38472337657943,77.89123895104152,72.84144189437117,72.84144189437117,1.6578630388015472,2.804284712738358,2.2285511059834455,2.3063149486110177,10.249204837385475,3.7650032076519016,1.04452663066524,48.34972202711813,48.775976574919504,49.891752154430236,53.370637448953076,53.113642750237375,54.32966076394615,51.86000084543279,52.69367441818531,48.550312623123006,55.08809769185466,50.963637492752405,50.932295975104246,48.023761472290936,61.78215738941425,60.00839945535598,63.80031817030119,56.55481105384992,58.39757504684416,60.63517254658664,47.447059492574354,40.394735088202076,43.391248586245304,42.35062829291551,46.149468187594515,48.18674187913597,47.309152017213336,52.33638657353058,49.27745024656071,51.18929613721844,66.27595808164403,52.76262456078155,48.59419176373366,45.06499523423116,44.64499395951443,48.7947818818404,46.124393797878476,47.60377230776876,44.43185832676022,44.13096020921688,88.57909361184089,70.17418642624695,75.03736333733644,75.03736333733644,1.9789631953557667,4.705676816410821,4.475016670400587,3.1768104285139085
1.6723220532238114,6.342079266217225,0.0,52.59857536541693,52.59857536541693,52.59857536541693,52.59857536541693,52.59857536541693,52.59857536541693,59.74319593227843,53.29939451007992,53.34076651032216,60.34493104780822,58.55538552834254,56.87299623330675,53.88298891091348,63.92267488770763,64.62655058902965,64.1470632135042,64.62655058902965,64.62655058902965,64.1470632135042,64.115097308799,51.5993669838251,51.5993669838251,51.5993669838251,53.954449221688854,53.77955942558579,53.98014984760508,53.10695180486414,53.10695180486414,53.10695180486414,53.66610029450576,53.84851242738822,53.29939451007992,59.74695678770876,52.859972690175184,53.525059763280034,48.93768914724261,62.94990194556747,52.29517811512185,53.66610029450576,81.72680190781502,83.23331745351221,78.18352049107493,78.18352049107493,6.999942304544732,4.537794554245323,7.570630371231164,7.6483942137851635,15.591284087384198,9.107082471176597,6.297552635580313,53.691800992644716,54.118055535275,55.233831101040835,58.71271635076645,58.45572165546068,59.671739652892995,57.20207976705979,58.03575332894638,53.89239158622163,60.43017657046771,56.30571642587396,56.27437490862419,53.36584044174207,67.12423617075042,65.35047826353035,69.14239692016908,61.89688991208192,63.739653878727694,65.97725134536503,52.78913846890581,45.736814142142464,48.73332760868409,47.692707326540884,51.49154717911161,53.52882084662805,52.65123099517814,57.67846548896915,54.61952920077612,56.53137506746463,71.61803679155473,58.104703470636366,53.93627072629986,50.40707423812624,49.98707296812667,54.13686084196674,51.46647278968501,52.94585128223857,49.77393733774988,49.47303922354411,93.92117189429948,75.51626507021012,80.3794418938282,80.3794418938282,5.363116071374369,10.047756078600507,2.8670625965955923,4.165268838530629
51.92625335203295,47.256496386829696,52.59857536541693,0.0,1.0,1.0,1.0,1.0,1.0,8.144621057352257,1.7008191874770666,1.7421911902828002,8.746356219664001,6.956810563566357,5.274421146938379,2.2844136248423474,12.324100355283395,13.027976118326631,12.548488700629564,13.027976118326631,13.027976118326631,12.548488700629564,12.516522793132134,1.9992084406431563,1.9992084406431563,1.9992084406431563,2.3558739401458784,2.1809841329819477,2.3815745676935776,1.508376470389947,1.508376470389947,1.508376470389947,2.0675249947646015,2.2499371391367298,1.7008191874770666,8.14838191307235,1.2613973405927117,1.9264844547085982,4.660886423104084,11.351327329760368,1.3033972684727977,2.0675249947646015,30.128229294992604,31.634745037412976,26.58494743668015,26.58494743668015,46.59863337934437,49.060781009057834,46.027945338599466,45.950181499521804,38.00729190700877,44.49149330473769,47.30102301534279,2.0932256945176375,2.5194802641442307,3.635255902594551,7.114141397700925,6.857146683296231,8.073164772467958,5.603504703952649,6.437178325905226,2.2938163007456263,8.831601749019695,4.70714130000427,4.675799780594113,1.7672651232582988,15.525661928466672,13.75190385752212,17.5438228731719,10.298315208521203,12.141079330445605,14.378676996364765,1.1905631150166538,7.861761581649684,4.865247972176686,5.905868306340476,2.107028251588652,1.9302455382914918,1.052655632938008,6.079890459985692,3.0209539619512418,4.932799957217731,20.019462997205817,6.506128472636123,2.3376954436038435,3.191501253741154,3.6115025466893282,2.538285572036785,2.1321026424606706,1.3472759378932677,3.8246381885535623,4.125536318795685,42.32260102781833,23.91769170295226,28.780869109603774,28.780869109603774,48.23545953391703,43.55081973506714,50.73151287687216,49.433306705302655
51.92625335203295,47.256496386829696,52.59857536541693,1.0,0.0,1.0,1.0,1.0,1.0,8.144621057352257,1.7008191874770666,1.7421911902828002,8.746356219664001,6.956810563566357,5.274421146938379,2.2844136248423474,12.324100355283395,13.027976118326631,12.548488700629564,13.027976118326631,13.027976118326631,12.548488700629564,12.516522793132134,1.9992084406431563,1.9992084406431563,1.9992084406431563,2.3558739401458784,2.1809841329819477,2.3815745676935776,1.508376470389947,1.508376470389947,1.508376470389947,2.0675249947646015,2.2499371391367298,1.7008191874770666,8.14838191307235,1.2613973405927117,1.9264844547085982,4.660886423104084,11.351327329760368,1.3033972684727977,2.0675249947646015,30.128229294992604,31.634745037412976,26.58494743668015,26.58494743668015,46.59863337934437,49.060781009057834,46.027945338599466,45.950181499521804,38.00729190700877,44.49149330473769,47.30102301534279,2.0932256945176375,2.5194802641442307,3.635255902594551,7.114141397700925,6.857146683296231,8.073164772467958,5.603504703952649,6.437178325905226,2.2938163007456263,8.831601749019695,4.70714130000427,4.675799780594113,1.7672651232582988,15.525661928466672,13.75190385752212,17.5438228731719,10.298315208521203,12.141079330445605,14.378676996364765,1.1905631150166538,7.861761581649684,4.865247972176686,5.905868306340476,2.107028251588652,1.9302455382914918,1.052655632938008,6.079890459985692,3.0209539619512418,4.932799957217731,20.019462997205817,6.506128472636123,2.3376954436038435,3.191501253741154,3.6115025466893282,2.538285572036785,2.1321026424606706,1.3472759378932677,3.8246381885535623,4.125536318795685,42.32260102781833,23.91769170295226,28.780869109603774,28.780869109603774,48.23545953391703,43.55081973506714,50.73151287687216,49.433306705302655
51.92625335203295,47.256496386829696,52.59857536541693,1.0,1.0,0.0,1.0,1.0,1.0,8.144621057352257,1.7008191874770666,1.7421911902828002,8.746356219664001,6.956810563566357,5.274421146938379,2.2844136248423474,12.324100355283395,13.027976118326631,12.548488700629564,13.027976118326631,13.027976118326631,12.548488700629564,12.516522793132134,1.9992084406431563,1.9992084406431563,1.9992084406431563,2.3558739401458784,2.1809841329819477,2.3815745676935776,1.508376470389947,1.508376470389947,1.508376470389947,2.0675249947646015,2.2499371391367298,1.7008191874770666,8.14838191307235,1.2613973405927117,1.9264844547085982,4.660886423104084,11.351327329760368,1.3033972684727977,2.0675249947646015,30.128229294992604,31.634745037412976,26.58494743668015,26.58494743668015,46.59863337934437,49.060781009057834,46.027945338599466,45.950181499521804,38.00729190700877,44.49149330473769,47.30102301534279,2.0932256945176375,2.5194802641442307,3.635255902594551,7.114141397700925,6.857146683296231,8.073164772467958,5.603504703952649,6.437178325905226,2.2938163007456263,8.831601749019695,4.70714130000427,4.675799780594113,1.7672651232582988,15.525661928466672,13.75190385752212,17.5438228731719,10.298315208521203,12.141079330445605,14.378676996364765,1.1905631150166538,7.861761581649684,4.865247972176686,5.905868306340476,2.107028251588652,1.9302455382914918,1.052655632938008,6.079890459985692,3.0209539619512418,4.932799957217731,20.019462997205817,6.506128472636123,2.3376954436038435,3.191501253741154,3.6115025466893282,2.538285572036785,2.1321026424606706,1.3472759378932677,3.8246381885535623,4.125536318795685,42.32260102781833,23.91769170295226,28.780869109603774,28.780869109603774,48.23545953391703,43.55081973506714,50.73151287687216,49.433306705302655
51.92625335203295,47.256496386829696,52.59857536541693,1.0,1.0,1.0,0.0,1.0,1.0,8.144621057352257,1.7008191874770666,1.7421911902828002,8.746356219664001,6.956810563566357,5.274421146938379,2.2844136248423474,12.324100355283395,13.027976118326631,12.548488700629564,13.027976118326631,13.027976118326631,12.548488700629564,12.516522793132134,1.9992084406431563,1.9992084406431563,1.9992084406431563,2.3558739401458784,2.1809841329819477,2.3815745676935776,1.508376470389947,1.508376470389947,1.508376470389947,2.0675249947646015,2.2499371391367298,1.7008191874770666,8.14838191307235,1.2613973405927117,1.9264844547085982,4.660886423104084,11.351327329760368,1.3033972684727977,2.0675249947646015,30.128229294992604,31.634745037412976,26.58494743668015,26.58494743668015,46.59863337934437,49.060781009057834,46.027945338599466,45.950181499521804,38.00729190700877,44.49149330473769,47.30102301534279,2.0932256945176375,2.5194802641442307,3.635255902594551,7.114141397700925,6.857146683296231,8.073164772467958,5.603504703952649,6.437178325905226,2.2938163007456263,8.831601749019695,4.70714130000427,4.675799780594113,1.7672651232582988,15.525661928466672,13.75190385752212,17.5438228731719,10.298315208521203,12.141079330445605,14.378676996364765,1.1905631150166538,7.861761581649684,4.865247972176686,5.905868306340476,2.107028251588652,1.9302455382914918,1.052655632938008,6.079890459985692,3.0209539619512418,4.932799957217731,20.019462997205817,6.506128472636123,2.3376954436038435,3.191501253741154,3.6115025466893282,2.538285572036785,2.1321026424606706,1.3472759378932677,3.8246381885535623,4.125536318795685,42.32260102781833,23.91769170295226,28.780869109603774,28.780869109603774,48.23545953391703,43.55081973506714,50.73151287687216,49.433306705302655
51.92625335203295,47.256496386829696,52.59857536541693,1.0,1.0,1.0,1.0,0.0,1.0,8.144621057352257,1.7008191874770666,1.7421911902828002,8.746356219664001,6.956810563566357,5.274421146938379,2.2844136248423474,12.324100355283395,13.027976118326631,12.548488700629564,13.027976118326631,13.027976118326631,12.548488700629564,12.516522793132134,1.9992084406431563,1.9992084406431563,1.9992084406431563,2.3558739401458784,2.1809841329819477,2.3815745676935776,1.508376470389947,1.508376470389947,1.508376470389947,2.0675249947646015,2.2499371391367298,1.7008191874770666,8.14838191307235,1.2613973405927117,1.9264844547085982,4.660886423104084,11.351327329760368,1.3033972684727977,2.0675249947646015,30.128229294992604,31.634745037412976,26.58494743668015,26.58494743668015,46.59863337934437,49.060781009057834,46.027945338599466,45.950181499521804,38.00729190700877,44.49149330473769,47.30102301534279,2.0932256945176375,2.5194802641442307,3.635255902594551,7.114141397700925,6.857146683296231,8.073164772467958,5.603504703952649,6.437178325905226,2.2938163007456263,8.831601749019695,4.70714130000427,4.675799780594113,1.7672651232582988,15.525661928466672,13.75190385752212,17.5438228731719,10.298315208521203,12.141079330445605,14.378676996364765,1.1905631150166538,7.861761581649684,4.865247972176686,5.905868306340476,2.107028251588652,1.9302455382914918,1.052655632938008,6.079890459985692,3.0209539619512418,4.932799957217731,20.019462997205817,6.506128472636123,2.3376954436038435,3.191501253741154,3.6115025466893282,2.538285572036785,2.1321026424606706,1.3472759378932677,3.8246381885535623,4.125536318795685,42.32260102781833,23.91769170295226,28.780869109603774,28.780869109603774,48.23545953391703,43.55081973506714,50.73151287687216,49.433306705302655
51.92625335203295,47.256496386829696,52.59857536541693,1.0,1.0,1.0,1.0,1.0,0.0,8.144621057352257,1.7008191874770666,1.7421911902828002,8.746356219664001,6.956810563566357,5.274421146938379,2.2844136248423474,12.324100355283395,13.027976118326631,12.548488700629564,13.027976118326631,13.027976118326631,12.548488700629564,12.516522793132134,1.9992084406431563,1.9992084406431563,1.9992084406431563,2.3558739401458784,2.1809841329819477,2.3815745676935776,1.508376470389947,1.508376470389947,1.508376470389947,2.0675249947646015,2.2499371391367298,1.7008191874770666,8.14838191307235,1.2613973405927117,1.9264844547085982,4.660886423104084,11.351327329760368,1.3033972684727977,2.0675249947646015,30.128229294992604,31.634745037412976,26.58494743668015,26.58494743668015,46.59863337934437,49.060781009057834,46.027945338599466,45.950181499521804,38.00729190700877,44.49149330473769,47.30102301534279,2.0932256945176375,2.5194802641442307,3.635255902594551,7.114141397700925,6.857146683296231,8.073164772467958,5.603504703952649,6.437178325905226,2.2938163007456263,8.831601749019695,4.70714130000427,4.675799780594113,1.7672651232582988,15.525661928466672,13.75190385752212,17.5438228731719,10.298315208521203,12.141079330445605,14.378676996364765,1.1905631150166538,7.861761581649684,4.865247972176686,5.905868306340476,2.107028251588652,1.9302455382914918,1.052655632938008,6.079890459985692,3.0209539619512418,4.932799957217731,20.019462997205817,6.506128472636123,2.3376954436038435,3.191501253741154,3.6115025466893282,2.538285572036785,2.1321026424606706,1.3472759378932677,3.8246381885535623,4.125536318795685,42.32260102781833,23.91769170295226,28.780869109603774,28.780869109603774,48.23545953391703,43.55081973506714,50.73151287687216,49.433306705302655
59.0708739308019,54.4011170442992,59.74319593227843,8.144621057352257,8.144621057352257,8.144621057352257,8.144621057352257,8.144621057352257,8.144621057352257,0.0,7.443801870608836,7.402429867841427,1.6017351630693946,2.1878104949358255,3.870199912407503,6.860207433732764,5.1794793056261375,5.883355070524666,5.403867651546239,5.883355070524666,5.883355070524666,5.403867651546239,5.371901743966048,9.14382949667361,9.14382949667361,9.14382949667361,6.788747118481535,6.963636925514528,6.763046490952239,7.636244587510386,7.636244587510386,7.636244587510386,7.077096063641616,6.894683919412556,7.443801870608836,1.0037608557244628,7.883223717051838,7.218136603579589,11.805507474032021,4.206706277804538,8.44801832545798,7.077096063641616,22.98360834188989,24.490124097228875,19.44032645611693,19.44032645611693,53.74325404733804,56.2054016369496,53.172566015610016,53.09480217775295,45.15191269966487,51.6361140055039,54.44564367209497,7.051395363909392,6.625140794596677,5.509365156688514,2.030479660675307,2.2874743752815734,1.0714562849664482,3.5411163553005895,2.707442732955762,6.850804757836463,1.6869806925419457,4.437479759418676,4.468821278830043,7.377355934888883,8.381040888550155,6.607282811796569,10.399201841111418,3.1536941544243513,4.996458280332362,7.23405595257481,7.954057942550882,15.00638262339732,12.00986902261782,13.050489354092633,9.2516493074571,7.21437551999993,8.091965424474914,3.0647305990710705,6.123667097083373,4.211821102187086,12.874841976595235,2.6384925861823074,6.806925615010423,10.336122307770248,10.75612359990352,6.606335486716611,9.276723698290903,7.797345119842468,10.96925924133232,11.270157370934617,35.177980200605475,16.773070704422924,21.636248145575642,21.636248145575642,55.38008017546813,50.69544045000284,57.87613347644304,56.57792732695735
52.62707249779491,47.95731553983192,53.29939451007992,1.7008191874770666,1.7008191874770666,1.7008191874770666,1.7008191874770666,1.7008191874770666,1.7008191874770666,7.443801870608836,0.0,1.0413720028062228,8.045537033056686,6.2559913765881685,4.573601959704675,1.58359443737722,11.623281169723947,12.32715693302145,11.847669515149457,12.32715693302145,12.32715693302145,11.847669515149457,11.815703607640625,2.70002762809317,2.70002762809317,2.70002762809317,1.655054752682959,1.4801649455139136,1.680755380231492,1.192442717088678,1.192442717088678,1.192442717088678,1.3667058072937701,1.549117951670596,1.0,7.447562726329744,1.4394218468861844,1.2256652672348616,5.361705610326903,10.650508143875564,2.004216455945012,1.3667058072937701,29.427410120732453,30.933925864574704,25.88412825936254,25.88412825936254,47.29945253331136,49.761600159344034,46.72876449339232,46.6510006544264,38.708111072321756,45.192312461702976,48.00184216827924,1.392406507047404,1.8186610766869782,2.934436715198692,6.413322210751245,6.15632749630039,7.37234558570914,4.902685516761824,5.736359138838483,1.5929971132807803,8.130782562432596,4.006322112704756,3.9749805932912614,1.0664459357820444,14.82484274419145,13.051084672494952,16.84300368987452,9.597496022318257,11.44026014482264,13.677857811591819,1.5102560724619616,8.562580768300688,5.566067159372739,6.606687493379623,2.8078474390338455,1.2294263508178245,1.6481635545396025,5.379071272863056,2.3201347745166734,4.231980769943168,19.31864381528577,5.805309285580634,1.6368762561403472,3.892320441117284,4.312321734028651,1.8374663845802393,2.8329218299046914,1.3535432495857544,4.52545737587206,4.8263555060823204,41.621781867158944,23.216872523598465,28.08004993413359,28.08004993413359,48.936278685458326,44.25163889332573,51.432332024551904,50.13412585501532
52.66844449810251,47.99868754057018,53.34076651032216,1.7421911902828002,1.7421911902828002,1.7421911902828002,1.7421911902828002,1.7421911902828002,1.7421911902828002,7.402429867841427,1.0413720028062228,0.0,8.004165030296893,6.214619373807729,4.532229956910324,1.5422224345712947,11.581909167023516,12.285784930335538,11.80629751245355,12.285784930335538,12.285784930335538,11.80629751245355,11.77433160494407,2.74139963089661,2.74139963089661,2.74139963089661,1.6136827498771145,1.438792942707889,1.6393833774256783,1.2338147198948584,1.2338147198948584,1.2338147198948584,1.3253338044876597,1.5077459488646352,1.0413720028062228,7.406190723562381,1.4807938496922086,1.184293264428678,5.403077613115073,10.609136141156604,2.045588458750247,1.3253338044876597,29.386038118686635,30.892553862611777,25.842756257138713,25.842756257138713,47.34082453410704,49.80297215992071,46.77013649423716,46.69237265527789,38.74948307379323,45.23368446267714,48.04321416901358,1.3510345042413108,1.7772890738813536,2.893064712395913,6.371950207972379,6.114955493518979,7.330973582940873,4.861313513969776,5.694987136053177,1.5516251104748653,8.089410559673935,3.964950109906917,3.9336085904932476,1.0250739329758232,14.7834707415646,13.009712669824944,16.80163168730399,9.556124019581251,11.398888142118585,13.636485808936383,1.5516280752679197,8.603952771052864,5.607439162159187,6.6480594961560815,2.849219441836925,1.1880543480116423,1.6895355573454047,5.337699270074701,2.2787627717120387,4.190608767146644,19.27727181279481,5.763937282795944,1.595504253334481,3.93369244391553,4.353693736824431,1.7960943817746435,2.874293832707684,1.394915252391846,4.566829378666461,4.867727508874631,41.58040986590753,23.175500521256286,28.03867793201728,28.03867793201728,48.977650686109676,44.29301089437689,51.47370402497355,50.17549785555788
59.67260904740587,55.00285216802672,60.34493104780822,8.746356219664001,8.746356219664001,8.746356219664001,8.746356219664001,8.746356219664001,8.746356219664001,1.6017351630693946,8.045537033056686,8.004165030296893,0.0,2.7895456579761078,4.4719350753404346,7.461942596283706,4.577744142761619,5.28161990774176,4.802132488706263,5.28161990774176,5.28161990774176,4.802132488706263,4.770166581122492,9.745564658768068,9.745564658768068,9.745564658768068,7.390482281044459,7.565372088047877,7.3647816535194375,8.2379797499222,8.2379797499222,8.2379797499222,7.67883122615533,7.496419081957664,8.045537033056686,1.5979743073449628,8.484958879415919,7.819871766068408,12.407242635414475,3.604971114849586,9.049753487706631,7.67883122615533,22.381873185269363,23.888388941536622,18.838591297559372,18.838591297559372,54.34498917202168,56.80713675799468,53.774301141113604,53.696537303367556,45.753647835758905,52.23784913317116,55.04737879575733,7.653130526427586,7.226875957186508,6.111100319442329,2.6322148237216663,2.8892095383176564,1.6731914480351842,4.142851518260616,3.30917789597116,7.452539920388987,1.0852455294733532,5.0392149222979405,5.070556441706085,7.979091097348942,7.779305726166513,6.005547649111776,9.797466679175413,2.5519589914007454,4.394723117448848,6.63232078998657,8.555793104900964,15.60811778366715,12.611604183937605,13.652224515075593,9.853384469526478,7.816110682489417,8.693700586797348,3.666465762065067,6.72540225975112,4.813556265088755,12.273106815361034,3.2402277492014324,7.4086607775703115,10.937857469569709,11.357858761589805,7.208070649309491,9.878458860354403,8.399080282223334,11.570994402959334,11.871892532475835,34.576245053294514,16.17133554463507,21.034512988177834,21.034512988177834,55.98181529775113,51.297175578963234,58.47786859492569,57.17966244743761
57.88306352477818,53.21330662443973,58.55538552834254,6.956810563566357,6.956810563566357,6.956810563566357,6.956810563566357,6.956810563566357,6.956810563566357,2.1878104949358255,6.2559913765881685,6.214619373807729,2.7895456579761078,0.0,2.6823894176021907,5.672396939536836,6.367289799955337,7.071165564658708,6.591678145816135,7.071165564658708,7.071165564658708,6.591678145816135,6.559712238244559,7.9560190032682865,7.9560190032682865,7.9560190032682865,5.600936624265408,5.775826431348318,5.575235996728917,6.448434093551543,6.448434093551543,6.448434093551543,5.889285569508674,5.70687342522647,6.2559913765881685,2.1915713506601673,6.6954132231752705,6.030326109488971,10.617696981903398,5.394516772359312,7.260207831781937,5.889285569508674,24.17141882303223,25.67793457646594,20.628136941254358,20.628136941254358,52.55544362562303,55.01759122229791,51.984755592304076,51.906991754231555,43.964102255841645,50.44830357800122,53.257833252361934,5.863584869768853,5.437330300335351,4.321554662157467,1.1573308342649007,1.0996638803492167,2.116354209971534,2.3533058604577133,1.5196322380439193,5.662994263637859,2.874791187442951,3.2496692646918546,3.281010784108065,6.189545440847333,9.568851381775222,7.795093305701918,11.587012333355226,4.341504649165594,6.1842687747079115,8.42186644625924,6.766247448698518,13.818572133310122,10.822058530603021,11.862678862692366,8.063838814096062,6.026565025908167,6.904154930670453,1.876920104184185,4.935856602692503,3.0240106074269595,14.06265246733392,1.4506820912664424,5.619115120799408,9.148311814889553,9.568313107225901,5.418524992450181,8.088913204940255,6.60953462593692,9.7814487487614,10.082346878518498,36.365790662781,17.960881192117967,22.824058628317502,22.824058628317502,54.192269758412706,49.50763001999305,56.68832306676866,55.39011691340252
56.200674226859064,51.53091730743706,56.87299623330675,5.274421146938379,5.274421146938379,5.274421146938379,5.274421146938379,5.274421146938379,5.274421146938379,3.870199912407503,4.573601959704675,4.532229956910324,4.4719350753404346,2.6823894176021907,0.0,3.990007522469229,8.049679216108572,8.753554980458185,8.274067561860722,8.753554980458185,8.753554980458185,8.274067561860722,8.242101654304857,6.273629587069556,6.273629587069556,6.273629587069556,3.918547207177048,4.093437014311444,3.8928465796331877,4.766044676734473,4.766044676734473,4.766044676734473,4.2068961525064505,4.024484008169015,4.573601959704675,3.8739607681312602,5.013023806447597,4.347936692531196,8.935307567220503,7.076906188938934,5.577818415276224,4.2068961525064505,25.85380821855162,27.3603239691212,22.310526342821632,22.310526342821632,50.87305430606447,53.335201912473146,50.302366270554856,50.22460243218574,42.28171290591351,48.76591425047669,51.57544393553342,4.181195452758693,3.7549408832009434,2.639165244763636,2.839720251856012,2.5827255372590123,3.7987436274541175,1.3290835571615234,2.1627571795813987,3.9806048465674997,4.557180604789828,1.5672798471385065,1.598621366558133,4.507156023941564,11.251240796012812,9.477482721097935,13.269401745981227,6.0238940661250275,7.86665819094691,10.104255861273488,5.0838580319973445,12.13618272116696,9.139669116058892,10.180289448904317,6.381449397948212,4.344175608949186,5.221765514021971,1.8054693134450415,3.2534671854297184,1.3416211898512322,15.745041877556089,2.2317073263569966,3.9367257037162893,7.465922399302892,7.8859236918807305,3.736135575310613,6.406523788804366,4.927145209177631,8.099059333543929,8.399957463487226,38.048180030096326,19.64327059760086,24.506448026250464,24.506448026250464,52.509880445274035,47.82524068902086,55.00593376381012,53.70772760509046
53.21066689955507,48.54090994770084,53.88298891091348,2.2844136248423474,2.2844136248423474,2.2844136248423474,2.2844136248423474,2.2844136248423474,2.2844136248423474,6.860207433732764,1.58359443737722,1.5422224345712947,7.461942596283706,5.672396939536836,3.990007522469229,0.0,11.039686733762608,11.74356249725985,11.264075079250357,11.74356249725985,11.74356249725985,11.264075079250357,11.232109171732581,3.283622065418899,3.283622065418899,3.283622065418899,1.07146031530636,1.1034294918639653,1.0971609428551492,1.776037154463917,1.776037154463917,1.776037154463917,1.216888630084505,1.0344764857068753,1.58359443737722,6.863968289454288,2.0230162842574417,1.35792917014343,5.945300047418095,10.06691370765986,2.587810893301083,1.216888630084505,28.84381569387707,30.35033143887771,25.30053383002149,25.30053383002149,47.88304694199489,50.34519456492049,47.3123589027733,47.234595063901764,39.29170549059982,45.77590687291919,48.585436576092604,1.1911879303308113,1.2350666393123109,2.350842277856139,5.829727773720973,5.572733059236056,6.788751148821466,4.319091079556479,5.15276470172226,1.009402675903634,7.547188125674995,3.4227276754241722,3.3913861560084326,1.5171485015956314,14.241248309244979,12.467490236952527,16.259409255707943,9.013901585855566,10.856665708811516,13.094263376250417,2.0938505098317783,9.146175204861175,6.149661596438161,7.190281930296653,3.3914418763537246,1.3541680865604735,2.2317579919062327,4.795476835706379,1.7365403371523527,3.6483863326795163,18.735049382223973,5.22171484847261,1.0532818187635773,4.475914878361175,4.895916171234738,1.2538719472058395,3.4165162672231655,1.9371376869585797,5.109051813057173,5.409949943235773,41.03818745142161,22.63327809260724,27.496455506293522,27.496455506293522,49.51987309209403,44.83523330563494,52.01592642792943,50.717720260107825
63.25035289392088,58.58059605848611,63.92267488770763,12.324100355283395,12.324100355283395,12.324100355283395,12.324100355283395,12.324100355283395,12.324100355283395,5.1794793056261375,11.623281169723947,11.581909167023516,4.577744142761619,6.367289799955337,8.049679216108572,11.039686733762608,0.0,1.703875765225741,1.2243883460141682,1.703875765225741,1.703875765225741,1.2243883460141682,1.192422438419991,13.323308792755329,13.323308792755329,13.323308792755329,10.968226418618935,11.14311622538697,10.942525791128087,11.815723886309675,11.815723886309675,11.815723886309675,11.256575363339062,11.074163219390156,11.623281169723947,5.17571844990317,12.062703015435494,11.397615903056085,15.984986764262139,1.9727730281185154,12.627497622847608,11.256575363339062,18.804129073570834,20.310644834844414,15.260847175550186,15.260847175550186,57.92273306838993,60.38488063189078,57.35204504255129,57.27428120549198,49.33139180289525,55.815593047996614,58.62512268581428,11.23087466364669,10.80462009497668,9.688844458587399,6.209958965790588,6.466953680237981,5.25093559056368,7.720595659301898,6.886922037625505,11.030284057880511,4.492498613312522,8.616959062553846,8.648300581932162,11.556835234111407,4.201561585173989,2.427803506932618,6.219722540157267,3.025785151617032,1.1830210253634008,3.0545766481680925,12.133537240813196,19.185861904809666,16.189348312343064,17.229968641124085,13.431128603327926,11.393854819482362,12.27144472249825,7.2442099034705265,10.303146398175294,8.391300405554691,8.695362679672726,6.817971890901416,10.986404915120552,14.515601601397067,14.935602892601278,10.785814787124174,13.456202994112363,11.976824418371962,15.148738533545805,15.44963666244974,30.99850099279606,12.593591416219038,17.456768872316562,17.456768872316562,59.55955917928867,54.874919501797606,62.055612453017545,60.757406317848705
63.9542285965906,59.28447177012189,64.62655058902965,13.027976118326631,13.027976118326631,13.027976118326631,13.027976118326631,13.027976118326631,13.027976118326631,5.883355070524666,12.32715693302145,12.285784930335538,5.28161990774176,7.071165564658708,8.753554980458185,11.74356249725985,1.703875765225741,0.0,1.4794874192132985,1.0,1.0,1.4794874192132985,1.5114533268073285,14.027184555408876,14.027184555408876,14.027184555408876,11.67210218213989,11.846991988849611,11.646401554657528,12.51959964953892,12.51959964953892,12.51959964953892,11.960451126763344,11.778038982875906,12.32715693302145,5.879594214802243,12.766578778575406,12.101491666432116,16.688862525721824,2.676648793318102,13.331373385775903,11.960451126763344,18.100253313234177,19.606769075389266,14.556971413428268,14.556971413428268,58.62660878123335,61.08875634014408,58.05592075643125,57.97815691951239,50.03526753025118,56.519468764615915,59.32899839736783,11.9347504270797,11.508495858551301,10.39272022250517,6.913834730522406,7.170829444922921,5.954811355451746,8.424471423727837,7.590797802229289,11.734159821380885,5.196374378303286,9.320834826763742,9.35217634613404,12.260710997432202,3.4976858200765197,1.7239277417234549,5.515846775309692,3.729660916754106,1.8868967905865386,2.350700882986864,12.837413003927127,19.889737664533733,16.893224073701717,17.933844401947603,14.135004365937514,12.09773058285969,12.975320485561138,7.948085668000818,11.007022161909067,9.095176169821404,7.991486915310311,7.52184765551891,11.690280678635492,15.219477363543833,15.639478654558696,11.489690550704907,14.160078756711675,12.680700181543159,15.852614295404978,16.153512424167744,30.29462524169526,11.889715653019751,16.75289311125342,16.75289311125342,60.263434889102,55.57879522005712,62.75948815804688,61.4612820253908
63.474741220145425,58.8049843875575,64.1470632135042,12.548488700629564,12.548488700629564,12.548488700629564,12.548488700629564,12.548488700629564,12.548488700629564,5.403867651546239,11.847669515149457,11.80629751245355,4.802132488706263,6.591678145816135,8.274067561860722,11.264075079250357,1.2243883460141682,1.4794874192132985,0.0,1.4794874192132985,1.4794874192132985,1.0,1.0319659075942087,13.54769713797972,13.54769713797972,13.54769713797972,11.19261476411407,11.367504570863947,11.166914136625865,12.040112231713893,12.040112231713893,12.040112231713893,11.480963708804087,11.298551564874328,11.847669515149457,5.400106795823436,12.28709136081184,11.622004248506071,16.20937510911246,2.19716137412673,12.85188596815788,11.480963708804087,18.579740729158903,20.08625649071719,15.036458830560443,15.036458830560443,58.14712139784469,60.6092689598883,57.576433372335096,57.49866953532037,49.5557801369554,56.03998137864992,58.849511014859566,11.455263009114432,11.029008440488525,9.913232804205899,6.434347311660072,6.6913420260931495,5.475323936480621,7.944984005077572,7.111310383455831,11.254672403369238,4.716886959260343,8.841347408262845,8.872688927638684,11.781223579544175,3.9771732392085606,2.2034151609272348,5.995334194276451,3.2501734976079004,1.4074093713771876,2.830188302173151,12.357925586181432,19.41025024911454,16.413736657161678,17.454356985774655,13.655516948538565,11.618243164932753,12.495833067850553,7.4685982492783,10.527534743736643,8.615688751281255,8.470974333952642,7.042360236735943,11.210793260613816,14.739989946462822,15.159991237607704,11.010203132637919,13.68059133931979,12.20121276375807,15.373126878521429,15.6740250073811,30.77411265135831,12.369203070879305,17.232380527669726,17.232380527669726,59.783947507781484,55.09930783297148,62.2800007799914,60.98179464562041
63.9542285965906,59.28447177012189,64.62655058902965,13.027976118326631,13.027976118326631,13.027976118326631,13.027976118326631,13.027976118326631,13.027976118326631,5.883355070524666,12.32715693302145,12.285784930335538,5.28161990774176,7.071165564658708,8.753554980458185,11.74356249725985,1.703875765225741,1.0,1.4794874192132985,0.0,1.0,1.4794874192132985,1.5114533268073285,14.027184555408876,14.027184555408876,14.027184555408876,11.67210218213989,11.846991988849611,11.646401554657528,12.51959964953892,12.51959964953892,12.51959964953892,11.960451126763344,11.778038982875906,12.32715693302145,5.879594214802243,12.766578778575406,12.101491666432116,16.688862525721824,2.676648793318102,13.331373385775903,11.960451126763344,18.100253313234177,19.606769075389266,14.556971413428268,14.556971413428268,58.62660878123335,61.08875634014408,58.05592075643125,57.97815691951239,50.03526753025118,56.519468764615915,59.32899839736783,11.9347504270797,11.508495858551301,10.39272022250517,6.913834730522406,7.170829444922921,5.954811355451746,8.424471423727837,7.590797802229289,11.734159821380885,5.196374378303286,9.320834826763742,9.35217634613404,12.260710997432202,3.4976858200765197,1.7239277417234549,5.515846775309692,3.729660916754106,1.8868967905865386,2.350700882986864,12.837413003927127,19.889737664533733,16.893224073701717,17.933844401947603,14.135004365937514,12.09773058285969,12.975320485561138,7.948085668000818,11.007022161909067,9.095176169821404,7.991486915310311,7.52184765551891,11.690280678635492,15.219477363543833,15.639478654558696,11.489690550704907,14.160078756711675,12.680700181543159,15.852614295404978,16.153512424167744,30.29462524169526,11.889715653019751,16.75289311125342,16.75289311125342,60.263434889102,55.57879522005712,62.75948815804688,61.4612820253908
63.9542285965906,59.28447177012189,64.62655058902965,13.027976118326631,13.027976118326631,13.027976118326631,13.027976118326631,13.027976118326631,13.027976118326631,5.883355070524666,12.32715693302145,12.285784930335538,5.28161990774176,7.071165564658708,8.753554980458185,11.74356249725985,1.703875765225741,1.0,1.4794874192132985,1.0,0.0,1.4794874192132985,1.5114533268073285,14.027184555408876,14.027184555408876,14.027184555408876,11.67210218213989,11.846991988849611,11.646401554657528,12.51959964953892,12.51959964953892,12.51959964953892,11.960451126763344,11.778038982875906,12.32715693302145,5.879594214802243,12.766578778575406,12.101491666432116,16.688862525721824,2.676648793318102,13.331373385775903,11.960451126763344,18.100253313234177,19.606769075389266,14.556971413428268,14.556971413428268,58.62660878123335,61.08875634014408,58.05592075643125,57.97815691951239,50.03526753025118,56.519468764615915,59.32899839736783,11.9347504270797,11.508495858551301,10.39272022250517,6.913834730522406,7.170829444922921,5.954811355451746,8.424471423727837,7.590797802229289,11.734159821380885,5.196374378303286,9.320834826763742,9.35217634613404,12.260710997432202,3.4976858200765197,1.7239277417234549,5.515846775309692,3.729660916754106,1.8868967905865386,2.350700882986864,12.837413003927127,19.889737664533733,16.893224073701717,17.933844401947603,14.135004365937514,12.09773058285969,12.975320485561138,7.948085668000818,11.007022161909067,9.095176169821404,7.991486915310311,7.52184765551891,11.690280678635492,15.219477363543833,15.639478654558696,11.489690550704907,14.160078756711675,12.680700181543159,15.852614295404978,16.153512424167744,30.29462524169526,11.889715653019751,16.75289311125342,16.75289311125342,60.263434889102,55.57879522005712,62.75948815804688,61.4612820253908
63.474741220145425,58.8049843875575,64.1470632135042,12.548488700629564,12.548488700629564,12.548488700629564,12.548488700629564,12.548488700629564,12.548488700629564,5.403867651546239,11.847669515149457,11.80629751245355,4.802132488706263,6.591678145816135,8.274067561860722,11.264075079250357,1.2243883460141682,1.4794874192132985,1.0,1.4794874192132985,1.4794874192132985,0.0,1.0319659075942087,13.54769713797972,13.54769713797972,13.54769713797972,11.19261476411407,11.367504570863947,11.166914136625865,12.040112231713893,12.040112231713893,12.040112231713893,11.480963708804087,11.298551564874328,11.847669515149457,5.400106795823436,12.28709136081184,11.622004248506071,16.20937510911246,2.19716137412673,12.85188596815788,11.480963708804087,18.579740729158903,20.08625649071719,15.036458830560443,15.036458830560443,58.14712139784469,60.6092689598883,57.576433372335096,57.49866953532037,49.5557801369554,56.03998137864992,58.849511014859566,11.455263009114432,11.029008440488525,9.913232804205899,6.434347311660072,6.6913420260931495,5.475323936480621,7.944984005077572,7.111310383455831,11.254672403369238,4.716886959260343,8.841347408262845,8.872688927638684,11.781223579544175,3.9771732392085606,2.2034151609272348,5.995334194276451,3.2501734976079004,1.4074093713771876,2.830188302173151,12.357925586181432,19.41025024911454,16.413736657161678,17.454356985774655,13.655516948538565,11.618243164932753,12.495833067850553,7.4685982492783,10.527534743736643,8.615688751281255,8.470974333952642,7.042360236735943,11.210793260613816,14.739989946462822,15.159991237607704,11.010203132637919,13.68059133931979,12.20121276375807,15.373126878521429,15.6740250073811,30.77411265135831,12.369203070879305,17.232380527669726,17.232380527669726,59.783947507781484,55.09930783297148,62.2800007799914,60.98179464562041
