0.0,1.0,1.0,1.0,1.0,21.551734072133783,13.2511522927433,11.39206601888944,26.86440610290184,26.86440610290184,13.891687292419936,10.20970588680928,10.20970588680928,10.451780662468636,16.066068777510033,16.066068777510033,14.125617672549053,14.125617672549053,17.45024619934158,15.19994822171957,23.0831063399513,18.627470230372424,22.459656879811043,53.95325182974157,53.95325182974157,54.09176486299712,60.22375630271917,59.45289035500633,59.45289035500633,55.95258472350032,55.41797068400046,56.109897351243774,51.98020424928718,58.89573241804246,54.30298120986715,56.23775285509798,56.016512593348644,56.016512593348644,59.45727741336906,56.9616376297442,60.073343889650204,60.073343889650204,60.073343889650204,59.45289035500633,52.187664340735566,56.81184717333814,56.9616376297442,45.328096859095595,45.328096859095595,43.70903665866535,13.389093271188019,13.495683900275331,17.87834391280472,18.51158832548081,14.342134965870525,12.153887906719504,23.652635955186287,19.75925647755212,4.7235318135825155,13.2511522927433,10.545851325183936,7.491734513716477,8.733438394338648,10.313810513108388,12.496269156319505,9.89990117774999,12.232866512946885,11.605720082634846,11.762506330988327,11.718606157305658,21.602890458934713,22.7318667417678,23.478252324458857,60.25947921842972,60.73578357268432,49.20985104716365,59.137648384350705,55.27695244846264,51.24061501170124,51.378504934861645,52.657111760562564,70.77526349609046,63.07967015620391,68.90155248007758,53.522042637686624,53.2964091987244,53.21493033494321,50.85201514039207,59.225389785575345,58.94336358603236,57.50815158283382,57.50815158283382,59.225389785575345,59.14391562977722,56.49910405110968,60.20934178935314,61.237154188484574,46.71521561253677,47.97507676654296,41.05505151766888
1.0,0.0,1.0,1.0,1.0,21.551734072133783,13.2511522927433,11.39206601888944,26.86440610290184,26.86440610290184,13.891687292419936,10.20970588680928,10.20970588680928,10.451780662468636,16.066068777510033,16.066068777510033,14.125617672549053,14.125617672549053,17.45024619934158,15.19994822171957,23.0831063399513,18.627470230372424,22.459656879811043,53.95325182974157,53.95325182974157,54.09176486299712,60.22375630271917,59.45289035500633,59.45289035500633,55.95258472350032,55.41797068400046,56.109897351243774,51.98020424928718,58.89573241804246,54.30298120986715,56.23775285509798,56.016512593348644,56.016512593348644,59.45727741336906,56.9616376297442,60.073343889650204,60.073343889650204,60.073343889650204,59.45289035500633,52.187664340735566,56.81184717333814,56.9616376297442,45.328096859095595,45.328096859095595,43.70903665866535,13.389093271188019,13.495683900275331,17.87834391280472,18.51158832548081,14.342134965870525,12.153887906719504,23.652635955186287,19.75925647755212,4.7235318135825155,13.2511522927433,10.545851325183936,7.491734513716477,8.733438394338648,10.313810513108388,12.496269156319505,9.89990117774999,12.232866512946885,11.605720082634846,11.762506330988327,11.718606157305658,21.602890458934713,22.7318667417678,23.478252324458857,60.25947921842972,60.73578357268432,49.20985104716365,59.137648384350705,55.27695244846264,51.24061501170124,51.378504934861645,52.657111760562564,70.77526349609046,63.07967015620391,68.90155248007758,53.522042637686624,53.2964091987244,53.21493033494321,50.85201514039207,59.225389785575345,58.94336358603236,57.50815158283382,57.50815158283382,59.225389785575345,59.14391562977722,56.49910405110968,60.20934178935314,61.237154188484574,46.71521561253677,47.97507676654296,41.05505151766888
1.0,1.0,0.0,1.0,1.0,21.551734072133783,13.2511522927433,11.39206601888944,26.86440610290184,26.86440610290184,13.891687292419936,10.20970588680928,10.20970588680928,10.451780662468636,16.066068777510033,16.066068777510033,14.125617672549053,14.125617672549053,17.45024619934158,15.19994822171957,23.0831063399513,18.627470230372424,22.459656879811043,53.95325182974157,53.95325182974157,54.09176486299712,60.22375630271917,59.45289035500633,59.45289035500633,55.95258472350032,55.41797068400046,56.109897351243774,51.98020424928718,58.89573241804246,54.30298120986715,56.23775285509798,56.016512593348644,56.016512593348644,59.45727741336906,56.9616376297442,60.073343889650204,60.073343889650204,60.073343889650204,59.45289035500633,52.187664340735566,56.81184717333814,56.9616376297442,45.328096859095595,45.328096859095595,43.70903665866535,13.389093271188019,13.495683900275331,17.87834391280472,18.51158832548081,14.342134965870525,12.153887906719504,23.652635955186287,19.75925647755212,4.7235318135825155,13.2511522927433,10.545851325183936,7.491734513716477,8.733438394338648,10.313810513108388,12.496269156319505,9.89990117774999,12.232866512946885,11.605720082634846,11.762506330988327,11.718606157305658,21.602890458934713,22.7318667417678,23.478252324458857,60.25947921842972,60.73578357268432,49.20985104716365,59.137648384350705,55.27695244846264,51.24061501170124,51.378504934861645,52.657111760562564,70.77526349609046,63.07967015620391,68.90155248007758,53.522042637686624,53.2964091987244,53.21493033494321,50.85201514039207,59.225389785575345,58.94336358603236,57.50815158283382,57.50815158283382,59.225389785575345,59.14391562977722,56.49910405110968,60.20934178935314,61.237154188484574,46.71521561253677,47.97507676654296,41.05505151766888
1.0,1.0,1.0,0.0,1.0,21.551734072133783,13.2511522927433,11.39206601888944,26.86440610290184,26.86440610290184,13.891687292419936,10.20970588680928,10.20970588680928,10.451780662468636,16.066068777510033,16.066068777510033,14.125617672549053,14.125617672549053,17.45024619934158,15.19994822171957,23.0831063399513,18.627470230372424,22.459656879811043,53.95325182974157,53.95325182974157,54.09176486299712,60.22375630271917,59.45289035500633,59.45289035500633,55.95258472350032,55.41797068400046,56.109897351243774,51.98020424928718,58.89573241804246,54.30298120986715,56.23775285509798,56.016512593348644,56.016512593348644,59.45727741336906,56.9616376297442,60.073343889650204,60.073343889650204,60.073343889650204,59.45289035500633,52.187664340735566,56.81184717333814,56.9616376297442,45.328096859095595,45.328096859095595,43.70903665866535,13.389093271188019,13.495683900275331,17.87834391280472,18.51158832548081,14.342134965870525,12.153887906719504,23.652635955186287,19.75925647755212,4.7235318135825155,13.2511522927433,10.545851325183936,7.491734513716477,8.733438394338648,10.313810513108388,12.496269156319505,9.89990117774999,12.232866512946885,11.605720082634846,11.762506330988327,11.718606157305658,21.602890458934713,22.7318667417678,23.478252324458857,60.25947921842972,60.73578357268432,49.20985104716365,59.137648384350705,55.27695244846264,51.24061501170124,51.378504934861645,52.657111760562564,70.77526349609046,63.07967015620391,68.90155248007758,53.522042637686624,53.2964091987244,53.21493033494321,50.85201514039207,59.225389785575345,58.94336358603236,57.50815158283382,57.50815158283382,59.225389785575345,59.14391562977722,56.49910405110968,60.20934178935314,61.237154188484574,46.71521561253677,47.97507676654296,41.05505151766888
1.0,1.0,1.0,1.0,0.0,21.551734072133783,13.2511522927433,11.39206601888944,26.86440610290184,26.86440610290184,13.891687292419936,10.20970588680928,10.20970588680928,10.451780662468636,16.066068777510033,16.066068777510033,14.125617672549053,14.125617672549053,17.45024619934158,15.19994822171957,23.0831063399513,18.627470230372424,22.459656879811043,53.95325182974157,53.95325182974157,54.09176486299712,60.22375630271917,59.45289035500633,59.45289035500633,55.95258472350032,55.41797068400046,56.109897351243774,51.98020424928718,58.89573241804246,54.30298120986715,56.23775285509798,56.016512593348644,56.016512593348644,59.45727741336906,56.9616376297442,60.073343889650204,60.073343889650204,60.073343889650204,59.45289035500633,52.187664340735566,56.81184717333814,56.9616376297442,45.328096859095595,45.328096859095595,43.70903665866535,13.389093271188019,13.495683900275331,17.87834391280472,18.51158832548081,14.342134965870525,12.153887906719504,23.652635955186287,19.75925647755212,4.7235318135825155,13.2511522927433,10.545851325183936,7.491734513716477,8.733438394338648,10.313810513108388,12.496269156319505,9.89990117774999,12.232866512946885,11.605720082634846,11.762506330988327,11.718606157305658,21.602890458934713,22.7318667417678,23.478252324458857,60.25947921842972,60.73578357268432,49.20985104716365,59.137648384350705,55.27695244846264,51.24061501170124,51.378504934861645,52.657111760562564,70.77526349609046,63.07967015620391,68.90155248007758,53.522042637686624,53.2964091987244,53.21493033494321,50.85201514039207,59.225389785575345,58.94336358603236,57.50815158283382,57.50815158283382,59.225389785575345,59.14391562977722,56.49910405110968,60.20934178935314,61.237154188484574,46.71521561253677,47.97507676654296,41.05505151766888
21.551734072133783,21.551734072133783,21.551734072133783,21.551734072133783,21.551734072133783,0.0,9.30058182660516,11.159668102257454,6.312672094631361,6.312672094631361,34.44342116475597,30.761439831888524,30.761439831888524,31.003514603150073,36.61780260100661,36.61780260100661,34.677351539840295,34.677351539840295,38.00197998947402,35.75168206519348,43.63483997607709,39.17920399073774,43.011390534422354,33.401518556663866,33.401518556663866,33.54003159544274,39.67202329771321,38.90115731505614,38.90115731505614,35.40085153189165,34.86623747024016,35.55816416620434,31.428470899485063,38.34399935318289,33.75124795076981,35.6860196754148,35.46477940440675,35.46477940440675,38.905544373616166,36.409904480675834,39.521610877782095,39.521610877782095,39.521610877782095,38.90115731505614,31.635930998829163,36.26011401789444,36.409904480675834,24.776363277488464,24.776363277488464,23.157303026905875,9.162640847899079,9.0560502185977,4.673390188125549,4.040145771380646,8.209599150927875,10.397846214078562,3.100901905165907,2.7924776102013906,17.828202287625334,9.30058182660516,31.097585264141767,28.04346850445438,29.28517236506491,30.86554445630299,33.0480030576982,30.45163512837848,32.78460041960592,32.15745400160806,32.314240246917066,32.27034007408915,42.154624138364944,43.28360038835205,44.02998594868294,39.707746215056666,40.184050591197455,28.658117595788912,38.5859153302709,34.72521922890395,30.68888163407925,30.82677156238757,32.10537843667173,50.22353102551065,42.527937285522114,48.349819906953144,32.97030934752926,32.74467589969942,32.663197032727766,30.300281748358156,38.673656735418874,38.391630523290885,36.95641845720444,36.95641845720444,38.673656735418874,38.59218257597741,35.947370882422966,39.65760878368866,40.68542123026583,26.163482075847945,27.423343272212,20.503317809001743
13.2511522927433,13.2511522927433,13.2511522927433,13.2511522927433,13.2511522927433,9.30058182660516,0.0,2.859086279196916,14.613253907648055,14.613253907648055,26.142839495678032,22.460858124971715,22.460858124971715,22.702932898565614,28.31722095664962,28.31722095664962,26.376769873337302,26.376769873337302,29.70139836177233,27.45110041077812,35.3342584235174,30.87862237776312,34.7108089729643,41.70210013497831,41.70210013497831,41.8406131718446,47.97260478216245,47.20173881184796,47.20173881184796,43.70143308189497,43.166819027962035,43.85874571391583,39.72905250425473,46.644580858755305,42.05182952424122,43.9866012212567,43.765360953479856,43.765360953479856,47.206125870338404,44.710486015815825,47.82219236465734,47.82219236465734,47.82219236465734,47.20173881184796,39.93651260088646,44.56069555526522,44.710486015815825,33.07694496059896,33.07694496059896,31.457884726552706,1.1379409789174195,1.244531608377216,5.627191641671051,6.260436058227402,2.0909826771537263,2.0972643894087333,11.401483727666267,7.508104218594414,9.527620487937925,1.0,22.797003560469566,19.742886772852472,20.984590644398086,22.56496275038653,24.74742137368454,22.151053418508674,24.484018732854462,23.856872308442284,24.013658555341113,23.969758382067106,33.85404256491455,34.98301883076138,35.72940440183798,48.008327698928476,48.48463206732396,36.95869923521797,46.886496832045275,43.02580078864376,38.98946324838592,39.12735317493184,40.405960032531254,58.524112318352515,50.8285187222806,56.650401236906916,41.27089093175132,41.04525748698464,40.963778621114386,38.60086336759286,46.974238235810255,46.69221202811727,45.256999984133245,45.256999984133245,46.974238235810255,46.8927640776531,44.24795242442395,47.958190268370764,48.986002698146464,34.46406374400321,35.72392492615382,28.803899533613453
11.39206601888944,11.39206601888944,11.39206601888944,11.39206601888944,11.39206601888944,11.159668102257454,2.859086279196916,0.0,16.47234017798825,16.47234017798825,24.28375324102577,20.601771863416978,20.601771863416978,20.843846637429888,26.4581347066056,26.4581347066056,24.517683619161858,24.517683619161858,27.842312114867518,25.59201415885117,33.47517219103676,29.01953613365401,32.851722738756926,43.56118634118428,43.56118634118428,43.69969937756306,49.831690964667686,49.06082499744675,49.06082499744675,45.56051928090629,45.0259052289304,45.71783191234668,41.58813871722846,48.50366704655862,43.91091572921316,45.84568741921423,45.624447152255556,45.624447152255556,49.065212055919716,46.569572211067296,49.681278547770134,49.681278547770134,49.681278547770134,49.06082499744675,41.795598813164084,46.4197817510803,46.569572211067296,34.93603119395939,34.93603119395939,33.31697096430817,2.9970272581027633,3.1036178875525233,7.486277919606793,8.119522335850498,3.9500689562154356,1.7618218898232931,13.260570001502055,9.367190495502795,7.668534211128221,2.859086279196916,20.937917299497986,17.883800506929663,19.12550438039417,20.705876489011388,22.888335116282995,20.29196715642485,22.624932474952217,21.997786049371236,22.15457229655918,22.11067212320402,31.994956328387115,33.123932597303956,33.870318170468536,49.86741388128913,50.343718247746466,38.81778545713742,48.74558301889462,44.88488699012429,40.84854946381145,40.98643938990378,42.265046243220304,60.38319845343751,52.68760489288492,58.50948738110401,43.129977139464565,42.90434369548029,42.822864829891515,40.4599495842881,48.83332442231238,48.55129821573312,47.1160861773123,47.1160861773123,48.83332442231238,48.75185026447766,46.1070386214096,49.81727645093431,50.84508887650804,36.32314997342177,37.583011151850975,30.662985778093653
26.86440610290184,26.86440610290184,26.86440610290184,26.86440610290184,26.86440610290184,6.312672094631361,14.613253907648055,16.47234017798825,0.0,1.0,39.756093103815694,36.07411180119408,36.07411180119408,36.31618657056655,41.930474520684456,41.930474520684456,39.990023476869,39.990023476869,43.31465189622593,41.064353992726936,48.947511825514155,44.491875886136626,48.32406239057529,28.08884656790466,28.08884656790466,28.2273596076809,34.359351358766006,33.58848536947118,33.58848536947118,30.08817955797957,29.553565492263115,30.245492193501594,26.115798897023534,33.03132740289012,28.4385759645378,30.373347703699352,30.152107430985392,30.152107430985392,33.59287242806857,31.097232514624967,34.208938937528394,34.208938937528394,34.208938937528394,33.58848536947118,26.323258997764015,30.94744205066099,31.097232514624967,19.463691235775787,19.463691235775787,17.84463097725983,14.475312929303055,14.368722300277563,9.986062278786024,9.352817862957092,13.522271234701737,15.7105182920865,4.211770190277514,8.105149703300466,23.14087433747976,14.613253907648055,36.41025723082037,33.35614049400872,34.59784434558769,36.17821642479785,38.3606750086017,35.764307100081226,38.09727237269292,37.47012595982711,37.62691220386193,37.58301203139137,47.46729600359598,48.596272241584096,49.3426577938155,34.39507427642056,34.8713786567389,23.345445575679314,33.273243382012986,29.412547249866215,25.376209626724446,25.514099555935026,26.792706438804867,44.91085919192578,37.21526537242345,43.03714805268267,27.657637355694863,27.43200390627387,27.35052503873067,24.987609738485386,33.36098478790251,33.078958573397635,31.643746495514357,31.643746495514357,33.36098478790251,33.2795106277724,30.634698912738003,34.34493684461601,35.37274930026416,20.85081004143637,22.1106712448351,15.190645747721977
26.86440610290184,26.86440610290184,26.86440610290184,26.86440610290184,26.86440610290184,6.312672094631361,14.613253907648055,16.47234017798825,1.0,0.0,39.756093103815694,36.07411180119408,36.07411180119408,36.31618657056655,41.930474520684456,41.930474520684456,39.990023476869,39.990023476869,43.31465189622593,41.064353992726936,48.947511825514155,44.491875886136626,48.32406239057529,28.08884656790466,28.08884656790466,28.2273596076809,34.359351358766006,33.58848536947118,33.58848536947118,30.08817955797957,29.553565492263115,30.245492193501594,26.115798897023534,33.03132740289012,28.4385759645378,30.373347703699352,30.152107430985392,30.152107430985392,33.59287242806857,31.097232514624967,34.208938937528394,34.208938937528394,34.208938937528394,33.58848536947118,26.323258997764015,30.94744205066099,31.097232514624967,19.463691235775787,19.463691235775787,17.84463097725983,14.475312929303055,14.368722300277563,9.986062278786024,9.352817862957092,13.522271234701737,15.7105182920865,4.211770190277514,8.105149703300466,23.14087433747976,14.613253907648055,36.41025723082037,33.35614049400872,34.59784434558769,36.17821642479785,38.3606750086017,35.764307100081226,38.09727237269292,37.47012595982711,37.62691220386193,37.58301203139137,47.46729600359598,48.596272241584096,49.3426577938155,34.39507427642056,34.8713786567389,23.345445575679314,33.273243382012986,29.412547249866215,25.376209626724446,25.514099555935026,26.792706438804867,44.91085919192578,37.21526537242345,43.03714805268267,27.657637355694863,27.43200390627387,27.35052503873067,24.987609738485386,33.36098478790251,33.078958573397635,31.643746495514357,31.643746495514357,33.36098478790251,33.2795106277724,30.634698912738003,34.34493684461601,35.37274930026416,20.85081004143637,22.1106712448351,15.190645747721977
13.891687292419936,13.891687292419936,13.891687292419936,13.891687292419936,13.891687292419936,34.44342116475597,26.142839495678032,24.28375324102577,39.756093103815694,39.756093103815694,0.0,4.6819814154459,4.6819814154459,4.439906639381267,3.1743814945874287,3.1743814945874287,1.233930381019418,1.233930381019418,4.558558923891073,2.3082609346857446,10.191419106345103,5.735782962149615,9.567969640670245,66.84493810613473,66.84493810613473,66.98345113457906,73.1154423499966,72.3445764316977,72.3445764316977,68.84427092935279,68.30965690894551,69.00158355144613,64.87189059298935,71.78741851577549,67.19466747409076,69.1294390506975,68.9081987969068,68.9081987969068,72.34896348989402,69.85332379910231,72.96502994269441,72.96502994269441,72.96502994269441,72.3445764316977,65.07935067746804,69.70353334815155,69.85332379910231,58.21978341287396,58.21978341287396,56.60072325964324,26.28078047261778,26.387371100534573,30.770031059201933,31.40327546316953,27.23382215659946,25.04557512123082,36.54432301351285,32.650943597398154,17.615219088040973,26.142839495678032,4.345835976499304,7.399952790756156,6.158248909652555,4.577876788976663,2.3954181407524793,4.991786124974287,2.6588207848766316,3.2859672168161707,3.129180968077188,3.173081141869235,8.711203212554734,9.840179505015868,10.586565094476882,73.15116526433562,73.62746960023094,62.101537481512715,72.02933447296995,68.16863867841585,64.13230138004425,64.27019129863498,65.54879808143043,83.66694910555515,75.97135609145833,81.793238172082,66.41372892898559,66.18809549777936,66.1066166367916,63.74370152155327,72.11707587088058,71.83504968197367,70.39983773217608,70.39983773217608,72.11707587088058,72.03560171815991,69.39079023727056,73.10102783718382,74.12884019656146,59.60690212465368,60.866763239841674,53.94673819269061
10.20970588680928,10.20970588680928,10.20970588680928,10.20970588680928,10.20970588680928,30.761439831888524,22.460858124971715,20.601771863416978,36.07411180119408,36.07411180119408,4.6819814154459,0.0,1.0,1.2420747761335644,6.85636290897967,6.85636290897967,4.9159117963895085,4.9159117963895085,8.240540337205225,5.990242349591413,13.873400512005526,9.41776437429759,13.249951047435763,63.1629570311091,63.1629570311091,63.301470061033235,69.43346134519228,68.66259541790441,68.66259541790441,65.16228987599952,64.62767584973136,65.3196024998266,61.189909497234396,68.10543749554745,63.512686402807674,65.44745800049013,65.22621774425758,65.22621774425758,68.66698247615162,66.17134275694198,69.28304893612834,69.28304893612834,69.28304893612834,68.66259541790441,61.39736958386197,66.02155230431886,66.17134275694198,54.5378022520444,54.5378022520444,52.91874208409788,22.598799102446534,22.705389730778958,27.08804970817338,27.72129411511132,23.55184079021155,21.363593746381007,32.86234169204336,28.968962255387837,13.933237690401006,22.460858124971715,1.3361454390396954,3.7179713767505094,2.476267494837095,1.1041046265000702,3.286563274957504,1.309804709630763,3.023160630847042,2.396014198893874,2.552800447642368,2.5089002738480684,12.39318462073419,13.522160911306777,14.268546499403659,69.46918425995028,69.94548860145257,58.41955635775467,68.34735345552946,64.48665761766374,60.450320276687435,60.58821019668849,61.86681699271358,79.98496823384392,72.28937512082763,78.11125727536722,62.731747849373754,62.50611441578021,62.42463555393246,60.06172041423897,68.43509485445355,68.15306866229372,66.71785669614938,66.71785669614938,68.43509485445355,68.35362070079175,65.70880918995832,69.41904683221051,70.44685920372632,55.92492097678126,57.18478210401724,50.26475699397292
10.20970588680928,10.20970588680928,10.20970588680928,10.20970588680928,10.20970588680928,30.761439831888524,22.460858124971715,20.601771863416978,36.07411180119408,36.07411180119408,4.6819814154459,1.0,0.0,1.2420747761335644,6.85636290897967,6.85636290897967,4.9159117963895085,4.9159117963895085,8.240540337205225,5.990242349591413,13.873400512005526,9.41776437429759,13.249951047435763,63.1629570311091,63.1629570311091,63.301470061033235,69.43346134519228,68.66259541790441,68.66259541790441,65.16228987599952,64.62767584973136,65.3196024998266,61.189909497234396,68.10543749554745,63.512686402807674,65.44745800049013,65.22621774425758,65.22621774425758,68.66698247615162,66.17134275694198,69.28304893612834,69.28304893612834,69.28304893612834,68.66259541790441,61.39736958386197,66.02155230431886,66.17134275694198,54.5378022520444,54.5378022520444,52.91874208409788,22.598799102446534,22.705389730778958,27.08804970817338,27.72129411511132,23.55184079021155,21.363593746381007,32.86234169204336,28.968962255387837,13.933237690401006,22.460858124971715,1.3361454390396954,3.7179713767505094,2.476267494837095,1.1041046265000702,3.286563274957504,1.309804709630763,3.023160630847042,2.396014198893874,2.552800447642368,2.5089002738480684,12.39318462073419,13.522160911306777,14.268546499403659,69.46918425995028,69.94548860145257,58.41955635775467,68.34735345552946,64.48665761766374,60.450320276687435,60.58821019668849,61.86681699271358,79.98496823384392,72.28937512082763,78.11125727536722,62.731747849373754,62.50611441578021,62.42463555393246,60.06172041423897,68.43509485445355,68.15306866229372,66.71785669614938,66.71785669614938,68.43509485445355,68.35362070079175,65.70880918995832,69.41904683221051,70.44685920372632,55.92492097678126,57.18478210401724,50.26475699397292
10.451780662468636,10.451780662468636,10.451780662468636,10.451780662468636,10.451780662468636,31.003514603150073,22.702932898565614,20.843846637429888,36.31618657056655,36.31618657056655,4.439906639381267,1.2420747761335644,1.2420747761335644,0.0,6.614288133025019,6.614288133025019,4.67383702033424,4.67383702033424,7.9984655613473645,5.748167573586789,13.631325736756324,9.175689598538442,13.00787627210223,63.405031786025226,63.405031786025226,63.54354481585466,69.67553609560906,68.90467016889774,68.90467016889774,65.40436462952822,64.86975060363538,65.56167725324424,61.431984253476465,68.3475122469534,63.754761157484296,65.68953275381733,65.46829249774117,65.46829249774117,68.90905722714167,66.41341750975366,69.5251236866581,69.5251236866581,69.5251236866581,68.90467016889774,61.63944433996664,66.26362705723771,66.41341750975366,54.77987701244032,54.77987701244032,53.16081684543099,22.840873876007837,22.94746450431493,27.330124480560176,27.963368887314676,23.793915563541955,21.605668520226782,33.10441646259487,29.211037027216925,14.17531246560603,22.702932898565614,1.094070662906303,3.960046152840266,2.718342270956848,1.1379701496335723,3.0444884988493843,1.5518794857633966,2.781085854733091,2.153939422769078,2.310725671519882,2.2668254977249083,12.151109845291655,13.280086136009546,14.026471724210086,69.71125901034019,70.18756335148275,58.66163111578596,68.58942820675665,64.72873237166621,60.69239503341543,60.830284953326355,62.108891748505606,80.2270429757079,72.53144986905109,78.35333201884,62.973822604583326,62.74818917114252,62.66671030934979,60.30379517121989,68.67716960561576,68.39514341366451,66.95993144856806,66.95993144856806,68.67716960561576,68.59569545201433,65.9508839431001,69.6611215826381,70.68893395337513,56.166995736351254,57.4268568628187,50.50683175677981
16.066068777510033,16.066068777510033,16.066068777510033,16.066068777510033,16.066068777510033,36.61780260100661,28.31722095664962,26.4581347066056,41.930474520684456,41.930474520684456,3.1743814945874287,6.85636290897967,6.85636290897967,6.614288133025019,0.0,1.0,2.9404511135901856,2.9404511135901856,2.3841774295442013,1.8661205599570323,8.017037614906181,3.5614014681545423,7.3935881487571224,69.01931938084559,69.01931938084559,69.15783240837636,75.28982358144411,74.5189576686742,74.5189576686742,71.01865219069296,70.4840381738998,71.17596481171744,67.04627188050644,73.96179975671143,69.3690487464914,71.30382031009827,71.0825800578129,71.0825800578129,74.52334472683923,72.02770505354378,75.13941117522536,75.13941117522536,75.13941117522536,74.5189576686742,67.25373196365675,71.87791460362351,72.02770505354378,60.39416474072426,60.39416474072426,58.775104596647196,28.455161933233917,28.561752560874755,32.94441250722875,33.577656909261016,29.408203614708622,27.21995658496334,38.71870444243127,34.82532503956104,19.78960056735846,28.31722095664962,6.520217470184248,9.5743342826616,8.332630402391565,6.752258282558433,4.56979963509654,7.166167618358944,4.833202279153402,5.460348710905423,5.303562462216924,5.347462635995077,6.536821720051793,7.66579801330513,8.412183603358134,75.32554649552547,75.80185082797334,64.27591878635972,74.20371571219053,70.34301994431871,66.30668267226228,66.44457258998067,67.72317936459748,85.84133025538553,78.14573730190749,83.96761933721433,68.58811020652821,68.36247677679638,68.28099791633981,65.91808281621954,74.29145710947755,74.00943092257235,72.57421898283896,72.57421898283896,74.29145710947755,74.20998295733594,71.56517149488684,75.27540906873524,76.3032214206506,61.78128344445522,63.041144552167786,56.121119544138395
16.066068777510033,16.066068777510033,16.066068777510033,16.066068777510033,16.066068777510033,36.61780260100661,28.31722095664962,26.4581347066056,41.930474520684456,41.930474520684456,3.1743814945874287,6.85636290897967,6.85636290897967,6.614288133025019,1.0,0.0,2.9404511135901856,2.9404511135901856,2.3841774295442013,1.8661205599570323,8.017037614906181,3.5614014681545423,7.3935881487571224,69.01931938084559,69.01931938084559,69.15783240837636,75.28982358144411,74.5189576686742,74.5189576686742,71.01865219069296,70.4840381738998,71.17596481171744,67.04627188050644,73.96179975671143,69.3690487464914,71.30382031009827,71.0825800578129,71.0825800578129,74.52334472683923,72.02770505354378,75.13941117522536,75.13941117522536,75.13941117522536,74.5189576686742,67.25373196365675,71.87791460362351,72.02770505354378,60.39416474072426,60.39416474072426,58.775104596647196,28.455161933233917,28.561752560874755,32.94441250722875,33.577656909261016,29.408203614708622,27.21995658496334,38.71870444243127,34.82532503956104,19.78960056735846,28.31722095664962,6.520217470184248,9.5743342826616,8.332630402391565,6.752258282558433,4.56979963509654,7.166167618358944,4.833202279153402,5.460348710905423,5.303562462216924,5.347462635995077,6.536821720051793,7.66579801330513,8.412183603358134,75.32554649552547,75.80185082797334,64.27591878635972,74.20371571219053,70.34301994431871,66.30668267226228,66.44457258998067,67.72317936459748,85.84133025538553,78.14573730190749,83.96761933721433,68.58811020652821,68.36247677679638,68.28099791633981,65.91808281621954,74.29145710947755,74.00943092257235,72.57421898283896,72.57421898283896,74.29145710947755,74.20998295733594,71.56517149488684,75.27540906873524,76.3032214206506,61.78128344445522,63.041144552167786,56.121119544138395
14.125617672549053,14.125617672549053,14.125617672549053,14.125617672549053,14.125617672549053,34.677351539840295,26.376769873337302,24.517683619161858,39.990023476869,39.990023476869,1.233930381019418,4.9159117963895085,4.9159117963895085,4.67383702033424,2.9404511135901856,2.9404511135901856,0.0,1.0,4.324628542933825,2.0743305536737138,9.95748872575815,5.501852581242221,9.33403926002592,67.07886846417027,67.07886846417027,67.2173814925177,73.3493727034416,72.57850678572967,72.57850678572967,69.07820128597021,68.54358726594633,69.23551390795018,65.10582095238252,72.02134887022774,67.42859783188132,69.36336940710919,69.14212915347818,69.14212915347818,72.58289384392268,70.08725415498783,73.19896029625444,73.19896029625444,73.19896029625444,72.57850678572967,65.3132810367204,69.93746370414642,70.08725415498783,58.453713776538535,58.453713776538535,56.834653624276086,26.514710850240217,26.62130147812841,31.003961435515738,31.637205839281574,27.467752533961892,25.27950549917593,36.77825338782977,32.88487397310027,17.84914946758702,26.376769873337302,4.57976635745575,7.6338831715522995,6.392179290525714,4.811807169924375,2.629348521759945,5.225716505905015,2.8927511658795444,3.5198975978053046,3.3631113490701545,3.4070115228611546,8.477272831838214,9.60624912439609,10.352634713928403,73.38509561775327,73.86139995328254,62.33546784274208,72.26326482724014,68.40256903551727,64.36623173993563,64.5041216584339,65.7827284403625,83.900879450327,76.20528644267335,82.02716851848098,66.64765928732139,66.42202585627147,66.34054699534003,63.977631881704056,72.35100622508456,72.06898003639014,70.63376808766067,70.63376808766067,72.35100622508456,72.26953207242536,69.62472059349294,73.33495819063984,74.36277054922515,59.84083248746646,61.10069360186307,54.18066855885033
14.125617672549053,14.125617672549053,14.125617672549053,14.125617672549053,14.125617672549053,34.677351539840295,26.376769873337302,24.517683619161858,39.990023476869,39.990023476869,1.233930381019418,4.9159117963895085,4.9159117963895085,4.67383702033424,2.9404511135901856,2.9404511135901856,1.0,0.0,4.324628542933825,2.0743305536737138,9.95748872575815,5.501852581242221,9.33403926002592,67.07886846417027,67.07886846417027,67.2173814925177,73.3493727034416,72.57850678572967,72.57850678572967,69.07820128597021,68.54358726594633,69.23551390795018,65.10582095238252,72.02134887022774,67.42859783188132,69.36336940710919,69.14212915347818,69.14212915347818,72.58289384392268,70.08725415498783,73.19896029625444,73.19896029625444,73.19896029625444,72.57850678572967,65.3132810367204,69.93746370414642,70.08725415498783,58.453713776538535,58.453713776538535,56.834653624276086,26.514710850240217,26.62130147812841,31.003961435515738,31.637205839281574,27.467752533961892,25.27950549917593,36.77825338782977,32.88487397310027,17.84914946758702,26.376769873337302,4.57976635745575,7.6338831715522995,6.392179290525714,4.811807169924375,2.629348521759945,5.225716505905015,2.8927511658795444,3.5198975978053046,3.3631113490701545,3.4070115228611546,8.477272831838214,9.60624912439609,10.352634713928403,73.38509561775327,73.86139995328254,62.33546784274208,72.26326482724014,68.40256903551727,64.36623173993563,64.5041216584339,65.7827284403625,83.900879450327,76.20528644267335,82.02716851848098,66.64765928732139,66.42202585627147,66.34054699534003,63.977631881704056,72.35100622508456,72.06898003639014,70.63376808766067,70.63376808766067,72.35100622508456,72.26953207242536,69.62472059349294,73.33495819063984,74.36277054922515,59.84083248746646,61.10069360186307,54.18066855885033
17.45024619934158,17.45024619934158,17.45024619934158,17.45024619934158,17.45024619934158,38.00197998947402,29.70139836177233,27.842312114867518,43.31465189622593,43.31465189622593,4.558558923891073,8.240540337205225,8.240540337205225,7.9984655613473645,2.3841774295442013,2.3841774295442013,4.324628542933825,4.324628542933825,0.0,3.250297989440645,6.632860186589958,2.1772240387040522,6.009410720208004,70.40349666289463,70.40349666289463,70.54200968982856,76.67400083525865,75.90313492609374,75.90313492609374,72.40282946400926,71.86821544957593,72.5601420843359,68.43044917092602,75.34597701671314,70.75322602703112,72.68799758214844,72.46675733084581,72.46675733084581,75.90752198423834,73.41188232235685,76.5235884297463,76.5235884297463,76.5235884297463,75.90313492609374,68.63790925320777,73.26209187310911,73.41188232235685,61.77834205755526,61.77834205755526,60.159281919484435,29.839339338115092,29.94592996556847,34.328589903599095,34.961834304329294,30.79238101788846,28.604133991965004,40.102881825998686,36.2095024319904,21.17377798510331,29.70139836177233,7.904394898543227,10.95851170954989,9.71680782994786,8.13643571082606,5.95397706409088,8.550345046455302,6.2173797080757645,6.844526139639033,6.687739891000017,6.73164006476447,5.15264429122199,6.281620584854729,7.028006175202014,76.70972374917206,77.18602807937263,65.66009608811777,75.58789297107346,71.7271972206143,67.69085996575622,67.82874988290405,69.10735665217304,87.22550745607656,79.52991454203888,85.35179654785365,69.97228749042765,69.74665406165934,69.66517520154993,67.302260111315,75.6756343679538,75.39360818235406,73.95839624918617,73.95839624918617,75.6756343679538,75.59416021618983,72.94934876577209,76.65958632261757,77.68739866966885,63.16546075600907,64.42532185882351,57.505296876463944
15.19994822171957,15.19994822171957,15.19994822171957,15.19994822171957,15.19994822171957,35.75168206519348,27.45110041077812,25.59201415885117,41.064353992726936,41.064353992726936,2.3082609346857446,5.990242349591413,5.990242349591413,5.748167573586789,1.8661205599570323,1.8661205599570323,2.0743305536737138,2.0743305536737138,3.250297989440645,0.0,8.883158173787683,4.427522027940821,8.259708707811644,68.15319891020332,68.15319891020332,68.2917119381015,74.42370312819452,73.65283721320262,73.65283721320262,70.1525317254275,69.61791770718112,70.30984434688173,66.18015140471283,73.09567929964851,68.50292827677823,70.43769984561261,70.21645959272199,70.21645959272199,73.65722427138024,71.16158459105196,74.27329072154038,74.27329072154038,74.27329072154038,73.65283721320262,66.38761148839757,71.01179414071743,71.16158459105196,59.52804424869539,59.52804424869539,57.90898410093097,27.589041387507514,27.695632015260983,32.078291966631326,32.7115363694506,28.542083070005074,26.353836037964143,37.852583909592255,33.959204501347266,18.923480013962177,27.45110041077812,5.654096910727216,8.708213723991136,7.46650984335746,5.886137723148406,3.7036790753273157,6.30004705903797,3.9670817194176857,4.594228151260365,4.437441902547766,4.481342076332571,7.402942279319448,8.531918572285967,9.27830416212216,74.4594260423794,74.93573037621262,63.40979830359259,73.337595255817,69.47689947721861,65.44056219457732,65.57845211264669,66.85705889055386,84.97520983491502,77.27961685709484,83.10149891060091,67.72198973474696,67.4963563044221,67.41487744375186,65.05196233754947,73.42533665335468,73.14331046564497,71.70809852186619,71.70809852186619,73.42533665335468,73.34386250098035,70.69905103111863,74.40928861544388,75.43710097035785,60.915162955667746,62.17502406639005,55.254999042601206
23.0831063399513,23.0831063399513,23.0831063399513,23.0831063399513,23.0831063399513,43.63483997607709,35.3342584235174,33.47517219103676,48.947511825514155,48.947511825514155,10.191419106345103,13.873400512005526,13.873400512005526,13.631325736756324,8.017037614906181,8.017037614906181,9.95748872575815,9.95748872575815,6.632860186589958,8.883158173787683,0.0,5.455636148548929,1.6234494667766124,76.03635618768705,76.03635618768705,76.17486921206915,82.30686023958893,81.53599434577812,81.53599434577812,78.03568895149031,77.5010749471345,78.1930015688376,74.06330873153239,80.97883644739983,76.38608554537102,78.320857064224,78.09961681711691,78.09961681711691,81.54038140383578,79.04474179061697,82.15644783708449,82.15644783708449,82.15644783708449,81.53599434577812,74.27076881009545,78.89495134423905,79.04474179061697,67.41120173154333,67.41120173154333,65.79214161935093,35.47219939875484,35.5787900253508,39.96144992562171,40.594694320491435,36.4252410707592,34.236994062329835,45.73574179079755,41.84236243630668,26.806638105778998,35.3342584235174,13.5372550741847,16.59137187649699,15.349668000714976,13.769295885889937,11.586837244048265,14.183205220454997,11.850239887506557,12.477386317745326,12.320600069446773,12.364500243116522,2.4802158961447724,1.3512396019696482,1.3951459889130329,82.34258315278709,82.81888747341982,71.29295569732324,81.22075239699281,77.36005672081885,73.32371953952969,73.46160945423327,74.74021620060513,92.85836663486185,85.16277388815233,90.98465576878534,75.60514702313257,75.37951359848552,75.29803473986111,72.93511969195052,81.30849379214034,81.02646761210332,79.59125570692672,79.59125570692672,81.30849379214034,81.22701964198548,78.58220824287527,82.29244572723634,83.32025805358163,68.79832040729134,70.05818148905539,63.13815661729733
18.627470230372424,18.627470230372424,18.627470230372424,18.627470230372424,18.627470230372424,39.17920399073774,30.87862237776312,29.01953613365401,44.491875886136626,44.491875886136626,5.735782962149615,9.41776437429759,9.41776437429759,9.175689598538442,3.5614014681545423,3.5614014681545423,5.501852581242221,5.501852581242221,2.1772240387040522,4.427522027940821,5.455636148548929,0.0,4.832186682011111,71.58072057145739,71.58072057145739,71.7192335978743,77.85122471938381,77.08035881333703,77.08035881333703,73.58005336500953,73.04543935261941,73.73736598473205,69.60767308674136,76.52320090619025,71.9304499342865,73.86522148205259,73.64398123160075,73.64398123160075,77.084745871464,74.58910621945886,77.70081231448238,77.70081231448238,77.70081231448238,77.08035881333703,69.81513316827035,74.43931577079329,74.58910621945886,62.95556599628348,62.95556599628348,61.33650586343048,31.0165633538911,31.12315398117783,35.505813911832846,36.13905831141279,31.969605032152984,29.781358009628093,41.280105822952784,37.38672643674506,22.351002012406376,30.87862237776312,9.081618935771822,12.13573574532092,10.894031866371089,9.313659747961257,7.131201101991892,9.727569083416812,7.394603745897725,8.021750177258005,7.8649639286716875,7.908864102421515,3.975420252844385,5.1043965467233665,5.850782137270398,77.88694763315193,78.36325196140896,66.83732001376384,76.7651168595827,72.90442112419417,68.86808388423633,69.00597380088955,70.28458056552373,88.40273129430652,80.70713841433331,86.52902039467133,71.14951140059325,70.92387797265971,70.84239911285107,68.47948403118346,76.85285825611123,76.57083207164087,75.13562014415403,75.13562014415403,76.85285825611123,76.771384104674,74.1265726646678,77.83681020680132,78.86462254964617,64.34268469015524,65.6025457887186,58.68252082865937
