1000.0,1.0,1.0,1.0,1.0,29.77242770098729,18.15161320984062,15.548892426445214,37.21016854406257,37.21016854406257,19.048362209387907,13.893588241532989,13.893588241532989,14.23249292745609,22.092496288514045,22.092496288514045,19.375864741568673,19.375864741568673,24.030344679078212,20.879927510407395,31.916348875931817,25.678458322521394,31.043519631735457,75.13455256163819,75.13455256163819,75.32847080819596,83.91325882380683,82.83404649700886,82.83404649700886,77.93361861290045,77.18515895760063,78.15385629174128,72.37228594900205,82.05402538525944,75.624173693814,78.33285399713716,78.02311763068809,78.02311763068809,82.84018837871669,79.34629268164187,83.70268144551028,83.70268144551028,83.70268144551028,82.83404649700886,72.66273007702978,79.13658604267339,79.34629268164187,63.059335602733825,63.059335602733825,60.792651322131476,18.344730579663224,18.49395746038546,24.629681477926606,25.51622365567313,19.678988952218734,16.615443069407306,32.7136903372608,27.262959068572968,6.212944539015521,18.15161320984062,14.36419185525751,10.088428319203066,11.82681375207411,14.039334718351743,17.094776818847304,13.459861648849985,16.72601311812564,15.848008115688783,16.067508863383654,16.006048620227922,29.844046642508598,31.424613438474918,32.4695532542424,83.96327090580161,84.63009700175805,68.49379146602911,82.39270773809099,76.98773342784767,71.33686101638173,71.52990690880631,73.31995646478758,98.68536889452663,87.91153821868548,96.06217347210863,74.53085969276127,74.21497287821416,74.10090246892048,70.7928211965489,82.51554569980549,82.1207090204453,80.11141221596733,80.11141221596733,82.51554569980549,82.4014818816881,78.69874567155354,83.89307850509438,85.33201586387841,65.00130185755147,66.76510747316014,57.07707212473643
1.0,1000.0,1.0,1.0,1.0,29.77242770098729,18.15161320984062,15.548892426445214,37.21016854406257,37.21016854406257,19.048362209387907,13.893588241532989,13.893588241532989,14.23249292745609,22.092496288514045,22.092496288514045,19.375864741568673,19.375864741568673,24.030344679078212,20.879927510407395,31.916348875931817,25.678458322521394,31.043519631735457,75.13455256163819,75.13455256163819,75.32847080819596,83.91325882380683,82.83404649700886,82.83404649700886,77.93361861290045,77.18515895760063,78.15385629174128,72.37228594900205,82.05402538525944,75.624173693814,78.33285399713716,78.02311763068809,78.02311763068809,82.84018837871669,79.34629268164187,83.70268144551028,83.70268144551028,83.70268144551028,82.83404649700886,72.66273007702978,79.13658604267339,79.34629268164187,63.059335602733825,63.059335602733825,60.792651322131476,18.344730579663224,18.49395746038546,24.629681477926606,25.51622365567313,19.678988952218734,16.615443069407306,32.7136903372608,27.262959068572968,6.212944539015521,18.15161320984062,14.36419185525751,10.088428319203066,11.82681375207411,14.039334718351743,17.094776818847304,13.459861648849985,16.72601311812564,15.848008115688783,16.067508863383654,16.006048620227922,29.844046642508598,31.424613438474918,32.4695532542424,83.96327090580161,84.63009700175805,68.49379146602911,82.39270773809099,76.98773342784767,71.33686101638173,71.52990690880631,73.31995646478758,98.68536889452663,87.91153821868548,96.06217347210863,74.53085969276127,74.21497287821416,74.10090246892048,70.7928211965489,82.51554569980549,82.1207090204453,80.11141221596733,80.11141221596733,82.51554569980549,82.4014818816881,78.69874567155354,83.89307850509438,85.33201586387841,65.00130185755147,66.76510747316014,57.07707212473643
1.0,1.0,1000.0,1.0,1.0,29.77242770098729,18.15161320984062,15.548892426445214,37.21016854406257,37.21016854406257,19.048362209387907,13.893588241532989,13.893588241532989,14.23249292745609,22.092496288514045,22.092496288514045,19.375864741568673,19.375864741568673,24.030344679078212,20.879927510407395,31.916348875931817,25.678458322521394,31.043519631735457,75.13455256163819,75.13455256163819,75.32847080819596,83.91325882380683,82.83404649700886,82.83404649700886,77.93361861290045,77.18515895760063,78.15385629174128,72.37228594900205,82.05402538525944,75.624173693814,78.33285399713716,78.02311763068809,78.02311763068809,82.84018837871669,79.34629268164187,83.70268144551028,83.70268144551028,83.70268144551028,82.83404649700886,72.66273007702978,79.13658604267339,79.34629268164187,63.059335602733825,63.059335602733825,60.792651322131476,18.344730579663224,18.49395746038546,24.629681477926606,25.51622365567313,19.678988952218734,16.615443069407306,32.7136903372608,27.262959068572968,6.212944539015521,18.15161320984062,14.36419185525751,10.088428319203066,11.82681375207411,14.039334718351743,17.094776818847304,13.459861648849985,16.72601311812564,15.848008115688783,16.067508863383654,16.006048620227922,29.844046642508598,31.424613438474918,32.4695532542424,83.96327090580161,84.63009700175805,68.49379146602911,82.39270773809099,76.98773342784767,71.33686101638173,71.52990690880631,73.31995646478758,98.68536889452663,87.91153821868548,96.06217347210863,74.53085969276127,74.21497287821416,74.10090246892048,70.7928211965489,82.51554569980549,82.1207090204453,80.11141221596733,80.11141221596733,82.51554569980549,82.4014818816881,78.69874567155354,83.89307850509438,85.33201586387841,65.00130185755147,66.76510747316014,57.07707212473643
1.0,1.0,1.0,1000.0,1.0,29.77242770098729,18.15161320984062,15.548892426445214,37.21016854406257,37.21016854406257,19.048362209387907,13.893588241532989,13.893588241532989,14.23249292745609,22.092496288514045,22.092496288514045,19.375864741568673,19.375864741568673,24.030344679078212,20.879927510407395,31.916348875931817,25.678458322521394,31.043519631735457,75.13455256163819,75.13455256163819,75.32847080819596,83.91325882380683,82.83404649700886,82.83404649700886,77.93361861290045,77.18515895760063,78.15385629174128,72.37228594900205,82.05402538525944,75.624173693814,78.33285399713716,78.02311763068809,78.02311763068809,82.84018837871669,79.34629268164187,83.70268144551028,83.70268144551028,83.70268144551028,82.83404649700886,72.66273007702978,79.13658604267339,79.34629268164187,63.059335602733825,63.059335602733825,60.792651322131476,18.344730579663224,18.49395746038546,24.629681477926606,25.51622365567313,19.678988952218734,16.615443069407306,32.7136903372608,27.262959068572968,6.212944539015521,18.15161320984062,14.36419185525751,10.088428319203066,11.82681375207411,14.039334718351743,17.094776818847304,13.459861648849985,16.72601311812564,15.848008115688783,16.067508863383654,16.006048620227922,29.844046642508598,31.424613438474918,32.4695532542424,83.96327090580161,84.63009700175805,68.49379146602911,82.39270773809099,76.98773342784767,71.33686101638173,71.52990690880631,73.31995646478758,98.68536889452663,87.91153821868548,96.06217347210863,74.53085969276127,74.21497287821416,74.10090246892048,70.7928211965489,82.51554569980549,82.1207090204453,80.11141221596733,80.11141221596733,82.51554569980549,82.4014818816881,78.69874567155354,83.89307850509438,85.33201586387841,65.00130185755147,66.76510747316014,57.07707212473643
1.0,1.0,1.0,1.0,1000.0,29.77242770098729,18.15161320984062,15.548892426445214,37.21016854406257,37.21016854406257,19.048362209387907,13.893588241532989,13.893588241532989,14.23249292745609,22.092496288514045,22.092496288514045,19.375864741568673,19.375864741568673,24.030344679078212,20.879927510407395,31.916348875931817,25.678458322521394,31.043519631735457,75.13455256163819,75.13455256163819,75.32847080819596,83.91325882380683,82.83404649700886,82.83404649700886,77.93361861290045,77.18515895760063,78.15385629174128,72.37228594900205,82.05402538525944,75.624173693814,78.33285399713716,78.02311763068809,78.02311763068809,82.84018837871669,79.34629268164187,83.70268144551028,83.70268144551028,83.70268144551028,82.83404649700886,72.66273007702978,79.13658604267339,79.34629268164187,63.059335602733825,63.059335602733825,60.792651322131476,18.344730579663224,18.49395746038546,24.629681477926606,25.51622365567313,19.678988952218734,16.615443069407306,32.7136903372608,27.262959068572968,6.212944539015521,18.15161320984062,14.36419185525751,10.088428319203066,11.82681375207411,14.039334718351743,17.094776818847304,13.459861648849985,16.72601311812564,15.848008115688783,16.067508863383654,16.006048620227922,29.844046642508598,31.424613438474918,32.4695532542424,83.96327090580161,84.63009700175805,68.49379146602911,82.39270773809099,76.98773342784767,71.33686101638173,71.52990690880631,73.31995646478758,98.68536889452663,87.91153821868548,96.06217347210863,74.53085969276127,74.21497287821416,74.10090246892048,70.7928211965489,82.51554569980549,82.1207090204453,80.11141221596733,80.11141221596733,82.51554569980549,82.4014818816881,78.69874567155354,83.89307850509438,85.33201586387841,65.00130185755147,66.76510747316014,57.07707212473643
29.77242770098729,29.77242770098729,29.77242770098729,29.77242770098729,29.77242770098729,1000.0,12.620814557247222,15.223535343160433,8.437740932483905,8.437740932483905,47.82078963065835,42.66601576464394,42.66601576464394,43.0049204444101,50.86492364140924,50.86492364140924,48.14829215577641,48.14829215577641,52.802771985263625,49.65235489127086,60.688775966507926,54.45088558703283,59.815946748191294,46.36212597932941,46.36212597932941,46.55604423361983,55.1408326167985,54.06162024107859,54.06162024107859,49.161192144648304,48.412732458336215,49.381429832686074,43.59985925927909,53.281599094456034,46.85174713107774,49.560427545580716,49.25069116616944,49.25069116616944,54.06776212306263,50.57386627294616,54.93025522889493,54.93025522889493,54.93025522889493,54.06162024107859,43.89030339836083,50.36415962505221,50.57386627294616,34.28690858848385,34.28690858848385,32.02022423766822,12.427697187058708,12.278470306036782,6.142746263375768,5.256204079932904,11.093438811299025,14.156984699709986,3.94126266723227,3.509468654281947,24.55948320267547,12.620814557247222,43.136619369798474,38.86085590623613,40.59924131109087,42.81176223882419,45.867204280777486,42.23228917972987,45.49844058744829,44.62043560225127,44.83993634568389,44.7784761037248,58.616473793710924,60.197040543692864,61.24198032815612,55.19084470107932,55.857670827676436,39.721364634104475,53.62028146237925,48.21530692046553,42.56443428771095,42.7574801873426,44.54752981134041,69.91294343571491,59.13911219973095,67.2897478697344,45.75843308654096,45.44254625957919,45.328475845818865,42.02039444770142,53.74311942958642,53.34828273260724,51.33898584008622,51.33898584008622,53.74311942958642,53.629055606368375,49.92631923539215,55.12065229716411,56.55958972237216,36.22887490618712,37.9926805810968,28.304644932602436
18.15161320984062,18.15161320984062,18.15161320984062,18.15161320984062,18.15161320984062,12.620814557247222,1000.0,3.6027207908756815,20.058555470707276,20.058555470707276,36.199975293949244,31.0452013749604,31.0452013749604,31.384106057991858,39.24410933930947,39.24410933930947,36.527477822672225,36.527477822672225,41.18195770648126,38.031540575089366,49.06796179292435,42.830071328868364,48.19513256215002,57.982940188969636,57.982940188969636,58.176858440582436,66.76164669502742,65.68243433658715,65.68243433658715,60.782006314652946,60.033546639146856,61.00224399948216,55.22067350595662,64.90241320225743,58.472561333937705,61.18124170975937,60.8715053348718,60.8715053348718,65.68857621847376,62.19468042214215,66.55106931052028,66.55106931052028,66.55106931052028,65.68243433658715,55.511117641241036,61.98497377737131,62.19468042214215,45.90772294483853,45.90772294483853,43.64103861717379,1.1931173704843872,1.3423442517281023,7.478068298339472,8.364610481518362,2.527375748015216,2.5361701451722265,15.562077218732774,10.111345906032177,12.938668683113095,1.0,31.51580498465739,27.24004148199346,28.978426902157317,31.190947850541143,34.24638992315835,30.61147478591214,33.87762622599624,32.9996212318192,33.219121977477556,33.15766173489395,46.995659590880365,48.576226363065935,49.621166162573175,66.81165877849986,67.47848489425354,51.342178929305156,65.24109556486339,59.83612110410126,54.18524854774027,54.378294444904576,56.168344045543755,81.53375724569352,70.75992621119283,78.91056173166967,57.379247304451845,57.0633604817785,56.949290069560135,53.641208714630004,65.36393353013436,64.96909683936417,62.959799977786545,62.959799977786545,65.36393353013436,65.24986970871434,61.54713339419352,66.74146637571907,68.18040377740505,47.849689241604494,49.613494896615336,39.92545934705883
15.548892426445214,15.548892426445214,15.548892426445214,15.548892426445214,15.548892426445214,15.223535343160433,3.6027207908756815,1000.0,22.661276249183548,22.661276249183548,33.59725453743607,28.44248060878377,28.44248060878377,28.781385292401843,36.64138858924784,36.64138858924784,33.9247570668266,33.9247570668266,38.57923696081453,35.42881982239164,46.46524106745146,40.22735058711561,45.59241183425969,60.58566087765799,60.58566087765799,60.779579128588274,69.36436735053476,68.28515499642545,68.28515499642545,63.384726993268806,62.63626732050255,63.60496467728535,57.82339420411984,67.50513386518207,61.07528202089841,63.78396238689991,63.47422601315777,63.47422601315777,68.2912968782876,64.79740109549422,69.15378996687818,69.15378996687818,69.15378996687818,68.28515499642545,58.113838338429716,64.58769445151242,64.79740109549422,48.51044367154314,48.51044367154314,46.24375935003143,3.7958381613438688,3.9450650425735323,10.08078908744951,10.967331270190696,5.1300965387016095,2.066550645752611,18.164798002102877,12.714066693703913,10.335947895579508,3.6027207908756815,28.91308421929718,24.63732070970153,26.37570613255183,28.58822708461594,31.643669162796197,28.008754018994786,31.2749054649331,30.39690046911973,30.61640121518285,30.554940972485625,44.39293885974196,45.97350563622554,47.018445438655945,69.41437943380478,70.08120554684506,53.94489963999238,67.84381622645246,62.43884178617401,56.78796924933604,56.981015145865285,58.77106474050842,84.13647783481251,73.36264685003889,81.5132823335456,59.981967995250386,59.66608117367241,59.552010761848116,56.24392941800333,67.96665419123732,67.57181750202636,65.56252064823721,65.56252064823721,67.96665419123732,67.85259037026873,64.14985406997343,69.34418703130802,70.78312442711126,50.45240996279048,52.216215612591355,42.52818008933111
37.21016854406257,37.21016854406257,37.21016854406257,37.21016854406257,37.21016854406257,8.437740932483905,20.058555470707276,22.661276249183548,1000.0,1.0,55.25853034534197,50.103756521671706,50.103756521671706,50.44266119879317,58.30266432895824,58.30266432895824,55.586032867616595,55.586032867616595,60.240512654716305,57.09009558981771,68.12651655571982,61.888626240591265,67.2536873468054,38.92438519506653,38.92438519506653,39.11830345075326,47.703091902272405,46.623879517259645,46.623879517259645,41.723451381171394,40.97499168916836,41.94368907090223,36.16211845583294,45.84385836404616,39.41400635035291,42.122686785179084,41.812950403379546,41.812950403379546,46.63002139929599,43.136125520474955,47.49251451253975,47.49251451253975,47.49251451253975,46.623879517259645,36.45256259686962,42.92641887092538,43.136125520474955,26.8491677300861,26.8491677300861,24.58248336816376,19.865438101024274,19.716211220388587,13.580487190300435,12.693945008139929,18.53117972858243,21.5947256089211,5.49647826638852,10.947209584620653,31.997224072471667,20.058555470707276,50.574360123148516,46.29859669161221,48.03698208382276,50.249502994717,53.30494501204239,49.67002994011371,52.93618132177008,52.05817634375795,52.277677085406694,52.21621684394791,66.05421440503437,67.63478113821772,68.67972091134169,47.75310398698878,48.419930119434454,32.28362380595104,46.182540734818176,40.7775661498127,35.12669347741422,35.31973937830904,37.109789014326815,62.475202868696094,51.70137152139283,59.85200727375573,38.32069229797281,38.00480546878342,37.89073505422294,34.58265363387954,46.305378703063504,45.910542002756685,43.9012450937201,43.9012450937201,46.305378703063504,46.191314878881364,42.48857847783321,47.68291158246241,49.121849020369815,28.791134058010922,30.554939742769132,20.866904046810763
37.21016854406257,37.21016854406257,37.21016854406257,37.21016854406257,37.21016854406257,8.437740932483905,20.058555470707276,22.661276249183548,1.0,1000.0,55.25853034534197,50.103756521671706,50.103756521671706,50.44266119879317,58.30266432895824,58.30266432895824,55.586032867616595,55.586032867616595,60.240512654716305,57.09009558981771,68.12651655571982,61.888626240591265,67.2536873468054,38.92438519506653,38.92438519506653,39.11830345075326,47.703091902272405,46.623879517259645,46.623879517259645,41.723451381171394,40.97499168916836,41.94368907090223,36.16211845583294,45.84385836404616,39.41400635035291,42.122686785179084,41.812950403379546,41.812950403379546,46.63002139929599,43.136125520474955,47.49251451253975,47.49251451253975,47.49251451253975,46.623879517259645,36.45256259686962,42.92641887092538,43.136125520474955,26.8491677300861,26.8491677300861,24.58248336816376,19.865438101024274,19.716211220388587,13.580487190300435,12.693945008139929,18.53117972858243,21.5947256089211,5.49647826638852,10.947209584620653,31.997224072471667,20.058555470707276,50.574360123148516,46.29859669161221,48.03698208382276,50.249502994717,53.30494501204239,49.67002994011371,52.93618132177008,52.05817634375795,52.277677085406694,52.21621684394791,66.05421440503437,67.63478113821772,68.67972091134169,47.75310398698878,48.419930119434454,32.28362380595104,46.182540734818176,40.7775661498127,35.12669347741422,35.31973937830904,37.109789014326815,62.475202868696094,51.70137152139283,59.85200727375573,38.32069229797281,38.00480546878342,37.89073505422294,34.58265363387954,46.305378703063504,45.910542002756685,43.9012450937201,43.9012450937201,46.305378703063504,46.191314878881364,42.48857847783321,47.68291158246241,49.121849020369815,28.791134058010922,30.554939742769132,20.866904046810763
19.048362209387907,19.048362209387907,19.048362209387907,19.048362209387907,19.048362209387907,47.82078963065835,36.199975293949244,33.59725453743607,55.25853034534197,55.25853034534197,1000.0,6.15477398162426,6.15477398162426,5.815869295133773,4.0441340924224,4.0441340924224,1.3275025334271853,1.3275025334271853,5.981982493447501,2.831565308560042,13.867986748883142,7.630096147009459,12.995157496938344,93.18291334858863,93.18291334858863,93.37683158841068,101.96161928999523,100.88240700437676,100.88240700437676,95.98197930109389,95.23351967252373,96.20221697202459,90.42064683018509,100.10238592208567,93.67253446372706,96.38121467097648,96.07147831566952,96.07147831566952,100.88854888585162,97.39465331874322,101.75104191977218,101.75104191977218,101.75104191977218,100.88240700437676,90.71109094845524,97.18494668741218,97.39465331874322,81.10769677802354,81.10769677802354,78.84101256350053,36.393092661664895,36.5423195407484,42.67804348288271,43.564585648437344,37.727351019239244,34.66380516972314,50.76205221891799,45.31132103635742,24.26130672325736,36.199975293949244,5.684170367099026,9.959933907058618,8.221548473513575,6.009027504567328,2.9535853970534705,6.5885005749640015,3.322349098827284,4.200354103542638,3.9808533553080627,4.0423135986169285,11.795684497576627,13.376251307022214,14.421191132267634,102.01163137006986,102.67845744032331,86.5421524741178,100.44106826215791,95.03609414978219,89.38522193206195,89.57826781808897,91.3683173140026,116.73372874777719,105.95989852804166,114.11053344091479,92.57922050057984,92.2633336968911,92.14926329150823,88.84118213017456,100.56390621923282,100.16906955476314,98.15977282504649,98.15977282504649,100.56390621923282,100.44984240542388,96.74710633217879,101.94143897205736,103.38037627518605,83.04966297451514,84.81346853577834,75.12543346976685
13.893588241532989,13.893588241532989,13.893588241532989,13.893588241532989,13.893588241532989,42.66601576464394,31.0452013749604,28.44248060878377,50.103756521671706,50.103756521671706,6.15477398162426,1000.0,1.0,1.3389046865869902,9.198908072571538,9.198908072571538,6.482276514945312,6.482276514945312,11.136756472087313,7.986339289427978,19.022760716807735,12.784870124016624,18.14993146641007,88.02813984355272,88.02813984355272,88.22205808544652,96.8068458832692,95.72763358506617,95.72763358506617,90.82720582639931,90.07874618962391,91.04744349975722,85.26587329612813,94.94761249376643,88.51776096393074,91.22644120068617,90.91670484196062,90.91670484196062,95.73377546661226,92.23987985971877,96.59626851057966,96.59626851057966,96.59626851057966,95.72763358506617,85.55631741740676,92.03017322604639,92.23987985971877,75.95292315286216,75.95292315286216,73.68623891773701,31.238318743425143,31.387545623090535,37.523269591442734,38.409811761155844,32.572577106296166,29.509031244933407,45.6072783688607,40.15654715754297,19.106532766561408,31.0452013749604,1.4706036146555737,4.805159927450713,3.0667744927719327,1.1457464771000985,4.201188584940506,1.433726593483068,3.8324248831858587,2.9544198784514233,3.173920626699315,3.1124603833872952,16.950458469027865,18.53102527582949,19.575965099165117,96.8568579639304,97.52368404203361,81.38737890085653,95.28629483774122,89.88132066472923,84.23044838736242,84.42349427536388,86.213543789799,111.57895552738148,100.80512516915869,108.9557601855141,87.42444698912324,87.10856018209229,86.99448977550544,83.68640857993456,95.40913279623496,95.0142961272112,93.00499937460913,93.00499937460913,95.40913279623496,95.29506898110846,91.59233286594164,96.7866655650947,98.22560288521683,77.89488936749376,79.65869494562413,69.97065979156207
13.893588241532989,13.893588241532989,13.893588241532989,13.893588241532989,13.893588241532989,42.66601576464394,31.0452013749604,28.44248060878377,50.103756521671706,50.103756521671706,6.15477398162426,1.0,1000.0,1.3389046865869902,9.198908072571538,9.198908072571538,6.482276514945312,6.482276514945312,11.136756472087313,7.986339289427978,19.022760716807735,12.784870124016624,18.14993146641007,88.02813984355272,88.02813984355272,88.22205808544652,96.8068458832692,95.72763358506617,95.72763358506617,90.82720582639931,90.07874618962391,91.04744349975722,85.26587329612813,94.94761249376643,88.51776096393074,91.22644120068617,90.91670484196062,90.91670484196062,95.73377546661226,92.23987985971877,96.59626851057966,96.59626851057966,96.59626851057966,95.72763358506617,85.55631741740676,92.03017322604639,92.23987985971877,75.95292315286216,75.95292315286216,73.68623891773701,31.238318743425143,31.387545623090535,37.523269591442734,38.409811761155844,32.572577106296166,29.509031244933407,45.6072783688607,40.15654715754297,19.106532766561408,31.0452013749604,1.4706036146555737,4.805159927450713,3.0667744927719327,1.1457464771000985,4.201188584940506,1.433726593483068,3.8324248831858587,2.9544198784514233,3.173920626699315,3.1124603833872952,16.950458469027865,18.53102527582949,19.575965099165117,96.8568579639304,97.52368404203361,81.38737890085653,95.28629483774122,89.88132066472923,84.23044838736242,84.42349427536388,86.213543789799,111.57895552738148,100.80512516915869,108.9557601855141,87.42444698912324,87.10856018209229,86.99448977550544,83.68640857993456,95.40913279623496,95.0142961272112,93.00499937460913,93.00499937460913,95.40913279623496,95.29506898110846,91.59233286594164,96.7866655650947,98.22560288521683,77.89488936749376,79.65869494562413,69.97065979156207
14.23249292745609,14.23249292745609,14.23249292745609,14.23249292745609,14.23249292745609,43.0049204444101,31.384106057991858,28.781385292401843,50.44266119879317,50.44266119879317,5.815869295133773,1.3389046865869902,1.3389046865869902,1000.0,8.860003386235027,8.860003386235027,6.143371828467935,6.143371828467935,10.79785178588631,7.647434603021505,18.683856031458852,12.445965437953816,17.81102678094312,88.36704450043531,88.36704450043531,88.56096274219652,97.14575053385268,96.06653823645682,96.06653823645682,91.16611048133949,90.41765084508954,91.38634815454193,85.60477795486705,95.28651714573476,88.85666562047801,91.56534585534426,91.25560949683764,91.25560949683764,96.07268011799833,92.57878451365512,96.93517316132133,96.93517316132133,96.93517316132133,96.06653823645682,85.8952220759533,92.36907788013279,92.57878451365512,76.29182781741645,76.29182781741645,74.02514358360338,31.57722342641097,31.726450306040903,37.862174272784245,38.74871644224055,32.91148178895874,29.847935928317494,45.946183047632815,40.4954518381037,19.44543745184844,31.384106057991858,1.1316989280688246,5.144064613976372,3.4056791793395873,1.1931582094870012,3.8622838983891374,1.7726312800687551,3.493520196626327,2.6155151918767094,2.8350159401278345,2.7735556968148716,16.61155378340832,18.192120590413364,19.23706041389412,97.19576261447624,97.86258869207585,81.72628356210033,95.62519948945932,90.2202253203327,84.5693530467816,84.76239893465689,86.55244844790785,111.91786016599106,101.14402981667152,109.294664826376,87.76335164641665,87.44746483959952,87.33339443308971,84.02531323970784,95.74803744786206,95.3532007791303,93.34390402799526,93.34390402799526,95.74803744786206,95.63397363282006,91.9312375203401,97.12557021569336,98.56450753472517,78.23379403089174,79.99759960794617,70.30956445949172
22.092496288514045,22.092496288514045,22.092496288514045,22.092496288514045,22.092496288514045,50.86492364140924,39.24410933930947,36.64138858924784,58.30266432895824,58.30266432895824,4.0441340924224,9.198908072571538,9.198908072571538,8.860003386235027,1000.0,1.0,3.7166315590262595,3.7166315590262595,2.9378484013618813,2.212568783939845,10.823852660868654,4.585962055416358,9.951023408259971,96.22704713318382,96.22704713318382,96.42096537172691,105.00575301402174,103.92654073614386,103.92654073614386,99.02611306697014,98.27765344345971,99.2463507364044,93.46478063270901,103.146519659396,96.71666824508797,99.42534843413759,99.11561208093806,99.11561208093806,103.93268261757493,100.4387870749613,104.79517564531551,104.79517564531551,104.79517564531551,103.92654073614386,93.75522474911945,100.22908044507291,100.4387870749613,84.15183063701396,84.15183063701396,81.88514643530607,39.43722670652748,39.58645358522466,45.72217751012025,46.608719672965414,40.77148506059207,37.707939218948674,53.80618621940377,48.355455055385455,27.30544079430184,39.24410933930947,8.728304458257947,13.004067995726238,11.26568256334819,9.053161595581805,5.9977194891351555,9.632634665702522,6.366483190814762,7.244488195267592,7.024987447103694,7.086447690393109,8.751550408072509,10.33211721862718,11.377057044701386,105.05576509373564,105.72259115916268,89.58628630090361,103.48520199706672,98.08022792204619,92.4293557411672,92.62240162597293,94.41245111043646,119.77786235753973,109.00403222267049,117.15466707210005,95.6233542891395,95.30746748751493,95.19339708287572,91.88531594270735,103.60803995326856,103.21320329160129,101.20390657597453,101.20390657597453,103.60803995326856,103.49397614027032,99.79124009284156,104.98557269622934,106.42450998891086,86.09379682223731,87.8576023730349,78.16956736179374
22.092496288514045,22.092496288514045,22.092496288514045,22.092496288514045,22.092496288514045,50.86492364140924,39.24410933930947,36.64138858924784,58.30266432895824,58.30266432895824,4.0441340924224,9.198908072571538,9.198908072571538,8.860003386235027,1.0,1000.0,3.7166315590262595,3.7166315590262595,2.9378484013618813,2.212568783939845,10.823852660868654,4.585962055416358,9.951023408259971,96.22704713318382,96.22704713318382,96.42096537172691,105.00575301402174,103.92654073614386,103.92654073614386,99.02611306697014,98.27765344345971,99.2463507364044,93.46478063270901,103.146519659396,96.71666824508797,99.42534843413759,99.11561208093806,99.11561208093806,103.93268261757493,100.4387870749613,104.79517564531551,104.79517564531551,104.79517564531551,103.92654073614386,93.75522474911945,100.22908044507291,100.4387870749613,84.15183063701396,84.15183063701396,81.88514643530607,39.43722670652748,39.58645358522466,45.72217751012025,46.608719672965414,40.77148506059207,37.707939218948674,53.80618621940377,48.355455055385455,27.30544079430184,39.24410933930947,8.728304458257947,13.004067995726238,11.26568256334819,9.053161595581805,5.9977194891351555,9.632634665702522,6.366483190814762,7.244488195267592,7.024987447103694,7.086447690393109,8.751550408072509,10.33211721862718,11.377057044701386,105.05576509373564,105.72259115916268,89.58628630090361,103.48520199706672,98.08022792204619,92.4293557411672,92.62240162597293,94.41245111043646,119.77786235753973,109.00403222267049,117.15466707210005,95.6233542891395,95.30746748751493,95.19339708287572,91.88531594270735,103.60803995326856,103.21320329160129,101.20390657597453,101.20390657597453,103.60803995326856,103.49397614027032,99.79124009284156,104.98557269622934,106.42450998891086,86.09379682223731,87.8576023730349,78.16956736179374
19.375864741568673,19.375864741568673,19.375864741568673,19.375864741568673,19.375864741568673,48.14829215577641,36.527477822672225,33.9247570668266,55.586032867616595,55.586032867616595,1.3275025334271853,6.482276514945312,6.482276514945312,6.143371828467935,3.7166315590262595,3.7166315590262595,1000.0,1.0,5.654479960107355,2.5040627751431987,13.540484216061408,7.302593613739109,12.667654964036284,93.51041584983835,93.51041584983835,93.70433408952478,102.28912178481824,101.20990950002155,101.20990950002155,96.30948180035828,95.56102217232487,96.52971947113025,90.74814933333552,100.42988841831882,94.00003696463384,96.70871716995288,96.39898081486945,96.39898081486945,101.21605138149174,97.72215581698296,102.07854441475621,102.07854441475621,102.07854441475621,101.20990950002155,91.03859345140856,97.512449185805,97.72215581698296,81.43519928715395,81.43519928715395,79.16851507398651,36.720595190336304,36.869822069379765,43.00554600972203,43.8920881749942,38.05485354754665,34.9913076988463,51.08955474296168,45.63882356234038,24.588809254621825,36.527477822672225,6.0116729004380485,10.287436440173218,8.549051006735999,6.336530037894124,3.2810879304639227,6.916003108267019,3.649851632231362,4.527856636927426,4.308355888698216,4.3698161320056155,11.468181964573498,13.048748774154525,14.093688599499762,102.33913386485457,103.00595993459555,86.86965497983891,100.76857075813619,95.36359664972417,89.71272443590988,89.90577032180747,91.6958198165075,117.06123123045778,106.2874010197427,114.43803592587335,92.90672300224993,92.59083619878005,92.47676579347605,89.16868463438567,100.89140871511837,100.4965720509462,98.48727532272493,98.48727532272493,100.89140871511837,100.7773449013955,97.0746088308901,102.26894146689578,103.7078787689152,83.37716548245304,85.14097104260829,75.45293598239046
19.375864741568673,19.375864741568673,19.375864741568673,19.375864741568673,19.375864741568673,48.14829215577641,36.527477822672225,33.9247570668266,55.586032867616595,55.586032867616595,1.3275025334271853,6.482276514945312,6.482276514945312,6.143371828467935,3.7166315590262595,3.7166315590262595,1.0,1000.0,5.654479960107355,2.5040627751431987,13.540484216061408,7.302593613739109,12.667654964036284,93.51041584983835,93.51041584983835,93.70433408952478,102.28912178481824,101.20990950002155,101.20990950002155,96.30948180035828,95.56102217232487,96.52971947113025,90.74814933333552,100.42988841831882,94.00003696463384,96.70871716995288,96.39898081486945,96.39898081486945,101.21605138149174,97.72215581698296,102.07854441475621,102.07854441475621,102.07854441475621,101.20990950002155,91.03859345140856,97.512449185805,97.72215581698296,81.43519928715395,81.43519928715395,79.16851507398651,36.720595190336304,36.869822069379765,43.00554600972203,43.8920881749942,38.05485354754665,34.9913076988463,51.08955474296168,45.63882356234038,24.588809254621825,36.527477822672225,6.0116729004380485,10.287436440173218,8.549051006735999,6.336530037894124,3.2810879304639227,6.916003108267019,3.649851632231362,4.527856636927426,4.308355888698216,4.3698161320056155,11.468181964573498,13.048748774154525,14.093688599499762,102.33913386485457,103.00595993459555,86.86965497983891,100.76857075813619,95.36359664972417,89.71272443590988,89.90577032180747,91.6958198165075,117.06123123045778,106.2874010197427,114.43803592587335,92.90672300224993,92.59083619878005,92.47676579347605,89.16868463438567,100.89140871511837,100.4965720509462,98.48727532272493,98.48727532272493,100.89140871511837,100.7773449013955,97.0746088308901,102.26894146689578,103.7078787689152,83.37716548245304,85.14097104260829,75.45293598239046
24.030344679078212,24.030344679078212,24.030344679078212,24.030344679078212,24.030344679078212,52.802771985263625,41.18195770648126,38.57923696081453,60.240512654716305,60.240512654716305,5.981982493447501,11.136756472087313,11.136756472087313,10.79785178588631,2.9378484013618813,2.9378484013618813,5.654479960107355,5.654479960107355,1000.0,4.150417185216903,8.88600426122594,2.6481136541856727,8.013175008291205,98.16489532805248,98.16489532805248,98.35881356575999,106.9436011693621,105.86438889653122,105.86438889653122,100.96396124961295,100.2155016294063,101.18419891807025,95.40262883929643,105.08436782339837,98.65451643784355,101.3631966150078,101.05346026318414,101.05346026318414,105.87053077793367,102.37663525129958,106.73302380164482,106.73302380164482,106.73302380164482,105.86438889653122,95.69307295449086,102.16692862235277,102.37663525129958,86.08967888057735,86.08967888057735,83.82299468727821,41.375075073361124,41.524301951795856,47.66002586503873,48.54656802606101,42.709333425043845,39.645787588751006,55.74403455639816,50.29330340478656,29.243289179144632,41.18195770648126,10.666152857960517,14.941916393369844,13.203530961927004,10.991009995156483,7.935567889727232,11.570483065037422,8.30433159130607,9.182336595494647,8.962835847400022,9.024296090670257,6.813702007710787,8.39426881879662,9.439208645282818,106.99361324884089,107.66043931112168,91.52413452336486,105.42305015950282,100.01807610886,94.3672039520587,94.56024983606567,96.35029931304226,121.71571043850717,110.94188035885442,119.09251516699508,97.56120248659869,97.24531568632308,97.1312452821699,93.82316415584098,105.54588811513531,105.15105145529569,103.14175474886062,103.14175474886062,105.54588811513531,105.43182430266577,101.72908827208092,106.9234208516646,108.36235813753638,88.03164505841269,89.79545060235291,80.10741562704952
20.879927510407395,20.879927510407395,20.879927510407395,20.879927510407395,20.879927510407395,49.65235489127086,38.031540575089366,35.42881982239164,57.09009558981771,57.09009558981771,2.831565308560042,7.986339289427978,7.986339289427978,7.647434603021505,2.212568783939845,2.212568783939845,2.5040627751431987,2.5040627751431987,4.150417185216903,1000.0,12.036421443302757,5.798530839117149,11.163592190936301,95.01447847428463,95.01447847428463,95.2083967133421,103.79318437947231,102.71397209848365,102.71397209848365,97.8135444155985,97.06508479005358,98.03378208563443,92.25221196659795,101.93395101950792,95.50409958748952,98.21277978385766,97.90304342981077,97.90304342981077,102.72011397993232,99.22621842747276,103.58260701015652,103.58260701015652,103.58260701015652,102.71397209848365,92.5426560837566,99.01651179700438,99.22621842747276,82.93926194817354,82.93926194817354,80.67257774130336,38.22465794251052,38.37388482136538,44.50960875328385,45.396150917230834,39.558916298007105,36.495370453149796,52.593617473429155,47.142886301886165,26.09287201954705,38.031540575089366,7.515735675018102,11.79149921358759,10.053113780700443,7.840592812407767,4.785150705458242,8.420065882653157,5.15391440718476,6.031919411764511,5.812418663566873,5.8738789068656,9.964119191047226,11.544686001200352,12.589625826971023,103.84319645933118,104.51002252669767,88.37371762502963,102.2726333581438,96.86765926810604,91.21678707240824,91.40983295770535,93.1998824467754,118.56529376888102,107.79146359993278,115.94209847484127,94.41078562864574,94.09489882619093,93.98082842125261,90.67274727256925,102.39547131469655,102.00063465190294,99.99133793061266,99.99133793061266,102.39547131469655,102.28140750137248,98.57867144356607,103.77300406162144,105.211941358501,84.88122813793485,86.64503369294607,76.95699865964167
31.916348875931817,31.916348875931817,31.916348875931817,31.916348875931817,31.916348875931817,60.688775966507926,49.06796179292435,46.46524106745146,68.12651655571982,68.12651655571982,13.867986748883142,19.022760716807735,19.022760716807735,18.683856031458852,10.823852660868654,10.823852660868654,13.540484216061408,13.540484216061408,8.88600426122594,12.036421443302757,1000.0,7.2378906079685,1.8728292534872573,106.05089866276185,106.05089866276185,106.24481689689682,114.8296043354245,113.75039208408936,113.75039208408936,108.84996453208643,108.10150492598831,109.07020219637263,103.28863222414533,112.97037102635977,106.54051976351943,109.2491998899136,108.93946354396367,108.93946354396367,113.7565339653701,110.26263850686375,114.61902697191826,114.61902697191826,114.61902697191826,113.75039208408936,103.57907633413362,110.05293188193467,110.26263850686375,93.97568242416064,93.97568242416064,91.7089982670913,49.26107915825677,49.41030603549111,55.54602989587039,56.43257204868801,50.59533749906288,47.531791687261766,63.63003850711656,58.17930741082935,37.1292933480906,49.06796179292435,18.55215710385858,22.827920627095782,21.089535201000967,18.877014240245913,15.82157214166757,19.456487308636994,16.190335842509178,17.068340844843455,16.848840097225484,16.91030034036313,3.0723022546026812,1.4917354427575074,1.5532043844782457,114.87961641390191,115.54644246278775,99.41013797625251,113.30905335578991,107.90407940914638,102.25320735534154,102.44625323592656,104.23630268084716,129.6017132888066,118.82788344341327,126.97851807629948,105.44720583238559,105.1313190378797,105.01724863580556,101.70916756873072,113.43189130899647,113.03705465694466,111.02775798969738,111.02775798969738,113.43189130899647,113.31782749877966,109.61509154002538,114.80942401813088,116.24836127501426,95.91764857020787,97.68145408467754,87.99341926421624
25.678458322521394,25.678458322521394,25.678458322521394,25.678458322521394,25.678458322521394,54.45088558703283,42.830071328868364,40.22735058711561,61.888626240591265,61.888626240591265,7.630096147009459,12.784870124016624,12.784870124016624,12.445965437953816,4.585962055416358,4.585962055416358,7.302593613739109,7.302593613739109,2.6481136541856727,5.798530839117149,7.2378906079685,1000.0,6.365061354815555,99.81300880004034,99.81300880004034,100.006927037024,108.59171460713733,107.51250233867184,107.51250233867184,102.61207471101334,101.86361509366718,102.83231237862486,97.0507423214379,106.73248126866635,100.3026299080011,103.01131007487362,102.70157372424104,102.70157372424104,107.5186442200496,104.0247487072424,108.38113724027531,108.38113724027531,108.38113724027531,107.51250233867184,97.34118643557848,103.81504207911061,104.0247487072424,87.73779239479687,87.73779239479687,85.47110820880268,43.023188695447544,43.17241557364896,49.30813947656598,50.1946816359779,44.357447045014176,41.29390121347932,57.3921481521339,51.94141701144307,30.89140281736892,42.830071328868364,12.314266510080552,16.590030043449286,14.851644612919523,12.639123647145759,9.583681542788648,13.218596716783535,9.952445244256815,10.830450248161206,10.61094950014036,10.672409743390121,5.165588353982139,6.746155165412713,7.791094992178557,108.6417266864127,109.30855274597256,93.17224801926938,107.07116360341577,101.66618957387183,96.01531743793085,96.20836332124536,97.9984127917332,123.36382381202912,112.58999378006665,120.74062855253986,99.20931596083055,98.8934291617236,98.77935875799149,95.47127764365683,107.19400155855573,106.79916490029721,104.78986820181562,104.78986820181562,107.19400155855573,107.07993774654358,103.3772017305349,108.57153428952182,110.01047156950465,89.67975856621733,91.44356410420605,81.75552916012312
