0.0,2.8833278927426713,4.904609663715347,27.666069302579118,27.787201820120206,27.925042010209395,27.666069302579118,27.925042010209395,27.666069302579118,22.924606975873893,22.027739815369895,19.63742906212964,19.040047199739465,19.040047199739465,19.040047199739465,19.040047199739465,19.040047199739465,19.040047199739465,19.038793945597074,4.303275231515394,4.309543457544297,1.807731130083531,2.2025949521038157,2.093970264714383,8.283296446568304,8.283296446568304,8.283296446568304,8.283296446568304,8.283296446568304,8.283296446568304,8.283296446568304,8.283296446568304,8.283296446568304,8.283296446568304,8.283296446568304,2.3200118811805392,2.103581234537999,2.2025949521038157,6.834849499957778,6.6743771720585565,6.999501185897895,9.086516537678389,7.361819869658172,6.690675125691414,3.350012960636557,9.11522560829984,8.601314937670594,8.601314937670594,6.940479667856656,1.9911604008995025,3.486739229729577,8.576667103854636,10.745643039172716,13.768239449136347,27.699902889410264,15.527085670026057,31.676277034121654,30.903575362565462,31.676277034121654,11.014990324830979,12.966090292375851,15.146911338823486,22.54530921099027,23.65228468584213,15.72343861815608,14.574556987701875,23.673170843384852,23.313928045257285,22.804301304609265,3.2569074144088446,5.321242664802705,3.265264921437109,10.971320784707409,9.107412087314607,14.08491379852806,12.250175401639407,12.943943134644279,12.220920290347072,12.003596997991162,12.998274639636568,11.288942576361773,11.288942576361773,11.288942576361773,12.998274639636568,12.998274639636568,14.168502140860632,10.791614371419415,9.165919660240856,6.9635619516136105,7.6948872955687655,9.567115793648915,9.989210098225152,7.8536904031544905,10.298468964138495,9.57356381975231,8.219848667387048,6.882819757005918,7.175297063763427,6.636302198879733,1.2837273993882168
2.8833278927426713,0.0,3.021281771733882,29.549397121643153,29.670529638534518,29.808369827880888,29.549397121643153,29.808369827880888,29.549397121643153,24.8079348181262,23.911067661516498,21.52075691789167,20.923375057731196,20.923375057731196,20.923375057731196,20.923375057731196,20.923375057731196,20.923375057731196,20.922121803593413,2.4199473392251445,2.426215565256907,2.0755967627429635,4.085922844488348,1.7893576281116013,6.399968557617491,6.399968557617491,6.399968557617491,6.399968557617491,6.399968557617491,6.399968557617491,6.399968557617491,6.399968557617491,6.399968557617491,6.399968557617491,6.399968557617491,4.203339773515142,1.7797466582876937,4.085922844488348,4.951521609438403,4.791049281390267,5.116173295536469,7.203188649771538,5.478491979662706,4.807347235038025,5.233340852419041,10.998553493206037,10.484642823450725,10.484642823450725,8.823807556111701,3.8744882933672318,1.6034113371316532,6.693339215270725,8.862315153815437,15.651567323802094,29.58323070829311,17.410413539728168,33.55960483015633,32.78690316328132,33.55960483015633,12.898318206062692,14.849418169106205,17.030239209649306,24.42863705490861,25.535612524819843,17.60676648726684,16.45788486016658,25.556498682267062,25.197255885770428,24.687629147393025,1.373579521747508,3.4379147730760593,1.381937028777899,9.087992899737856,7.224084199436569,12.20158591990752,10.36684751905202,11.060615253480789,10.33759240770168,10.120269114919987,11.114946758588495,9.405614691954503,9.405614691954503,9.405614691954503,11.114946758588495,11.114946758588495,12.285174262436227,8.908286486140323,7.282591772443952,5.080234061217262,5.811559405932017,7.683787906426098,8.105882211639766,5.970362513696297,8.415141078041902,11.456891703835952,10.103176553782838,8.766147645337302,9.058624951700944,8.51963008753024,3.1670552920715584
4.904609663715347,3.021281771733882,0.0,31.570678802762327,31.6918113189074,31.829651507400833,31.570678802762327,31.829651507400833,31.570678802762327,26.82921652604858,25.93234937398093,23.54203864164198,22.944656784115978,22.944656784115978,22.944656784115978,22.944656784115978,22.944656784115978,22.944656784115978,22.943403529983645,1.601334432597091,1.5950662065647934,4.096878534132074,6.107204614590587,3.8106393996158556,4.378686787770655,4.378686787770655,4.378686787770655,4.378686787770655,4.378686787770655,4.378686787770655,4.378686787770655,4.378686787770655,4.378686787770655,4.378686787770655,4.378686787770655,6.224621543516337,3.8010284297955197,6.107204614590587,2.930239838493544,2.769767510350446,3.094891524694579,5.181906880720487,3.457210209067138,2.7860654640076046,7.254622621411366,13.019835252488196,12.50592458387855,12.50592458387855,10.845089319867002,5.8957700636442185,2.417870434690766,4.672057445699092,6.841033386830132,17.67284907021303,31.604512389204142,19.431695280100993,35.58088648493839,34.80818482339978,35.58088648493839,14.919599960633361,16.870699918057195,19.051520951381804,26.449918764772367,27.55689422893366,19.62804822692563,18.47916660388935,27.57778038626992,27.218537591668905,26.70891085593443,2.6477022500500755,1.416633001447267,2.639344743020779,7.066711133077459,5.202802430408002,10.180304158802755,8.3455657544314,9.039333490107955,8.316310643030622,8.098987349879803,9.093664995317575,7.384332925769203,7.384332925769203,7.384332925769203,9.093664995317575,9.093664995317575,10.263892501508177,6.887004719220351,5.261310003478812,3.058952290352421,3.790277635586825,5.662506137914939,6.084600443642127,3.949080743478554,6.3938593104438635,13.478173462050052,12.124458315025596,10.787429409197841,11.07990671502055,10.540911851832917,5.188337062865882
27.666069302579118,29.549397121643153,31.570678802762327,0.0,1.1211325220017538,1.258972717216079,1.0,1.258972717216079,1.0,5.741462469535145,6.6383296500917846,9.028640445964477,9.626022316554527,9.626022316554527,9.626022316554527,9.626022316554527,9.626022316554527,9.626022316554527,9.627275570713088,30.96934439845955,30.97561262420275,28.473800402249836,26.463474392451747,28.76003952567536,34.94936541052495,34.94936541052495,34.94936541052495,34.94936541052495,34.94936541052495,34.94936541052495,34.94936541052495,34.94936541052495,34.94936541052495,34.94936541052495,34.94936541052495,26.346057467261595,28.769650495118857,26.463474392451747,33.5009185427891,33.34044622327628,33.66557022005141,35.75258545543038,34.02788888445562,33.35674417606061,25.316056420283324,19.550843900802455,20.064754563700806,20.064754563700806,21.725589803582658,26.674908936562407,30.152808432974215,35.24273605113921,37.411711855917744,14.897830097004226,1.0338335880729832,13.13898387464302,5.0102079007304186,4.237506193122487,5.0102079007304186,17.651079206565903,15.699979251616224,13.519158206883219,6.120760243169526,5.013784741669789,12.942630925821634,14.091512558818462,4.992898583591847,5.352141390757826,5.861768143618227,29.922976627542713,31.98731178394238,29.931334134213902,37.637389587133825,35.77348100384113,40.75098238925028,38.91624412030597,39.61001180600866,38.8869890109795,38.669665733154176,39.66434330724122,37.95501135840097,37.95501135840097,37.95501135840097,39.66434330724122,39.66434330724122,40.83457072553568,37.457683185258944,35.831988573329724,33.62963098766757,34.360956292257015,36.233184682913915,36.6552789619518,34.519759391101964,36.964537808845634,19.092505695634294,20.446220827777907,21.783249713258527,21.490772412366432,22.029767266259064,27.38234191345069
27.787201820120206,29.670529638534518,31.6918113189074,1.1211325220017538,0.0,1.1378401952145487,1.1211325220017538,1.1378401952145487,1.1211325220017538,5.8625949913925695,6.759462171890273,9.149772967556778,9.74715483808415,9.74715483808415,9.74715483808415,9.74715483808415,9.74715483808415,9.74715483808415,9.748408092242572,31.090476914831942,31.096745140572796,28.594932919517664,26.58460691038469,28.881172042844398,35.07049792530948,35.07049792530948,35.07049792530948,35.07049792530948,35.07049792530948,35.07049792530948,35.07049792530948,35.07049792530948,35.07049792530948,35.07049792530948,35.07049792530948,26.46718998523183,28.89078301228457,26.58460691038469,33.62205105817423,33.461578738726345,33.786702735369566,35.87371796987068,34.14902139962525,33.477876691504086,25.43718893857339,19.6719764206392,20.185887083416464,20.185887083416464,21.846722322884528,26.796041454427755,30.2739409496481,35.363868565798946,37.532844369621664,15.018962617787562,1.087298933928789,13.260116395713892,4.8890753788263925,4.116373671183947,4.8890753788263925,17.77221172682171,15.82111177225562,13.640290727895215,6.241892765003252,5.134917263567639,13.063763446922213,14.212645079738405,5.11403110549076,5.473273912637704,5.982900665468331,30.04410914429997,32.10844429992734,30.05246665096813,37.75852210073495,35.89461351827235,40.87211490136889,39.03737663331268,39.73114431868446,39.00812152400004,38.790798246277085,39.785475819890856,38.07614387185635,38.07614387185635,38.07614387185635,39.785475819890856,39.785475819890856,40.95570323761284,37.57881569894197,35.953121087735546,33.75076350300038,34.482088807288676,36.35431719714441,36.77641147599569,34.640891906067345,37.085670322751376,19.213638215576246,20.56735334740156,21.904382232545416,21.611904931728887,22.150899785481432,27.503474431085852
27.925042010209395,29.808369827880888,31.829651507400833,1.258972717216079,1.1378401952145487,0.0,1.258972717216079,1.0,1.258972717216079,6.000435186433907,6.897302366862889,9.287613162290356,9.884995032745298,9.884995032745298,9.884995032745298,9.884995032745298,9.884995032745298,9.884995032745298,9.886248286903564,31.228317103585148,31.23458532932331,28.7327731092944,26.722447100922,29.019012232508214,35.20833811224847,35.20833811224847,35.20833811224847,35.20833811224847,35.20833811224847,35.20833811224847,35.20833811224847,35.20833811224847,35.20833811224847,35.20833811224847,35.20833811224847,26.605030175811798,29.02862320194455,26.722447100922,33.75989124579932,33.59941892642563,33.92454292291815,36.01155815641644,34.28686158700415,33.61571687919585,25.575029129519205,19.809816613355654,20.32372727599418,20.32372727599418,21.984562514988315,26.933881644887755,30.411781138745877,35.50170875259536,37.67068455532643,15.156802811589765,1.2251391291431977,13.397956589846535,4.75123518371587,3.9785334760355813,4.75123518371587,17.91005192001854,15.95895196589255,13.778130921960152,6.379732960016922,5.272757458656321,13.201603641089019,14.350485273697542,5.251871300580689,5.6111141077053075,6.1207408605011135,30.181949333493037,32.24628448823778,30.190306840157742,37.896362286322336,36.03245370480777,41.00995508526353,39.17521681822131,39.86898450321523,39.14596170892445,38.928638431318376,39.92331600439175,38.21398405727731,38.21398405727731,38.21398405727731,39.92331600439175,39.92331600439175,41.09354342146015,37.7166558846229,36.09096127424196,33.888603690565695,34.619928994509934,36.492157383450554,36.914251662088695,34.77873209321291,37.22351050868665,19.351478408413282,20.705193539873882,22.042222424632048,21.74974512390206,22.288739977494195,27.641314621282607
27.666069302579118,29.549397121643153,31.570678802762327,1.0,1.1211325220017538,1.258972717216079,0.0,1.258972717216079,1.0,5.741462469535145,6.6383296500917846,9.028640445964477,9.626022316554527,9.626022316554527,9.626022316554527,9.626022316554527,9.626022316554527,9.626022316554527,9.627275570713088,30.96934439845955,30.97561262420275,28.473800402249836,26.463474392451747,28.76003952567536,34.94936541052495,34.94936541052495,34.94936541052495,34.94936541052495,34.94936541052495,34.94936541052495,34.94936541052495,34.94936541052495,34.94936541052495,34.94936541052495,34.94936541052495,26.346057467261595,28.769650495118857,26.463474392451747,33.5009185427891,33.34044622327628,33.66557022005141,35.75258545543038,34.02788888445562,33.35674417606061,25.316056420283324,19.550843900802455,20.064754563700806,20.064754563700806,21.725589803582658,26.674908936562407,30.152808432974215,35.24273605113921,37.411711855917744,14.897830097004226,1.0338335880729832,13.13898387464302,5.0102079007304186,4.237506193122487,5.0102079007304186,17.651079206565903,15.699979251616224,13.519158206883219,6.120760243169526,5.013784741669789,12.942630925821634,14.091512558818462,4.992898583591847,5.352141390757826,5.861768143618227,29.922976627542713,31.98731178394238,29.931334134213902,37.637389587133825,35.77348100384113,40.75098238925028,38.91624412030597,39.61001180600866,38.8869890109795,38.669665733154176,39.66434330724122,37.95501135840097,37.95501135840097,37.95501135840097,39.66434330724122,39.66434330724122,40.83457072553568,37.457683185258944,35.831988573329724,33.62963098766757,34.360956292257015,36.233184682913915,36.6552789619518,34.519759391101964,36.964537808845634,19.092505695634294,20.446220827777907,21.783249713258527,21.490772412366432,22.029767266259064,27.38234191345069
27.925042010209395,29.808369827880888,31.829651507400833,1.258972717216079,1.1378401952145487,1.0,1.258972717216079,0.0,1.258972717216079,6.000435186433907,6.897302366862889,9.287613162290356,9.884995032745298,9.884995032745298,9.884995032745298,9.884995032745298,9.884995032745298,9.884995032745298,9.886248286903564,31.228317103585148,31.23458532932331,28.7327731092944,26.722447100922,29.019012232508214,35.20833811224847,35.20833811224847,35.20833811224847,35.20833811224847,35.20833811224847,35.20833811224847,35.20833811224847,35.20833811224847,35.20833811224847,35.20833811224847,35.20833811224847,26.605030175811798,29.02862320194455,26.722447100922,33.75989124579932,33.59941892642563,33.92454292291815,36.01155815641644,34.28686158700415,33.61571687919585,25.575029129519205,19.809816613355654,20.32372727599418,20.32372727599418,21.984562514988315,26.933881644887755,30.411781138745877,35.50170875259536,37.67068455532643,15.156802811589765,1.2251391291431977,13.397956589846535,4.75123518371587,3.9785334760355813,4.75123518371587,17.91005192001854,15.95895196589255,13.778130921960152,6.379732960016922,5.272757458656321,13.201603641089019,14.350485273697542,5.251871300580689,5.6111141077053075,6.1207408605011135,30.181949333493037,32.24628448823778,30.190306840157742,37.896362286322336,36.03245370480777,41.00995508526353,39.17521681822131,39.86898450321523,39.14596170892445,38.928638431318376,39.92331600439175,38.21398405727731,38.21398405727731,38.21398405727731,39.92331600439175,39.92331600439175,41.09354342146015,37.7166558846229,36.09096127424196,33.888603690565695,34.619928994509934,36.492157383450554,36.914251662088695,34.77873209321291,37.22351050868665,19.351478408413282,20.705193539873882,22.042222424632048,21.74974512390206,22.288739977494195,27.641314621282607
27.666069302579118,29.549397121643153,31.570678802762327,1.0,1.1211325220017538,1.258972717216079,1.0,1.258972717216079,0.0,5.741462469535145,6.6383296500917846,9.028640445964477,9.626022316554527,9.626022316554527,9.626022316554527,9.626022316554527,9.626022316554527,9.626022316554527,9.627275570713088,30.96934439845955,30.97561262420275,28.473800402249836,26.463474392451747,28.76003952567536,34.94936541052495,34.94936541052495,34.94936541052495,34.94936541052495,34.94936541052495,34.94936541052495,34.94936541052495,34.94936541052495,34.94936541052495,34.94936541052495,34.94936541052495,26.346057467261595,28.769650495118857,26.463474392451747,33.5009185427891,33.34044622327628,33.66557022005141,35.75258545543038,34.02788888445562,33.35674417606061,25.316056420283324,19.550843900802455,20.064754563700806,20.064754563700806,21.725589803582658,26.674908936562407,30.152808432974215,35.24273605113921,37.411711855917744,14.897830097004226,1.0338335880729832,13.13898387464302,5.0102079007304186,4.237506193122487,5.0102079007304186,17.651079206565903,15.699979251616224,13.519158206883219,6.120760243169526,5.013784741669789,12.942630925821634,14.091512558818462,4.992898583591847,5.352141390757826,5.861768143618227,29.922976627542713,31.98731178394238,29.931334134213902,37.637389587133825,35.77348100384113,40.75098238925028,38.91624412030597,39.61001180600866,38.8869890109795,38.669665733154176,39.66434330724122,37.95501135840097,37.95501135840097,37.95501135840097,39.66434330724122,39.66434330724122,40.83457072553568,37.457683185258944,35.831988573329724,33.62963098766757,34.360956292257015,36.233184682913915,36.6552789619518,34.519759391101964,36.964537808845634,19.092505695634294,20.446220827777907,21.783249713258527,21.490772412366432,22.029767266259064,27.38234191345069
22.924606975873893,24.8079348181262,26.82921652604858,5.741462469535145,5.8625949913925695,6.000435186433907,5.741462469535145,6.000435186433907,5.741462469535145,0.0,1.8968671817949414,4.287177982890295,4.88455985522206,4.88455985522206,4.88455985522206,4.88455985522206,4.88455985522206,4.88455985522206,4.885813109384457,26.227882113564554,26.23415033939212,23.732338085278684,21.722012051841357,24.01857721222978,30.20790318304085,30.20790318304085,30.20790318304085,30.20790318304085,30.20790318304085,30.20790318304085,30.20790318304085,30.20790318304085,30.20790318304085,30.20790318304085,30.20790318304085,21.604595125331226,24.02818818179234,21.722012051841357,28.759456293522174,28.598983971658647,28.924107973209374,31.01112324046412,29.286426642995934,28.61528192468114,20.57459406706119,14.809381493908491,15.323292160934091,15.323292160934091,16.984127415033967,21.933446598345824,25.411346137251112,30.501273828190914,32.670249667798075,10.156367658601853,5.775296057568541,8.397521427081486,9.751670361662104,8.978968656325716,9.751670361662104,12.909616785532165,10.95851681789238,8.777695761173495,1.37929777411003,1.7276777285807083,8.201168477331317,9.350050116029731,1.7485638866753557,1.3893210791922934,1.1203056742263229,25.181514328830183,27.245849512999918,25.189871835609626,32.89592740276892,31.032018789204677,36.009520259205374,34.17478195768413,34.86854965551356,34.145526847851436,33.92820356627841,34.922881157705646,33.21354917936234,33.21354917936234,33.21354917936234,34.922881157705646,34.922881157705646,36.09310859701372,32.71622099790213,31.0905263596179,28.888168740295125,29.619494055801297,31.491722475587093,31.91381676142676,29.778297157051014,32.223075613358894,14.351043285167949,15.70475842815798,17.041787325227585,16.749310021725982,17.288304880459908,22.640879583401475
22.027739815369895,23.911067661516498,25.93234937398093,6.6383296500917846,6.759462171890273,6.897302366862889,6.6383296500917846,6.897302366862889,6.6383296500917846,1.8968671817949414,0.0,3.3903108014589782,3.987692673964179,3.987692673964179,3.987692673964179,3.987692673964179,3.987692673964179,3.987692673964179,3.988945928126975,25.33101496010643,25.337283185948323,22.835470926404977,20.825144889021214,23.121710053948195,29.311036039402808,29.311036039402808,29.311036039402808,29.311036039402808,29.311036039402808,29.311036039402808,29.311036039402808,29.311036039402808,29.311036039402808,29.311036039402808,29.311036039402808,20.707727962292065,23.13132102353076,20.825144889021214,27.862589146142092,27.70211682387583,28.027240826244977,30.11425609898409,28.389559496955002,27.718414776939117,19.677726902155147,13.912514320355866,14.426424988027938,14.426424988027938,16.087260244383458,21.036579435923258,24.514478981958067,29.604406685334222,31.773382530962888,9.259500480304487,6.672163238108856,7.500654247510973,10.64853753954404,9.875835834839124,10.64853753954404,12.012749609801093,10.061649640270485,7.8808285818539705,1.5175694076939994,2.624544910320918,7.3043012976364,8.453182937113247,2.6454310684132705,2.2861882609640523,1.7765615075729435,24.284647173031697,26.34898236191512,24.293004679829426,31.99906026658502,30.13515164778159,35.11265313248317,33.27791482527905,33.971682525221105,33.24865971535822,33.03133643313307,34.0260140275805,32.31668204410298,32.31668204410298,32.31668204410298,34.0260140275805,34.0260140275805,35.19624147055776,31.81935386119924,30.19365921835443,27.99130159323979,28.722626910619898,30.594855335426583,31.016949622442603,28.881430012283023,31.32620847524698,13.454176111059297,14.807891255747423,16.14492015465995,15.852442850741136,16.391437710250052,21.74401242233905
19.63742906212964,21.52075691789167,23.54203864164198,9.028640445964477,9.149772967556778,9.287613162290356,9.028640445964477,9.287613162290356,9.028640445964477,4.287177982890295,3.3903108014589782,0.0,1.59738187272524,1.59738187272524,1.59738187272524,1.59738187272524,1.59738187272524,1.59738187272524,1.5986351268885903,22.940704224305424,22.946972450182955,20.44516017718224,18.434834130095595,20.731399306187512,26.920725328160387,26.920725328160387,26.920725328160387,26.920725328160387,26.920725328160387,26.920725328160387,26.920725328160387,26.920725328160387,26.920725328160387,26.920725328160387,26.920725328160387,18.317417202830335,20.741010275819523,18.434834130095595,25.472278425513753,25.311806102239192,25.63693010665774,27.72394539316755,25.99924877968208,25.3281040554046,17.28741613813544,11.522203535628917,12.036114204815588,12.036114204815588,13.696949466509448,18.646268677971534,22.12416824159769,27.214095976055294,29.38307183685301,6.869189684818455,9.062474033924321,5.110343449344886,13.038848326662283,12.266146623953636,13.038848326662283,9.622438820038429,7.671338846259478,5.490517784202676,3.907880208967356,5.014855710975374,4.9139904992183645,6.062872140304075,5.035741869053141,4.676499061839775,4.1668723087286015,21.894336431417425,23.95867163202672,21.90269393826053,29.60874957411944,27.744840942108304,32.722342463972325,30.88760414236616,31.581371847657476,30.85834903222234,30.641025748347243,31.635703350440757,29.92637135397268,29.92637135397268,29.92637135397268,31.635703350440757,31.635703350440757,32.80593080272263,29.429043167423302,27.803348513082838,25.60099087342474,26.332316195502752,28.204544632931942,28.626638922912,26.491119298203262,28.935897777915695,11.06386532503626,12.417580473701285,13.754609376983435,13.462132072071256,14.00112693342711,19.35370166772551
19.040047199739465,20.923375057731196,22.944656784115978,9.626022316554527,9.74715483808415,9.884995032745298,9.626022316554527,9.884995032745298,9.626022316554527,4.88455985522206,3.987692673964179,1.59738187272524,0.0,1.0,1.0,1.0,1.0,1.0,1.0012532541633732,22.343322365969556,22.349590591855407,19.847778315721765,17.83745226639525,20.134017445066082,26.323343475595777,26.323343475595777,26.323343475595777,26.323343475595777,26.323343475595777,26.323343475595777,26.323343475595777,26.323343475595777,26.323343475595777,26.323343475595777,26.323343475595777,17.720035339006817,20.14362841470956,17.83745226639525,24.874896570736766,24.71442424722498,25.03954825212578,27.12656354188502,25.401866925695153,24.730722200414405,16.69003427326762,10.924821666116692,11.438732335634583,11.438732335634583,13.099567598509706,18.048886814495123,21.52678638219752,26.616714123954388,28.785689988343456,6.271807813045676,9.65985590449696,4.512961577064222,13.636230194695276,12.86352849255667,13.636230194695276,9.025056949442574,7.073956974781494,4.893135912015673,4.505262081378522,5.612237583129964,4.316608626892812,5.465490268274842,5.633123741202164,5.27388093408081,4.76425418108651,21.29695457172504,23.36128977507481,21.30531207857871,29.011367726000056,27.14745909085965,32.12496062155304,30.29022229651644,30.98399000308077,30.260967186319583,30.043643902052136,31.038321505964984,29.328989506407694,29.328989506407694,29.328989506407694,31.038321505964984,31.038321505964984,32.20854896046451,28.831661318992968,27.205966661929182,25.00360901883916,25.734934342023937,27.607162782435367,28.02925707311735,25.8937374449691,28.338515928642217,10.466483455242315,11.820198604776623,13.157227509027742,12.864750203894225,13.403745065662049,18.756319805018244
19.040047199739465,20.923375057731196,22.944656784115978,9.626022316554527,9.74715483808415,9.884995032745298,9.626022316554527,9.884995032745298,9.626022316554527,4.88455985522206,3.987692673964179,1.59738187272524,1.0,0.0,1.0,1.0,1.0,1.0,1.0012532541633732,22.343322365969556,22.349590591855407,19.847778315721765,17.83745226639525,20.134017445066082,26.323343475595777,26.323343475595777,26.323343475595777,26.323343475595777,26.323343475595777,26.323343475595777,26.323343475595777,26.323343475595777,26.323343475595777,26.323343475595777,26.323343475595777,17.720035339006817,20.14362841470956,17.83745226639525,24.874896570736766,24.71442424722498,25.03954825212578,27.12656354188502,25.401866925695153,24.730722200414405,16.69003427326762,10.924821666116692,11.438732335634583,11.438732335634583,13.099567598509706,18.048886814495123,21.52678638219752,26.616714123954388,28.785689988343456,6.271807813045676,9.65985590449696,4.512961577064222,13.636230194695276,12.86352849255667,13.636230194695276,9.025056949442574,7.073956974781494,4.893135912015673,4.505262081378522,5.612237583129964,4.316608626892812,5.465490268274842,5.633123741202164,5.27388093408081,4.76425418108651,21.29695457172504,23.36128977507481,21.30531207857871,29.011367726000056,27.14745909085965,32.12496062155304,30.29022229651644,30.98399000308077,30.260967186319583,30.043643902052136,31.038321505964984,29.328989506407694,29.328989506407694,29.328989506407694,31.038321505964984,31.038321505964984,32.20854896046451,28.831661318992968,27.205966661929182,25.00360901883916,25.734934342023937,27.607162782435367,28.02925707311735,25.8937374449691,28.338515928642217,10.466483455242315,11.820198604776623,13.157227509027742,12.864750203894225,13.403745065662049,18.756319805018244
19.040047199739465,20.923375057731196,22.944656784115978,9.626022316554527,9.74715483808415,9.884995032745298,9.626022316554527,9.884995032745298,9.626022316554527,4.88455985522206,3.987692673964179,1.59738187272524,1.0,1.0,0.0,1.0,1.0,1.0,1.0012532541633732,22.343322365969556,22.349590591855407,19.847778315721765,17.83745226639525,20.134017445066082,26.323343475595777,26.323343475595777,26.323343475595777,26.323343475595777,26.323343475595777,26.323343475595777,26.323343475595777,26.323343475595777,26.323343475595777,26.323343475595777,26.323343475595777,17.720035339006817,20.14362841470956,17.83745226639525,24.874896570736766,24.71442424722498,25.03954825212578,27.12656354188502,25.401866925695153,24.730722200414405,16.69003427326762,10.924821666116692,11.438732335634583,11.438732335634583,13.099567598509706,18.048886814495123,21.52678638219752,26.616714123954388,28.785689988343456,6.271807813045676,9.65985590449696,4.512961577064222,13.636230194695276,12.86352849255667,13.636230194695276,9.025056949442574,7.073956974781494,4.893135912015673,4.505262081378522,5.612237583129964,4.316608626892812,5.465490268274842,5.633123741202164,5.27388093408081,4.76425418108651,21.29695457172504,23.36128977507481,21.30531207857871,29.011367726000056,27.14745909085965,32.12496062155304,30.29022229651644,30.98399000308077,30.260967186319583,30.043643902052136,31.038321505964984,29.328989506407694,29.328989506407694,29.328989506407694,31.038321505964984,31.038321505964984,32.20854896046451,28.831661318992968,27.205966661929182,25.00360901883916,25.734934342023937,27.607162782435367,28.02925707311735,25.8937374449691,28.338515928642217,10.466483455242315,11.820198604776623,13.157227509027742,12.864750203894225,13.403745065662049,18.756319805018244
19.040047199739465,20.923375057731196,22.944656784115978,9.626022316554527,9.74715483808415,9.884995032745298,9.626022316554527,9.884995032745298,9.626022316554527,4.88455985522206,3.987692673964179,1.59738187272524,1.0,1.0,1.0,0.0,1.0,1.0,1.0012532541633732,22.343322365969556,22.349590591855407,19.847778315721765,17.83745226639525,20.134017445066082,26.323343475595777,26.323343475595777,26.323343475595777,26.323343475595777,26.323343475595777,26.323343475595777,26.323343475595777,26.323343475595777,26.323343475595777,26.323343475595777,26.323343475595777,17.720035339006817,20.14362841470956,17.83745226639525,24.874896570736766,24.71442424722498,25.03954825212578,27.12656354188502,25.401866925695153,24.730722200414405,16.69003427326762,10.924821666116692,11.438732335634583,11.438732335634583,13.099567598509706,18.048886814495123,21.52678638219752,26.616714123954388,28.785689988343456,6.271807813045676,9.65985590449696,4.512961577064222,13.636230194695276,12.86352849255667,13.636230194695276,9.025056949442574,7.073956974781494,4.893135912015673,4.505262081378522,5.612237583129964,4.316608626892812,5.465490268274842,5.633123741202164,5.27388093408081,4.76425418108651,21.29695457172504,23.36128977507481,21.30531207857871,29.011367726000056,27.14745909085965,32.12496062155304,30.29022229651644,30.98399000308077,30.260967186319583,30.043643902052136,31.038321505964984,29.328989506407694,29.328989506407694,29.328989506407694,31.038321505964984,31.038321505964984,32.20854896046451,28.831661318992968,27.205966661929182,25.00360901883916,25.734934342023937,27.607162782435367,28.02925707311735,25.8937374449691,28.338515928642217,10.466483455242315,11.820198604776623,13.157227509027742,12.864750203894225,13.403745065662049,18.756319805018244
19.040047199739465,20.923375057731196,22.944656784115978,9.626022316554527,9.74715483808415,9.884995032745298,9.626022316554527,9.884995032745298,9.626022316554527,4.88455985522206,3.987692673964179,1.59738187272524,1.0,1.0,1.0,1.0,0.0,1.0,1.0012532541633732,22.343322365969556,22.349590591855407,19.847778315721765,17.83745226639525,20.134017445066082,26.323343475595777,26.323343475595777,26.323343475595777,26.323343475595777,26.323343475595777,26.323343475595777,26.323343475595777,26.323343475595777,26.323343475595777,26.323343475595777,26.323343475595777,17.720035339006817,20.14362841470956,17.83745226639525,24.874896570736766,24.71442424722498,25.03954825212578,27.12656354188502,25.401866925695153,24.730722200414405,16.69003427326762,10.924821666116692,11.438732335634583,11.438732335634583,13.099567598509706,18.048886814495123,21.52678638219752,26.616714123954388,28.785689988343456,6.271807813045676,9.65985590449696,4.512961577064222,13.636230194695276,12.86352849255667,13.636230194695276,9.025056949442574,7.073956974781494,4.893135912015673,4.505262081378522,5.612237583129964,4.316608626892812,5.465490268274842,5.633123741202164,5.27388093408081,4.76425418108651,21.29695457172504,23.36128977507481,21.30531207857871,29.011367726000056,27.14745909085965,32.12496062155304,30.29022229651644,30.98399000308077,30.260967186319583,30.043643902052136,31.038321505964984,29.328989506407694,29.328989506407694,29.328989506407694,31.038321505964984,31.038321505964984,32.20854896046451,28.831661318992968,27.205966661929182,25.00360901883916,25.734934342023937,27.607162782435367,28.02925707311735,25.8937374449691,28.338515928642217,10.466483455242315,11.820198604776623,13.157227509027742,12.864750203894225,13.403745065662049,18.756319805018244
19.040047199739465,20.923375057731196,22.944656784115978,9.626022316554527,9.74715483808415,9.884995032745298,9.626022316554527,9.884995032745298,9.626022316554527,4.88455985522206,3.987692673964179,1.59738187272524,1.0,1.0,1.0,1.0,1.0,0.0,1.0012532541633732,22.343322365969556,22.349590591855407,19.847778315721765,17.83745226639525,20.134017445066082,26.323343475595777,26.323343475595777,26.323343475595777,26.323343475595777,26.323343475595777,26.323343475595777,26.323343475595777,26.323343475595777,26.323343475595777,26.323343475595777,26.323343475595777,17.720035339006817,20.14362841470956,17.83745226639525,24.874896570736766,24.71442424722498,25.03954825212578,27.12656354188502,25.401866925695153,24.730722200414405,16.69003427326762,10.924821666116692,11.438732335634583,11.438732335634583,13.099567598509706,18.048886814495123,21.52678638219752,26.616714123954388,28.785689988343456,6.271807813045676,9.65985590449696,4.512961577064222,13.636230194695276,12.86352849255667,13.636230194695276,9.025056949442574,7.073956974781494,4.893135912015673,4.505262081378522,5.612237583129964,4.316608626892812,5.465490268274842,5.633123741202164,5.27388093408081,4.76425418108651,21.29695457172504,23.36128977507481,21.30531207857871,29.011367726000056,27.14745909085965,32.12496062155304,30.29022229651644,30.98399000308077,30.260967186319583,30.043643902052136,31.038321505964984,29.328989506407694,29.328989506407694,29.328989506407694,31.038321505964984,31.038321505964984,32.20854896046451,28.831661318992968,27.205966661929182,25.00360901883916,25.734934342023937,27.607162782435367,28.02925707311735,25.8937374449691,28.338515928642217,10.466483455242315,11.820198604776623,13.157227509027742,12.864750203894225,13.403745065662049,18.756319805018244
19.038793945597074,20.922121803593413,22.943403529983645,9.627275570713088,9.748408092242572,9.886248286903564,9.627275570713088,9.886248286903564,9.627275570713088,4.885813109384457,3.988945928126975,1.5986351268885903,1.0012532541633732,1.0012532541633732,1.0012532541633732,1.0012532541633732,1.0012532541633732,1.0012532541633732,0.0,22.342069111835546,22.348337337721418,19.846525061581296,17.83619901225016,20.132764190926313,26.322090221473715,26.322090221473715,26.322090221473715,26.322090221473715,26.322090221473715,26.322090221473715,26.322090221473715,26.322090221473715,26.322090221473715,26.322090221473715,26.322090221473715,17.718782084861473,20.14237516056982,17.83619901225016,24.873643316610124,24.713170993097844,25.03829499799965,27.125310287765625,25.400613671570156,24.729468946287323,16.688781019120125,10.923568411959677,11.437479081478244,11.437479081478244,13.098314344355776,18.047633560350494,21.525533128061305,26.61546086983329,28.78443673422981,6.270554558884098,9.661109158655483,4.5117083229016455,13.637483448848322,12.864781746710934,13.637483448848322,9.023803695283357,7.0727037206205035,4.891882657853277,4.506515335541101,5.613490837291962,4.3153553727301475,5.464237014112757,5.63437699536415,5.275134188243001,4.765507435248967,21.295701317588218,23.360036520943662,21.304058824441917,29.01011447188722,27.146205836740325,32.12370736745204,30.28896904240831,30.982736748975288,30.25971393221135,30.042390647943083,31.037068251859708,29.327736252296,29.327736252296,29.327736252296,31.037068251859708,31.037068251859708,32.20729570636385,28.830408064879485,27.204713407810047,25.00235576471291,25.73368108789998,27.6059095283176,28.028003819001036,25.892484190845654,28.337262674526986,10.465230201084724,11.818945350620805,13.155974254873906,12.863496949739934,13.402491811508598,18.7550665508752
4.303275231515394,2.4199473392251445,1.601334432597091,30.96934439845955,31.090476914831942,31.228317103585148,30.96934439845955,31.228317103585148,30.96934439845955,26.227882113564554,25.33101496010643,22.940704224305424,22.343322365969556,22.343322365969556,22.343322365969556,22.343322365969556,22.343322365969556,22.343322365969556,22.342069111835546,0.0,1.0062682260324125,3.495544101772922,5.505870182702157,3.209304967209937,4.980021219954035,4.980021219954035,4.980021219954035,4.980021219954035,4.980021219954035,4.980021219954035,4.980021219954035,4.980021219954035,4.980021219954035,4.980021219954035,4.980021219954035,5.6232871116631,3.199693997388118,5.505870182702157,3.531574270940274,3.3711019428184126,3.696225957117872,5.783241312702231,4.058544641432988,3.387399896473487,6.653288189903294,12.41850082412092,11.904590155147973,11.904590155147973,10.243754890073896,5.29443563169456,1.8165360021293127,5.273391877813422,7.442367818269836,17.071514645878356,31.00317798496477,18.830360857639548,34.97955208864624,34.206850425486266,34.97955208864624,14.318265533750806,16.26936549293179,18.450186528499238,25.848584351694193,26.955559817614493,19.02671380468519,17.87783218038965,26.976445974984674,26.617203179804008,26.10757644326098,2.0463678175060567,2.0179674340313056,2.0380103104760696,7.6680455644303676,5.804136862383969,10.781638588638954,8.946900185233373,9.640667920569035,8.91764507384632,8.700321780795818,9.69499942575071,7.985667356994653,7.985667356994653,7.985667356994653,9.69499942575071,9.69499942575071,10.865226931295458,7.488339150642628,5.862644435438467,3.6602867227809712,4.391612067892748,6.263840569757072,6.685934875349938,4.550415175753502,6.99519374204631,12.876839034020561,11.523123886035902,10.186094979370905,10.478572285367331,9.939577421863671,4.587002630731391
4.309543457544297,2.426215565256907,1.5950662065647934,30.97561262420275,31.096745140572796,31.23458532932331,30.97561262420275,31.23458532932331,30.97561262420275,26.23415033939212,25.337283185948323,22.946972450182955,22.349590591855407,22.349590591855407,22.349590591855407,22.349590591855407,22.349590591855407,22.349590591855407,22.348337337721418,1.0062682260324125,0.0,3.501812327803331,5.512138408728043,3.2155731932407785,4.973752993926697,4.973752993926697,4.973752993926697,4.973752993926697,4.973752993926697,4.973752993926697,4.973752993926697,4.973752993926697,4.973752993926697,4.973752993926697,4.973752993926697,5.62955533768864,3.2059622234189735,5.512138408728043,3.5253060449099123,3.364833716787799,3.6899577310877865,5.776973086677145,4.05227641540357,3.3811316704428984,6.659556415925435,12.424769050111422,11.910858381142162,11.910858381142162,10.250023116078847,5.300703857721043,1.8228042281615098,5.267123651786859,7.436099592250718,17.07778287182771,31.009446210707313,18.836629083569708,34.98582031430669,34.213118651163484,34.98582031430669,14.324533759726192,16.27563371888923,18.456454754433718,25.854852577527886,26.96182804343006,19.032982030613088,17.884100406330457,26.982714200799897,26.623471405625203,26.11384466909051,2.052636043538116,2.0116992079992233,2.044278536508134,7.661777338412196,5.797868636358949,10.77537036263719,8.94063195922119,9.634399694560535,8.911376847833987,8.694053554782398,9.688731199742517,7.97939913097787,7.97939913097787,7.97939913097787,9.688731199742517,9.688731199742517,10.858958705294219,7.4820709246237005,5.856376209413627,3.654018496750824,4.3853438418640165,6.257572343733532,6.679666649327881,4.544146949725125,6.988925516025409,12.883107260007629,11.529392112032719,10.192363205376196,10.484840511370868,9.9458456478704,4.593270856759665
1.807731130083531,2.0755967627429635,4.096878534132074,28.473800402249836,28.594932919517664,28.7327731092944,28.473800402249836,28.7327731092944,28.473800402249836,23.732338085278684,22.835470926404977,20.44516017718224,19.847778315721765,19.847778315721765,19.847778315721765,19.847778315721765,19.847778315721765,19.847778315721765,19.846525061581296,3.495544101772922,3.501812327803331,0.0,3.010326082087272,1.2862391346438107,7.47556531843521,7.47556531843521,7.47556531843521,7.47556531843521,7.47556531843521,7.47556531843521,7.47556531843521,7.47556531843521,7.47556531843521,7.47556531843521,7.47556531843521,3.1277430111478073,1.2958501044679798,3.010326082087272,6.027118371087482,5.866646043117252,6.19177005710267,8.278785410028782,6.554088741036028,5.882943996757226,4.157744090412873,9.922956735383616,9.409046065106315,9.409046065106315,7.748210796279912,2.7988915309092297,2.679008099818806,7.7689359758919565,9.937911912690426,14.575970572035244,28.507633989004784,16.334816790874413,32.48400812409392,31.711306454511025,32.48400812409392,11.822721450423382,13.773821416124528,15.95464246013686,23.35304032109271,24.46001579387488,16.53116973875955,15.382288109692666,24.480901951377575,24.121659153933503,23.612032414236637,2.4491762844606475,4.513511535347263,2.4575337914901954,10.163589658401458,8.299680959678287,13.277182675083687,11.44244427641205,12.13621201005849,11.413189165093534,11.195865872545337,12.190543515102695,10.481211450311113,10.481211450311113,10.481211450311113,12.190543515102695,12.190543515102695,13.360771017504096,9.983883244972706,8.35818853264194,6.15583082280181,6.887156167115295,8.759384666314073,9.181478971182484,7.045959274784668,9.490737837319225,10.381294946503708,9.027579795069839,7.690550885459348,7.98302819206095,7.444033327459056,2.0914585294589303
