0.0,1.1500635961890926,1.1500635961890926,1.3268798992756863,1.314757726793128,1.0016720159735106,2.5796188367480175,1.0547585004946995,2.54074535226603,1.0016720159735106,25.98824222706783,25.98824222706783,28.829257482496764,25.98824222706783,29.193488014218154,1.5337931745643583,6.7468954822592595,6.7468954822592595,9.581323928294653,11.902830562580125,11.901158280219466,2.2255986684461515,2.2255986684461515,1.1504812701523555,5.946419968946801,5.946419968946801,5.946419968946801,11.901158280219466,10.06334466904695,10.06334466904695,11.901158280219466,10.06334466904695,10.06334466904695,10.06334466904695,10.06334466904695,10.06334466904695,10.06334466904695,10.06334466904695,10.06334466904695,3.0515943284453075,2.711329726383191,2.711329726383191,2.711329726383191,3.7379808984820233,3.6761138607526394,3.6761138607526394,3.6761138607526394,3.6761138607526394,3.6761138607526394,3.6761138607526394,1.8569135407749011,1.1713814203891213,1.1713814203891213,3.069151024576375,1.8652737257420375,3.182015607283194,1.6270088545271824,3.9844833847744945,2.8559628762812386,2.0742786818245245,29.41763084334126,27.627854097057835,23.805917458029203,24.755109371506666,18.550057780532423,5.526833440842626,4.996001437432113,4.377388867307644,1.627003109020461,3.729620484707222,6.2252493522301435,1.790032097833492,1.790032097833492,3.97612366914152,3.6752778200874654,4.91262918747214,4.91262918747214,9.389854359454217,8.662442104093014,3.9887937866332193,9.20591030007146,10.221789348718124,3.265619121906295,3.3450425554109655,4.076578514685162,9.377312703330578,2.835062113179015,7.792901968217608,8.704247196694162,10.422458598862596,8.348904723621974,8.177504896296504,9.80373030092583,2.0909817107753246,2.596756602467854,3.0899880201517558,4.114058846437618,3.917605631130398,1.9948422589162371,2.9520507784165737
1.1500635961890926,0.0,1.0,1.1768163030870347,1.1646941306044307,1.148391580215584,2.72968243291626,1.2048220966837067,2.690808948435243,1.148391580215584,25.838178635600848,25.838178635600848,28.679193892166296,25.838178635600848,29.04342442404222,1.3837295783768282,6.896959078189623,6.896959078189623,9.43126033265704,11.752766967284398,11.751094684923467,2.075535072267115,2.075535072267115,1.3005448663411032,5.79635637293862,5.79635637293862,5.79635637293862,11.751094684923467,9.91328107347358,9.91328107347358,11.751094684923467,9.91328107347358,9.91328107347358,9.91328107347358,9.91328107347358,9.91328107347358,9.91328107347358,9.91328107347358,9.91328107347358,2.9015307322859725,2.5612661302144795,2.5612661302144795,2.5612661302144795,3.5879173023469755,3.5260502646151077,3.5260502646151077,3.5260502646151077,3.5260502646151077,3.5260502646151077,3.5260502646151077,1.706849944590429,1.3214450165777938,1.3214450165777938,2.919087428417571,1.7152101295576663,3.0319520111279212,1.476945258340371,4.134546980892188,2.705899280116297,1.9242150856430065,29.267567253261415,27.477790506231855,23.655853865772123,24.60504577958437,18.3999941866686,5.676897036870103,5.146065033494743,4.5274524634058055,1.777066705205836,3.579556888571835,6.075185756243263,1.6399685016482568,1.6399685016482568,4.1261872652596026,3.5252142239499005,4.762565591395317,4.762565591395317,9.239790763792065,8.512378508342728,3.8387301905088376,9.055846704386262,10.071725753166646,3.1155555257537624,3.1949789592611344,3.92651491856474,9.227249107666843,2.6849985170135087,7.642838372372531,8.554183600948724,10.272395003339385,8.198841127836184,8.027441300491937,9.65366670531742,2.2410453069540854,2.7468201986356617,3.24005161630512,4.26412244254913,4.067669227251182,2.1449058550966384,3.1021143745743514
1.1500635961890926,1.0,0.0,1.1768163030870347,1.1646941306044307,1.148391580215584,2.72968243291626,1.2048220966837067,2.690808948435243,1.148391580215584,25.838178635600848,25.838178635600848,28.679193892166296,25.838178635600848,29.04342442404222,1.3837295783768282,6.896959078189623,6.896959078189623,9.43126033265704,11.752766967284398,11.751094684923467,2.075535072267115,2.075535072267115,1.3005448663411032,5.79635637293862,5.79635637293862,5.79635637293862,11.751094684923467,9.91328107347358,9.91328107347358,11.751094684923467,9.91328107347358,9.91328107347358,9.91328107347358,9.91328107347358,9.91328107347358,9.91328107347358,9.91328107347358,9.91328107347358,2.9015307322859725,2.5612661302144795,2.5612661302144795,2.5612661302144795,3.5879173023469755,3.5260502646151077,3.5260502646151077,3.5260502646151077,3.5260502646151077,3.5260502646151077,3.5260502646151077,1.706849944590429,1.3214450165777938,1.3214450165777938,2.919087428417571,1.7152101295576663,3.0319520111279212,1.476945258340371,4.134546980892188,2.705899280116297,1.9242150856430065,29.267567253261415,27.477790506231855,23.655853865772123,24.60504577958437,18.3999941866686,5.676897036870103,5.146065033494743,4.5274524634058055,1.777066705205836,3.579556888571835,6.075185756243263,1.6399685016482568,1.6399685016482568,4.1261872652596026,3.5252142239499005,4.762565591395317,4.762565591395317,9.239790763792065,8.512378508342728,3.8387301905088376,9.055846704386262,10.071725753166646,3.1155555257537624,3.1949789592611344,3.92651491856474,9.227249107666843,2.6849985170135087,7.642838372372531,8.554183600948724,10.272395003339385,8.198841127836184,8.027441300491937,9.65366670531742,2.2410453069540854,2.7468201986356617,3.24005161630512,4.26412244254913,4.067669227251182,2.1449058550966384,3.1021143745743514
1.3268798992756863,1.1768163030870347,1.1768163030870347,0.0,1.0121221724826217,1.3252078833021848,2.9064987359736456,1.3816383997700385,2.8676252514938856,1.3252078833021848,25.66136233800476,25.66136233800476,28.50237759590101,25.66136233800476,28.86660812795794,1.2069132752905074,7.073775380954474,7.073775380954474,9.254444030195028,11.575950665218398,11.57427838285715,1.8987187691887684,1.8987187691887684,1.477361169426848,5.619540070050653,5.619540070050653,5.619540070050653,11.57427838285715,9.73646477108585,9.73646477108585,11.57427838285715,9.73646477108585,9.73646477108585,9.73646477108585,9.73646477108585,9.73646477108585,9.73646477108585,9.73646477108585,9.73646477108585,2.7247144292284133,2.3844498271468715,2.3844498271468715,2.3844498271468715,3.4111009993160155,3.3492339615814033,3.3492339615814033,3.3492339615814033,3.3492339615814033,3.3492339615814033,3.3492339615814033,1.5300336415067621,1.4982613196633885,1.4982613196633885,2.7422711253605865,1.5383938264740928,2.855135708074765,1.3001289552546231,4.311363283885884,2.529082977052706,1.7473987825621808,29.09075095728971,27.300974209386254,23.479037567251513,24.428229481455446,18.22317788627024,5.853713339752969,5.322881336420588,4.704268766375334,1.953883008286207,3.4027405855405,5.898369453379578,1.4631521985638862,1.4631521985638862,4.303003568253783,3.34839792091616,4.585749288429511,4.585749288429511,9.062974461301705,8.335562205750655,3.6619138874897086,8.879030401869286,9.894909450804237,2.938739222703589,3.0181626562139114,3.74969861555002,9.050432805174644,2.508182213949315,7.466022069671325,8.377367298362238,10.095578701009702,8.022024825203195,7.850624997837326,9.476850402889164,2.4178616100253,2.923636501692484,3.416867919343475,4.4409387455351625,4.244485530248715,2.3217221581700684,3.278930677618311
1.314757726793128,1.1646941306044307,1.1646941306044307,1.0121221724826217,0.0,1.3130857108196257,2.8943765634932497,1.3695162272875037,2.8555030790134,1.3130857108196257,25.673484510113433,25.673484510113433,28.514499767918732,25.673484510113433,28.878730299963298,1.2190354477731011,7.0616532084945565,7.0616532084945565,9.266566202635639,11.588072837632096,11.586400555270865,1.910840941670886,1.910840941670886,1.465238996944363,5.631662242520096,5.631662242520096,5.631662242520096,11.586400555270865,9.748586943521415,9.748586943521415,11.586400555270865,9.748586943521415,9.748586943521415,9.748586943521415,9.748586943521415,9.748586943521415,9.748586943521415,9.748586943521415,9.748586943521415,2.7368366017091894,2.3965719996283017,2.3965719996283017,2.3965719996283017,3.423223171795038,3.3613561340606077,3.3613561340606077,3.3613561340606077,3.3613561340606077,3.3613561340606077,3.3613561340606077,1.5421558139892069,1.486139147180916,1.486139147180916,2.7543932978413244,1.5505159989565318,2.8672578805552518,1.3122511277371873,4.299241111409996,2.5412051495338757,1.7595209550444526,29.10287312928737,27.313096381443643,23.491159739423352,24.440351653600526,18.235300058570278,5.841591167284839,5.310759163949456,4.692146593901143,1.9417608358041387,3.4148627580195474,5.910491625847384,1.4752743710463723,1.4752743710463723,4.290881395777862,3.3605200933953667,4.597871460904187,4.597871460904187,9.07509663374424,8.34768437820009,3.6740360599679454,8.891152574313626,9.907031623238083,2.95086139518388,3.030284828694009,3.7618207880279626,9.062554977617303,2.5203043864305235,7.478144242128151,8.389489470811291,10.107700873441324,8.034146997655402,7.862747170290998,9.488972575327482,2.4057394375439065,2.9115143292121286,3.404745746864436,4.428816573059814,4.232363357772558,2.3095999856885134,3.2668085051388744
1.0016720159735106,1.148391580215584,1.148391580215584,1.3252078833021848,1.3130857108196257,0.0,2.5812908527213154,1.05643051646821,2.542417368239338,1.0,25.986570211147246,25.986570211147246,28.82758546658888,25.986570211147246,29.191815998312002,1.5321211585908716,6.74856749822996,6.74856749822996,9.579651912327394,11.901158546616706,11.899486264256048,2.2239266524727688,2.2239266524727688,1.152153286125864,5.944747952975368,5.944747952975368,5.944747952975368,11.899486264256048,10.061672653080413,10.061672653080413,11.899486264256048,10.061672653080413,10.061672653080413,10.061672653080413,10.061672653080413,10.061672653080413,10.061672653080413,10.061672653080413,10.061672653080413,3.0499223124721544,2.709657710409929,2.709657710409929,2.709657710409929,3.7363088825091495,3.674441844779737,3.674441844779737,3.674441844779737,3.674441844779737,3.674441844779737,3.674441844779737,1.8552415248014524,1.1730534363626295,1.1730534363626295,3.067479008603227,1.8636017097685906,3.1803435913100877,1.625336838553705,3.986155400747247,2.85429086030802,2.0726066658511124,29.41595882743617,27.62618208114441,23.804245442099788,24.753437355580992,18.548385764585042,5.5285054568143925,4.997673453404265,4.379060883280184,1.6286751249939382,3.7279484687343443,6.223577336258952,1.7883600818600343,1.7883600818600343,3.9777956851142764,3.673605804114563,4.910957171499929,4.910957171499929,9.388182343486685,8.66077008812449,3.987121770660467,9.204238284103667,10.220117332751835,3.2639471059332203,3.343370539437922,4.074906498712455,9.375640687363026,2.8333900972057897,7.791229952248015,8.702575180725688,10.420786582896623,8.347232707653049,8.175832880327368,9.8020582849589,2.0926537267487335,2.598428618441148,3.0916600361248943,4.115730862410302,3.9192776471031845,1.9965142748896636,2.9537227943897597
2.5796188367480175,2.72968243291626,2.72968243291626,2.9064987359736456,2.8943765634932497,2.5812908527213154,0.0,2.524860336260025,1.0388734844867995,2.5812908527213154,27.56786101063758,27.56786101063758,30.408876253708375,27.56786101063758,30.773106783752496,3.113412011221761,5.167276647436254,5.167276647436254,11.160942758045307,13.48244938840943,13.480777106051908,3.805217504918034,3.805217504918034,2.429137566612937,7.526038803103239,7.526038803103239,7.526038803103239,13.480777106051908,11.642963498054383,11.642963498054383,13.480777106051908,11.642963498054383,11.642963498054383,11.642963498054383,11.642963498054383,11.642963498054383,11.642963498054383,11.642963498054383,11.642963498054383,4.631213164595039,4.290948562678896,4.290948562678896,4.290948562678896,5.317599734280737,5.255732696586093,5.255732696586093,5.255732696586093,5.255732696586093,5.255732696586093,5.255732696586093,3.436532377355218,2.4082374163782827,2.4082374163782827,4.648769860718069,3.4448925623201374,4.7616344433720466,3.206627691164068,2.4048645483633884,4.435581712517168,3.6538975183435527,30.997249611832935,29.207472873652222,25.3855362502189,26.334728160040402,20.129676590365545,3.9472146051668537,3.416382601460081,2.7977700310475453,1.952615727775539,5.309239320510666,7.804868186123614,3.3696509344311405,3.3696509344311405,2.3965048327274703,5.254896655921384,6.49224802249474,6.49224802249474,10.969473189489769,10.242060935157383,5.568412622284807,10.785529130375181,11.801408177473132,4.845237957954687,4.92466139141988,5.656197350282868,10.956931533384585,4.414680949423789,9.372520800400578,10.283866027701698,12.002077427292136,9.928523555103652,9.757123727999653,11.383349130338182,1.4886371260155205,1.017137765722035,1.5103691834894415,2.5344400100735687,2.3379867946960617,1.5847765778785168,1.3724319417269677
1.0547585004946995,1.2048220966837067,1.2048220966837067,1.3816383997700385,1.3695162272875037,1.05643051646821,2.524860336260025,0.0,2.4859868517777057,1.05643051646821,26.043000725825177,26.043000725825177,28.88401598083777,26.043000725825177,29.24824651250256,1.5885516750581832,6.692136981855694,6.692136981855694,9.636082428583222,11.957589062742615,11.95591678038206,2.280357168936483,2.280357168936483,1.095722769657696,6.001178469372666,6.001178469372666,6.001178469372666,11.95591678038206,10.1181031693118,10.1181031693118,11.95591678038206,10.1181031693118,10.1181031693118,10.1181031693118,10.1181031693118,10.1181031693118,10.1181031693118,10.1181031693118,10.1181031693118,3.106352828927978,2.7660882268694778,2.7660882268694778,2.7660882268694778,3.792739398955441,3.7308723612269983,3.7308723612269983,3.7308723612269983,3.7308723612269983,3.7308723612269983,3.7308723612269983,1.9116720412674257,1.1166229198944775,1.1166229198944775,3.1239095250588416,1.9200322262345209,3.2367741077643086,1.6817673550206917,3.9297248843041466,2.910721376766067,2.129037182315848,29.47238934159047,27.682612595580327,23.860675957076094,24.809867870430857,18.604816280168624,5.472074940404316,4.941242936981281,4.3226303668442,1.5722446085267605,3.7843789851807683,6.280007852648077,1.8447905983263335,1.8447905983263335,3.9213651686710347,3.730036320561837,4.96738768792364,4.96738768792364,9.44461285975185,8.717200604423223,4.043552287102601,9.260668800377607,10.276547848974898,3.320377622386362,3.3998010558900007,4.131337015153049,9.432071203628796,2.889820613664061,7.847660468582901,8.759005697022577,10.47721709910894,8.403663223965317,8.232263396646797,9.858488801203615,2.0362232102837723,2.5419981019800106,3.0352295196689014,4.059300345969451,3.862847130658962,1.9400837584241417,2.8972922779321877
2.54074535226603,2.690808948435243,2.690808948435243,2.8676252514938856,2.8555030790134,2.542417368239338,1.0388734844867995,2.4859868517777057,0.0,2.542417368239338,27.5289875275404,27.5289875275404,30.37000277092398,27.5289875275404,30.73423330101048,3.07453852674363,5.206150131888375,5.206150131888375,11.122069273761662,13.443575904229359,13.441903621871756,3.766344020446576,3.766344020446576,2.3902640821300665,7.487165318700097,7.487165318700097,7.487165318700097,13.441903621871756,11.604090013790499,11.604090013790499,13.441903621871756,11.604090013790499,11.604090013790499,11.604090013790499,11.604090013790499,11.604090013790499,11.604090013790499,11.604090013790499,11.604090013790499,4.592339680134025,4.252075078213253,4.252075078213253,4.252075078213253,5.278726249830452,5.216859212134764,5.216859212134764,5.216859212134764,5.216859212134764,5.216859212134764,5.216859212134764,3.3976588928799676,2.3693639318952964,2.3693639318952964,4.609896376257307,3.406019077844967,4.722760958912929,3.1677542066867255,2.443738032846176,4.396708228053436,3.615024033870473,30.95837612911726,29.168599390731693,25.34666276690295,26.29585467681731,20.09080310659938,3.986088089636244,3.455256085935145,2.836643515527814,1.9137422432904607,5.27036583606024,7.765994701727793,3.33077744995526,3.33077744995526,2.435378317210306,5.216023171470042,6.453374538067135,6.453374538067135,10.930599705198528,10.203187450838609,5.529539137838906,10.746655646076782,11.76253469321594,4.806364473496819,4.885787906963226,5.617323865838561,10.918058049092854,4.375807464959777,9.333647316051627,10.244992543384452,11.963203943043563,9.889650070773653,9.718250243663682,11.34447564606354,1.4497636415291555,1.0560112502088328,1.5492426679756868,2.573313494555593,2.3768602791792177,1.5459030933923485,1.411305426213464
1.0016720159735106,1.148391580215584,1.148391580215584,1.3252078833021848,1.3130857108196257,1.0,2.5812908527213154,1.05643051646821,2.542417368239338,0.0,25.986570211147246,25.986570211147246,28.82758546658888,25.986570211147246,29.191815998312002,1.5321211585908716,6.74856749822996,6.74856749822996,9.579651912327394,11.901158546616706,11.899486264256048,2.2239266524727688,2.2239266524727688,1.152153286125864,5.944747952975368,5.944747952975368,5.944747952975368,11.899486264256048,10.061672653080413,10.061672653080413,11.899486264256048,10.061672653080413,10.061672653080413,10.061672653080413,10.061672653080413,10.061672653080413,10.061672653080413,10.061672653080413,10.061672653080413,3.0499223124721544,2.709657710409929,2.709657710409929,2.709657710409929,3.7363088825091495,3.674441844779737,3.674441844779737,3.674441844779737,3.674441844779737,3.674441844779737,3.674441844779737,1.8552415248014524,1.1730534363626295,1.1730534363626295,3.067479008603227,1.8636017097685906,3.1803435913100877,1.625336838553705,3.986155400747247,2.85429086030802,2.0726066658511124,29.41595882743617,27.62618208114441,23.804245442099788,24.753437355580992,18.548385764585042,5.5285054568143925,4.997673453404265,4.379060883280184,1.6286751249939382,3.7279484687343443,6.223577336258952,1.7883600818600343,1.7883600818600343,3.9777956851142764,3.673605804114563,4.910957171499929,4.910957171499929,9.388182343486685,8.66077008812449,3.987121770660467,9.204238284103667,10.220117332751835,3.2639471059332203,3.343370539437922,4.074906498712455,9.375640687363026,2.8333900972057897,7.791229952248015,8.702575180725688,10.420786582896623,8.347232707653049,8.175832880327368,9.8020582849589,2.0926537267487335,2.598428618441148,3.0916600361248943,4.115730862410302,3.9192776471031845,1.9965142748896636,2.9537227943897597
25.98824222706783,25.838178635600848,25.838178635600848,25.66136233800476,25.673484510113433,25.986570211147246,27.56786101063758,26.043000725825177,27.5289875275404,25.986570211147246,0.0,1.0,3.841015355280823,1.0,4.20524590127337,25.454449069040315,31.73513748540436,31.73513748540436,17.406918476973285,15.085411858809481,15.08708414116344,24.762643595513556,24.762643595513556,26.138723492427484,21.041822383646902,21.041822383646902,21.041822383646902,15.08708414116344,16.92489774069126,16.92489774069126,15.08708414116344,16.92489774069126,16.92489774069126,16.92489774069126,16.92489774069126,16.92489774069126,16.92489774069126,16.92489774069126,16.92489774069126,23.936647958225592,24.276912551141812,24.276912551141812,24.276912551141812,23.250261405743462,23.312128441939617,23.312128441939617,23.312128441939617,23.312128441939617,23.312128441939617,23.312128441939617,25.131328712488273,26.15962364199404,26.15962364199404,23.91909126255845,25.12296852776751,23.80622668281532,25.361233391891048,28.97272550603927,24.13227940516725,24.91396357778676,4.429388739344719,2.6396119251364256,3.182324831930558,2.2331328925736518,8.438184611591552,30.51507549855145,29.984243517698122,29.365630972956374,26.61524531573912,23.25862181931163,20.762993005590523,25.19821015345227,25.19821015345227,28.964365790734302,23.312964482584004,22.075613144020746,22.075613144020746,17.59838804387467,18.325800291022396,22.99944852370851,17.782332101307112,16.766453062360966,23.722623170366703,23.643199738911353,22.911663797759534,17.61092969986806,24.153180167705784,19.195340415319823,18.283995198929603,16.565783813823444,18.639337667539603,18.810737492598317,17.184512106477847,27.079223901792478,27.584998775745685,28.07823017550385,29.10230096259582,28.905847755014136,26.98308445323179,27.940292938844095
25.98824222706783,25.838178635600848,25.838178635600848,25.66136233800476,25.673484510113433,25.986570211147246,27.56786101063758,26.043000725825177,27.5289875275404,25.986570211147246,1.0,0.0,3.841015355280823,1.0,4.20524590127337,25.454449069040315,31.73513748540436,31.73513748540436,17.406918476973285,15.085411858809481,15.08708414116344,24.762643595513556,24.762643595513556,26.138723492427484,21.041822383646902,21.041822383646902,21.041822383646902,15.08708414116344,16.92489774069126,16.92489774069126,15.08708414116344,16.92489774069126,16.92489774069126,16.92489774069126,16.92489774069126,16.92489774069126,16.92489774069126,16.92489774069126,16.92489774069126,23.936647958225592,24.276912551141812,24.276912551141812,24.276912551141812,23.250261405743462,23.312128441939617,23.312128441939617,23.312128441939617,23.312128441939617,23.312128441939617,23.312128441939617,25.131328712488273,26.15962364199404,26.15962364199404,23.91909126255845,25.12296852776751,23.80622668281532,25.361233391891048,28.97272550603927,24.13227940516725,24.91396357778676,4.429388739344719,2.6396119251364256,3.182324831930558,2.2331328925736518,8.438184611591552,30.51507549855145,29.984243517698122,29.365630972956374,26.61524531573912,23.25862181931163,20.762993005590523,25.19821015345227,25.19821015345227,28.964365790734302,23.312964482584004,22.075613144020746,22.075613144020746,17.59838804387467,18.325800291022396,22.99944852370851,17.782332101307112,16.766453062360966,23.722623170366703,23.643199738911353,22.911663797759534,17.61092969986806,24.153180167705784,19.195340415319823,18.283995198929603,16.565783813823444,18.639337667539603,18.810737492598317,17.184512106477847,27.079223901792478,27.584998775745685,28.07823017550385,29.10230096259582,28.905847755014136,26.98308445323179,27.940292938844095
28.829257482496764,28.679193892166296,28.679193892166296,28.50237759590101,28.514499767918732,28.82758546658888,30.408876253708375,28.88401598083777,30.37000277092398,28.82758546658888,3.841015355280823,3.841015355280823,0.0,3.841015355280823,1.3642305461596442,28.295464328482396,34.5761526924103,34.5761526924103,20.247933786953084,17.926427179898866,17.928099462245374,27.603658860034304,27.603658860034304,28.97973874671019,23.882837673113055,23.882837673113055,23.882837673113055,17.928099462245374,19.76591305310544,19.76591305310544,17.928099462245374,19.76591305310544,19.76591305310544,19.76591305310544,19.76591305310544,19.76591305310544,19.76591305310544,19.76591305310544,19.76591305310544,26.777663228629105,27.117927819145812,27.117927819145812,27.117927819145812,26.091276680885596,26.15314371666022,26.15314371666022,26.15314371666022,26.15314371666022,26.15314371666022,26.15314371666022,27.97234397431964,29.00063889611704,29.00063889611704,26.760106533084866,27.9639837896603,26.6472419541297,28.202248652025503,31.813740737513182,26.97329467419528,27.754978841208455,1.5883733843526913,2.2014034304263905,6.023340185641349,5.074148247135032,11.27919995591563,33.35609071663626,32.82525874046873,32.20664620108479,29.456260566349,26.099637094396872,23.604008296765134,28.03922541479157,28.03922541479157,31.80538102227889,26.153979757298913,24.91662842695687,24.91662842695687,20.43940335286891,21.166815596176104,25.84046380054827,20.62334740934458,19.60746837556073,26.56363844226238,26.4842150113574,25.752679075189175,20.451945008797377,26.994195436586203,22.03635571568254,21.12501050430816,19.40679912800778,21.480352970990907,21.651752795106994,20.025527417589203,29.920239148763144,30.42601401867846,30.919245414427643,31.943316192971356,31.74686298705304,29.82409970096164,30.78130817889611
25.98824222706783,25.838178635600848,25.838178635600848,25.66136233800476,25.673484510113433,25.986570211147246,27.56786101063758,26.043000725825177,27.5289875275404,25.986570211147246,1.0,1.0,3.841015355280823,0.0,4.20524590127337,25.454449069040315,31.73513748540436,31.73513748540436,17.406918476973285,15.085411858809481,15.08708414116344,24.762643595513556,24.762643595513556,26.138723492427484,21.041822383646902,21.041822383646902,21.041822383646902,15.08708414116344,16.92489774069126,16.92489774069126,15.08708414116344,16.92489774069126,16.92489774069126,16.92489774069126,16.92489774069126,16.92489774069126,16.92489774069126,16.92489774069126,16.92489774069126,23.936647958225592,24.276912551141812,24.276912551141812,24.276912551141812,23.250261405743462,23.312128441939617,23.312128441939617,23.312128441939617,23.312128441939617,23.312128441939617,23.312128441939617,25.131328712488273,26.15962364199404,26.15962364199404,23.91909126255845,25.12296852776751,23.80622668281532,25.361233391891048,28.97272550603927,24.13227940516725,24.91396357778676,4.429388739344719,2.6396119251364256,3.182324831930558,2.2331328925736518,8.438184611591552,30.51507549855145,29.984243517698122,29.365630972956374,26.61524531573912,23.25862181931163,20.762993005590523,25.19821015345227,25.19821015345227,28.964365790734302,23.312964482584004,22.075613144020746,22.075613144020746,17.59838804387467,18.325800291022396,22.99944852370851,17.782332101307112,16.766453062360966,23.722623170366703,23.643199738911353,22.911663797759534,17.61092969986806,24.153180167705784,19.195340415319823,18.283995198929603,16.565783813823444,18.639337667539603,18.810737492598317,17.184512106477847,27.079223901792478,27.584998775745685,28.07823017550385,29.10230096259582,28.905847755014136,26.98308445323179,27.940292938844095
29.193488014218154,29.04342442404222,29.04342442404222,28.86660812795794,28.878730299963298,29.191815998312002,30.773106783752496,29.24824651250256,30.73423330101048,29.191815998312002,4.20524590127337,4.20524590127337,1.3642305461596442,4.20524590127337,0.0,28.65969486074969,34.940383217585634,34.940383217585634,20.612164326172856,18.290657720679466,18.292330003024926,27.967889392993396,27.967889392993396,29.343969278275782,24.247068209489093,24.247068209489093,24.247068209489093,18.292330003024926,20.130143592665654,20.130143592665654,18.292330003024926,20.130143592665654,20.130143592665654,20.130143592665654,20.130143592665654,20.130143592665654,20.130143592665654,20.130143592665654,20.130143592665654,27.141893762390975,27.482158352580043,27.482158352580043,27.482158352580043,26.45550721529535,26.517374251012292,26.517374251012292,26.517374251012292,26.517374251012292,26.517374251012292,26.517374251012292,28.336574506912257,29.364869427660924,29.364869427660924,27.12433706686353,28.32821432226128,27.01147248801601,28.56647918438705,32.17797126598791,27.337525207769296,28.11920937401774,1.2241428381954658,2.565633976551526,6.387570731304255,5.438378792962816,11.643430500065987,33.72032124330372,33.18948926776815,32.570876729107496,29.820491097415683,26.46386762879884,23.968238833376603,28.403455947317163,28.403455947317163,32.169611550763165,26.518210291650192,25.28085896243493,25.28085896243493,20.803633891951073,21.53104613472311,26.204694335190414,20.987577948293254,19.97169891523099,26.92786897622814,26.848445545398388,26.116909609912103,20.81617554787047,27.358425970140065,22.400586253564175,21.48924104288645,19.771029667816062,21.844583509301206,22.015983333286375,20.38975795696712,30.284469679335984,30.790244548703868,31.283475943910076,32.307546721297626,32.111093515604125,30.188330231637465,31.14553870853132
1.5337931745643583,1.3837295783768282,1.3837295783768282,1.2069132752905074,1.2190354477731011,1.5321211585908716,3.113412011221761,1.5885516750581832,3.07453852674363,1.5321211585908716,25.454449069040315,25.454449069040315,28.295464328482396,25.454449069040315,28.65969486074969,0.0,7.28068865584344,7.28068865584344,9.047530755602615,11.369037391080036,11.367365108718419,1.6918054939048002,1.6918054939048002,1.6842744447139193,5.412626794974453,5.412626794974453,5.412626794974453,11.367365108718419,9.529551496578412,9.529551496578412,11.367365108718419,9.529551496578412,9.529551496578412,9.529551496578412,9.529551496578412,9.529551496578412,9.529551496578412,9.529551496578412,9.529551496578412,2.5178011539654364,2.1775365518735095,2.1775365518735095,2.1775365518735095,3.204187724081396,3.142320686343821,3.142320686343821,3.142320686343821,3.142320686343821,3.142320686343821,3.142320686343821,1.3231203662180562,1.7051745949501997,1.7051745949501997,2.5353578500982117,1.3314805511854626,2.648222432816414,1.0932156799644102,4.518276559053797,2.3221697017834613,1.540485507275922,28.88383769021228,27.09406094129341,23.272124297213974,24.221316211872427,18.01626461405654,6.0606266147849635,5.529794611505018,4.91118204151338,2.160796283565066,3.1958273103054755,5.691456178330664,1.2562389232746272,1.2562389232746272,4.509916843422298,3.141484645678538,4.378836013266395,4.378836013266395,8.85606118667689,8.12864893100975,3.4550006122679213,8.672117127214065,9.6879961763258,2.7318259474483915,2.8112493809618457,3.542785340333036,8.843519530547733,2.3012689386794474,7.259108794806221,8.170454023627702,9.888665426568743,7.815111550415676,7.6437117230251985,9.269937128335354,2.624774885291571,3.1305497769398714,3.623781194567261,4.647852020693586,4.451398805421389,2.52863543343932,3.485843952849214
6.7468954822592595,6.896959078189623,6.896959078189623,7.073775380954474,7.0616532084945565,6.74856749822996,5.167276647436254,6.692136981855694,5.206150131888375,6.74856749822996,31.73513748540436,31.73513748540436,34.5761526924103,31.73513748540436,34.940383217585634,7.28068865584344,0.0,1.0,15.32821937463876,17.649725991828646,17.64805370948143,7.972494148207208,7.972494148207208,6.59641421235314,11.693315435749511,11.693315435749511,11.693315435749511,17.64805370948143,15.810240112099693,15.810240112099693,17.64805370948143,15.810240112099693,15.810240112099693,15.810240112099693,15.810240112099693,15.810240112099693,15.810240112099693,15.810240112099693,15.810240112099693,8.798489806027721,8.45822520491135,8.45822520491135,8.45822520491135,9.484876373950916,9.423009336423315,9.423009336423315,9.423009336423315,9.423009336423315,9.423009336423315,9.423009336423315,7.60380902137976,6.575514062149527,6.575514062149527,8.816046502108158,7.612169206328642,8.928911084485186,7.37390433561802,3.762412099896087,8.602858354415662,7.821174161941511,35.16452604264221,33.374749328018815,29.552812750385936,30.502004649405716,24.29695314348369,2.220062043032293,2.7508940468737437,3.369506617292369,6.119892374177469,9.476515960203512,11.972144817736348,7.536927578582912,7.536927578582912,3.7707718155295815,9.422173295760851,10.659524658685928,10.659524658685928,15.136749807068156,14.409337556336418,9.735689261261186,14.952805748885202,15.968684790659411,9.012514598859202,9.09193803212346,9.823473989010127,15.124208151026949,8.581957591371093,13.539797425590317,14.451142648679857,16.169354039375236,14.095800177765708,13.924400351454855,15.55062574576811,5.65591377296928,5.150138881729304,4.656907464342678,3.632836638219672,3.8292898535432,5.752053224725429,4.794844706009055
6.7468954822592595,6.896959078189623,6.896959078189623,7.073775380954474,7.0616532084945565,6.74856749822996,5.167276647436254,6.692136981855694,5.206150131888375,6.74856749822996,31.73513748540436,31.73513748540436,34.5761526924103,31.73513748540436,34.940383217585634,7.28068865584344,1.0,0.0,15.32821937463876,17.649725991828646,17.64805370948143,7.972494148207208,7.972494148207208,6.59641421235314,11.693315435749511,11.693315435749511,11.693315435749511,17.64805370948143,15.810240112099693,15.810240112099693,17.64805370948143,15.810240112099693,15.810240112099693,15.810240112099693,15.810240112099693,15.810240112099693,15.810240112099693,15.810240112099693,15.810240112099693,8.798489806027721,8.45822520491135,8.45822520491135,8.45822520491135,9.484876373950916,9.423009336423315,9.423009336423315,9.423009336423315,9.423009336423315,9.423009336423315,9.423009336423315,7.60380902137976,6.575514062149527,6.575514062149527,8.816046502108158,7.612169206328642,8.928911084485186,7.37390433561802,3.762412099896087,8.602858354415662,7.821174161941511,35.16452604264221,33.374749328018815,29.552812750385936,30.502004649405716,24.29695314348369,2.220062043032293,2.7508940468737437,3.369506617292369,6.119892374177469,9.476515960203512,11.972144817736348,7.536927578582912,7.536927578582912,3.7707718155295815,9.422173295760851,10.659524658685928,10.659524658685928,15.136749807068156,14.409337556336418,9.735689261261186,14.952805748885202,15.968684790659411,9.012514598859202,9.09193803212346,9.823473989010127,15.124208151026949,8.581957591371093,13.539797425590317,14.451142648679857,16.169354039375236,14.095800177765708,13.924400351454855,15.55062574576811,5.65591377296928,5.150138881729304,4.656907464342678,3.632836638219672,3.8292898535432,5.752053224725429,4.794844706009055
9.581323928294653,9.43126033265704,9.43126033265704,9.254444030195028,9.266566202635639,9.579651912327394,11.160942758045307,9.636082428583222,11.122069273761662,9.579651912327394,17.406918476973285,17.406918476973285,20.247933786953084,17.406918476973285,20.612164326172856,9.047530755602615,15.32821937463876,15.32821937463876,0.0,3.3215066453045536,3.319834362934273,8.355725263777522,8.355725263777522,9.731805197874259,4.6349039671805645,4.6349039671805645,4.6349039671805645,3.319834362934273,1.4820207426546026,1.4820207426546026,3.319834362934273,1.4820207426546026,1.4820207426546026,1.4820207426546026,1.4820207426546026,1.4820207426546026,1.4820207426546026,1.4820207426546026,1.4820207426546026,7.529729605687248,7.869994207035082,7.869994207035082,7.869994207035082,6.8433430367841614,6.9052100744282106,6.9052100744282106,6.9052100744282106,6.9052100744282106,6.9052100744282106,6.9052100744282106,8.724410390404653,9.752705348029915,9.752705348029915,7.512172909590295,8.716050205462508,7.399308327096375,8.954315075941253,12.565807298018266,7.725361057452985,8.507045249984953,20.836307159967355,19.046530377594014,15.224593670773723,16.17378559990759,9.968733920710859,14.108157343259403,13.577325343809804,12.95871277799058,10.208327034798295,6.851703450547627,4.356074583703803,8.791291833143948,8.791291833143948,12.557447582438307,6.906046115092209,5.668694748781231,5.668694748781231,1.191469569539978,1.9188818272679908,6.5925301489447365,1.3754136295647368,1.6404654229952258,7.315704812623816,7.236281379256514,6.504745420988961,1.204011225708325,7.746261820510678,2.7884219653683546,1.8770767345432935,1.8411346740188907,2.2324192086171752,2.4038190363865217,1.2224063734837916,10.672305634469833,11.178080523677284,11.67131193872264,12.695382758851759,12.498929544796626,10.576166183057857,11.53337469774675
11.902830562580125,11.752766967284398,11.752766967284398,11.575950665218398,11.588072837632096,11.901158546616706,13.48244938840943,11.957589062742615,13.443575904229359,11.901158546616706,15.085411858809481,15.085411858809481,17.926427179898866,15.085411858809481,18.290657720679466,11.369037391080036,17.649725991828646,17.649725991828646,3.3215066453045536,0.0,1.0016722823707367,10.677231900699676,10.677231900699676,12.053311831811554,6.956410609936605,6.956410609936605,6.956410609936605,1.0016722823707367,2.839485902754271,2.839485902754271,1.0016722823707367,2.839485902754271,2.839485902754271,2.839485902754271,2.839485902754271,2.839485902754271,2.839485902754271,2.839485902754271,2.839485902754271,9.851236244186454,10.191500844904125,10.191500844904125,10.191500844904125,9.164849676471421,9.226716714012943,9.226716714012943,9.226716714012943,9.226716714012943,9.226716714012943,9.226716714012943,11.04591702657092,12.074211981918427,12.074211981918427,9.833679548121275,11.037556841646268,9.720814965829875,11.275821711619926,14.887313924399713,10.046867695593223,10.828551886600751,18.51480055544991,16.725023765611365,12.903087045359042,13.852278977509599,7.647227282413795,16.429663964731326,15.898831967034903,15.280219403174726,12.52983366759777,9.173210090221083,6.677581226765556,11.112798469169656,11.112798469169656,14.878954208844835,9.227552754675548,7.990201390243894,7.990201390243894,3.5129762147879173,4.24038847222217,8.914036789038406,3.696920274750159,2.681041222435998,9.637211451505395,9.557788018277245,8.826252061221364,3.525517870952255,10.067768458612033,5.109928609807894,4.1985833795177285,2.4803719714321595,4.553925853406312,4.725325681075651,3.099100271875691,12.99381226610992,13.49958715399563,13.992818567693833,15.01688938484238,14.820436171378235,12.897672814942355,13.854881327100475
11.901158280219466,11.751094684923467,11.751094684923467,11.57427838285715,11.586400555270865,11.899486264256048,13.480777106051908,11.95591678038206,13.441903621871756,11.899486264256048,15.08708414116344,15.08708414116344,17.928099462245374,15.08708414116344,18.292330003024926,11.367365108718419,17.64805370948143,17.64805370948143,3.319834362934273,1.0016722823707367,0.0,10.67555961833688,10.67555961833688,12.05163954945118,6.954738327568875,6.954738327568875,6.954738327568875,1.0,2.837813620383821,2.837813620383821,1.0,2.837813620383821,2.837813620383821,2.837813620383821,2.837813620383821,2.837813620383821,2.837813620383821,2.837813620383821,2.837813620383821,9.849563961822358,10.189828562540551,10.189828562540551,10.189828562540551,9.163177394106336,9.225044431647943,9.225044431647943,9.225044431647943,9.225044431647943,9.225044431647943,9.225044431647943,11.04424474420874,12.072539699558092,12.072539699558092,9.832007265757154,11.035884559284076,9.719142683465588,11.274149429258145,14.885641642045336,10.045195413229425,10.826879604238204,18.516472837794705,16.72669604796119,12.904759327717791,13.853951259866362,7.64889956478079,16.427991682380792,15.897159684682999,15.278547120821292,12.52816138523831,9.171537807856009,6.675908944397551,11.111126186807589,11.111126186807589,14.877281926490442,9.225880472310552,7.988529107877298,7.988529107877298,3.511303932417715,4.238716189852322,8.912364506672976,3.695247992380038,2.6793689400655003,9.635539169140984,9.556115735912716,8.824579778855817,3.523845588582058,10.066096176248266,5.108256327438588,4.19691109714786,2.4786996890616075,4.552253571036646,4.723653398706089,3.097427989505327,12.992139983751382,13.497914871638145,13.991146285337415,15.015217102488315,14.8187638890237,12.896000532583624,13.853209044743757
2.2255986684461515,2.075535072267115,2.075535072267115,1.8987187691887684,1.910840941670886,2.2239266524727688,3.805217504918034,2.280357168936483,3.766344020446576,2.2239266524727688,24.762643595513556,24.762643595513556,27.603658860034304,24.762643595513556,27.967889392993396,1.6918054939048002,7.972494148207208,7.972494148207208,8.355725263777522,10.677231900699676,10.67555961833688,0.0,1.0,2.3760799385856055,4.720821301646723,4.720821301646723,4.720821301646723,10.67555961833688,8.837746005022204,8.837746005022204,10.67555961833688,8.837746005022204,8.837746005022204,8.837746005022204,8.837746005022204,8.837746005022204,8.837746005022204,8.837746005022204,8.837746005022204,1.8259956601047147,1.4857310579888199,1.4857310579888199,1.4857310579888199,2.512382230293791,2.450515192548268,2.450515192548268,2.450515192548268,2.450515192548268,2.450515192548268,2.450515192548268,1.368685127690933,2.3969800888203556,2.3969800888203556,1.8435523562389473,1.3603249427235378,1.9564169389670365,1.5985898139423522,5.210082052437522,1.6303642079079643,1.151319986631754,28.192032222886297,26.40225547062899,22.58031882016835,23.52951073631647,17.324459129901136,6.7524321076654985,6.221600104577647,5.602987534784824,2.8526017773942343,2.5040218165167807,4.999650685085354,1.4355665706340976,1.4355665706340976,5.201722336808292,2.4496791518828793,3.6870305196807354,3.6870305196807354,8.164255694749512,7.436843438717225,2.763195118515295,7.980311635190843,8.996190684861537,2.0400204536069158,2.1194438871283308,2.850979846593696,8.151714038613743,1.6094634448025311,6.5673033021259215,7.478648531355158,9.196859935223452,7.123306057977211,6.951906230509869,8.578131636632301,3.3165803790639896,3.8223552706331687,4.315586688166059,5.339657514041482,5.143204298823141,3.220440927224742,4.177649446476164
