1000.0,1.3151335519970946,1.3151335519970946,1.686447788478941,1.6609912262655686,1.0035112335443723,4.317199557170836,1.1149928510388691,4.235565239758662,1.0035112335443723,53.475308676842445,53.475308676842445,59.4414407132432,53.475308676842445,60.20632482985811,2.1209656665851524,13.068480512744445,13.068480512744445,19.02078024941877,23.895944181418262,23.89243238846088,3.573757203736918,3.573757203736918,1.3160106673199465,11.387481934788282,11.387481934788282,11.387481934788282,23.89243238846088,20.033023804998592,20.033023804998592,23.89243238846088,20.033023804998592,20.033023804998592,20.033023804998592,20.033023804998592,20.033023804998592,20.033023804998592,20.033023804998592,20.033023804998592,5.308348089735145,4.5937924254047005,4.5937924254047005,4.5937924254047005,6.749759886812249,6.6198391075805425,6.6198391075805425,6.6198391075805425,6.6198391075805425,6.6198391075805425,6.6198391075805425,2.7995184356272924,1.3599009828171549,1.3599009828171549,5.345217151610387,2.817074824058279,5.582232775294708,2.3167185945070825,7.267415108026438,4.8975220401906,3.255985231831502,60.67702477101664,56.91849360382145,48.89242666186133,50.885729680164,37.85512133911809,10.506350225769514,9.391603018607436,8.092516621346054,2.316706528942968,6.732203017885166,11.973023639683301,2.659067405450333,2.659067405450333,7.249859705197191,6.618083422183677,9.216521293691493,9.216521293691493,18.618694154853856,17.09112841859533,7.27646695192976,18.232411630150068,20.36575763230806,5.757800156003219,5.924589366363027,7.460814880838838,18.592356676994214,4.853630437675932,15.265094133256975,17.178919113057738,20.787163057611448,16.432699919606144,16.072760282222653,19.48783363194424,3.291061592628181,4.353188865182493,5.388974842318687,7.539523577518997,7.126971825373836,3.089168743724098,5.099306634674805
1.3151335519970946,1000.0,1.0,1.3713142364827726,1.3458576742693045,1.3116223184527263,4.632333109124145,1.430126403035784,4.5506987917140105,1.3116223184527263,53.16017513476177,53.16017513476177,59.126307173549215,53.16017513476177,59.89119129048867,1.8058321145913392,13.383614064198207,13.383614064198207,18.705646698579784,23.580810631297236,23.577298838339278,3.2586236517609413,3.2586236517609413,1.6311442193163166,11.0723483831711,11.0723483831711,11.0723483831711,23.577298838339278,19.717890254294517,19.717890254294517,23.577298838339278,19.717890254294517,19.717890254294517,19.717890254294517,19.717890254294517,19.717890254294517,19.717890254294517,19.717890254294517,19.717890254294517,4.993214537800542,4.278658873450407,4.278658873450407,4.278658873450407,6.434626334928648,6.304705555691726,6.304705555691726,6.304705555691726,6.304705555691726,6.304705555691726,6.304705555691726,2.4843848836399007,1.6750345348133666,1.6750345348133666,5.030083599676899,2.501941272071099,5.267099223368635,2.001585042514779,7.582548659873595,4.582388488244224,2.9408516798503133,60.361891231848965,56.603360063086896,48.57729311812146,50.570596137127175,37.539987792004055,10.821483777427217,9.70673657033896,8.407650173152192,2.631840080932256,6.417069466000853,11.65789008811085,2.3439338534613388,2.3439338534613388,7.564993257045165,6.302949870294791,8.901387741930165,8.901387741930165,18.303560603963337,16.775994867519728,6.9613334000685585,17.91727807921115,20.050624081649957,5.442666604082901,5.609455814448382,7.145681328985953,18.277223126100367,4.538496885728368,14.949960581982316,16.86378556199232,20.472029507012707,16.117566368455982,15.757626731033064,19.17270008116658,3.6061951446035794,4.66832241713489,5.704108394240752,7.854657129353172,7.442105377227481,3.404302295702941,5.414440186606138
1.3151335519970946,1.0,1000.0,1.3713142364827726,1.3458576742693045,1.3116223184527263,4.632333109124145,1.430126403035784,4.5506987917140105,1.3116223184527263,53.16017513476177,53.16017513476177,59.126307173549215,53.16017513476177,59.89119129048867,1.8058321145913392,13.383614064198207,13.383614064198207,18.705646698579784,23.580810631297236,23.577298838339278,3.2586236517609413,3.2586236517609413,1.6311442193163166,11.0723483831711,11.0723483831711,11.0723483831711,23.577298838339278,19.717890254294517,19.717890254294517,23.577298838339278,19.717890254294517,19.717890254294517,19.717890254294517,19.717890254294517,19.717890254294517,19.717890254294517,19.717890254294517,19.717890254294517,4.993214537800542,4.278658873450407,4.278658873450407,4.278658873450407,6.434626334928648,6.304705555691726,6.304705555691726,6.304705555691726,6.304705555691726,6.304705555691726,6.304705555691726,2.4843848836399007,1.6750345348133666,1.6750345348133666,5.030083599676899,2.501941272071099,5.267099223368635,2.001585042514779,7.582548659873595,4.582388488244224,2.9408516798503133,60.361891231848965,56.603360063086896,48.57729311812146,50.570596137127175,37.539987792004055,10.821483777427217,9.70673657033896,8.407650173152192,2.631840080932256,6.417069466000853,11.65789008811085,2.3439338534613388,2.3439338534613388,7.564993257045165,6.302949870294791,8.901387741930165,8.901387741930165,18.303560603963337,16.775994867519728,6.9613334000685585,17.91727807921115,20.050624081649957,5.442666604082901,5.609455814448382,7.145681328985953,18.277223126100367,4.538496885728368,14.949960581982316,16.86378556199232,20.472029507012707,16.117566368455982,15.757626731033064,19.17270008116658,3.6061951446035794,4.66832241713489,5.704108394240752,7.854657129353172,7.442105377227481,3.404302295702941,5.414440186606138
1.686447788478941,1.3713142364827726,1.3713142364827726,1000.0,1.0254565622135057,1.6829365549345878,5.003647345544655,1.801440639517081,4.92201302813716,1.6829365549345878,52.78886090981,52.78886090981,58.75499295139211,52.78886090981,59.519877068711665,1.4345178781100656,13.754928300004394,13.754928300004394,18.33433246340956,23.209496396958635,23.205984604000015,2.8873094152964134,2.8873094152964134,2.002458455796381,10.701034147106371,10.701034147106371,10.701034147106371,23.205984604000015,19.34657601928028,19.34657601928028,23.205984604000015,19.34657601928028,19.34657601928028,19.34657601928028,19.34657601928028,19.34657601928028,19.34657601928028,19.34657601928028,19.34657601928028,4.621900301379668,3.9073446370084297,3.9073446370084297,3.9073446370084297,6.063312098563632,5.933391319320947,5.933391319320947,5.933391319320947,5.933391319320947,5.933391319320947,5.933391319320947,2.1130706471642,2.0463487712931157,2.0463487712931157,4.658769363257232,2.1306270355955945,4.895784986957006,1.6302708060347086,7.953862896160356,4.2110742518106825,2.5695374433805798,59.990577010308385,56.23204583971113,48.20597889122818,50.19928191105643,37.168673561167495,11.192798013481234,10.078050806483233,8.7789644093882,3.0031543174010347,6.045755229635049,11.286575852097112,1.972619616984161,1.972619616984161,7.936307493332944,5.931635633923936,8.530073505701974,8.530073505701974,17.93224636873358,16.404680632076378,6.590019163728388,17.5459638439255,19.6793098466889,5.0713523676775365,5.238141578049214,6.774367092655041,17.905908890866755,4.1671826492935615,14.578646346309782,16.492471326560697,20.100715272120368,15.746252132926708,15.386312495458386,18.801385846067245,3.9775093810531303,5.039636653554217,6.075422630621297,8.225971365623842,7.813419613522301,3.775616532157144,5.785754422998454
1.6609912262655686,1.3458576742693045,1.3458576742693045,1.0254565622135057,1000.0,1.657479992721214,4.978190783335824,1.7759840773037578,4.89655646592814,1.657479992721214,52.81431747123821,52.81431747123821,58.78044951262934,52.81431747123821,59.54533362992292,1.4599744403235126,13.729471737838567,13.729471737838567,18.35978902553484,23.2349529590274,23.231441166068816,2.9127659775088603,2.9127659775088603,1.9770018935831624,10.7264907092922,10.7264907092922,10.7264907092922,23.231441166068816,19.37203258139497,19.37203258139497,23.231441166068816,19.37203258139497,19.37203258139497,19.37203258139497,19.37203258139497,19.37203258139497,19.37203258139497,19.37203258139497,19.37203258139497,4.647356863589296,3.932801199219434,3.932801199219434,3.932801199219434,6.0887686607695795,5.958847881527276,5.958847881527276,5.958847881527276,5.958847881527276,5.958847881527276,5.958847881527276,2.1385272093773344,2.0208922090799235,2.0208922090799235,4.684225925466781,2.156083597808717,4.921241549166028,1.655727368248093,7.928406333960992,4.236530814021139,2.5949940055933505,60.01603357150348,56.25750240103165,48.231435452789036,50.2247384725611,37.19413012299758,11.16734145129816,10.052594244293855,8.753507847192399,2.9776977551886916,6.071211791841049,11.312032414279507,1.998076179197382,1.998076179197382,7.910850931133509,5.95709219613027,8.555530067898792,8.555530067898792,17.9577029308629,16.430137194220183,6.615475725932685,17.57142040605861,19.704766408799973,5.096808929886149,5.263598140257418,6.79982365485872,17.931365452996335,4.1926392115040985,14.604102908469114,16.51792788870371,20.126171834226778,15.77170869507634,15.411769057611096,18.826842408187712,3.9520528188422035,5.0141800913454695,6.049966068415316,8.200514803425609,7.78796305132237,3.7501599699458783,5.760297860791636
1.0035112335443723,1.3116223184527263,1.3116223184527263,1.6829365549345878,1.657479992721214,1000.0,4.320710790714762,1.1185040845832408,4.23907647330261,1.0,53.471797443409216,53.471797443409216,59.43792947983665,53.471797443409216,60.2028135964552,2.1174544330408303,13.071991746282915,13.071991746282915,19.01726901588753,23.89243294789508,23.888921154937698,3.5702459701928144,3.5702459701928144,1.3195219008643146,11.383970701248275,11.383970701248275,11.383970701248275,23.888921154937698,20.029512571468864,20.029512571468864,23.888921154937698,20.029512571468864,20.029512571468864,20.029512571468864,20.029512571468864,20.029512571468864,20.029512571468864,20.029512571468864,20.029512571468864,5.304836856191524,4.59028119186085,4.59028119186085,4.59028119186085,6.746248653269214,6.616327874037447,6.616327874037447,6.616327874037447,6.616327874037447,6.616327874037447,6.616327874037447,2.79600720208305,1.3634122163615219,1.3634122163615219,5.3417059180667765,2.81356359051404,5.578721541751184,2.3132073609627803,7.2709263415692185,4.894010806646842,3.252473998287335,60.67351353761595,56.91498237040326,48.888915428409554,50.88221844672008,37.85161010562859,10.509861459310223,9.395114252148955,8.096027854888387,2.32021776248727,6.728691784342122,11.9695124061438,2.655556171906072,2.655556171906072,7.25337093873998,6.614572188640582,9.21301006014985,9.21301006014985,18.615182921322038,17.087617185061426,7.272955718386981,18.2289003966177,20.36224639877885,5.754288922459763,5.921078132819636,7.457303647296155,18.588845443462354,4.850119204132159,15.261582899720832,17.175407879523945,20.783651824082906,16.429188686071402,16.06924904868747,19.48432239841369,3.2945728261723404,4.35670009872641,5.392486075862278,7.543034811061635,7.130483058916687,3.0926799772682934,5.102817868218495
4.317199557170836,4.632333109124145,4.632333109124145,5.003647345544655,4.978190783335824,4.320710790714762,1000.0,4.202206706146052,1.081634317422279,4.320710790714762,56.792508122338916,56.792508122338916,62.758640132787576,56.792508122338916,63.52352424588023,5.438165223565699,9.751280959616134,9.751280959616134,22.337979791895144,27.213143715659804,27.209631922709004,6.890956760327871,6.890956760327871,4.0011888898871675,14.704681486516801,14.704681486516801,14.704681486516801,27.209631922709004,23.350223345914205,23.350223345914205,27.209631922709004,23.350223345914205,23.350223345914205,23.350223345914205,23.350223345914205,23.350223345914205,23.350223345914205,23.350223345914205,23.350223345914205,8.62554764564958,7.910991981625682,7.910991981625682,7.910991981625682,10.066959441989548,9.937038662830794,9.937038662830794,9.937038662830794,9.937038662830794,9.937038662830794,9.937038662830794,6.116717992445958,3.957298574394394,3.957298574394394,8.662416707507946,6.134274380872289,8.899432331081297,5.633918151444542,3.950215551563116,8.21472159628605,6.573184788521461,63.99422418484915,60.235693034669666,52.20962612545969,54.20292913608485,41.17232083976764,7.189150670850393,6.07440346306617,4.775317065199845,3.0004930283286315,10.049402573072397,15.29022319085959,5.976266962305395,5.976266962305395,3.9326601487276878,9.935282977434905,12.533720847238953,12.533720847238953,21.935893697928513,20.4083279638305,10.593666506798094,21.54961117378788,23.682957172693573,9.07499971170484,9.241788921981748,10.778014435594022,21.909556220107625,8.170829993789956,18.58229368084121,20.496118658173565,24.104362597313482,19.749899465717668,19.38995982879927,22.805033173710182,2.026137964632593,1.0359893080162736,2.071775285327827,4.222324021154494,3.8097722688617295,2.228030813544885,1.7821070776266321
1.1149928510388691,1.430126403035784,1.430126403035784,1.801440639517081,1.7759840773037578,1.1185040845832408,4.202206706146052,1000.0,4.120572388733182,1.1185040845832408,53.59030152423287,53.59030152423287,59.55643355975931,53.59030152423287,60.321317676255376,2.2359585176221843,12.95348766189696,12.95348766189696,19.135773100024764,24.01093703175949,24.007425238802327,3.6887500547666137,3.6887500547666137,1.2010178162811616,11.502474785682598,11.502474785682598,11.502474785682598,24.007425238802327,20.14801665555478,20.14801665555478,24.007425238802327,20.14801665555478,20.14801665555478,20.14801665555478,20.14801665555478,20.14801665555478,20.14801665555478,20.14801665555478,20.14801665555478,5.423340940748754,4.708785276425902,4.708785276425902,4.708785276425902,6.864752737806426,6.734831958576695,6.734831958576695,6.734831958576695,6.734831958576695,6.734831958576695,6.734831958576695,2.914511286661594,1.2449081317784025,1.2449081317784025,5.460210002623567,2.932067675092494,5.697225626305048,2.4317114455434528,7.152422257038707,5.01251489120874,3.3709780828632803,60.79201761733999,57.033486450718684,49.007419509859794,51.00072252790479,37.97011418835411,10.391357374849063,9.27661016766069,7.977523770372818,2.2017136779061968,6.847195868879612,12.08801649056096,2.7740602564853,2.7740602564853,7.1348668542091715,6.733076273179858,9.331514144639643,9.331514144639643,18.73368700547888,17.20612126928877,7.391459802915462,18.347404480792974,20.480750482847284,5.87279300701136,6.039582217369001,7.575807731821402,18.707349527620472,4.968623288694528,15.38008698402409,17.29391196374741,20.90215590812877,16.547692770327167,16.18775313295827,19.60282648252759,3.1760687415959223,4.238196014158023,5.273981991304693,7.4245307265358464,7.011978974383819,2.9741758926906976,4.984313783657594
4.235565239758662,4.5506987917140105,4.5506987917140105,4.92201302813716,4.89655646592814,4.23907647330261,1.081634317422279,4.120572388733182,1000.0,4.23907647330261,56.71087380783483,56.71087380783483,62.67700581894035,56.71087380783483,63.441889932122,5.356530906161622,9.832915276965586,9.832915276965586,22.256345474899486,27.131509398881654,27.12799760593068,6.80932244293781,6.80932244293781,3.9195545724731384,14.623047169270201,14.623047169270201,14.623047169270201,27.12799760593068,23.268589028960047,23.268589028960047,27.12799760593068,23.268589028960047,23.268589028960047,23.268589028960047,23.268589028960047,23.268589028960047,23.268589028960047,23.268589028960047,23.268589028960047,8.54391332828145,7.829357664247832,7.829357664247832,7.829357664247832,9.98532512464395,9.855404345483004,9.855404345483004,9.855404345483004,9.855404345483004,9.855404345483004,9.855404345483004,6.035083675047932,3.875664256980122,3.875664256980122,8.580782390140342,6.052640063474431,8.817798013717148,5.5522838340421234,4.03184986897697,8.133087278912214,6.491550471127994,63.91258987114624,60.15405872053655,52.127991810496184,54.121294821316354,41.0906865238587,7.270784988236111,6.156037780463805,4.8569513826084085,2.918858710909967,9.967768255726503,15.208588873628365,5.894632644906046,5.894632644906046,4.014294466141642,9.853648660087087,12.452086529940981,12.452086529940981,21.85425938091691,20.32669364676108,10.512032189461701,21.46797685676124,23.601322855753473,8.993365394343318,9.160154604622774,10.696380118260977,21.827921903094992,8.089195676415532,18.500659363708415,20.41448434110735,24.02272828039148,19.66826514862467,19.30832551169373,22.723398856733432,1.9445036472112265,1.1176236254385488,2.1534096027489418,4.303958338566746,3.891406586276357,2.146396496123932,1.8637413950482749
1.0035112335443723,1.3116223184527263,1.3116223184527263,1.6829365549345878,1.657479992721214,1.0,4.320710790714762,1.1185040845832408,4.23907647330261,1000.0,53.471797443409216,53.471797443409216,59.43792947983665,53.471797443409216,60.2028135964552,2.1174544330408303,13.071991746282915,13.071991746282915,19.01726901588753,23.89243294789508,23.888921154937698,3.5702459701928144,3.5702459701928144,1.3195219008643146,11.383970701248275,11.383970701248275,11.383970701248275,23.888921154937698,20.029512571468864,20.029512571468864,23.888921154937698,20.029512571468864,20.029512571468864,20.029512571468864,20.029512571468864,20.029512571468864,20.029512571468864,20.029512571468864,20.029512571468864,5.304836856191524,4.59028119186085,4.59028119186085,4.59028119186085,6.746248653269214,6.616327874037447,6.616327874037447,6.616327874037447,6.616327874037447,6.616327874037447,6.616327874037447,2.79600720208305,1.3634122163615219,1.3634122163615219,5.3417059180667765,2.81356359051404,5.578721541751184,2.3132073609627803,7.2709263415692185,4.894010806646842,3.252473998287335,60.67351353761595,56.91498237040326,48.888915428409554,50.88221844672008,37.85161010562859,10.509861459310223,9.395114252148955,8.096027854888387,2.32021776248727,6.728691784342122,11.9695124061438,2.655556171906072,2.655556171906072,7.25337093873998,6.614572188640582,9.21301006014985,9.21301006014985,18.615182921322038,17.087617185061426,7.272955718386981,18.2289003966177,20.36224639877885,5.754288922459763,5.921078132819636,7.457303647296155,18.588845443462354,4.850119204132159,15.261582899720832,17.175407879523945,20.783651824082906,16.429188686071402,16.06924904868747,19.48432239841369,3.2945728261723404,4.35670009872641,5.392486075862278,7.543034811061635,7.130483058916687,3.0926799772682934,5.102817868218495
53.475308676842445,53.16017513476177,53.16017513476177,52.78886090981,52.81431747123821,53.471797443409216,56.792508122338916,53.59030152423287,56.71087380783483,53.471797443409216,1000.0,1.0,6.966132246089728,1.0,7.731016392674077,52.35434304498465,65.54378871934915,65.54378871934915,35.454528801643896,30.579364903499908,30.582876696443222,50.90155155057846,50.90155155057846,53.79131933409771,43.087827005658504,43.087827005658504,43.087827005658504,30.582876696443222,34.44228525545165,34.44228525545165,30.582876696443222,34.44228525545165,34.44228525545165,34.44228525545165,34.44228525545165,34.44228525545165,34.44228525545165,34.44228525545165,34.44228525545165,49.16696071227374,49.88151635739781,49.88151635739781,49.88151635739781,47.72554895206126,47.85546972807319,47.85546972807319,47.85546972807319,47.85546972807319,47.85546972807319,47.85546972807319,51.675790296225365,53.83520964818749,53.83520964818749,49.13009165137274,51.658233908311765,48.89307603391217,52.1585901229712,59.74272356268247,49.57778675085122,51.219323513352194,8.20171635262391,4.443185042786494,5.582882147054172,3.589579074404669,16.620187684342262,62.981658546958045,61.866911387166056,60.56782504320839,54.79201516305215,47.743105820554426,42.502285311740096,51.81624132224976,51.81624132224976,59.725168160542026,47.857225413426406,45.25878760244356,45.25878760244356,35.85661489213681,37.38418061114703,47.198841899787865,36.24289741274493,34.10955143095802,48.71750865777007,48.55071945171384,47.01449397529502,35.88295236972292,49.621678352182144,39.210214872171626,37.296389917752165,33.688146009029225,38.042609101833165,38.40254873445646,34.98747542360348,55.766370193764196,56.82849742906594,57.86428336855809,60.01483202145121,59.60228028552968,55.564477351786756,57.574615171572596
53.475308676842445,53.16017513476177,53.16017513476177,52.78886090981,52.81431747123821,53.471797443409216,56.792508122338916,53.59030152423287,56.71087380783483,53.471797443409216,1.0,1000.0,6.966132246089728,1.0,7.731016392674077,52.35434304498465,65.54378871934915,65.54378871934915,35.454528801643896,30.579364903499908,30.582876696443222,50.90155155057846,50.90155155057846,53.79131933409771,43.087827005658504,43.087827005658504,43.087827005658504,30.582876696443222,34.44228525545165,34.44228525545165,30.582876696443222,34.44228525545165,34.44228525545165,34.44228525545165,34.44228525545165,34.44228525545165,34.44228525545165,34.44228525545165,34.44228525545165,49.16696071227374,49.88151635739781,49.88151635739781,49.88151635739781,47.72554895206126,47.85546972807319,47.85546972807319,47.85546972807319,47.85546972807319,47.85546972807319,47.85546972807319,51.675790296225365,53.83520964818749,53.83520964818749,49.13009165137274,51.658233908311765,48.89307603391217,52.1585901229712,59.74272356268247,49.57778675085122,51.219323513352194,8.20171635262391,4.443185042786494,5.582882147054172,3.589579074404669,16.620187684342262,62.981658546958045,61.866911387166056,60.56782504320839,54.79201516305215,47.743105820554426,42.502285311740096,51.81624132224976,51.81624132224976,59.725168160542026,47.857225413426406,45.25878760244356,45.25878760244356,35.85661489213681,37.38418061114703,47.198841899787865,36.24289741274493,34.10955143095802,48.71750865777007,48.55071945171384,47.01449397529502,35.88295236972292,49.621678352182144,39.210214872171626,37.296389917752165,33.688146009029225,38.042609101833165,38.40254873445646,34.98747542360348,55.766370193764196,56.82849742906594,57.86428336855809,60.01483202145121,59.60228028552968,55.564477351786756,57.574615171572596
59.4414407132432,59.126307173549215,59.126307173549215,58.75499295139211,58.78044951262934,59.43792947983665,62.758640132787576,59.55643355975931,62.67700581894035,59.43792947983665,6.966132246089728,6.966132246089728,1000.0,6.966132246089728,1.764884146935253,58.32047508981304,71.50992065406162,71.50992065406162,41.42066095260147,36.545497077787616,36.54900887071529,56.86768360607204,56.86768360607204,59.757451368091395,49.05395911353741,49.05395911353741,49.05395911353741,36.54900887071529,40.40841741152142,40.40841741152142,36.54900887071529,40.40841741152142,40.40841741152142,40.40841741152142,40.40841741152142,40.40841741152142,40.40841741152142,40.40841741152142,40.40841741152142,55.13309278012112,55.847648420206205,55.847648420206205,55.847648420206205,53.691681029859744,53.82160180498646,53.82160180498646,53.82160180498646,53.82160180498646,53.82160180498646,53.82160180498646,57.64192234607123,59.80134168184578,59.80134168184578,55.09622371947821,57.624365958286624,54.85920810367237,58.12472216925355,65.70885554877768,55.54391881581009,57.18545556653775,2.2355841071406513,3.5229472038954195,11.549014389846832,9.555711318983565,22.586319907422823,68.94779050493615,67.83304335498433,66.53395702227805,60.758147189332895,53.70923789823343,48.46841742320677,57.78237337106229,57.78237337106229,65.69130014678566,53.82335749032771,51.22491969660942,51.22491969660942,41.82274704102471,43.350312751969824,53.16497398115137,42.209029559623616,40.075683588677535,54.683640728750994,54.516851523850534,52.98062605789726,41.84908451847449,55.587810416831026,45.176347002933326,43.26252205904714,39.65427816881634,44.0087412390809,44.368680869724685,40.95360757693732,61.73250221240261,62.79462943922476,63.83041537029804,65.98096400523984,65.56841227281139,61.530609372019434,63.54074717568184
53.475308676842445,53.16017513476177,53.16017513476177,52.78886090981,52.81431747123821,53.471797443409216,56.792508122338916,53.59030152423287,56.71087380783483,53.471797443409216,1.0,1.0,6.966132246089728,1000.0,7.731016392674077,52.35434304498465,65.54378871934915,65.54378871934915,35.454528801643896,30.579364903499908,30.582876696443222,50.90155155057846,50.90155155057846,53.79131933409771,43.087827005658504,43.087827005658504,43.087827005658504,30.582876696443222,34.44228525545165,34.44228525545165,30.582876696443222,34.44228525545165,34.44228525545165,34.44228525545165,34.44228525545165,34.44228525545165,34.44228525545165,34.44228525545165,34.44228525545165,49.16696071227374,49.88151635739781,49.88151635739781,49.88151635739781,47.72554895206126,47.85546972807319,47.85546972807319,47.85546972807319,47.85546972807319,47.85546972807319,47.85546972807319,51.675790296225365,53.83520964818749,53.83520964818749,49.13009165137274,51.658233908311765,48.89307603391217,52.1585901229712,59.74272356268247,49.57778675085122,51.219323513352194,8.20171635262391,4.443185042786494,5.582882147054172,3.589579074404669,16.620187684342262,62.981658546958045,61.866911387166056,60.56782504320839,54.79201516305215,47.743105820554426,42.502285311740096,51.81624132224976,51.81624132224976,59.725168160542026,47.857225413426406,45.25878760244356,45.25878760244356,35.85661489213681,37.38418061114703,47.198841899787865,36.24289741274493,34.10955143095802,48.71750865777007,48.55071945171384,47.01449397529502,35.88295236972292,49.621678352182144,39.210214872171626,37.296389917752165,33.688146009029225,38.042609101833165,38.40254873445646,34.98747542360348,55.766370193764196,56.82849742906594,57.86428336855809,60.01483202145121,59.60228028552968,55.564477351786756,57.574615171572596
60.20632482985811,59.89119129048867,59.89119129048867,59.519877068711665,59.54533362992292,60.2028135964552,63.52352424588023,60.321317676255376,63.441889932122,60.2028135964552,7.731016392674077,7.731016392674077,1.764884146935253,7.731016392674077,1000.0,59.08535920757435,72.27480475692983,72.27480475692983,42.185545084962996,37.31038121342688,37.313893006352345,57.63256772528612,57.63256772528612,60.522335484379134,49.81884323992709,49.81884323992709,49.81884323992709,37.313893006352345,41.17330154459787,41.17330154459787,37.313893006352345,41.17330154459787,41.17330154459787,41.17330154459787,41.17330154459787,41.17330154459787,41.17330154459787,41.17330154459787,41.17330154459787,55.89797690102104,56.61253254041809,56.61253254041809,56.61253254041809,54.45656515212023,54.58648592712581,54.58648592712581,54.58648592712581,54.58648592712581,54.58648592712581,54.58648592712581,58.40680646451574,60.566225798087935,60.566225798087935,55.8611078404134,58.389250076748695,55.62409222483362,58.8896062872128,66.47373965857459,56.30880293631552,57.95033968543725,1.4706999602104782,4.2878313507582035,12.313898535738934,10.320595465221912,23.351204050138573,69.71267461093781,68.59792746231312,67.29884113112574,61.52303130457293,54.47412202047756,49.233301550090864,58.54725748936604,58.54725748936604,66.45618425660263,54.588241612465396,51.989803821113355,51.989803821113355,42.58763117309725,44.115196882918525,53.92985810389986,42.97391369141583,40.840567721985074,55.448524850079096,55.28173564533661,53.74551018081541,42.61396865052798,56.35269453729413,45.941231132484766,44.02740619006155,40.41916230241373,44.77362536953253,45.13356499990138,41.718491709630946,62.497386326605564,63.55951355227812,64.59529948221116,66.745848114725,66.33329638276865,62.29549348643867,64.30563128791576
2.1209656665851524,1.8058321145913392,1.8058321145913392,1.4345178781100656,1.4599744403235126,2.1174544330408303,5.438165223565699,2.2359585176221843,5.356530906161622,2.1174544330408303,52.35434304498465,52.35434304498465,58.32047508981304,52.35434304498465,59.08535920757435,1000.0,14.189446177271222,14.189446177271222,17.89981458676549,22.77497852126807,22.771466728308678,2.4527915372000804,2.4527915372000804,2.4369763338992305,10.266516269446349,10.266516269446349,10.266516269446349,22.771466728308678,18.912058142814665,18.912058142814665,22.771466728308678,18.912058142814665,18.912058142814665,18.912058142814665,18.912058142814665,18.912058142814665,18.912058142814665,18.912058142814665,18.912058142814665,4.187382423327415,3.47282675893437,3.47282675893437,3.47282675893437,5.6287942205709305,5.498873441322024,5.498873441322024,5.498873441322024,5.498873441322024,5.498873441322024,5.498873441322024,1.678552769057918,2.480866649395419,2.480866649395419,4.224251485206244,1.6961091574894713,4.461267108914468,1.1957529279252612,8.388380774012973,3.776556373745268,2.1350195652794364,59.556059149445794,55.797527976716154,47.77146102414934,49.76476404493209,36.73415568951873,11.627315891048422,10.512568684160538,9.213482287178097,3.4376721954866385,5.611237351641498,10.852057974494393,1.5381017388767169,1.5381017388767169,8.370825371186825,5.497117755924929,8.09555562785943,8.09555562785943,17.497728492021466,15.970162755120473,6.155501285762634,17.111445967149535,19.24479197028418,4.636834489641622,4.803623700019876,6.339849214699375,17.47139101415024,3.732664771226839,14.144128469093063,16.057953449618175,19.66619739579436,15.311734255872919,14.951794618352917,18.36686796950424,4.4120272591123,5.474154531573729,6.5099405085912485,8.66048924345653,8.247937491384917,4.2101344102225715,6.22027230098335
13.068480512744445,13.383614064198207,13.383614064198207,13.754928300004394,13.729471737838567,13.071991746282915,9.751280959616134,12.95348766189696,9.832915276965586,13.071991746282915,65.54378871934915,65.54378871934915,71.50992065406162,65.54378871934915,72.27480475692983,14.189446177271222,1000.0,1.0,31.089260686741394,35.96442458284015,35.960912789911006,15.642237711235136,15.642237711235136,12.752469845941594,23.455962415073973,23.455962415073973,23.455962415073973,35.960912789911006,32.10150423540936,32.10150423540936,35.960912789911006,32.10150423540936,32.10150423540936,32.10150423540936,32.10150423540936,32.10150423540936,32.10150423540936,32.10150423540936,32.10150423540936,17.376828592658217,16.66227293031384,16.66227293031384,16.66227293031384,18.818240385296924,18.688319606488957,18.688319606488957,18.688319606488957,18.688319606488957,18.688319606488957,18.688319606488957,14.867998944897495,12.708579530514008,12.708579530514008,17.413697654427132,14.88555533329015,17.65071327741889,14.385199104797842,6.801065409781781,16.96600254427289,15.324465740077171,72.74550468954864,68.9869735888395,60.960906775810464,62.954209763752004,49.92360160131575,3.5621302903678145,4.676877498434861,5.975963896313974,11.751773985772683,18.800683516427377,24.041504117246333,14.727547915024113,14.727547915024113,6.818620812612121,18.686563921097786,21.28500178324045,21.28500178324045,30.68717459484313,29.159608868306478,19.34494744864849,30.300892072658925,32.434238060384764,17.826280657604322,17.993069867459266,19.529295376921265,30.66083711715659,16.922110941879293,27.333574593739662,29.247399562227702,32.85564348268799,28.50118037330799,28.141240738055195,31.556314066113032,10.777418923235485,9.715291651631537,8.679505675119625,6.528956940261311,6.94150869244072,10.979311771923399,8.969173882619014
13.068480512744445,13.383614064198207,13.383614064198207,13.754928300004394,13.729471737838567,13.071991746282915,9.751280959616134,12.95348766189696,9.832915276965586,13.071991746282915,65.54378871934915,65.54378871934915,71.50992065406162,65.54378871934915,72.27480475692983,14.189446177271222,1.0,1000.0,31.089260686741394,35.96442458284015,35.960912789911006,15.642237711235136,15.642237711235136,12.752469845941594,23.455962415073973,23.455962415073973,23.455962415073973,35.960912789911006,32.10150423540936,32.10150423540936,35.960912789911006,32.10150423540936,32.10150423540936,32.10150423540936,32.10150423540936,32.10150423540936,32.10150423540936,32.10150423540936,32.10150423540936,17.376828592658217,16.66227293031384,16.66227293031384,16.66227293031384,18.818240385296924,18.688319606488957,18.688319606488957,18.688319606488957,18.688319606488957,18.688319606488957,18.688319606488957,14.867998944897495,12.708579530514008,12.708579530514008,17.413697654427132,14.88555533329015,17.65071327741889,14.385199104797842,6.801065409781781,16.96600254427289,15.324465740077171,72.74550468954864,68.9869735888395,60.960906775810464,62.954209763752004,49.92360160131575,3.5621302903678145,4.676877498434861,5.975963896313974,11.751773985772683,18.800683516427377,24.041504117246333,14.727547915024113,14.727547915024113,6.818620812612121,18.686563921097786,21.28500178324045,21.28500178324045,30.68717459484313,29.159608868306478,19.34494744864849,30.300892072658925,32.434238060384764,17.826280657604322,17.993069867459266,19.529295376921265,30.66083711715659,16.922110941879293,27.333574593739662,29.247399562227702,32.85564348268799,28.50118037330799,28.141240738055195,31.556314066113032,10.777418923235485,9.715291651631537,8.679505675119625,6.528956940261311,6.94150869244072,10.979311771923399,8.969173882619014
19.02078024941877,18.705646698579784,18.705646698579784,18.33433246340956,18.35978902553484,19.01726901588753,22.337979791895144,19.135773100024764,22.256345474899486,19.01726901588753,35.454528801643896,35.454528801643896,41.42066095260147,35.454528801643896,42.185545084962996,17.89981458676549,31.089260686741394,31.089260686741394,1000.0,5.875163955139563,5.871652162161973,16.447023053932796,16.447023053932796,19.336790915535943,8.633298331079185,8.633298331079185,8.633298331079185,5.871652162161973,2.0122435595746655,2.0122435595746655,5.871652162161973,2.0122435595746655,2.0122435595746655,2.0122435595746655,2.0122435595746655,2.0122435595746655,2.0122435595746655,2.0122435595746655,2.0122435595746655,14.712432171943219,15.426987834773673,15.426987834773673,15.426987834773673,13.271020377246739,13.400941156299242,13.400941156299242,13.400941156299242,13.400941156299242,13.400941156299242,13.400941156299242,17.221261819849772,19.38068123086282,19.38068123086282,14.675563110139619,17.20370543147127,14.438547486902387,17.704061659476633,25.288195325838355,15.123258220651266,16.7647950249684,42.65624503593144,38.89771379294743,30.871646708624816,32.86494975980593,19.834341233492804,28.527130420844745,27.412383222000585,26.11329683378022,20.337486773076417,13.288577246150016,8.047756625777986,17.361712849602288,17.361712849602288,25.27063992312044,13.402696841693636,10.804258972440586,10.804258972440586,1.4020860960339536,2.9296518372627807,12.744313312783948,1.7883686220859474,2.344977388289974,14.26298010651001,14.09619089643868,12.559965384076818,1.4284235739874829,15.167149823072423,4.7556861272735445,2.841861142540916,2.7663828154396706,3.588080338096068,3.948019976411695,1.467053384315962,21.311841832386648,22.373969099722295,23.40975507131754,25.56030379358869,25.147752044072913,21.1099489844215,23.12008686526817
23.895944181418262,23.580810631297236,23.580810631297236,23.209496396958635,23.2349529590274,23.89243294789508,27.213143715659804,24.01093703175949,27.131509398881654,23.89243294789508,30.579364903499908,30.579364903499908,36.545497077787616,30.579364903499908,37.31038121342688,22.77497852126807,35.96442458284015,35.96442458284015,5.875163955139563,1000.0,1.003511792978547,21.32218699146932,21.32218699146932,24.21195484680426,13.50846228086687,13.50846228086687,13.50846228086687,1.003511792978547,4.86292039578397,4.86292039578397,1.003511792978547,4.86292039578397,4.86292039578397,4.86292039578397,4.86292039578397,4.86292039578397,4.86292039578397,4.86292039578397,4.86292039578397,19.58759611279155,20.30215177429866,20.30215177429866,20.30215177429866,18.146184320589985,18.27610509942718,18.27610509942718,18.27610509942718,18.27610509942718,18.27610509942718,18.27610509942718,22.096425755798933,24.255845162028695,24.255845162028695,19.550727051054675,22.07886936745716,19.313711428242737,22.579225594401848,30.163359241239394,19.99842216074577,21.639958961861577,37.78108116644481,34.02254990778386,25.996482795253986,27.989785852770154,14.959177293068967,33.402294325935785,32.28754713077329,30.988460746666924,25.21265070195532,18.163741189464275,12.922920576207666,22.23687678525627,22.23687678525627,30.145803838574153,18.277860784818653,15.679422919512175,15.679422919512175,6.277250051054625,7.804815791666556,17.619477256980648,6.663532576975334,4.530186567115596,19.13814404816133,18.971354838382215,17.435129328564866,6.303587528999735,20.042313763085268,9.630850080596577,7.71702509698723,4.108781140007535,8.463244292153256,8.823183930258864,5.40811057093895,26.18700575883083,27.249133023390822,28.28491899215705,30.435467708168993,30.022915959894295,25.98511291137895,27.995250786910997
23.89243238846088,23.577298838339278,23.577298838339278,23.205984604000015,23.231441166068816,23.888921154937698,27.209631922709004,24.007425238802327,27.12799760593068,23.888921154937698,30.582876696443222,30.582876696443222,36.54900887071529,30.582876696443222,37.313893006352345,22.771466728308678,35.960912789911006,35.960912789911006,5.871652162161973,1.003511792978547,1000.0,21.318675198507446,21.318675198507446,24.20844305384747,13.504950487894638,13.504950487894638,13.504950487894638,1.0,4.859408602806024,4.859408602806024,1.0,4.859408602806024,4.859408602806024,4.859408602806024,4.859408602806024,4.859408602806024,4.859408602806024,4.859408602806024,4.859408602806024,19.58408431982695,20.298639981335157,20.298639981335157,20.298639981335157,18.142672527623304,18.27259330646068,18.27259330646068,18.27259330646068,18.27259330646068,18.27259330646068,18.27259330646068,22.092913962838352,24.252333369071994,24.252333369071994,19.547215258090024,22.075357574496557,19.31019963527773,22.575713801442102,30.159847448295203,19.99491036778179,21.636447168900233,37.78459295936888,34.0260617007185,25.99999458820736,27.99329764571936,14.962689086039658,33.39878253299966,32.2840353378343,30.98494895372471,25.209138909000448,18.160229396497616,12.919408783234855,22.233364992295932,22.233364992295932,30.142292045629926,18.274348991852158,15.675911126542326,15.675911126542326,6.273738258077201,7.801303998689876,17.61596546401325,6.660020783998079,4.52667477413755,19.134632255196067,18.967843045416704,17.43161753559722,6.300075736022321,20.038801970121355,9.627338287621036,7.713513304010504,4.105269347029376,8.459732499176955,8.819672137282787,5.404598777961187,26.1834939658779,27.2456212304401,28.28140719920857,30.43195591522546,30.019404166949766,25.981601118425612,27.991738993961885
3.573757203736918,3.2586236517609413,3.2586236517609413,2.8873094152964134,2.9127659775088603,3.5702459701928144,6.890956760327871,3.6887500547666137,6.80932244293781,3.5702459701928144,50.90155155057846,50.90155155057846,56.86768360607204,50.90155155057846,57.63256772528612,2.4527915372000804,15.642237711235136,15.642237711235136,16.447023053932796,21.32218699146932,21.318675198507446,1000.0,1.0,3.889767871029771,8.813724733458116,8.813724733458116,8.813724733458116,21.318675198507446,17.459266610546628,17.459266610546628,21.318675198507446,17.459266610546628,17.459266610546628,17.459266610546628,17.459266610546628,17.459266610546628,17.459266610546628,17.459266610546628,17.459266610546628,2.7345908862199004,2.0200352217765216,2.0200352217765216,2.0200352217765216,4.17600268361696,4.046081904351363,4.046081904351363,4.046081904351363,4.046081904351363,4.046081904351363,4.046081904351363,1.7742387681509593,3.9336581865227473,3.9336581865227473,2.771459948101789,1.7566823797194293,3.0084755718307767,2.25703860927894,9.841172310118795,2.3237648366067254,1.3177719719266834,58.10326766806123,54.344736488320876,46.31866952235353,48.311972546264585,35.28136417279239,13.080107426097548,11.965360219613057,10.66627382304813,4.890463732527891,4.158445814685239,9.399266438679241,1.914689798331605,1.914689798331605,9.823616907297412,4.044326218954046,6.6427640913295445,6.6427640913295445,16.044936958973974,14.51737122130617,4.7027097488821195,15.65865443390077,17.79200043820923,3.1840429525745226,3.3508321629694944,4.887057677846761,16.018599481088863,2.279873234085316,12.691336934464434,14.605161915845832,18.21340586396925,13.858942721752141,13.499003084070726,16.914076436927832,5.864818796034378,6.926946068329654,7.962732045148724,10.113280779487113,9.700729027528595,5.662925947171957,7.673063837599944
