0.0,9.929355096394815,11.621290493273143,15.335755473097937,15.36772749948688,1.0,1.0727308313363508,1.1717954441969425,43.43154934594058,44.34294673508961,43.53692729522573,44.63650246892176,30.831617203677244,30.329542828714825,68.22392505664801,68.09672932949152,68.56541034220376,33.36719920628235,33.153955546666495,29.103664499402097,40.62527399244725,39.849390655549,42.15385031764191,40.05825762213446,33.38958845851297,31.081713260416386,31.081713260416386,26.551147557026574,26.551147557026574,24.020643658407163,24.152341207266595,26.551147557026574,24.152341207266595,24.152341207266595,60.66960392258983,60.902708412146076,60.87701681426737,60.87701681426737,60.902708412146076,66.8335356179202,48.14321853475746,48.14321853475746,48.14321853475746,48.14321853475746,57.45997696975922,57.17861285062722,57.4486973539951,54.53851505647077,57.17861285062722,57.17861285062722,9.705500383961342,10.527300074152254,16.470442862732078,5.492913056826878,9.956790415536666,1.6106902204768843,1.3097336002204651,3.5167693085942644,49.08510363911975,43.872506604415136,44.393127142929764,51.1049777283254,28.22406311354785,45.4978745022423,75.23761678416002,73.09483883898928,73.84043039383943,28.80701737902346,29.509439010066718,25.389052147301175,42.50510619754722,47.065269289018495,43.514973546873605,42.19775723690188,32.154173399831826,19.297703276479325,15.128877414545395,25.16328230412764,19.795123416087172,19.50665553629753,7.197357714032015,25.702622197686548,3.328667824341754,10.570823825012248,71.89812173832502,66.22762319455022,66.12110254347108,64.0783910162635,64.20997795364951,66.89807416569265,62.48680231320982,53.569689286183284,53.76395650635641,50.812308437343326,59.82992207051665,67.66250824532418,58.037742296656226,57.642957230079766,56.66538767057176,56.66538767057176
9.929355096394815,0.0,20.550645547738267,24.26511050212839,24.297082528274153,9.929355096394815,10.002085927599067,9.75755965250142,34.50219453544448,35.413591938658485,34.60757248633889,35.707147677091605,39.76097206625222,39.25889769821132,77.1532791149396,77.02608339148782,77.49476439051645,24.437844262574504,24.22460060057508,20.174309511500166,31.695919140730354,30.920035792991353,33.22449548798728,31.128902762471427,42.31894328423291,40.01106811950533,40.01106811950533,17.621792546156204,17.621792546156204,15.091288627348394,15.222986177195073,17.621792546156204,15.222986177195073,15.222986177195073,69.5989581894151,69.83206267288601,69.80637107567908,69.80637107567908,69.83206267288601,75.7628897163483,57.07257309591809,57.07257309591809,57.07257309591809,57.07257309591809,66.38933131811338,66.10796720592754,66.37805170262835,63.467869475371536,66.10796720592754,66.10796720592754,1.2238547128264015,19.456655135043626,25.39979788287853,14.422268141050386,18.886145479587157,9.318664876942854,9.619621496712996,7.412585791056154,40.155748921229595,34.943151800682564,35.46377234728269,42.175623046617275,37.15341801095453,54.42722911736591,84.16697062790054,82.02419275041916,82.7697842819302,19.87766238831791,20.58008402605694,16.459697126840297,33.57575137309443,38.13591453657655,34.58561873765113,33.26840240789478,41.08352824368373,28.227058272220134,24.058232445139375,16.233927281866436,10.865768357051667,10.577300475613812,3.7319973857772544,16.77326717976006,7.600687275153746,1.641468729855228,80.82747568673861,75.15697731022138,75.05045666215806,73.00774519188454,73.13933212565452,75.82742826227523,71.41615653200685,62.49904372770874,62.69331094337593,59.74166294116224,68.75927635907806,76.5918623199176,66.96709663064534,66.57231157389926,65.5947420384589,65.5947420384589
11.621290493273143,20.550645547738267,0.0,4.714464992636765,4.7464370191648335,11.621290493273143,11.548559662121185,11.793085937024449,54.05283929989663,54.964236668036,54.15821724677281,55.25779239501695,20.210326848447473,19.708252467609636,57.60263548251433,57.47543975154847,57.94412077833627,43.988489365950365,43.77524571017104,39.72495473165841,51.24656400861207,50.47068068825199,52.77514030038635,50.67954765041359,22.76829813511003,20.46042290815879,20.46042290815879,37.17243782858927,37.17243782858927,34.64193396586605,34.77363151293276,37.17243782858927,34.77363151293276,34.77363151293276,50.04831413588224,50.28141863158228,50.25572703302514,50.25572703302514,50.28141863158228,56.2122460025738,37.52192845676389,37.52192845676389,37.52192845676389,37.52192845676389,46.838687101146036,46.55732297507292,46.82740748510291,43.91722511766206,46.55732297507292,46.55732297507292,20.32679083682333,2.0939904216277268,5.849152387510077,7.128377443066172,2.6645000813220623,12.231980712101526,11.931024092679898,14.138059793921853,59.7063934563755,54.493796548255524,55.01441707470793,61.726267493058614,17.602772729130773,34.87658437248254,64.61632743229654,62.47354941667238,63.2191409957829,39.42830761600758,40.130729235787975,36.010342435728454,53.12639617245477,57.68655915685742,54.13626349892299,52.81904721866992,21.53288306066245,8.67641281701135,4.507586933195879,35.7845725957565,30.416413776665653,30.127945900191083,17.818648182265566,36.323912481626756,13.949958310368338,21.192114271871212,61.276832277636174,55.606333561538705,55.4998129073725,53.457101322034866,53.58868826310424,56.276784552238404,51.865512575097846,42.94839932501233,43.14266654963291,40.19101841502335,49.20863226189724,57.04121865443602,47.41645244241693,47.02166736600128,46.04409778245566,46.04409778245566
15.335755473097937,24.26511050212839,4.714464992636765,0.0,1.0319720265381593,15.335755473097937,15.263024642098197,15.507550916486162,57.76730403992894,58.678701399621474,57.87268198583556,58.972257123852316,16.495861880914546,15.993787498627594,53.88817074304089,53.760975010896225,54.22965604204118,47.70295419006414,47.489710535883745,43.43941958630057,54.96102877378504,54.18514546014457,56.48960505202773,54.3940124205071,19.05383317562199,16.745957941363606,16.745957941363606,40.88690270005658,40.88690270005658,38.35639885293938,38.48809639922028,40.88690270005658,38.48809639922028,38.48809639922028,46.33384933118007,46.56695382874756,46.54126222998414,46.54126222998414,46.56695382874756,52.49778125036465,33.80746356530352,33.80746356530352,33.80746356530352,33.80746356530352,43.12422227167157,42.84285814351042,43.11294265554449,40.20276026716292,42.84285814351042,42.84285814351042,24.04125579201454,5.808455413821549,2.1346873953368273,10.842842430625664,6.378965073204964,15.946445690613158,15.6454890718465,17.85252476793207,63.42085814178156,58.20826128421829,58.7288818058243,65.44073215766007,13.888307754535868,31.162119466109512,60.90186276209491,58.75908472441658,59.50467631111204,43.14277247266098,43.845194087655244,39.72480731449542,56.84086092093175,61.40102386238979,57.850728238187855,56.53351196991687,17.818418097150808,4.961947826937189,1.2068780595020079,39.49903747591547,34.13087868741295,33.84241081244569,21.533113145857957,40.03837735844626,17.66442328484991,24.906579223919255,57.562367573404515,51.89186880388261,51.785348148765294,49.74263654556251,49.874223487761284,52.5623198006131,48.15104778519851,39.23393446786132,39.42820169380293,36.47655353981349,45.49416745054499,53.32675390978043,43.70198761727235,43.30720253789196,42.329632947119116,42.329632947119116
15.36772749948688,24.297082528274153,4.7464370191648335,1.0319720265381593,0.0,15.36772749948688,15.294996668488647,15.539522942871509,57.79927606413863,58.71067342375599,57.9046540100366,59.00422914796235,16.463889854550374,15.96181547225231,53.85619871853815,53.72900298638368,54.19768401756489,47.73492621502489,47.521682560858835,43.47139161153568,54.993000798218745,54.21711748463822,56.52157707634081,54.4259844449847,19.021861149320117,16.713985915005107,16.713985915005107,40.91887472544344,40.91887472544344,38.38837087846744,38.52006842474122,40.91887472544344,38.52006842474122,38.52006842474122,46.30187730613642,46.53498180371932,46.509290204954205,46.509290204954205,46.53498180371932,52.465809225756075,33.77549153954712,33.77549153954712,33.77549153954712,33.77549153954712,43.09225024642339,42.81088611824504,43.08097063029562,40.170788241741725,42.81088611824504,42.81088611824504,24.0732278181678,5.840427440342833,2.1027153687995757,10.874814457093382,6.410937099722024,15.978417716989139,15.677461098228935,17.884496794264127,63.452830165505695,58.240233308391744,58.760853829954634,65.47270418119965,13.856335728117994,31.13014744023193,60.86989073816939,58.72711270030705,59.47270428706576,43.174744497914205,43.87716611286536,39.756779339948274,56.87283294521662,61.43299588629264,57.88270026239073,56.565483994226454,17.786446070817657,4.9299758004103245,1.2388500860401315,39.53100950138091,34.16285071315625,33.87438283820275,21.565085172090345,40.0703493838815,17.696395311186535,24.938551250043112,57.53039554919515,51.859896779228805,51.75337612410357,49.71066452075257,49.84225146296072,52.53034777600938,48.11907576027732,39.201962442385486,39.39622966833795,36.44458151418971,45.46219542544636,53.29478188523461,43.67001559205988,43.27523051265504,42.29766092182265,42.29766092182265
1.0,9.929355096394815,11.621290493273143,15.335755473097937,15.36772749948688,0.0,1.0727308313363508,1.1717954441969425,43.43154934594058,44.34294673508961,43.53692729522573,44.63650246892176,30.831617203677244,30.329542828714825,68.22392505664801,68.09672932949152,68.56541034220376,33.36719920628235,33.153955546666495,29.103664499402097,40.62527399244725,39.849390655549,42.15385031764191,40.05825762213446,33.38958845851297,31.081713260416386,31.081713260416386,26.551147557026574,26.551147557026574,24.020643658407163,24.152341207266595,26.551147557026574,24.152341207266595,24.152341207266595,60.66960392258983,60.902708412146076,60.87701681426737,60.87701681426737,60.902708412146076,66.8335356179202,48.14321853475746,48.14321853475746,48.14321853475746,48.14321853475746,57.45997696975922,57.17861285062722,57.4486973539951,54.53851505647077,57.17861285062722,57.17861285062722,9.705500383961342,10.527300074152254,16.470442862732078,5.492913056826878,9.956790415536666,1.6106902204768843,1.3097336002204651,3.5167693085942644,49.08510363911975,43.872506604415136,44.393127142929764,51.1049777283254,28.22406311354785,45.4978745022423,75.23761678416002,73.09483883898928,73.84043039383943,28.80701737902346,29.509439010066718,25.389052147301175,42.50510619754722,47.065269289018495,43.514973546873605,42.19775723690188,32.154173399831826,19.297703276479325,15.128877414545395,25.16328230412764,19.795123416087172,19.50665553629753,7.197357714032015,25.702622197686548,3.328667824341754,10.570823825012248,71.89812173832502,66.22762319455022,66.12110254347108,64.0783910162635,64.20997795364951,66.89807416569265,62.48680231320982,53.569689286183284,53.76395650635641,50.812308437343326,59.82992207051665,67.66250824532418,58.037742296656226,57.642957230079766,56.66538767057176,56.66538767057176
1.0727308313363508,10.002085927599067,11.548559662121185,15.263024642098197,15.294996668488647,1.0727308313363508,0.0,1.2445262755332243,43.50428017432053,44.415677563341504,43.609658123591004,44.70923329713183,30.75888637380406,30.256811998792692,68.15119423277265,68.02399850558788,68.49267951840463,33.43993003589621,33.22668637630292,29.176395329439007,40.69800482120446,39.922121484405984,42.22658114619681,40.130988450964786,33.31685762890214,31.008982430567897,31.008982430567897,26.62387838728832,26.62387838728832,24.093374488870783,24.225072037720224,26.62387838728832,24.225072037720224,24.225072037720224,60.59687309712769,60.82997758673005,60.804285988846274,60.804285988846274,60.82997758673005,66.7608047937385,48.07048770708324,48.07048770708324,48.07048770708324,48.07048770708324,57.38724614368049,57.1058820244961,57.37596652791428,54.465784229860645,57.1058820244961,57.1058820244961,9.778231215172104,10.454569242964137,16.397712031787915,5.420182225523195,9.88405958433126,1.6834210518125485,1.3824644315566212,3.5895001399199,49.15783446666178,43.94523743273348,44.46585797117453,51.17770855554282,28.151332283429543,45.42514367416766,75.16488596192848,73.02210801623806,73.76769957126731,28.879748209087587,29.582169840065912,25.46178297765823,42.57783702605454,47.13800011687183,43.58770437524194,42.27048806545085,32.08144257009158,19.22497244569212,15.05614658353598,25.236013134502695,19.867854246841176,19.579386367069223,7.270088545304494,25.77535302801831,3.4013986556689106,10.643554656196928,71.82539091529028,66.15489237023704,66.0483717191349,64.00566019149379,64.13724712890732,66.82534334152503,62.414071488112,53.49695845940323,53.69122567961017,50.739577610096674,59.7571912448899,67.58977742132436,57.965011470685965,57.57022640403528,56.592656844345704,56.592656844345704
1.1717954441969425,9.75755965250142,11.793085937024449,15.507550916486162,15.539522942871509,1.1717954441969425,1.2445262755332243,0.0,43.25975390868659,44.17115129813719,43.365131858006286,44.46470703206786,31.003412644389734,30.501338269543417,68.39572048315769,68.26852475606816,68.73720576853304,33.19540376612331,32.982160106454344,28.931869058247862,40.4534785543048,39.67759521717159,41.98205487997589,39.88646218381985,33.561383898603346,31.25350870107031,31.25350870107031,26.379352115343668,26.379352115343668,23.848848216249817,23.98054576513272,26.379352115343668,23.98054576513272,23.98054576513272,60.84139935285478,61.074503842301866,61.04881224443522,61.04881224443522,61.074503842301866,67.00533104515483,48.31501397025941,48.31501397025941,48.31501397025941,48.31501397025941,57.63177240148362,57.35040828247569,57.62049278572448,54.710310489453114,57.35040828247569,57.35040828247569,9.533704940052777,10.699095517990003,16.642238305987956,5.6647085009423845,10.128585859415804,1.4388947762809827,1.1379381560236888,3.3449738644202416,48.91330820383964,43.700711167306274,44.221331705994146,50.93318229381006,28.395858554841844,45.66966993869252,75.4094122067803,73.26663426283899,74.01222581726547,28.6352219378052,29.33764356900115,25.21725670539425,42.33331075999322,46.89347385300496,43.34317810964695,42.02596179924981,32.32596884022905,19.46949871936176,15.300672857956664,24.991486862178398,19.623327973247925,19.334860093416765,7.025562269980055,25.53082675583903,3.1568723801643173,10.399028381164475,72.06991716284563,66.399418622096,66.29289797107124,64.25018644488958,64.38177338221053,67.06986959289397,62.65859774261249,53.74148471956801,53.93575193966101,50.984103871832794,60.001717501171235,67.8343036721284,58.20953772812387,57.81475266172313,56.83718310264495,56.83718310264495
43.43154934594058,34.50219453544448,54.05283929989663,57.76730403992894,57.79927606413863,43.43154934594058,43.50428017432053,43.25975390868659,0.0,1.9113974268036493,1.1053779535581747,2.204953173100189,73.26316448338251,72.76109015738588,110.65546731725141,110.52827161177186,110.99695254445479,11.064350450430648,11.277594114545398,15.327885230808299,3.80627545952031,4.582158823090783,2.277699078429257,4.373291849437808,75.82113548118573,73.51326051554885,73.51326051554885,17.880402200601818,17.880402200601818,20.410906114133496,20.27920856479943,17.880402200601818,20.27920856479943,20.27920856479943,103.10114741599897,103.3342518691747,103.30856027531088,103.30856027531088,103.3342518691747,109.26507811376574,90.57476382788894,90.57476382788894,90.57476382788894,90.57476382788894,99.89152095335143,99.61015687623558,99.88024133927468,96.9700594688329,99.61015687623558,99.61015687623558,34.72604924257777,52.95884894633995,58.90199135101689,47.924462201077056,52.38833932100267,42.82085914988703,43.12181575819671,40.91478013339818,6.6535545522203305,1.4409572764957266,1.961577836762864,8.673428748688057,70.65561064225854,87.92942013649923,117.66915780067353,115.52638024576353,116.2719716658362,15.624532355011484,14.92211071464048,19.042497618692735,1.9264431850516834,4.633720102602605,1.083424204314092,2.233792157498085,74.5857205482213,61.72925155826786,57.56042599542993,19.268267463192572,24.636426354104515,24.924894232490196,37.2341918465598,18.728927566303934,41.10288161089193,33.860725821483605,114.32966335915867,108.65916579173323,108.55264515839553,106.50993396713666,106.64152088312638,109.32961665070212,104.91834552021044,96.00123383707549,96.19550102961688,93.24385337253372,102.26146569409865,110.09405060136778,100.46928619348837,100.07450118626498,99.09693177242387,99.09693177242387
44.34294673508961,35.413591938658485,54.964236668036,58.678701399621474,58.71067342375599,44.34294673508961,44.415677563341504,44.17115129813719,1.9113974268036493,0.0,1.8060194732472081,1.2935557463037584,74.17456180167726,73.67248747717792,111.56686449455725,111.43966878965615,111.9083497202042,11.97574787497814,12.188991539000288,16.239282653150912,4.717672886110992,5.49355624956583,3.189096505175817,5.284689275946403,76.73253279168964,74.42465783309387,74.42465783309387,18.791799621268193,18.791799621268193,21.32230353287456,21.19060598364716,18.791799621268193,21.19060598364716,21.19060598364716,104.0125446264883,104.24564907867578,104.21995748492094,104.21995748492094,104.24564907867578,110.17647529735822,91.48616108815101,91.48616108815101,91.48616108815101,91.48616108815101,100.8029181772178,100.5215541012541,100.79163856318728,97.88145670450147,100.5215541012541,100.5215541012541,35.63744664547927,53.87024631685842,59.81338870801535,48.83585958190683,53.29973669274221,43.73225654010259,44.0332131478886,41.82617752684376,5.742157125963608,1.470440150312156,1.0501804099601995,7.762031322942764,71.5670079682157,88.84081740643595,118.58055494503321,116.43777740040728,117.18336881692339,16.535929777172996,15.83350813722498,19.95389503850753,2.837840611820581,3.7223226760007884,1.8279732224909668,3.1451895842477127,75.49711786252182,62.640648908321985,58.4718233556079,20.179664882835496,25.54782376904531,25.836291647144837,38.14558924581903,19.640324986353956,42.01427900402542,34.772123225581666,115.24106051946221,109.57056297804006,109.46404234517799,107.42133116294777,107.5529180783611,110.2410138340046,105.82974272293532,96.91263107657932,97.10689826835481,94.15525062273889,103.17286290812913,111.0054477812218,101.38068341497848,100.98589840938028,100.0083289995355,100.0083289995355
43.53692729522573,34.60757248633889,54.15821724677281,57.87268198583556,57.9046540100366,43.53692729522573,43.609658123591004,43.365131858006286,1.1053779535581747,1.8060194732472081,0.0,2.099575219545141,73.36854242453207,72.86646809870761,110.76084524217062,110.63364953675769,111.10233046919467,11.169728403747103,11.382972067851549,15.43326318387793,3.9116534130591982,4.687536776617776,2.383077031983261,4.478669802968286,75.92651342143935,73.6186384566122,73.6186384566122,17.98578015348249,17.98578015348249,20.516284066796377,20.38458651747439,17.98578015348249,20.38458651747439,20.38458651747439,103.20652534474056,103.4396297978025,103.41393820395119,103.41393820395119,103.4396297978025,109.37045603940916,90.68014176236154,90.68014176236154,90.68014176236154,90.68014176236154,99.99689888363362,99.71553480665041,99.98561926956218,97.07543740047413,99.71553480665041,99.71553480665041,34.83142719343647,53.06422689348911,59.007369296614144,48.02984014940888,52.493717268291945,42.92623709929434,43.227193707544046,41.02015808317533,6.548176598736145,1.3355793229379012,1.856199883206632,8.568050795266846,70.76098858428908,88.03479807208541,117.77453572179675,115.63175816807177,116.37734958773461,15.729910308060736,15.027488667737309,19.147875571477165,2.031821138607602,4.528342149074677,1.0219537492440869,2.33917011105236,74.69109848891156,61.834629503067575,57.66580394139226,19.373645415957547,24.74180430633603,25.030272184689174,37.339569797002135,18.834305519114956,41.20825956063336,33.966103772478995,114.435041282119,108.76454371768934,108.65802308440647,106.61531189418761,106.7468988101109,109.43499457631216,105.02372344805774,96.10661176915829,96.3008789616115,93.34923130584859,102.36684362324807,110.19942852658052,100.5746641234969,100.17987911646065,99.20230970307978,99.20230970307978
44.63650246892176,35.707147677091605,55.25779239501695,58.972257123852316,59.00422914796235,44.63650246892176,44.70923329713183,44.46470703206786,2.204953173100189,1.2935557463037584,2.099575219545141,0.0,74.4681175124514,73.96604318843829,111.86042015962353,111.73322445490976,112.20190538476645,12.269303620468277,12.482547284458906,16.5328383978971,5.01122863231671,5.787111995728157,3.482652251443849,5.578245022121191,77.02608849993412,74.71821354362453,74.71821354362453,19.08535536545426,19.08535536545426,21.615859276420448,21.484161727228457,19.08535536545426,21.484161727228457,21.484161727228457,104.30610030230262,104.53920475416992,104.51351316045044,104.51351316045044,104.53920475416992,110.47003096446042,91.77971678009604,91.77971678009604,91.77971678009604,91.77971678009604,101.09647385736622,100.8151097817758,101.08519424335066,98.1750123884744,100.8151097817758,100.8151097817758,35.93100238380996,54.163802044614314,60.10694443136946,49.12941531302382,53.593292420895935,44.0258122742831,44.32676888189804,42.119733262079734,5.448601379798454,1.763995896613552,1.2433753363436393,7.468475576926343,71.86056368147851,89.13437310151808,118.87411059943219,116.73133305813565,117.47692447350032,16.8294855218585,16.127063882052298,20.2474507824101,3.131396358098591,3.428766929740478,2.121528968788622,3.4387453305170808,75.79067357199898,62.93420462941698,58.765379079996734,20.473220626680927,25.841379511333688,26.12984738933877,38.4391449829567,19.933880730334785,42.30783473915937,35.06567896430461,115.53461617902303,109.86411864602132,109.75759801331328,107.7148868340073,107.84647374923398,110.53456950101288,106.12329839623439,97.20618676179524,97.4004539533225,94.44880631142352,103.46641858509071,111.29900344711325,101.67423909435695,101.27945408928532,100.30188468073547,100.30188468073547
30.831617203677244,39.76097206625222,20.210326848447473,16.495861880914546,16.463889854550374,30.831617203677244,30.75888637380406,31.003412644389734,73.26316448338251,74.17456180167726,73.36854242453207,74.4681175124514,0.0,1.5020743849390956,38.392309560824266,38.265113824621615,38.733794870776045,63.19881505230414,62.98557140623529,58.935280604712304,70.45688934108523,69.68100606072112,71.9854655525467,69.8898730121668,3.5579713109809923,1.2500960618365162,1.2500960618365162,56.382763805909754,56.382763805909754,53.8522600409992,53.98395758311182,56.382763805909754,53.98395758311182,53.98395758311182,30.83798792789982,31.071092431682327,31.045400832232033,31.045400832232033,31.071092431682327,37.00192002441445,18.311601884746857,18.311601884746857,18.311601884746857,18.311601884746857,27.62836078673906,27.346996651768666,27.617081170337904,24.706898714264852,27.346996651768666,27.346996651768666,39.53711736099321,21.304317260390782,15.361174491312715,26.33870422383718,21.87482691462138,31.442307411586995,31.141350797586696,33.348386457245034,78.91671831913862,73.70412170771455,74.22474220558405,80.9365922345743,3.607554138216677,15.666257741219095,45.4060018214626,43.263223706261286,44.00881531956029,58.638633501467986,59.3410550917484,55.22066845865484,72.33672140587566,76.8968841373598,73.34658867787608,72.02937246849366,2.322556224073738,12.53391407006322,16.70273993927338,54.99489862740779,49.626740002792594,49.33827213606304,37.02897476683536,55.53423849236216,33.16028497740051,40.40244077393717,42.06650651337665,36.39600755930407,36.28948690093881,34.24677523701232,34.37836218303342,37.06645857666249,32.65518643139072,23.738072893760968,23.93234012390068,20.98069190901132,29.99830602519698,37.83089270973938,28.20612614649836,27.81134105741786,26.833771443101597,26.833771443101597
30.329542828714825,39.25889769821132,19.708252467609636,15.993787498627594,15.96181547225231,30.329542828714825,30.256811998792692,30.501338269543417,72.76109015738588,73.67248747717792,72.86646809870761,73.96604318843829,1.5020743849390956,0.0,38.89438392952491,38.76718819343199,39.2358692391803,62.69674071101608,62.483497064647906,58.43320625763448,69.95481501059561,69.1789317290205,71.48339122448243,69.38779868079088,4.060045695830617,1.7521704467734618,1.7521704467734618,55.88068945556192,55.88068945556192,53.350185687554706,53.48188322982494,55.88068945556192,53.48188322982494,53.48188322982494,31.340062302470127,31.573166806091162,31.547475206658724,31.547475206658724,31.573166806091162,37.503994394294125,18.81367626615716,18.81367626615716,18.81367626615716,18.81367626615716,28.130435163405604,27.849071028607682,28.11915554701141,25.208973092633514,27.849071028607682,27.849071028607682,39.03504299275669,20.80224288003961,14.85910010864574,25.836629846076466,21.372752534534804,30.94023303704031,30.639276422834083,32.846312084050425,78.41464400273125,73.20204738244001,73.7226678811677,80.43451792176705,3.1054797533403113,16.168332123613077,45.9080761835362,43.765298070479936,44.51088968304457,58.13655915400257,58.83898074520396,54.718594106866966,71.83464707837615,76.39480981744401,72.84451435201574,71.52729814049984,2.8246306089852524,12.03183968657698,16.20066555705887,54.49282427534368,49.12466564449967,48.83619777745385,36.526900396484784,55.03216414095984,32.6582106040688,39.9003664064631,42.56858087874716,36.898081929683606,36.791561271405364,34.74884960909674,34.88043655501651,37.568532946488425,33.157260804669114,24.240147272650773,24.434414502687716,21.482766289266365,30.50038040033858,38.33296707892146,28.708200522805047,28.31341543397127,27.335845820250515,27.335845820250515
68.22392505664801,77.1532791149396,57.60263548251433,53.88817074304089,53.85619871853815,68.22392505664801,68.15119423277265,68.39572048315769,110.65546731725141,111.56686449455725,110.76084524217062,111.86042015962353,38.392309560824266,38.89438392952491,0.0,1.1271957402595967,1.3414853209809348,100.59111935051773,100.37787573363741,96.32758547201513,107.84919260033445,107.07330943525167,109.37776858172748,107.28217635576299,35.8343383259116,38.14221350691642,38.14221350691642,93.77506899930385,93.77506899930385,91.24456554686031,91.37626307297658,93.77506899930385,91.37626307297658,91.37626307297658,8.554321825743273,8.32121731747409,8.346908917423445,8.346908917423445,8.32121731747409,2.390389579249485,21.080707973172178,21.080707973172178,21.080707973172178,21.080707973172178,11.763949019215268,12.045313157930174,11.775228635769134,14.68541112396708,12.045313157930174,12.045313157930174,76.92942443148901,58.696625822830235,52.753483418440176,63.73101243052483,59.26713543890294,68.83461521384369,68.5336586249148,70.7406940971588,116.30902025599023,111.0964244735431,111.61704489066096,118.32889383797837,40.99986361003378,23.72605210440278,8.01369252735144,5.870914321699446,6.616505965575985,96.03093840723061,96.73335990620373,92.61297379688178,109.72902438163523,114.28918640082863,110.73889149889746,109.4216754910081,37.06975337747147,49.926223149647065,54.095048789313196,92.38720399350913,87.01904600640806,86.73057817256331,74.42128207589695,92.92654379173231,70.55259263360817,77.79474775966295,4.674197081733212,2.996302061990888,3.102822723390594,5.145534441742087,5.013947492430742,2.3258510250863624,6.737123284808961,15.654236951949468,15.459969720438924,18.411617949195062,9.394003743836054,1.5614168687822503,11.18618365134177,11.580968746028521,12.558538373078337,12.558538373078337
68.09672932949152,77.02608339148782,57.47543975154847,53.760975010896225,53.72900298638368,68.09672932949152,68.02399850558788,68.26852475606816,110.52827161177186,111.43966878965615,110.63364953675769,111.73322445490976,38.265113824621615,38.76718819343199,1.1271957402595967,0.0,1.4686810612400643,100.46392363896504,100.2506800219623,96.20038975806399,107.72199689310341,106.94611372754429,109.2505728754449,107.15498064818352,35.70714258917266,38.015017770659675,38.015017770659675,93.64787328396655,93.64787328396655,91.11736983018554,91.24906735637052,93.64787328396655,91.24906735637052,91.24906735637052,8.42712608564739,8.194021577368181,8.219713177318628,8.219713177318628,8.194021577368181,2.2631938389950155,20.953512234080662,20.953512234080662,20.953512234080662,20.953512234080662,11.636753279289676,11.918117418022371,11.648032895844251,14.558215384248667,11.918117418022371,11.918117418022371,76.80222870793874,58.5694300922267,52.626287685951276,63.60381670167767,59.13993970849111,68.70741948692599,68.40646289787915,70.61349837100012,116.18182455417538,110.96922876834283,111.48984918579183,118.20169813751694,40.872667874416805,23.598856365640113,8.140888267464735,5.998110061887937,6.7437017057413575,95.90374269311646,96.60616419247638,92.48577808092573,109.60182867557249,114.16199069768362,110.61169579347069,109.29447978475295,36.94255764098683,49.79902741633284,53.96785305723208,92.26000827743377,86.89185028758168,86.60338245359372,74.29408635126306,92.79934807594243,70.42539690737367,77.66755203649494,4.801392821952019,2.8691063217421835,2.975626983143125,5.0183387015311105,4.88675175221668,2.198655284831405,6.609927544643289,15.527041212310726,15.33277398078377,18.284422209812984,9.266808003778927,1.4342211285233653,11.058987911381097,11.45377300609161,12.431342633204173,12.431342633204173
68.56541034220376,77.49476439051645,57.94412077833627,54.22965604204118,54.19768401756489,68.56541034220376,68.49267951840463,68.73720576853304,110.99695254445479,111.9083497202042,111.10233046919467,112.20190538476645,38.733794870776045,39.2358692391803,1.3414853209809348,1.4686810612400643,0.0,100.93260459406275,100.7193609775119,96.6690707220149,108.19067783225029,107.41479466844916,109.71925381109139,107.6236615886164,36.17582363731257,38.483698817014364,38.483698817014364,94.11655425303455,94.11655425303455,91.586050804191,91.71774833012232,94.11655425303455,91.71774833012232,91.71774833012232,8.895807146256914,8.662702638015514,8.688394237961852,8.688394237961852,8.662702638015514,2.7318749002115466,21.422193290943362,21.422193290943362,21.422193290943362,21.422193290943362,12.105434339259935,12.38679847792605,12.116713955811875,15.026896443444821,12.38679847792605,12.38679847792605,77.27090970733103,59.038111117675335,53.09496871836876,64.07249772063611,59.6086207332313,69.17610049875616,68.87514391014501,71.08217938002645,116.65050547333402,111.43790969999502,111.95853011622182,118.67037905168118,41.34134891840356,24.0675374212814,7.672207206737518,5.529429000891512,6.275020644827383,96.3724236576691,97.0748451556012,92.95445905227791,110.07050961040764,114.63067162175099,111.0803767259589,109.76316072029819,37.411238688185236,50.267708451801894,54.43653408814208,92.72868924922645,87.36053126953082,87.07206343607149,74.7627673546575,93.2680290466811,70.8940779166801,78.1362330344756,4.332711760848287,3.337787382935247,3.4443080443312453,5.48701976257726,5.35543281327468,2.6673363460499706,7.07860860551665,15.99572227120974,15.801455039743978,18.753103267756142,9.735489064242577,1.9029021897592118,11.527668971482756,11.92245406610426,12.900023692982023,12.900023692982023
33.36719920628235,24.437844262574504,43.988489365950365,47.70295419006414,47.73492621502489,33.36719920628235,33.43993003589621,33.19540376612331,11.064350450430648,11.97574787497814,11.169728403747103,12.269303620468277,63.19881505230414,62.69674071101608,100.59111935051773,100.46392363896504,100.93260459406275,0.0,1.213243664609472,5.263534794171296,8.2580749955055,7.482191632578779,9.7866513745339,7.691058606085167,65.75678612980771,63.44891109213063,63.44891109213063,7.816051776156396,7.816051776156396,10.346555704684672,10.214858154498613,7.816051776156396,10.214858154498613,10.214858154498613,93.03679910152782,93.26990356503995,93.24421197003565,93.24421197003565,93.26990356503995,99.20073008105167,80.51041499479757,80.51041499479757,80.51041499479757,80.51041499479757,89.82717249910627,89.54580840996387,89.81589288454667,86.90571089149081,89.54580840996387,89.54580840996387,24.661698972604473,42.89449898883001,48.837641528093,37.8601121421643,42.323989351420984,32.756508999963074,33.05746561331065,30.850429952524358,16.717904982616055,11.50530772588154,12.025928284802264,18.737779168435992,60.591261133020616,77.8650712031216,107.60481018039413,105.4620325172244,106.20762397472568,5.560181919640005,4.857760276336854,8.978147200774385,10.13790726728861,14.698070541809226,11.14777465455379,9.830558295390254,64.52137115797625,51.66490180502994,47.49607614071657,9.203917046613196,14.572075976160932,14.860543856992383,27.169841610598414,8.664577146564163,31.038531432998894,23.796375540439055,104.26531557108196,98.59481773054522,98.48829709221927,96.44558580631579,96.57717272834424,99.265268621031,94.85399728698178,85.93688521977971,86.1311524202979,83.179504643891,92.19711734260193,100.02970260788477,90.40493776405341,90.01015273986063,89.03258328430903,89.03258328430903
33.153955546666495,24.22460060057508,43.77524571017104,47.489710535883745,47.521682560858835,33.153955546666495,33.22668637630292,32.982160106454344,11.277594114545398,12.188991539000288,11.382972067851549,12.482547284458906,62.98557140623529,62.483497064647906,100.37787573363741,100.2506800219623,100.7193609775119,1.213243664609472,0.0,5.050291129644505,8.471318659855555,7.695435296980614,9.999895038765114,7.904302270473631,65.5435424853018,63.23566744621181,63.23566744621181,7.60280811176245,7.60280811176245,10.133312040484087,10.00161449028645,7.60280811176245,10.00161449028645,10.00161449028645,92.82355547765096,93.05665994137064,93.03096834634341,93.03096834634341,93.05665994137064,98.98748646284173,80.2971713605479,80.2971713605479,80.2971713605479,80.2971713605479,89.61392887242566,89.33256478304226,89.60264925785636,86.69246726234562,89.33256478304226,89.33256478304226,24.448455310655426,42.68125533260519,48.62439787442765,37.64686848403843,42.110745694968436,32.54326534015972,32.844221953599245,30.63718629215893,16.931148646028404,11.718551389952474,12.239171948819077,18.951022831523442,60.37801748542389,77.65182756687713,107.39156657050972,105.24878890515153,105.99438036340918,5.346938255125448,4.644516611794698,8.764903536461613,10.35115093148936,14.911314205507544,11.361018318660392,10.043801959617728,64.30812751270757,51.45165815270213,47.28283248644361,8.990673382317691,14.35883231242017,14.647300193289261,26.95659794924672,8.451333482228211,30.825287772687375,23.58313187829796,104.05207195780643,98.38157411176175,98.27505347333533,96.2323421855269,96.36392910767687,99.05202500288232,94.64075366473699,85.7236415898356,85.91790879051322,82.9662610117232,91.98387371798184,99.81645899046526,90.19169413787006,89.79690911333714,88.81933965694984,88.81933965694984
29.103664499402097,20.174309511500166,39.72495473165841,43.43941958630057,43.47139161153568,29.103664499402097,29.176395329439007,28.931869058247862,15.327885230808299,16.239282653150912,15.43326318387793,16.5328383978971,58.935280604712304,58.43320625763448,96.32758547201513,96.20038975806399,96.6690707220149,5.263534794171296,5.050291129644505,0.0,12.521609781675913,11.745726420085287,14.050186157735531,11.954593393243318,61.49325171247333,59.185376647441096,59.185376647441096,3.5525169836514516,3.5525169836514516,6.083020915064527,5.951323364698042,3.5525169836514516,5.951323364698042,5.951323364698042,88.77326508606748,89.00636955363889,88.98067795818667,88.98067795818667,89.00636955363889,94.93719617650355,76.24688077680325,76.24688077680325,76.24688077680325,76.24688077680325,85.56363842883269,85.28227433498114,85.552358814084,82.64217677307396,85.28227433498114,85.28227433498114,20.398164222450447,38.63096434605521,44.57410693418722,33.596577463332316,38.06045470431417,28.492974289570963,28.793930904640234,26.586895231633388,20.981439746757918,15.768842505212216,16.28946306284903,23.001313925298824,56.32772665589201,73.60153694626884,103.3412764390466,101.19849873295179,101.94409020528703,1.2966471255982523,1.4057745179843366,4.7146124094417825,14.401442049744972,18.961605312451898,15.411309434736213,14.09409307850002,60.25783672586991,47.40136723677018,43.23254153518256,4.94038225553839,10.308541194096009,10.597009075568195,22.90630687141525,4.40104235488972,26.77499671311286,19.53284078678091,100.00178176322774,94.33128381476511,94.22476317447203,92.18205185127407,92.31363877568033,95.00173471768343,90.59046330344746,81.67335108576516,81.8676182893963,78.91597046648592,87.93358331260734,95.76616871881988,86.14140370349827,85.74661867265786,84.76904920077634,84.76904920077634
40.62527399244725,31.695919140730354,51.24656400861207,54.96102877378504,54.993000798218745,40.62527399244725,40.69800482120446,40.4534785543048,3.80627545952031,4.717672886110992,3.9116534130591982,5.01122863231671,70.45688934108523,69.95481501059561,107.84919260033445,107.72199689310341,108.19067783225029,8.2580749955055,8.471318659855555,12.521609781675913,0.0,1.775883363745225,2.5285763812138304,1.5670163900377596,73.01486036227944,70.70698537550166,70.70698537550166,15.074126756034275,15.074126756034275,17.604630674902875,17.472933125271112,15.074126756034275,17.472933125271112,17.472933125271112,100.29487259867211,100.52797705483643,100.50228546064284,100.50228546064284,100.52797705483643,106.45880337781644,87.76848886023434,87.76848886023434,87.76848886023434,87.76848886023434,97.08524609558553,96.8038820149878,97.07396648136897,94.16378457540962,96.8038820149878,96.8038820149878,31.919773848773538,50.15257364798556,56.09571609290306,45.118186872149614,49.58206401902181,40.01458379325245,40.31554040310428,38.108504767263476,9.459830008735528,4.247232735926033,4.767853296055449,11.479704203156524,67.84933547697722,85.12314513967371,114.86288318356175,112.72010559748703,113.46569702833645,12.818256906367413,12.115835264858116,16.236222176475742,2.8798322745781055,7.439995560652361,3.8896996638192487,2.5724833021441893,71.77944541791355,58.92297632087567,54.75415072783962,16.461992021452012,21.830150925587887,22.118618804787232,34.42791646338438,15.922652123435896,38.296606245674255,31.054450424197242,111.5233886937347,105.8528910475678,105.74637041279058,103.703659194209,103.83524611194257,106.52334191563075,102.11207072636638,93.19495893206944,93.38922612692373,90.4375784352215,99.45519086606447,107.28777587673585,97.66301134290416,97.26822633076888,96.29065690485122,96.29065690485122
39.849390655549,30.920035792991353,50.47068068825199,54.18514546014457,54.21711748463822,39.849390655549,39.922121484405984,39.67759521717159,4.582158823090783,5.49355624956583,4.687536776617776,5.787111995728157,69.68100606072112,69.1789317290205,107.07330943525167,106.94611372754429,107.41479466844916,7.482191632578779,7.695435296980614,11.745726420085287,1.775883363745225,0.0,3.304459744897815,1.2088669737095248,72.23897708822322,69.93110209574408,69.93110209574408,14.29824339554679,14.29824339554679,16.828747315733374,16.697049766027504,14.29824339554679,16.697049766027504,16.697049766027504,99.51898940629827,99.75209386327435,99.72640226899122,99.72640226899122,99.75209386327435,105.68292020755813,86.99260562707767,86.99260562707767,86.99260562707767,86.99260562707767,96.30936289223091,96.02799881068802,96.2980832779764,93.3879013623783,96.02799881068802,96.02799881068802,31.143890501272168,49.376690325738934,55.3198327814121,44.34230354176359,48.806180695808045,39.238700455523734,39.53965706578318,37.33262142702684,10.235713371123083,5.023116099444163,5.5437366595030815,12.255587564852418,67.07345219042081,84.34726189861657,114.0870000456365,111.94422245107877,112.68981388486132,12.042373544893321,11.339951903113054,15.460338816565777,3.655715638236539,8.215878923589974,4.665583027380338,3.3483666658252136,71.00356214078194,58.14709301493781,53.978267413812134,15.68610866165971,21.05426756911747,21.342735448523822,33.65203311866549,15.146768763365458,37.52072290567944,30.27856707578702,110.74750554266001,105.07700787507561,104.97048723990706,102.9277760138984,103.05936293210596,105.74745874561117,101.33618754037195,92.41907571589603,92.6133429113777,89.66169521028775,98.67930767078255,106.51189270955501,96.88712814149918,96.49234312803044,95.51477369883465,95.51477369883465
