1000.0,5.607695652010033,57.999801509158736,58.45539248380235,48.10619651496965,35.42975259837287,33.29710589647403,33.29184222908767,33.29447406279872,35.46133412984903,33.29710589647403,76.5599384393662,82.80571503398725,86.92347554654951,111.34184851036095,111.47532722875253,107.40603832506848,112.85666361230648,107.63522913597534,113.74975338703065,111.44107938786999,107.63522913597534,111.00639596259835,42.74858689585237,22.781668398174975,22.781668398174975,41.00378538275164,41.00378538275164,41.00378538275164,102.8240550378795,103.63190656829701,96.95058405512205,99.91582712022871,103.63190656829701,103.1744161766909,77.13059835499021,77.45807037585655,77.61434415014119,77.45807037585655,1.086870009097396,1.2316536143759236,3.920207473970844,5.760381297462428,5.760381297462428,33.29447406279872,33.29447406279872,34.62968481884487,57.79000191209062,51.56023461836108,51.633968484111705,11.390558389378427,12.469934870894392,57.249264613563376,55.4760819026024,50.85888700086099,17.60876630064924,26.338369216787214,28.4526957601017,43.40123721977406,44.93635734132486,39.88355725340125,87.58987900985365,85.83388180968846,83.25260487125848,116.18053124002344,92.16435244945853,91.73411745927005,93.9467682703848,93.92920741558059,100.45321262985289,92.13801149467565,103.825089128659,92.13801149467565,36.523697713230014,27.07531644075717,44.14686904186783,43.6117689498616,31.514466181329585,15.511827902338652,99.21512158122357,99.13609485507381,99.46976354992597,86.59773795548941,86.68553777259469,76.1323839565211,57.53894505618931,77.93215987815917,57.53894505618931,77.93215987815917,2.9752100367294423,1.430840922340626,6.290200018728776,10.74995666924422,11.144847802933105,39.88355725340125,37.944848935240564,36.03243229271553,38.20186244137087,28.301721490556965,37.83322794699962
5.607695652010033,1000.0,53.39210601666212,53.84769699397494,43.498500969948694,40.03744817823998,37.90480148451418,37.899537817147376,37.902169650848656,40.069029709591405,37.90480148451418,71.9522430734342,78.1980197188543,82.315780267165,106.73415347975428,106.86763219967855,102.79834325011265,108.2489685992037,103.02753406355733,109.1420583843608,106.8333843584026,103.02753406355733,106.39870092814819,47.356282443942604,27.38936401935273,27.38936401935273,45.61148093894185,45.61148093894185,45.61148093894185,98.21635991334941,99.02421145234672,92.34288887028228,95.30813196538165,99.02421145234672,98.56672105587334,72.52290299352819,72.8503750169752,73.00664879249535,72.8503750169752,5.69456566108558,5.376042037688422,8.527903124802902,1.1526856454913257,1.1526856454913257,37.902169650848656,37.902169650848656,39.23738040183554,53.18230641837226,46.95253909049516,47.02627295662581,6.782862740585913,7.862239223098815,52.64156911671759,50.86838639571922,46.25119146940906,22.216461933763007,30.946064828088623,33.060391364886875,48.008932764750035,49.54405287879448,44.491252814618875,82.98218373642308,81.22618652067017,78.64490955991846,111.57283626617475,87.55665721816507,87.12642222391936,89.33907305610826,89.32151220113475,95.84551748054064,87.53031626313323,99.21739401477058,87.53031626313323,41.13139328871454,31.683012049841974,48.75456458322961,48.21946449382317,36.122161775825454,20.119523539471658,94.60742641920532,94.52839969225005,94.86206839050777,81.9900426732117,82.0778424910957,71.52468858726269,52.931249561015065,73.32446452303401,52.931249561015065,73.32446452303401,3.632485615559148,5.176854729765821,10.897895667932612,6.142261019918985,6.537152153931069,44.491252814618875,42.55254450483901,40.640127870184116,33.59416685419774,23.694025871694304,33.22553235845925
57.999801509158736,53.39210601666212,1000.0,1.4555909918910586,10.89360530143923,92.42955202316305,90.29690549619923,90.29164182923711,90.29427366273605,92.4611335520031,90.29690549619923,19.560137853352636,25.805914860164794,29.923675672403597,54.34205086840371,54.4755296011343,50.40624027073958,55.856866134440914,50.635431105106264,56.74995600730883,54.441281756570454,50.635431105106264,54.0065982847076,99.74838567417503,79.78146877186369,79.78146877186369,98.0035843216789,98.0035843216789,98.0035843216789,45.82425652891143,46.63210813749878,39.9507850034212,42.91602833690181,46.63210813749878,46.17461770152018,20.13079780451715,20.45826984597097,20.614543630129702,20.45826984597097,58.08667151497849,57.76814790347427,60.920008867462975,53.239420376013925,53.239420376013925,90.29427366273605,90.29427366273605,91.62948430997291,1.2097996049188515,7.4395671054051515,7.3658332375058,47.609243439687596,46.529866983205835,1.750536923414003,3.5237196971577545,8.140914742986286,74.60856700107325,83.33816934517104,85.45249573468028,100.40103593697769,101.93615591252676,96.88335629330129,30.59007918629125,28.834081854087696,26.252804728886076,59.180734132685046,35.16455298879311,34.7343179633086,36.94696895852326,36.92940810223275,43.453413896391176,35.1382120318423,46.82529071667972,35.1382120318423,93.52349704593412,84.07511651620804,101.1466676885491,100.6115676472282,88.51426592262864,72.51162872507656,42.2153227334427,42.136296000063915,42.46996472549403,29.597938056829616,29.685737880528723,19.132583344159098,1.4608564701387603,20.932359378327416,1.4608564701387603,20.932359378327416,56.024591544254825,57.56896060292605,63.29000131003232,48.249845144234975,47.85495402021862,96.88335629330129,94.944648145932,93.03223166697073,20.797939553606923,30.69808055370615,21.16657405213008
58.45539248380235,53.84769699397494,1.4555909918910586,1000.0,11.349196292792408,92.88514297072861,90.75249644580832,90.7472327788512,90.74986461234766,92.91672449953802,90.75249644580832,19.104546863224076,25.350323871440914,29.46808468482901,53.886459891282,54.0199386240868,49.95064929151276,55.40127515817241,50.17984012599761,56.294365031554506,53.98569077950389,50.17984012599761,53.55100730740018,100.20397661435891,80.23705973084081,80.23705973084081,98.45917526367442,98.45917526367442,98.45917526367442,45.3686655474372,46.1765171564049,39.49519401938622,42.46043735411465,46.1765171564049,45.71902672021005,19.675206814499987,20.002678856019262,20.158952640209638,20.002678856019262,58.54226248956963,58.22373887825747,61.37559984029846,53.69501135341134,53.69501135341134,90.74986461234766,90.74986461234766,92.08507525831081,1.6653905968091771,7.895158097063002,7.821424229168789,48.06483442003225,46.985457964077185,2.206127915300309,3.9793106890093304,8.596505734592423,75.06415796422718,83.79376030111126,85.9080866887514,100.85662687647559,102.39174685039316,97.33894723644285,30.13448819891933,28.37849086619175,25.79721374027835,58.72514315837234,34.70896200293758,34.27872697730114,36.491377973317775,36.473817117020694,42.997822913839975,34.68262104597742,46.3696997356778,34.68262104597742,93.97908799243267,84.53070747150217,101.60225862725767,101.06715858650381,88.96985687390874,72.96721968984262,41.7597317503524,41.68070501693974,42.01437374251331,29.14234706915766,29.230146892882907,18.67699235394931,1.9164474620276013,20.476768388472472,1.9164474620276013,20.476768388472472,56.48018252007022,58.02455157782878,63.74559228133391,48.7054361242612,48.31054500044164,97.33894723644285,95.40023909102528,93.48782261395003,21.253530543390447,31.153671540887945,21.622165041835245
48.10619651496965,43.498500969948694,10.89360530143923,11.349196292792408,1000.0,82.53594757635217,80.40330100752867,80.39803734046455,80.4006691740145,82.56752910581997,80.40330100752867,29.453743094605134,35.69952006353923,39.817280845958614,64.23565578613568,64.36913451709691,60.299845238832575,65.75047103185643,60.52903607036269,66.64356089250334,64.33488667298744,60.52903607036269,63.90020320686845,89.85478137902432,69.88786409217228,69.88786409217228,88.10997998924653,88.10997998924653,88.10997998924653,55.71786155121881,56.52571315059263,49.84439008827203,52.80963339115399,56.52571315059263,56.06822271984982,30.02440304267686,30.35187508232245,30.508148865609677,30.35187508232245,48.19306652182659,47.87454290652791,51.026403909091435,43.345815327643585,43.345815327643585,80.4006691740145,80.4006691740145,81.73587984733496,10.683805696752152,4.454038198572398,4.527772066496242,37.71563833396242,36.63626186731716,10.143068378808103,8.369885606403614,3.75269056069626,64.71496223678574,73.44456472722976,75.55889115483234,90.50743165595358,92.04255166511938,86.98975193730439,40.483684354658514,38.727687035907735,36.14640992921055,69.07433898370402,45.05815811882946,44.627923097152255,46.8405740723392,46.82301321621201,53.34701894488481,45.03181716211296,56.71889572754842,45.03181716211296,83.62989262100363,74.18151191142687,91.25306342378495,90.71796337078212,78.6206613997757,62.618023928255425,52.10892779510525,52.02990106255525,52.36356978447647,39.49154323288374,39.57934305591159,29.026188587680295,10.432748831796408,30.825964612017888,10.432748831796408,30.825964612017888,46.130986526951695,47.67535560361867,53.39639638217306,38.35624004466833,37.96134891684447,86.98975193730439,85.05104374984006,83.13862723218,10.904334274561075,20.804475319471177,11.272968774350653
35.42975259837287,40.03744817823998,92.42955202316305,92.88514297072861,82.53594757635217,1000.0,3.132646729578793,3.1379103970289406,3.1352785632859974,1.031581531913562,3.132646729578793,110.98968771705471,117.23546383430394,121.35322401527397,145.77159473784357,145.905073442693,141.83578494556096,147.28640968527904,142.06497573391636,148.17949936806286,145.87082560528646,142.06497573391636,145.43614222405282,8.318834420332228,13.648084310848887,13.648084310848887,6.574032874024862,6.574032874024862,6.574032874024862,137.25380210054198,138.06165355420097,131.38033166039295,134.34557445496043,138.06165355420097,137.60416320612674,111.56034759034324,111.88781958679913,112.04409334940486,111.88781958679913,35.34288259047236,35.66140620952762,32.50954516132178,40.190133821010846,40.190133821010846,3.1352785632859974,3.1352785632859974,1.80006779034144,92.21975243850896,85.98998549747718,86.0637193592336,45.82031080102374,46.899687258190525,91.67901517181663,89.90583256362021,85.28863791775356,18.8209864165708,10.091383474125838,7.977056915224576,8.971484757305726,10.506604910910175,5.45380472464805,122.01962742365505,120.26363036745839,117.68235363623646,150.61027696763907,126.59410047677957,126.16386552364382,128.3765161426443,128.35895528938005,134.88295991481343,126.56775952426943,138.25483609613147,126.56775952426943,2.093945130476769,9.354436245131309,9.717116594731097,9.182016491676773,4.91528646505097,20.91792481208215,133.6448689805109,133.56584226161752,133.89951092579804,121.02748645093261,121.11528626084431,110.56213326575973,91.96869559741702,112.36190905361178,91.96869559741702,112.36190905361178,37.40496260625779,35.86059351468823,30.139552641504505,45.1797090949001,45.57460021999113,5.45380472464805,3.515096374218365,1.6026797028286337,72.63161397279639,62.73147341378078,72.26297949441329
33.29710589647403,37.90480148451418,90.29690549619923,90.75249644580832,80.40330100752867,3.132646729578793,1000.0,1.0052636674504283,1.0026318337073443,3.164228261490651,1.0,108.85704128159217,115.10281743343201,119.22057763825198,143.6389485192796,143.77242722507515,139.70313869948896,145.15376347750353,139.9323294894255,146.04685316670026,143.7381793874257,139.9323294894255,143.30349600311484,10.451481148185287,11.515437584584634,11.515437584584634,8.706679602532063,8.706679602532063,8.706679602532063,135.12115582339746,135.9290072824605,129.24768534491625,132.21292815862537,135.9290072824605,135.47151693132201,109.4277011579618,109.75517315619298,109.91144691964777,109.75517315619298,33.21023588842952,33.52875950801454,30.376898454788332,38.0574871275739,38.0574871275739,1.0026318337073443,1.0026318337073443,2.3325789392639393,90.08710591060753,83.85733894272055,83.9310728047836,43.687664119044676,44.76704057858748,89.54636864150854,87.77318602552111,83.1559913600931,16.688339693957637,7.958736746123979,5.844410186488372,11.10413148487503,12.639251637728178,7.586451453495117,119.88698105057082,118.13098398404482,115.54970723791277,148.47763078392788,124.46145413131237,124.03121917553564,126.24386980821488,126.2263089548411,132.75031362199326,124.43511317864028,136.122189825688,124.43511317864028,4.226591859967533,7.22178951684821,11.849763321950185,11.314663219150006,2.7826397356461974,18.78527809132822,131.51222267961379,131.4331959602074,131.76686462655599,118.89484007199373,118.9826398824216,108.42948682799914,89.83604906839642,110.2292626255851,89.83604906839642,110.2292626255851,35.272315907733606,33.727946813508964,28.00690593152082,43.0470624115382,43.44195353747926,7.586451453495117,5.647743103505605,3.7353264323663145,70.49896736689493,60.59882677565131,70.1303328872251
33.29184222908767,37.899537817147376,90.29164182923711,90.7472327788512,80.39803734046455,3.1379103970289406,1.0052636674504283,1000.0,1.002631833743084,3.1694919289407895,1.0052636674504283,108.85177761485348,115.09755376677785,119.21531397165613,143.63368485307166,143.76716355886953,139.69787503321365,145.14849981132198,139.92706582315404,146.0415895005345,143.7329157212195,139.92706582315404,143.2982323369011,10.45674481563021,11.510173917141005,11.510173917141005,8.711943269978832,8.711943269978832,8.711943269978832,135.11589215704603,135.92374361612235,129.24242167847103,132.20766449222697,135.92374361612235,135.46625326497636,109.42243749123062,109.74990948946615,109.90618325292301,109.74990948946615,33.204972221042816,33.5234958406291,30.371634787390928,38.0522234602078,38.0522234602078,1.002631833743084,1.002631833743084,2.337842606714258,90.08184224364315,83.85207527569068,83.92580913775453,43.68240045170611,44.761776911254636,89.54110497453829,87.76792235853186,83.1507276930562,16.683076026522333,7.953473078676527,5.839146519039386,11.10939515231917,12.644515305170259,7.591715120942872,119.88171738398465,118.12572031743335,115.54444357126485,148.4723671178053,124.45619046479372,124.02595550901053,126.23860614172328,126.22104528834925,132.7450499556035,124.42984951212122,136.11692615935297,124.42984951212122,4.23185552741732,7.216525849400162,11.85502698939336,11.31992688659388,2.777376068195964,18.78001442389723,131.50695901320427,131.4279322937966,131.76160096015053,118.88957640539324,118.97737621582233,108.42422316125484,89.83078540142932,110.22399895886454,89.83078540142932,110.22399895886454,35.267052240355326,33.722683146124325,28.001642264115205,43.04179874419631,43.43668987013942,7.591715120942872,5.653006770954703,3.740590099816281,70.4937036997406,60.59356310841875,70.12506922006766
33.29447406279872,37.902169650848656,90.29427366273605,90.74986461234766,80.4006691740145,3.1352785632859974,1.0026318337073443,1.002631833743084,1000.0,3.1668600951978503,1.0026318337073443,108.85440944824069,115.10018560012283,119.21794580497195,143.63631668619348,143.76979539199021,139.7005068663692,145.15113164443065,139.92969765630767,146.04422133363528,143.73554755434049,139.92969765630767,143.30086417002585,10.45411298188988,11.512805750880691,11.512805750880691,8.70931143623758,8.70931143623758,8.70931143623758,135.11852399023965,135.92637544930932,129.24505351171152,132.21029632544403,135.92637544930932,135.46888509816702,109.42506932461409,109.75254132284745,109.90881508630329,109.75254132284745,33.20760405475403,33.52612767433968,30.374266621107505,38.05485529390872,38.05485529390872,1.0,1.0,2.3352107729712293,90.08447407714323,83.85470710922347,83.92844097128696,43.68503228539326,44.764408744938926,89.5437368080413,87.77055419204439,83.15335952659252,16.68570786025785,7.956104912418123,5.841778352781749,11.10676331857923,12.641883471431349,7.589083287201124,119.88434921729564,118.12835215075697,115.54707540460667,148.4749989508845,124.4588222980709,124.02858734229093,126.24123797498696,126.22367712161308,132.7476817888163,124.43248134539867,136.11955799253835,124.43248134539867,4.229223693674555,7.219157683142056,11.852395155653907,11.317295052854075,2.7800079019389505,18.782646257630596,131.5095908464269,131.4305641270199,131.76423279337115,118.89220823871138,118.98000804913985,108.42685499464488,89.83341723493076,110.2266307922427,89.83341723493076,110.2266307922427,35.269684074062326,33.72531497983452,28.004274097835882,43.04443057788513,43.43932170382722,7.589083287201124,5.650374937212284,3.737958266073428,70.49633553333562,60.59619494205292,70.12770105366425
35.46133412984903,40.069029709591405,92.4611335520031,92.91672449953802,82.56752910581997,1.031581531913562,3.164228261490651,3.1694919289407895,3.1668600951978503,1000.0,3.164228261490651,111.02126924452494,117.26704536125688,121.38480554187046,145.803176262074,145.9366549669093,141.86736647020192,147.31799120934846,142.09655725853366,148.21108089203662,145.9024071295064,142.09655725853366,145.4677237483187,8.287252888438374,13.679665842703255,13.679665842703255,6.542451342122714,6.542451342122714,6.542451342122714,137.28538362564672,138.09323507922508,131.41191318607008,134.37715598035172,138.09323507922508,137.63574473119652,111.59192911776736,111.9194011141967,112.07567487678975,111.9194011141967,35.37446412195069,35.692987740997864,32.54112669286889,40.22171535235789,40.22171535235789,3.1668600951978503,3.1668600951978503,1.8316493222547559,92.25133396736307,86.02156702673396,86.09530088848577,45.851892332196584,46.93126878932733,91.71059670070677,89.93741409262715,85.3202194470539,18.852567948366968,10.122965006008782,8.008638447120086,8.939903225415552,10.475023379029896,5.422223192741765,122.05120895019269,120.29521189415046,117.71393516315135,150.64185849134955,126.6256820029046,126.1954470498083,128.40809766860446,128.39053681534182,134.91454144015216,126.59934105039689,138.28641762113617,126.59934105039689,2.0623635985636364,9.386017777019006,9.685535062845512,9.150434959787852,4.946867996958826,20.94950634384911,133.67645050597025,133.59742378708452,133.93109245123267,121.05906797755773,121.14686778746173,110.5937147932643,92.0002771262879,112.39349058097076,92.0002771262879,112.39349058097076,37.43654413768238,35.892175046153376,30.171134173104598,45.21129062609395,45.60618175117207,5.422223192741765,3.4835148423071107,1.571098170915199,72.66319550282122,62.76305494429078,72.29456102445745
33.29710589647403,37.90480148451418,90.29690549619923,90.75249644580832,80.40330100752867,3.132646729578793,1.0,1.0052636674504283,1.0026318337073443,3.164228261490651,1000.0,108.85704128159217,115.10281743343201,119.22057763825198,143.6389485192796,143.77242722507515,139.70313869948896,145.15376347750353,139.9323294894255,146.04685316670026,143.7381793874257,139.9323294894255,143.30349600311484,10.451481148185287,11.515437584584634,11.515437584584634,8.706679602532063,8.706679602532063,8.706679602532063,135.12115582339746,135.9290072824605,129.24768534491625,132.21292815862537,135.9290072824605,135.47151693132201,109.4277011579618,109.75517315619298,109.91144691964777,109.75517315619298,33.21023588842952,33.52875950801454,30.376898454788332,38.0574871275739,38.0574871275739,1.0026318337073443,1.0026318337073443,2.3325789392639393,90.08710591060753,83.85733894272055,83.9310728047836,43.687664119044676,44.76704057858748,89.54636864150854,87.77318602552111,83.1559913600931,16.688339693957637,7.958736746123979,5.844410186488372,11.10413148487503,12.639251637728178,7.586451453495117,119.88698105057082,118.13098398404482,115.54970723791277,148.47763078392788,124.46145413131237,124.03121917553564,126.24386980821488,126.2263089548411,132.75031362199326,124.43511317864028,136.122189825688,124.43511317864028,4.226591859967533,7.22178951684821,11.849763321950185,11.314663219150006,2.7826397356461974,18.78527809132822,131.51222267961379,131.4331959602074,131.76686462655599,118.89484007199373,118.9826398824216,108.42948682799914,89.83604906839642,110.2292626255851,89.83604906839642,110.2292626255851,35.272315907733606,33.727946813508964,28.00690593152082,43.0470624115382,43.44195353747926,7.586451453495117,5.647743103505605,3.7353264323663145,70.49896736689493,60.59882677565131,70.1303328872251
76.5599384393662,71.9522430734342,19.560137853352636,19.104546863224076,29.453743094605134,110.98968771705471,108.85704128159217,108.85177761485348,108.85440944824069,111.02126924452494,108.85704128159217,1000.0,7.245777039874866,11.363537883004115,35.7819134103749,35.915392145612735,31.8461027421779,37.29672870530997,32.07529358047164,38.189818595671134,35.88114430040487,32.07529358047164,35.44646082041103,118.30852103903322,98.34160497957589,98.34160497957589,116.56371976709075,116.56371976709075,116.56371976709075,27.264118926519,28.071970547476198,21.39064731942957,24.355890692273693,28.071970547476198,27.614480104458433,1.5706599534949657,1.898131996348821,2.054405781191794,1.898131996348821,76.6468084427118,76.3282848402636,79.48014571271293,71.7995574368232,71.7995574368232,108.85440944824069,108.85440944824069,110.18962003842293,19.76993745743,25.99970492434517,25.92597105694032,66.16938064234357,65.09000421149452,20.310674773669483,22.083857539138677,26.7010525571063,93.16870339895421,101.89830541540498,104.01263172058985,118.96117127136449,120.49629117451076,115.44349178973431,12.029941402569873,10.273944055811679,7.692666911599195,40.620596770372416,16.604415249151153,16.174180219141526,18.38683123846723,18.369270381977163,24.89327625929677,16.578074291921034,28.265153129656223,16.578074291921034,112.083632692124,102.63525255727082,119.70680298789665,119.17170297174602,107.07440178299132,91.07176519674614,23.65518507917554,23.57615834472273,23.90982707470564,11.037800264723494,11.125600089147703,1.427554510848561,20.020994321618193,2.372221530813171,20.020994321618193,2.372221530813171,74.5847285298396,76.12909754535625,81.85013808362451,66.80998233144068,66.41509121696934,115.44349178973431,113.50478372937609,111.59236733464662,39.35807724451146,49.258218100320235,39.7267117384163
82.80571503398725,78.1980197188543,25.805914860164794,25.350323871440914,35.69952006353923,117.23546383430394,115.10281743343201,115.09755376677785,115.10018560012283,117.26704536125688,115.10281743343201,7.245777039874866,1000.0,5.117760846189066,29.53613644157282,29.669615177416613,25.600325756651593,31.050951743534014,25.829516595858564,31.944041638190996,29.63536733205302,25.829516595858564,29.200683850097324,124.55429703251995,104.5873812922647,104.5873812922647,122.80949579079319,122.80949579079319,122.80949579079319,21.018341924309738,21.826193547990496,15.144870300223797,18.110113681032118,21.826193547990496,21.36870310341892,6.675117086612231,6.3476450438705925,6.191371259075746,6.3476450438705925,82.89258503634551,82.57406143751221,85.72592227354245,78.04533408387383,78.04533408387383,115.10018560012283,115.10018560012283,116.43539616872673,26.015714463585255,32.24548190810562,32.17174804099851,72.4151573471573,71.33578092685684,26.55645177810241,28.329634537628365,32.946829537995384,99.41447978485259,108.14408167549436,110.25840794853637,125.20694725343448,126.74206712948147,121.68926783260173,5.784164366478471,4.028167017950518,1.4468898719388248,34.37481982516079,10.35863821974428,9.928403188978299,12.141054212476165,12.123493355950227,18.647499249633128,10.332297262467094,22.019376130835624,10.332297262467094,118.32940879137205,108.88102880623084,125.95257895684719,125.41747895011994,113.3201779632352,97.317541611211,17.409408065938507,17.330381331265063,17.66405006218566,4.792023227577877,4.879823052089689,7.6733315505187285,26.266771326979026,5.873555509541434,26.266771326979026,5.873555509541434,80.83050514661457,82.37487414485793,88.09591461611822,73.055759029914,72.6608679193582,121.68926783260173,119.75055980497763,117.83814344200022,45.603854161389606,55.50399495100646,45.97248865308363
86.92347554654951,82.315780267165,29.923675672403597,29.46808468482901,39.817280845958614,121.35322401527397,119.22057763825198,119.21531397165613,119.21794580497195,121.38480554187046,119.22057763825198,11.363537883004115,5.117760846189066,1000.0,25.41837562826124,25.55185436443914,21.48256493424209,26.93319093411256,21.711755773938865,27.826280831164198,25.517606518989666,21.711755773938865,25.082923035953485,128.67205712830955,108.70514160828178,108.70514160828178,126.92725590735836,126.92725590735836,126.92725590735836,16.900581093146116,17.708432718226714,11.027109460732007,13.992352845338353,17.708432718226714,17.25094227285485,10.792877930174223,10.465405887666996,10.309132102980438,10.465405887666996,87.01034554821426,86.69182195192026,89.84368276239579,82.16309463333431,82.16309463333431,119.21794580497195,119.21794580497195,120.55315635869549,30.133475275288177,36.363242701991965,36.289508835117296,76.53291793745854,75.45354152464137,30.674212588404927,32.447395343143896,37.06459032964508,103.53224015167007,112.26184195509094,114.37616820590576,129.32470734137743,130.85982719880613,125.8070279623509,1.666403520440026,2.0895938283944417,4.6708709743277605,30.257059025031637,6.240877375871821,5.810642344817956,8.023293369982497,8.005732513441512,14.529738414716403,6.214536418576508,17.9016153014157,6.214536418576508,122.44716895993824,112.99878907812898,130.07033903577533,129.53523903552295,117.43793818765488,101.43530199788925,13.291647229272439,13.212620494492239,13.546289225867577,1.3257376186695464,1.23793779414299,11.791092393303565,30.384532138035212,9.991316353659226,30.384532138035212,9.991316353659226,84.94826567475029,86.49263466084902,92.21367508512907,77.17351961572126,76.77862850794031,125.8070279623509,123.86831995725781,121.95590361615095,49.72161490463703,59.62175564576432,50.090249394692904
111.34184851036095,106.73415347975428,54.34205086840371,53.886459891282,64.23565578613568,145.77159473784357,143.6389485192796,143.63368485307166,143.63631668619348,145.803176262074,143.6389485192796,35.7819134103749,29.53613644157282,25.41837562826124,1000.0,1.1334787370934174,4.935810716545177,2.5148153168250396,4.706619875773775,3.40790522094631,1.0992308914080895,4.706619875773775,1.3354525945647027,153.09042728732265,133.12351323266762,133.12351323266762,151.34562620350187,151.34562620350187,151.34562620350187,9.51779457296929,8.709942946037756,15.391266207873871,12.426022824420635,8.709942946037756,9.167433392502597,35.211253464667486,34.88378142616496,34.7275076433683,34.88378142616496,111.4287185072196,111.11019492852691,114.26205556229728,106.58146785396106,106.58146785396106,143.63631668619348,143.63631668619348,144.9715271410154,54.55185046643547,60.78161773774633,60.707883872838686,100.951291445224,99.87191508540116,55.09258776693032,56.86577047912478,61.48296534653631,127.95061211860437,136.68021333510495,138.794539437231,153.74307744864905,155.27819718341445,150.2253983456199,24.7519721122488,26.50796944888048,29.089246573739317,5.838683436308719,20.17749828049672,20.607733309822613,18.395082292441174,18.412643148931178,11.88863725472537,20.203839237689216,8.51676036235213,20.203839237689216,146.86553960021863,137.41716040660708,154.48870908363583,153.95360912605182,141.85630919914215,125.85367409934076,13.126728440657677,13.205755175439954,12.8720864440321,25.744113244676065,25.656313420763095,36.20946791521824,54.802907323342794,34.409691897848305,54.802907323342794,34.409691897848305,109.36663874668305,110.91100764843321,116.63204774844165,101.59189309172262,101.19700200354981,150.2253983456199,148.28669048961478,146.3742742934701,74.13998953344466,84.04012990798256,74.50862401084296
111.47532722875253,106.86763219967855,54.4755296011343,54.0199386240868,64.36913451709691,145.905073442693,143.77242722507515,143.76716355886953,143.76979539199021,145.9366549669093,143.77242722507515,35.915392145612735,29.669615177416613,25.55185436443914,1.1334787370934174,1000.0,5.069289453614164,2.381336579734813,4.84009861284548,3.2744264838612445,1.034247845685333,4.84009861284548,1.4689313316578803,153.2239059888171,133.25699194292082,133.25699194292082,151.47910490581128,151.47910490581128,151.47910490581128,9.651273309950273,8.843421683038908,15.524744944648255,12.559501561312494,8.843421683038908,9.300912129492572,35.34473219996565,35.017260161497305,34.860986378716824,35.017260161497305,111.5621972255817,111.24367364699718,114.39553427968342,106.71494657393501,106.71494657393501,143.76979539199021,143.76979539199021,145.10500584622147,54.685329199131665,60.91509646935953,60.841362604465395,101.08477016697861,100.00539380748594,55.22606649953724,56.99924921143266,61.616444078020095,128.08409083092403,136.81369204388903,138.92801814512305,153.87655614983618,155.41167588387356,150.35887704844762,24.885450848475895,26.64144818497502,29.222725309621882,5.705204699250015,20.310977017024758,20.741212046325078,18.528561029069138,18.546121885558208,12.022115991635644,20.337317974215708,8.650239099357812,20.337317974215708,146.99901830457722,137.55063911508182,154.62218778447024,154.08708782713953,141.98978790571766,125.98715281247439,13.260207177524203,13.339233912303527,13.005565180908006,25.877591980829422,25.78979215692311,36.342946650410234,54.936386055997644,34.54317063322952,54.936386055997644,34.54317063322952,109.5001174657398,111.04448636697097,116.76552646499235,101.7253718132796,101.3304807252288,150.35887704844762,148.42016919333017,146.50775299804957,74.2734682623325,84.17360863449532,74.64210273964778
107.40603832506848,102.79834325011265,50.40624027073958,49.95064929151276,60.299845238832575,141.83578494556096,139.70313869948896,139.69787503321365,139.7005068663692,141.86736647020192,139.70313869948896,31.8461027421779,25.600325756651593,21.48256493424209,4.935810716545177,5.069289453614164,1000.0,6.450626032998868,1.2291908408096206,7.343715936804518,5.035041607935258,1.2291908408096206,4.6003581220348,149.15461759262695,129.18770328336038,129.18770328336038,147.4098164850936,147.4098164850936,147.4098164850936,5.581983858180385,4.774132230801941,11.455455498101845,8.490212111727296,4.774132230801941,5.23162267751265,31.275442794796035,30.94797075534593,30.79169697210049,30.94797075534593,107.49290832278194,107.17438474095839,110.3262454061181,102.6456576228831,102.6456576228831,139.7005068663692,139.7005068663692,141.03571733836404,50.61603986974708,56.84580717185151,56.77207330655879,97.01548116267048,95.9361047933102,51.15677717277518,52.929959893462836,57.54715478432889,124.01480210931238,132.74440342846722,134.85872955650973,149.8072677628952,151.34238751884794,146.28958861213516,20.81616141690125,22.572158757119706,25.15343588775662,9.77449415094472,16.241687577112444,16.67192260711375,14.459271586436637,14.476832442951057,7.95282654158742,16.268028534345817,4.580949647018154,16.268028534345817,142.92972982220877,133.4813505089558,150.55289940814583,150.01779944319082,137.92049935667924,121.91786406643261,9.190917728583162,9.269944463438005,8.93627573172758,21.808302551320836,21.720502727227974,32.273657248295095,50.86709672782726,30.473881225674617,50.86709672782726,30.473881225674617,105.43082854214124,106.97519745891155,112.69623761646451,97.6560828148799,97.26119172318232,146.28958861213516,144.35088073031125,142.438464509037,70.20417904546557,80.10431948822408,70.57281352524411
112.85666361230648,108.2489685992037,55.856866134440914,55.40127515817241,65.75047103185643,147.28640968527904,145.15376347750353,145.14849981132198,145.15113164443065,147.31799120934846,145.15376347750353,37.29672870530997,31.050951743534014,26.93319093411256,2.5148153168250396,2.381336579734813,6.450626032998868,1000.0,6.2214351922638,1.893089904158483,2.4155844254193815,6.2214351922638,2.8502679113790004,154.6052421965083,134.63832824173198,134.63832824173198,152.86044112197862,152.86044112197862,152.86044112197862,11.032609888314711,10.224758261631404,16.906081520734233,13.94083813868512,10.224758261631404,10.68224870795845,36.72606876030086,36.398596722193936,36.242322939584746,36.398596722193936,112.94353360882798,112.62501003137035,115.77687065276218,108.09628297397772,108.09628297397772,145.15113164443065,145.15113164443065,146.48634209251708,56.066665732077325,62.296432990948595,62.222699126196105,102.46610658558376,101.38673022953353,56.60740303154616,58.38058574030446,62.997780598253186,129.46542715124377,138.1950283274112,140.30935441936307,155.25789235433155,156.7930120807976,151.740213270005,26.26678741867428,28.022784753759783,30.604061876151214,4.323868119761951,21.692313590446975,22.122548619472322,19.909897603568083,19.927458460047028,13.403452569211675,21.718654547621256,10.031575678001788,21.718654547621256,148.38035454205757,138.93197539538508,156.00352398529765,155.46842403060108,143.37112416626033,127.36848914126746,14.641543754617878,14.720570489364768,14.38690175810485,27.258928550241123,27.171128726405684,37.72428320962269,56.31772258850957,35.92450719444339,56.31772258850957,35.92450719444339,110.8814538562237,112.42582275204718,118.14686282936813,103.10670822982397,102.71181714304504,151.740213270005,149.80150542411994,147.88908923782753,75.65480475539833,85.55494510274536,76.02343923184573
107.63522913597534,103.02753406355733,50.635431105106264,50.17984012599761,60.52903607036269,142.06497573391636,139.9323294894255,139.92706582315404,139.92969765630767,142.09655725853366,139.9323294894255,32.07529358047164,25.829516595858564,21.711755773938865,4.706619875773775,4.84009861284548,1.2291908408096206,6.2214351922638,1000.0,7.114525096096502,4.805850767165867,1.0,4.371167281256977,149.38380837537068,129.41689408073682,129.41689408073682,147.63900726920124,147.63900726920124,147.63900726920124,5.811174698932227,5.003323071571962,11.684646338618577,8.719402952385348,5.003323071571962,5.460813518272798,31.504633633181733,31.177161593783634,31.020887810562797,31.177161593783634,107.72209913363987,107.40357555199554,110.55543621535799,102.87484843640993,102.87484843640993,139.92969765630767,139.92969765630767,141.26490812731544,50.845230704058956,57.074998004430725,57.0012641391597,97.24467197914018,96.16529561032479,51.38596800694481,53.159150727155094,57.77634561670018,124.24399291013165,132.97359422339343,135.08792034994732,150.03645854512456,151.5715782998584,146.51877939710985,21.04535225666891,22.80134959669556,25.382626727021062,9.545303310331477,16.470878417303684,16.901113447269836,14.688462426763147,14.706023283276316,8.182017382266144,16.49721937453493,4.810140487792016,16.49721937453493,143.1589206097436,133.71054130336594,150.78209018978475,150.24699022525377,138.1496901479187,122.14705486860672,9.420108569211983,9.499135304063367,9.165466572367325,22.037493390982107,21.949693566898873,32.502848086518796,51.09628756207328,30.703072064186603,51.09628756207328,30.703072064186603,105.66001935414987,107.20438827006053,112.92542842431808,97.88527363102322,97.49038253952709,146.51877939710985,144.58007151677054,142.66765529694115,70.43336987363732,80.33351031251931,70.80200435328082
113.74975338703065,109.1420583843608,56.74995600730883,56.294365031554506,66.64356089250334,148.17949936806286,146.04685316670026,146.0415895005345,146.04422133363528,148.21108089203662,146.04685316670026,38.189818595671134,31.944041638190996,27.826280831164198,3.40790522094631,3.2744264838612445,7.343715936804518,1.893089904158483,7.114525096096502,1000.0,3.3086743295445222,7.114525096096502,3.7433578154856972,155.4983318565614,135.5314179611611,135.5314179611611,153.7535307875523,153.7535307875523,153.7535307875523,11.9256997913544,11.117848164837284,17.799171422164513,14.833928041016074,11.117848164837284,11.575338611071855,37.619158651087744,37.291686613222105,37.13541283072726,37.291686613222105,113.8366233833512,113.51809980662956,116.66996042064596,108.98937275947297,108.98937275947297,146.04422133363528,146.04422133363528,147.37943177771788,56.959755604707006,63.18952285609121,63.11578899143199,103.35919638321101,102.27982002941152,57.50049290355764,59.27367561024652,63.890870462502825,130.3585168846991,139.08811803687277,141.20244412277435,156.15098201230325,157.68610173383854,152.63330293908962,27.15987731608079,28.91587465021159,31.497151771084894,3.4307782156858737,22.585403490043962,23.015638518881552,20.802987503902585,20.820548360374584,14.29654247168662,22.61174444720686,10.924665581245433,22.61174444720686,149.273444221515,139.82506510274843,156.89661364088053,156.3615136878995,144.2642138607447,128.26157888024974,15.534633656752225,15.613660391476312,15.279991660311811,28.152018447115985,28.064218623328408,38.617373099660504,57.21081246085296,36.81759708581696,57.21081246085296,36.81759708581696,111.77454363547419,113.31891252776553,119.03995259157004,103.99979802610403,103.60490694015657,152.63330293908962,150.69459509921865,148.78217891878185,76.54789460178954,86.44803493286248,76.91652907766728
111.44107938786999,106.8333843584026,54.441281756570454,53.98569077950389,64.33488667298744,145.87082560528646,143.7381793874257,143.7329157212195,143.73554755434049,145.9024071295064,143.7381793874257,35.88114430040487,29.63536733205302,25.517606518989666,1.0992308914080895,1.034247845685333,5.035041607935258,2.4155844254193815,4.805850767165867,3.3086743295445222,1000.0,4.805850767165867,1.434683485972627,153.18965815227165,133.22274410412726,133.22274410412726,151.44485706905664,151.44485706905664,151.44485706905664,9.617025464294125,8.809173837377553,15.490497099045344,12.525253715679323,8.809173837377553,9.266664283834105,35.31048435474228,34.983012316265146,34.826738533480516,34.983012316265146,111.52794938470673,111.20942580609443,114.36128643905897,106.68069873264626,106.68069873264626,143.73554755434049,143.73554755434049,145.07075800872335,54.65108135457665,60.880848625082635,60.80711476018502,101.05052232523278,99.97114596565535,55.19181865500514,56.96500136697737,61.58219623377643,128.04984299160006,136.77944420547254,138.89377030693555,153.84230831336959,155.3774280475938,150.32462921155994,24.851203003013765,26.607200339546974,29.188477464248322,5.739452544926624,20.27672917148524,20.706964200792143,18.494313183503913,18.511874039993216,11.98786814599773,20.303070128676588,8.615991253695288,20.303070128676588,146.96477046729663,137.51639127674474,154.58793994809415,154.05283999069846,141.95554006786801,125.95290497294148,13.225959331897561,13.304986066677646,12.97131733527895,25.84334413538626,25.755544311478232,36.30869880521413,54.902138211453256,34.50892278798481,54.902138211453256,34.50892278798481,109.4658696246865,111.01023852605088,116.73127862458237,101.69112397158452,101.29623288350236,150.32462921155994,148.38592135621465,146.4735051607123,74.2392204187554,84.13936079152798,74.607854896092
