0.0,10.3657473571264,13.332303292382829,13.2971919269704,17.133879513658584,17.741477789910412,17.204131481770247,17.93718161797878,10.424312598243189,10.282150155798943,7.581956077712284,5.880278091377094,5.880278091377094,4.193275471273767,4.281073838187869,5.880278091377094,4.281073838187869,4.281073838187869,15.835195631959456,6.681775694208111,6.681775694208111,6.114831191283787,2.6053987348421894,2.6053987348421894,1.9159924241781376,2.6053987348421894,16.56643024841754,12.47775658345598,16.56643024841754,16.56643024841754,1.2257569211766968,19.69343296442361,24.407785748631532,19.868973199474695,20.90291582073686,17.427851027389366,17.774931396076354,22.249498590969292,7.384191327733863,7.852472422417953,5.1055478081374055,4.95503457748052,1.3762619490929762,1.1839500277256518,9.022248542306581,5.314594511044051,11.601375125137986,6.773271137259342,27.241256379371716,7.3381996073251505,5.143176167530597,7.551434207965131,1.4431531788683718,1.4055268540721102,1.7483452445056664,4.93808424615206,10.78766441819205,17.787476502603162,12.740347633152805,15.533575939276616
10.3657473571264,0.0,3.96655595265873,3.9314445869913026,26.49962667571689,27.107224939813662,26.569878642440973,27.30292876389278,19.79005987134222,19.64789743079032,16.947703385015036,15.246025415496636,15.246025415496636,13.559022809356929,13.646821175610842,15.246025415496636,13.646821175610842,13.646821175610842,6.469448313440351,16.047523010748563,16.047523010748563,15.480578513248346,11.971146083603678,11.971146083603678,11.281739776831335,11.971146083603678,25.932177421513053,21.843503827089165,25.932177421513053,25.932177421513053,10.591504277274556,10.327685690298448,15.042038548051494,10.50322592770733,30.268662901774892,26.793598183610253,27.140678545300243,31.61524563981323,16.749938637131862,17.2182197267947,14.47129513900443,14.320781909592453,10.74200930447827,10.549697384017632,2.3434988199440907,14.680341840146424,2.2356277742413972,4.59247622972541,17.875509233221166,16.70394691720511,14.508923498083043,16.917181515593665,10.80890053393007,10.771274209316353,11.114092598037079,6.4276631211320625,20.153411686367555,27.153223651572016,22.10609487273043,24.89932313168153
13.332303292382829,3.96655595265873,0.0,1.0351113656829576,29.466182519208427,30.07378077832619,29.536434485362467,30.269484600778085,22.75661576247226,22.614453322783906,19.914259292260265,18.21258133123036,18.21258133123036,16.525578732648142,16.613377098529817,18.21258133123036,16.613377098529817,16.613377098529817,3.50289236284763,19.014078922592397,19.014078922592397,18.44713442786367,14.937702013227602,14.937702013227602,14.248295708968913,14.937702013227602,28.89873326955495,24.810059705070586,28.89873326955495,28.89873326955495,13.558060211785724,7.361129746598387,12.075482618886866,7.536669984427923,33.235218712600485,29.76015402470659,30.107234383535413,34.58180143793944,19.716494545408217,20.18477563261049,17.437851058314898,17.287337829576895,13.708565238484088,13.51625331866797,5.3100547717295825,17.646897758509514,2.7309281787399646,7.559032178831622,14.908953316032008,19.670502825719577,17.475479417223948,19.8837374229988,13.775456467709102,13.737830143223116,14.08064853076433,9.394219066923174,23.119967575262958,30.1197794897031,25.072650748939353,27.86587898775869
13.2971919269704,3.9314445869913026,1.0351113656829576,0.0,29.431071154966556,30.03866941414642,29.50132312112771,30.234373236618612,22.72150439763143,22.579341957932115,19.879147927213822,18.177469966074536,18.177469966074536,16.490467367394043,16.57826573328058,18.177469966074536,16.57826573328058,16.57826573328058,3.538003728519237,18.97896755748682,18.97896755748682,18.412023062722316,14.902590647890237,14.902590647890237,14.21318434359819,14.902590647890237,28.86362190525625,24.774948340396133,28.86362190525625,28.86362190525625,13.522948846383299,7.396241112208612,12.110593984349734,7.571781350034088,33.200107348764966,29.725042660494612,30.072123019359115,34.54669007426127,19.681383180348533,20.149664267582384,17.40273969311269,17.252226464365926,13.673453873088427,13.481141953263673,5.274943406079522,17.611786393319615,2.6958168130622493,7.523920813225046,14.944064681367973,19.635391460656834,17.44036805202395,19.848626057950305,13.740345102316473,13.702718777828782,14.045537165385749,9.359107701365444,23.084856210450482,30.08466812552809,25.037539384287253,27.830767623359485
17.133879513658584,26.49962667571689,29.466182519208427,29.431071154966556,0.0,1.6075982845357664,1.070251969038783,1.803302115400126,7.709566966953766,7.851729409696932,10.551923487205533,12.25360146706788,12.25360146706788,13.940604076088999,13.852805709866287,12.25360146706788,13.852805709866287,13.852805709866287,31.96907477012658,11.452103867874214,11.452103867874214,12.019048368334138,15.528480797843562,15.528480797843562,16.21788710085282,15.528480797843562,1.5674492724355455,5.656122973750482,1.5674492724355455,1.5674492724355455,16.9081225954121,35.82731194575703,40.5416645050831,36.00285217309033,4.769036368146887,1.2939715176638178,1.6410518911752425,6.115619165792037,10.749688236674322,10.281407143093654,13.028331745795159,13.178844975461715,16.75761756940301,16.949929488326795,25.156127897706536,12.819285044202621,27.735254407261284,22.907150547655736,43.375134983045584,10.795679956955373,12.990703386643773,10.582445356878194,16.69072634046337,16.72835266479042,16.385534278546423,21.071963695287103,7.3462151460912395,1.6535969978800937,5.393531922536549,2.600303593327644
17.741477789910412,27.107224939813662,30.07378077832619,30.03866941414642,1.6075982845357664,0.0,1.5373463154981386,1.1957038308691723,8.317165249985425,8.459327692666857,11.159521768767275,12.86119974751213,12.86119974751213,14.548202355249707,14.460403989098108,12.86119974751213,14.460403989098108,14.460403989098108,32.57667302462035,12.059702148866975,12.059702148866975,12.626646648942994,16.136079075636236,16.136079075636236,16.825485378003243,16.136079075636236,2.175047556950898,6.263721257535564,2.175047556950898,2.175047556950898,17.515720871890192,36.43491019236349,41.14926274079996,36.610450419316,4.161438083975739,1.3136267668747708,1.033453606640133,5.508020881961843,11.357286518115329,10.889005424816654,13.635930025671685,13.786443255223663,17.365215846030207,17.557527764763222,25.763726163879355,13.426883324235972,28.34285266935028,23.514748817054443,43.98273321155404,11.403278238367957,13.598301666548725,11.190043638421463,17.298324617156386,17.335950941446445,16.993132555536246,21.67956196708698,7.953813429275054,1.0459987133452477,6.001130206399324,3.2079018777552246
17.204131481770247,26.569878642440973,29.536434485362467,29.50132312112771,1.070251969038783,1.5373463154981386,0.0,1.7330501463634271,7.779818935831401,7.9219813785677,10.62217545591862,12.323853435654994,12.323853435654994,14.010856044530918,13.923057678316258,12.323853435654994,13.923057678316258,13.923057678316258,32.039326735750734,11.522355836523225,11.522355836523225,12.089300336939841,15.598732766130322,15.598732766130322,16.288139069066638,15.598732766130322,1.6377012414730476,5.726374942711325,1.6377012414730476,1.6377012414730476,16.978374563549494,35.89756391047658,40.611916468552515,36.07310413776618,4.6987843991574305,1.2237195486252674,1.5707999221377547,6.045367196844564,10.819940205373825,10.351659111824873,13.098583714318108,13.249096943971699,16.827869537557355,17.02018145645945,25.22637986466809,12.889537012743304,27.80550637375557,22.977402514985997,43.44538694568694,10.865931925651676,13.060955355169934,10.652697325589202,16.760978308625198,16.79860463294804,16.455786246741987,21.142215662891505,7.4164671149857755,1.58334502884266,5.463783891505875,2.670555562356962
17.93718161797878,27.30292876389278,30.269484600778085,30.234373236618612,1.803302115400126,1.1957038308691723,1.7330501463634271,0.0,8.512869080312186,8.655031522972603,11.355225598598066,13.056903576969505,13.056903576969505,14.743906184280299,14.656107818152304,13.056903576969505,14.656107818152304,14.656107818152304,32.77237684556309,12.255405978507373,12.255405978507373,12.822350478455245,16.33178290421362,16.33178290421362,17.0211892063683,16.33178290421362,2.370751387804189,6.4594250881212565,2.370751387804189,2.370751387804189,17.711424700033223,36.6306140107352,41.344966555626876,36.80615423756368,3.9657342531989697,1.5093305977423679,1.1622502242290929,5.312317051284229,11.552990347905668,11.084709254701533,13.831633854940067,13.98214708445395,17.56091967422246,17.753231592892515,25.9594299886378,13.622587153556523,28.538556492772912,23.71045264286974,44.17843702403672,11.598982068148777,13.79400549582656,11.385747468246059,17.494028445370372,17.531654769648217,17.188836383848244,21.875265793690215,8.149517259653697,1.1497051175239923,6.196834037012121,3.403605708572064
10.424312598243189,19.79005987134222,22.75661576247226,22.72150439763143,7.709566966953766,8.317165249985425,7.779818935831401,8.512869080312186,0.0,1.1421624430729813,3.8423565294475304,5.544034517437598,5.544034517437598,7.231037136456448,7.143238769665742,5.544034517437598,7.143238769665742,7.143238769665742,25.25950805825592,4.742536914170954,4.742536914170954,5.309481417466804,8.818913869387055,8.818913869387055,9.508320177781954,8.818913869387055,7.142117695697511,3.0534439964398516,7.142117695697511,7.142117695697511,10.198555678056959,29.117745311433325,33.83209797934017,29.293285542536946,11.478603321744039,8.003538483921027,8.350618856534844,12.82518611229066,4.040121279760003,3.5718401842245693,6.318764800516257,6.469278031075463,10.048050650773954,10.240362571328255,18.446561073732276,6.109718097709442,21.02568762199926,16.197583693626036,36.6655685298893,4.08611300024106,6.2811364411441115,3.8728783992486693,9.981159421273073,10.018785745915448,9.675967356834038,14.36239681928488,1.3633518216432603,8.363163963205723,3.3160350478616945,6.109263376392983
10.282150155798943,19.64789743079032,22.614453322783906,22.579341957932115,7.851729409696932,8.459327692666857,7.9219813785677,8.655031522972603,1.1421624430729813,0.0,3.7001940864296703,5.4018720745083,5.4018720745083,7.0888746936560585,7.001076326857633,5.4018720745083,7.001076326857633,7.001076326857633,25.11734561939515,4.600374471194758,4.600374471194758,5.167318974522826,8.676751426745408,8.676751426745408,9.366157735220527,8.676751426745408,7.284280138493558,3.1956064394804713,7.284280138493558,7.284280138493558,10.056393235582712,28.97558287402596,33.689935544001685,29.151123105200845,11.620765764018936,8.145700926634984,8.49278129921272,12.96734855434896,3.897958836750298,3.429677741196465,6.176602357641075,6.327115588211795,9.905888208280114,10.098200128859508,18.30439863283115,5.967555654818808,20.883525181791583,16.05542125219864,36.5234060959495,3.9439505572333315,6.138973998266101,3.730715956232031,9.838996978770629,9.87662330341783,9.53380491429316,14.220234377482145,1.5055142647149231,8.505326405882265,3.4581974908938107,6.251425819273439
7.581956077712284,16.947703385015036,19.914259292260265,19.879147927213822,10.551923487205533,11.159521768767275,10.62217545591862,11.355225598598066,3.8423565294475304,3.7001940864296703,0.0,2.7016779891009675,2.7016779891009675,4.388680610043018,4.300882243132028,2.7016779891009675,4.300882243132028,4.300882243132028,22.41715160361987,1.9001803852073884,1.9001803852073884,2.4671248889275894,5.976557345531848,5.976557345531848,6.665963655263388,5.976557345531848,9.984474217226575,5.8958005244441445,9.984474217226575,9.984474217226575,7.356199157013735,26.275388884360403,30.989741591803842,26.45092911682066,14.320959831171946,10.845895003474812,11.192975375232686,15.667542616865882,1.197764750398835,1.270516345322891,3.476408272961189,3.6269215036922597,7.205694129397338,7.398006050378797,15.6042045809435,3.26736156992648,18.18333114207524,13.355227191187272,33.823212169219275,1.2437564709015865,3.4387799135470942,1.0305218698137344,7.1388028997503765,7.176429224474762,6.833610834661197,11.520040310053158,4.2057083509235405,11.205520481871982,6.15839157559417,8.951619900010158
5.880278091377094,15.246025415496636,18.21258133123036,18.177469966074536,12.25360146706788,12.86119974751213,12.323853435654994,13.056903576969505,5.544034517437598,5.4018720745083,2.7016779891009675,0.0,1.0,2.687002621434098,2.5992042544854104,1.0,2.5992042544854104,2.5992042544854104,20.71547365093683,1.8014976039556616,1.8014976039556616,1.2345531002029912,4.2748793578339,4.2748793578339,4.96428566809622,4.2748793578339,11.6861521980754,7.597478510767602,11.6861521980754,11.6861521980754,5.654521170460062,24.57371094667109,29.288063675941956,24.749251179874925,16.02263780308112,12.54757298280439,12.894653353914174,17.369220585343534,2.5039132387277228,2.9721943343779573,1.774730284025337,1.9252435148004752,5.504016142702892,5.696328063864922,13.902526608081725,1.5656835809358944,16.481653175907397,11.653549213427178,32.12153426833446,2.4579215182299583,1.737101924600835,2.6711561192916218,5.437124912994617,5.474751237753396,5.131932847635486,9.818362328943477,5.907386338671467,12.907198460529658,7.860069561652265,10.653297882512783
5.880278091377094,15.246025415496636,18.21258133123036,18.177469966074536,12.25360146706788,12.86119974751213,12.323853435654994,13.056903576969505,5.544034517437598,5.4018720745083,2.7016779891009675,1.0,0.0,2.687002621434098,2.5992042544854104,1.0,2.5992042544854104,2.5992042544854104,20.71547365093683,1.8014976039556616,1.8014976039556616,1.2345531002029912,4.2748793578339,4.2748793578339,4.96428566809622,4.2748793578339,11.6861521980754,7.597478510767602,11.6861521980754,11.6861521980754,5.654521170460062,24.57371094667109,29.288063675941956,24.749251179874925,16.02263780308112,12.54757298280439,12.894653353914174,17.369220585343534,2.5039132387277228,2.9721943343779573,1.774730284025337,1.9252435148004752,5.504016142702892,5.696328063864922,13.902526608081725,1.5656835809358944,16.481653175907397,11.653549213427178,32.12153426833446,2.4579215182299583,1.737101924600835,2.6711561192916218,5.437124912994617,5.474751237753396,5.131932847635486,9.818362328943477,5.907386338671467,12.907198460529658,7.860069561652265,10.653297882512783
4.193275471273767,13.559022809356929,16.525578732648142,16.490467367394043,13.940604076088999,14.548202355249707,14.010856044530918,14.743906184280299,7.231037136456448,7.0888746936560585,4.388680610043018,2.687002621434098,2.687002621434098,0.0,1.0877983669606732,2.687002621434098,1.0877983669606732,1.0877983669606732,19.02847105990578,3.4885002252195507,3.4885002252195507,2.921555721598624,2.587876736843774,2.587876736843774,3.277283047432954,2.587876736843774,13.37315480823857,9.284481127540454,13.37315480823857,13.37315480823857,3.967518550205415,22.88670836938881,27.60106111893571,23.062248603279066,17.709640403127825,14.234575591212337,14.581655961579258,19.056223181598938,4.1909158597523275,4.659196955196282,1.9122723374690862,1.7617591066937823,3.8170135223522044,4.00932544363764,12.215523999015955,2.1213190405523434,14.794650572732056,9.96654660015563,30.434531725356784,4.144924139272805,1.949900696893025,4.358158740246848,3.7501222926024873,3.7877486173844828,3.4449302270639803,8.131359712881878,7.594388957345199,14.594201068167509,9.547072178086115,12.340300494614151
4.281073838187869,13.646821175610842,16.613377098529817,16.57826573328058,13.852805709866287,14.460403989098108,13.923057678316258,14.656107818152304,7.143238769665742,7.001076326857633,4.300882243132028,2.5992042544854104,2.5992042544854104,1.0877983669606732,0.0,2.5992042544854104,1.0,1.0,19.116269425412238,3.4007018582854154,3.4007018582854154,2.833757354653605,2.6756751037926225,2.6756751037926225,3.3650814143696883,2.6756751037926225,13.28535644195239,9.196682760881227,13.28535644195239,13.28535644195239,4.055316917125788,22.97450673420714,27.688859482732298,23.15004696806292,17.621842037398952,14.146777225023621,14.493857595431669,18.968424816076944,4.103117492835636,4.571398588293652,1.8244739705117548,1.67396073973539,3.9048118892765062,4.0971238105568855,12.303322365412614,2.033520673596819,14.882448938840474,10.054344966755192,30.522330088443383,4.057125772354837,1.8621023299359902,4.270360373334956,3.8379206595284705,3.875546984309525,3.5327285939971316,8.219158079613607,7.506590590575035,14.506402702021429,9.459273811446396,12.252502128219758
5.880278091377094,15.246025415496636,18.21258133123036,18.177469966074536,12.25360146706788,12.86119974751213,12.323853435654994,13.056903576969505,5.544034517437598,5.4018720745083,2.7016779891009675,1.0,1.0,2.687002621434098,2.5992042544854104,0.0,2.5992042544854104,2.5992042544854104,20.71547365093683,1.8014976039556616,1.8014976039556616,1.2345531002029912,4.2748793578339,4.2748793578339,4.96428566809622,4.2748793578339,11.6861521980754,7.597478510767602,11.6861521980754,11.6861521980754,5.654521170460062,24.57371094667109,29.288063675941956,24.749251179874925,16.02263780308112,12.54757298280439,12.894653353914174,17.369220585343534,2.5039132387277228,2.9721943343779573,1.774730284025337,1.9252435148004752,5.504016142702892,5.696328063864922,13.902526608081725,1.5656835809358944,16.481653175907397,11.653549213427178,32.12153426833446,2.4579215182299583,1.737101924600835,2.6711561192916218,5.437124912994617,5.474751237753396,5.131932847635486,9.818362328943477,5.907386338671467,12.907198460529658,7.860069561652265,10.653297882512783
4.281073838187869,13.646821175610842,16.613377098529817,16.57826573328058,13.852805709866287,14.460403989098108,13.923057678316258,14.656107818152304,7.143238769665742,7.001076326857633,4.300882243132028,2.5992042544854104,2.5992042544854104,1.0877983669606732,1.0,2.5992042544854104,0.0,1.0,19.116269425412238,3.4007018582854154,3.4007018582854154,2.833757354653605,2.6756751037926225,2.6756751037926225,3.3650814143696883,2.6756751037926225,13.28535644195239,9.196682760881227,13.28535644195239,13.28535644195239,4.055316917125788,22.97450673420714,27.688859482732298,23.15004696806292,17.621842037398952,14.146777225023621,14.493857595431669,18.968424816076944,4.103117492835636,4.571398588293652,1.8244739705117548,1.67396073973539,3.9048118892765062,4.0971238105568855,12.303322365412614,2.033520673596819,14.882448938840474,10.054344966755192,30.522330088443383,4.057125772354837,1.8621023299359902,4.270360373334956,3.8379206595284705,3.875546984309525,3.5327285939971316,8.219158079613607,7.506590590575035,14.506402702021429,9.459273811446396,12.252502128219758
4.281073838187869,13.646821175610842,16.613377098529817,16.57826573328058,13.852805709866287,14.460403989098108,13.923057678316258,14.656107818152304,7.143238769665742,7.001076326857633,4.300882243132028,2.5992042544854104,2.5992042544854104,1.0877983669606732,1.0,2.5992042544854104,1.0,0.0,19.116269425412238,3.4007018582854154,3.4007018582854154,2.833757354653605,2.6756751037926225,2.6756751037926225,3.3650814143696883,2.6756751037926225,13.28535644195239,9.196682760881227,13.28535644195239,13.28535644195239,4.055316917125788,22.97450673420714,27.688859482732298,23.15004696806292,17.621842037398952,14.146777225023621,14.493857595431669,18.968424816076944,4.103117492835636,4.571398588293652,1.8244739705117548,1.67396073973539,3.9048118892765062,4.0971238105568855,12.303322365412614,2.033520673596819,14.882448938840474,10.054344966755192,30.522330088443383,4.057125772354837,1.8621023299359902,4.270360373334956,3.8379206595284705,3.875546984309525,3.5327285939971316,8.219158079613607,7.506590590575035,14.506402702021429,9.459273811446396,12.252502128219758
15.835195631959456,6.469448313440351,3.50289236284763,3.538003728519237,31.96907477012658,32.57667302462035,32.039326735750734,32.77237684556309,25.25950805825592,25.11734561939515,22.41715160361987,20.71547365093683,20.71547365093683,19.02847105990578,19.116269425412238,20.71547365093683,19.116269425412238,19.116269425412238,0.0,21.51697123845878,21.51697123845878,20.950026746463198,17.440594346934013,17.440594346934013,16.751188045276223,17.440594346934013,31.40162552470742,27.312951988330628,31.40162552470742,31.40162552470742,16.060952550576353,4.85823738687911,9.572590268147948,5.033777624941301,35.73811093333339,32.26304627339917,32.61012662957229,37.084693647020046,22.21938685777551,22.68766794257568,19.940743381578628,19.790230153514095,16.211457576743527,16.019145657605122,7.812947130838792,20.149790080828357,5.233820540654322,10.061924534114052,12.40606097342351,22.173395138319798,19.978371740318416,22.38662973451457,16.278348805730616,16.240722481378604,16.58354086768591,11.897111418130562,25.6228598689082,32.62267173564342,27.575543030521064,30.36877125040987
6.681775694208111,16.047523010748563,19.014078922592397,18.97896755748682,11.452103867874214,12.059702148866975,11.522355836523225,12.255405978507373,4.742536914170954,4.600374471194758,1.9001803852073884,1.8014976039556616,1.8014976039556616,3.4885002252195507,3.4007018582854154,1.8014976039556616,3.4007018582854154,3.4007018582854154,21.51697123845878,0.0,1.0,1.5669445037580607,5.076376961248212,5.076376961248212,5.765783271285684,5.076376961248212,10.884654598396397,6.795980908360857,10.884654598396397,10.884654598396397,6.456018773385749,25.37520852727168,30.089561246433732,25.5507487601317,15.221140207770944,11.746075383872387,12.093155755300085,16.567722991698744,1.7024156348148758,2.1706967305158673,2.5762278879314926,2.7267411186913666,6.305513745689394,6.497825666773389,14.704024204859389,2.367181184860203,17.28315076962628,12.455046812429915,32.92303183187534,1.6564239143130843,2.5385995285105203,1.8696585153948622,6.238622516007555,6.276248840751507,5.933430450764439,10.619859929456931,5.1058887355321305,12.105700861927245,7.058571959380087,9.851800282017152
6.681775694208111,16.047523010748563,19.014078922592397,18.97896755748682,11.452103867874214,12.059702148866975,11.522355836523225,12.255405978507373,4.742536914170954,4.600374471194758,1.9001803852073884,1.8014976039556616,1.8014976039556616,3.4885002252195507,3.4007018582854154,1.8014976039556616,3.4007018582854154,3.4007018582854154,21.51697123845878,1.0,0.0,1.5669445037580607,5.076376961248212,5.076376961248212,5.765783271285684,5.076376961248212,10.884654598396397,6.795980908360857,10.884654598396397,10.884654598396397,6.456018773385749,25.37520852727168,30.089561246433732,25.5507487601317,15.221140207770944,11.746075383872387,12.093155755300085,16.567722991698744,1.7024156348148758,2.1706967305158673,2.5762278879314926,2.7267411186913666,6.305513745689394,6.497825666773389,14.704024204859389,2.367181184860203,17.28315076962628,12.455046812429915,32.92303183187534,1.6564239143130843,2.5385995285105203,1.8696585153948622,6.238622516007555,6.276248840751507,5.933430450764439,10.619859929456931,5.1058887355321305,12.105700861927245,7.058571959380087,9.851800282017152
6.114831191283787,15.480578513248346,18.44713442786367,18.412023062722316,12.019048368334138,12.626646648942994,12.089300336939841,12.822350478455245,5.309481417466804,5.167318974522826,2.4671248889275894,1.2345531002029912,1.2345531002029912,2.921555721598624,2.833757354653605,1.2345531002029912,2.833757354653605,2.833757354653605,20.950026746463198,1.5669445037580607,1.5669445037580607,0.0,4.509432457900493,4.509432457900493,5.198838768101648,4.509432457900493,11.451599099195812,7.362925411062263,11.451599099195812,11.451599099195812,5.889074270392942,24.80826404019791,29.522616766542207,24.98380427330231,15.788084705509206,12.3130198841492,12.660100255354354,17.134667488268043,2.2693601385473756,2.737641234215613,2.009283384219051,2.159796614990734,5.738569242652555,5.9308811637930425,14.137079706270898,1.8002366811335149,16.71620627321878,11.888102312252377,32.356087356919616,2.223368418048123,1.971655024795329,2.436603019117107,5.671678012951568,5.709304337706261,5.366485947624335,10.052915428198434,5.672833238740372,12.672645361973343,7.625516461988071,10.41874478338727
2.6053987348421894,11.971146083603678,14.937702013227602,14.902590647890237,15.528480797843562,16.136079075636236,15.598732766130322,16.33178290421362,8.818913869387055,8.676751426745408,5.976557345531848,4.2748793578339,4.2748793578339,2.587876736843774,2.6756751037926225,4.2748793578339,2.6756751037926225,2.6756751037926225,17.440594346934013,5.076376961248212,5.076376961248212,4.509432457900493,0.0,1.0,1.6894063107154005,1.0,14.961031531217413,10.872357857816624,14.961031531217413,14.961031531217413,2.379641813690821,21.298831668342594,26.01318443573345,21.474371902832726,19.29751711544339,15.822452312312382,16.16953268188875,20.644099889991587,5.778792595370907,6.247073690497464,3.500149074129556,3.3496358433937066,2.2291367857868214,2.4214487071378006,10.627647270862147,3.709195777151976,13.20677384944381,8.378669868635033,28.846655054613105,5.7328008749206605,3.537777433543062,5.946035475756116,2.1622455560157006,2.199871880809647,1.8570534903886764,6.543482979218147,9.182265689855342,16.182077788448066,11.134948907974092,13.928177219689116
2.6053987348421894,11.971146083603678,14.937702013227602,14.902590647890237,15.528480797843562,16.136079075636236,15.598732766130322,16.33178290421362,8.818913869387055,8.676751426745408,5.976557345531848,4.2748793578339,4.2748793578339,2.587876736843774,2.6756751037926225,4.2748793578339,2.6756751037926225,2.6756751037926225,17.440594346934013,5.076376961248212,5.076376961248212,4.509432457900493,1.0,0.0,1.6894063107154005,1.0,14.961031531217413,10.872357857816624,14.961031531217413,14.961031531217413,2.379641813690821,21.298831668342594,26.01318443573345,21.474371902832726,19.29751711544339,15.822452312312382,16.16953268188875,20.644099889991587,5.778792595370907,6.247073690497464,3.500149074129556,3.3496358433937066,2.2291367857868214,2.4214487071378006,10.627647270862147,3.709195777151976,13.20677384944381,8.378669868635033,28.846655054613105,5.7328008749206605,3.537777433543062,5.946035475756116,2.1622455560157006,2.199871880809647,1.8570534903886764,6.543482979218147,9.182265689855342,16.182077788448066,11.134948907974092,13.928177219689116
1.9159924241781376,11.281739776831335,14.248295708968913,14.21318434359819,16.21788710085282,16.825485378003243,16.288139069066638,17.0211892063683,9.508320177781954,9.366157735220527,6.665963655263388,4.96428566809622,4.96428566809622,3.277283047432954,3.3650814143696883,4.96428566809622,3.3650814143696883,3.3650814143696883,16.751188045276223,5.765783271285684,5.765783271285684,5.198838768101648,1.6894063107154005,1.6894063107154005,0.0,1.6894063107154005,15.650437834803324,11.56176416489582,15.650437834803324,15.650437834803324,1.6902355030086718,20.6094253715558,25.323778146319196,20.784965606292445,19.98692341405493,16.511858615014113,16.85893898421965,21.33350618679288,6.4681989051745,6.936480000126027,4.189555384566633,4.039042153859879,1.5397304750945846,1.7320423964587341,9.938240963154353,4.398602087546022,12.517367543643475,7.689263559644259,28.157248770382747,6.4222071847406195,4.227183743972619,6.6354417854989505,1.4728392453194887,1.5104655701156329,1.1676471796782926,5.854076669442766,9.871671998038805,16.87148409076541,11.824355214863873,14.617583524267204
2.6053987348421894,11.971146083603678,14.937702013227602,14.902590647890237,15.528480797843562,16.136079075636236,15.598732766130322,16.33178290421362,8.818913869387055,8.676751426745408,5.976557345531848,4.2748793578339,4.2748793578339,2.587876736843774,2.6756751037926225,4.2748793578339,2.6756751037926225,2.6756751037926225,17.440594346934013,5.076376961248212,5.076376961248212,4.509432457900493,1.0,1.0,1.6894063107154005,0.0,14.961031531217413,10.872357857816624,14.961031531217413,14.961031531217413,2.379641813690821,21.298831668342594,26.01318443573345,21.474371902832726,19.29751711544339,15.822452312312382,16.16953268188875,20.644099889991587,5.778792595370907,6.247073690497464,3.500149074129556,3.3496358433937066,2.2291367857868214,2.4214487071378006,10.627647270862147,3.709195777151976,13.20677384944381,8.378669868635033,28.846655054613105,5.7328008749206605,3.537777433543062,5.946035475756116,2.1622455560157006,2.199871880809647,1.8570534903886764,6.543482979218147,9.182265689855342,16.182077788448066,11.134948907974092,13.928177219689116
16.56643024841754,25.932177421513053,28.89873326955495,28.86362190525625,1.5674492724355455,2.175047556950898,1.6377012414730476,2.370751387804189,7.142117695697511,7.284280138493558,9.984474217226575,11.6861521980754,11.6861521980754,13.37315480823857,13.28535644195239,11.6861521980754,13.28535644195239,13.28535644195239,31.40162552470742,10.884654598396397,10.884654598396397,11.451599099195812,14.961031531217413,14.961031531217413,15.650437834803324,14.961031531217413,0.0,5.088673701859581,1.0,1.0,16.340673329967323,35.2598627075744,39.97421527691208,35.43540293525742,5.336485640115277,1.8614207900921227,2.208501163588638,6.683068437396762,10.182238966801476,9.71395787297318,12.460882477306855,12.61139570707536,16.19016830382404,16.382480222919526,24.58867864160896,12.251835775574879,27.16780515489105,22.339701288620994,42.80768576151147,10.228230687107525,12.423254118130185,10.014996086915463,16.12327707482518,16.160903399185507,15.818085012641289,20.50451443407152,6.778765874705091,2.221046270292821,4.826082650581913,2.0328543209393697
12.47775658345598,21.843503827089165,24.810059705070586,24.774948340396133,5.656122973750482,6.263721257535564,5.726374942711325,6.4594250881212565,3.0534439964398516,3.1956064394804713,5.8958005244441445,7.597478510767602,7.597478510767602,9.284481127540454,9.196682760881227,7.597478510767602,9.196682760881227,9.196682760881227,27.312951988330628,6.795980908360857,6.795980908360857,7.362925411062263,10.872357857816624,10.872357857816624,11.56176416489582,10.872357857816624,5.088673701859581,0.0,5.088673701859581,5.088673701859581,12.2519996637545,31.171189219636137,35.88554185658625,31.346729449670548,9.425159334446619,5.950094491072728,6.297174864128678,10.771742127815292,6.093565274593808,5.625284179430734,8.37220879288825,8.522722023246867,12.101494636788775,12.293806556936829,20.50000503482954,8.16316209035222,23.079131572492877,18.251027662836822,38.719012386287254,6.139556995035838,8.334580433565517,5.926322394220686,12.034603407427392,12.07222973199141,11.729411343613016,16.415840794335036,2.6900921748602586,6.309719970816008,1.262591051484881,4.055819381570953
16.56643024841754,25.932177421513053,28.89873326955495,28.86362190525625,1.5674492724355455,2.175047556950898,1.6377012414730476,2.370751387804189,7.142117695697511,7.284280138493558,9.984474217226575,11.6861521980754,11.6861521980754,13.37315480823857,13.28535644195239,11.6861521980754,13.28535644195239,13.28535644195239,31.40162552470742,10.884654598396397,10.884654598396397,11.451599099195812,14.961031531217413,14.961031531217413,15.650437834803324,14.961031531217413,1.0,5.088673701859581,0.0,1.0,16.340673329967323,35.2598627075744,39.97421527691208,35.43540293525742,5.336485640115277,1.8614207900921227,2.208501163588638,6.683068437396762,10.182238966801476,9.71395787297318,12.460882477306855,12.61139570707536,16.19016830382404,16.382480222919526,24.58867864160896,12.251835775574879,27.16780515489105,22.339701288620994,42.80768576151147,10.228230687107525,12.423254118130185,10.014996086915463,16.12327707482518,16.160903399185507,15.818085012641289,20.50451443407152,6.778765874705091,2.221046270292821,4.826082650581913,2.0328543209393697
16.56643024841754,25.932177421513053,28.89873326955495,28.86362190525625,1.5674492724355455,2.175047556950898,1.6377012414730476,2.370751387804189,7.142117695697511,7.284280138493558,9.984474217226575,11.6861521980754,11.6861521980754,13.37315480823857,13.28535644195239,11.6861521980754,13.28535644195239,13.28535644195239,31.40162552470742,10.884654598396397,10.884654598396397,11.451599099195812,14.961031531217413,14.961031531217413,15.650437834803324,14.961031531217413,1.0,5.088673701859581,1.0,0.0,16.340673329967323,35.2598627075744,39.97421527691208,35.43540293525742,5.336485640115277,1.8614207900921227,2.208501163588638,6.683068437396762,10.182238966801476,9.71395787297318,12.460882477306855,12.61139570707536,16.19016830382404,16.382480222919526,24.58867864160896,12.251835775574879,27.16780515489105,22.339701288620994,42.80768576151147,10.228230687107525,12.423254118130185,10.014996086915463,16.12327707482518,16.160903399185507,15.818085012641289,20.50451443407152,6.778765874705091,2.221046270292821,4.826082650581913,2.0328543209393697
1.2257569211766968,10.591504277274556,13.558060211785724,13.522948846383299,16.9081225954121,17.515720871890192,16.978374563549494,17.711424700033223,10.198555678056959,10.056393235582712,7.356199157013735,5.654521170460062,5.654521170460062,3.967518550205415,4.055316917125788,5.654521170460062,4.055316917125788,4.055316917125788,16.060952550576353,6.456018773385749,6.456018773385749,5.889074270392942,2.379641813690821,2.379641813690821,1.6902355030086718,2.379641813690821,16.340673329967323,12.2519996637545,16.340673329967323,16.340673329967323,0.0,19.919189881546696,24.633542663464123,20.09473011652167,20.67715890402942,17.202094109251306,17.549174478068835,22.02374167488999,7.158434407006525,7.626715501760228,4.87979088714281,4.729277656472444,1.1505050279169273,1.0418068934511326,9.248005462725798,5.0888375900690335,11.82713204500028,6.999028058039652,27.46701329258114,7.112442686591249,4.917419246539451,7.325677287262082,1.217396257692777,1.1797699328962472,1.5225883233334423,5.1638411671411255,10.561907498084596,17.561719584600414,12.51459071352025,15.30781902047438
19.69343296442361,10.327685690298448,7.361129746598387,7.396241112208612,35.82731194575703,36.43491019236349,35.89756391047658,36.6306140107352,29.117745311433325,28.97558287402596,26.275388884360403,24.57371094667109,24.57371094667109,22.88670836938881,22.97450673420714,24.57371094667109,22.97450673420714,22.97450673420714,4.85823738687911,25.37520852727168,25.37520852727168,24.80826404019791,21.298831668342594,21.298831668342594,20.6094253715558,21.298831668342594,35.2598627075744,31.171189219636137,35.2598627075744,35.2598627075744,19.919189881546696,0.0,5.714352889219714,1.1755402382014264,39.59634805772208,36.121283445231455,36.46836379687699,40.942930751763484,26.077624140316605,26.54590522082859,23.79898068376476,23.648467456926504,20.069694906706935,19.877382988853608,11.67118450343961,24.008027381296653,9.092057920802953,13.920161898004858,8.54782360348687,26.031632421277436,23.836609042196596,26.244867015533988,20.13658613524365,20.098959811145185,20.441778195121916,15.755348773445851,29.48109711833505,36.4809089027836,31.433780258911188,34.227008446127144
24.407785748631532,15.042038548051494,12.075482618886866,12.110593984349734,40.5416645050831,41.14926274079996,40.611916468552515,41.344966555626876,33.83209797934017,33.689935544001685,30.989741591803842,29.288063675941956,29.288063675941956,27.60106111893571,27.688859482732298,29.288063675941956,27.688859482732298,27.688859482732298,9.572590268147948,30.089561246433732,30.089561246433732,29.522616766542207,26.01318443573345,26.01318443573345,25.323778146319196,26.01318443573345,39.97421527691208,35.88554185658625,39.97421527691208,39.97421527691208,24.633542663464123,5.714352889219714,0.0,5.538812651209902,44.31070054666916,40.83563599931076,41.18271634470881,45.657283213931215,30.791976850367657,31.26025792467494,28.513333422515675,28.36282019748597,24.78404768708383,24.591735771197037,16.385537353222105,28.72238011751775,13.806410785123,18.634514732510066,3.8334707194148403,30.745985131932247,28.550961780493683,30.959219723381082,24.850938914932396,24.81331259122128,25.15613097164384,20.469701593690832,34.19544978091035,41.19526145038853,36.14813289175788,38.94136103329497
19.868973199474695,10.50322592770733,7.536669984427923,7.571781350034088,36.00285217309033,36.610450419316,36.07310413776618,36.80615423756368,29.293285542536946,29.151123105200845,26.45092911682066,24.749251179874925,24.749251179874925,23.062248603279066,23.15004696806292,24.749251179874925,23.15004696806292,23.15004696806292,5.033777624941301,25.5507487601317,25.5507487601317,24.98380427330231,21.474371902832726,21.474371902832726,20.784965606292445,21.474371902832726,35.43540293525742,31.346729449670548,35.43540293525742,35.43540293525742,20.09473011652167,1.1755402382014264,5.538812651209902,0.0,39.771888282587994,36.29682367238134,36.64390402380835,41.11847097568699,26.25316437286592,26.721445453165902,23.974520917290107,23.82400769051307,20.245235141630662,20.052923223842736,11.846724740606316,24.183567614736297,9.267598158406134,14.095702134694116,8.3722833657839,26.207172653847365,24.012149275706573,26.42040724800804,20.312126370144473,20.2745000460589,20.617318429917226,15.930889009678715,29.65663734925492,36.65644912970701,31.609320488803476,34.4025486744321
20.90291582073686,30.268662901774892,33.235218712600485,33.200107348764966,4.769036368146887,4.161438083975739,4.6987843991574305,3.9657342531989697,11.478603321744039,11.620765764018936,14.320959831171946,16.02263780308112,16.02263780308112,17.709640403127825,17.621842037398952,16.02263780308112,17.621842037398952,17.621842037398952,35.73811093333339,15.221140207770944,15.221140207770944,15.788084705509206,19.29751711544339,19.29751711544339,19.98692341405493,19.29751711544339,5.336485640115277,9.425159334446619,5.336485640115277,5.336485640115277,20.67715890402942,39.59634805772208,44.31070054666916,39.771888282587994,0.0,4.475064850676989,4.127984477352267,2.346582798952064,14.51872457977312,14.05044348822272,16.797368077821808,16.947881306687307,20.52665387903555,20.718965796660576,28.925164137448878,16.58832137732753,31.504290620123186,26.676186808758438,47.14417097821627,14.564716299850259,16.759739718869344,14.351481700711675,20.459762650544345,20.497388974619355,20.154570590651687,24.840999972385934,11.1152515020434,4.1154393706533074,9.162568283872213,6.369339959843096
17.427851027389366,26.793598183610253,29.76015402470659,29.725042660494612,1.2939715176638178,1.3136267668747708,1.2237195486252674,1.5093305977423679,8.003538483921027,8.145700926634984,10.845895003474812,12.54757298280439,12.54757298280439,14.234575591212337,14.146777225023621,12.54757298280439,14.146777225023621,14.146777225023621,32.26304627339917,11.746075383872387,11.746075383872387,12.3130198841492,15.822452312312382,15.822452312312382,16.511858615014113,15.822452312312382,1.8614207900921227,5.950094491072728,1.8614207900921227,1.8614207900921227,17.202094109251306,36.121283445231455,40.83563599931076,36.29682367238134,4.475064850676989,0.0,1.34708037351472,5.821647648493356,11.043659752886105,10.575378659439696,13.322303261260592,13.472816490872411,17.051589083313658,17.24390100214604,25.450099406598092,13.113256559742958,28.02922591418897,23.20112205809762,43.6691064737988,11.089651473153618,13.284674902122783,10.876416873138675,16.984697854405553,17.02232417871488,16.67950579263079,21.365935206882206,7.640186663130425,1.3596254802197572,5.687503439895166,2.8942751109465523
