0.0,2.006717117815307,47.639502796127765,46.29117037618884,47.307748665132614,48.368236806152126,46.29117037618884,46.333187909855944,46.67497296438032,46.84994226752465,14.067749235434944,22.71556815947352,21.944702159082293,21.944702159082293,19.45344927053563,46.67183731650541,46.41095174887274,47.34035960970099,12.029470402274693,12.029470402274693,12.416194928495926,11.931065387494336,12.132889583640058,12.132889583640058,12.397391500637232,12.029470402274693,12.397391500637232,12.416194928495926,11.931065387494336,1.125370042379462,1.125370042379462,1.125370042379462,1.125370042379462,45.64084148832812,46.456104972745514,46.456104972745514,2.031164048304422,9.222069903599916,1.6845185667599227,1.8669307111351228,1.9985681396945472,28.982556513783308,28.8302732337581,32.13533365100425,45.66529399798124,45.589478053180976,45.589478053180976,2.0524767521839085,1.7327857292908582,1.682638027505456,1.737805801890582,5.404973655050369,43.570101344651086,44.41043301160485,43.68925243114316,43.41332380994687,43.40705271354587,45.827724392036906,47.97878364951059,46.54891999531723,23.40307547148151,21.372502757611144,19.366959404772487,19.805675362273096,18.997183069739588,48.71880862452449,48.43659508107014,55.22247788427054,10.968320902648156,13.650945817123231,12.084000529075324,25.53388017825931,19.824477432822803,19.824477432822803,6.3613131044829245,13.049241656084211,11.95237603564151,15.017302581649604,7.92207768469156,2.1389938505814925,2.1389938505814925,1.5560179836074581,3.587045008839526,46.072303202799525,48.90695141782935,48.90695141782935,1.440675022050706,5.505274103844849,11.423174076365603,3.906747368392907,5.022579093228528,47.622704452378514,36.744944359858344,47.854533563165454,54.4081884793321,47.42846884818883,57.48437735715531,2.665555544335752,2.2743793473040377,1.829319986246488
2.006717117815307,0.0,48.64621986327376,47.297887446187254,48.314465732988076,49.3749538717222,47.297887446187254,47.33990497976671,47.68169003357518,47.856659336350965,13.0610321212295,21.708851051964775,20.9379850508371,20.9379850508371,18.44673216009719,47.678554385706846,47.41766881862108,48.34707667748693,11.022753286990906,11.022753286990906,11.409477813402084,10.924348272163309,11.126172468406395,11.126172468406395,11.390674385533991,11.022753286990906,11.390674385533991,11.409477813402084,10.924348272163309,1.8813470754383737,1.8813470754383737,1.8813470754383737,1.8813470754383737,46.64755855967288,47.462822042399424,47.462822042399424,1.0244469304896917,8.215352787142882,1.3221985510604313,1.1397864066829575,1.0081489781209463,27.975839413276223,27.82355613305946,31.12861655470315,44.65857692493433,44.58276097998022,44.58276097998022,1.0457596343697033,1.2739313885290424,1.3240790903149136,2.7445229196764402,6.4116907723204015,44.576818420155185,45.41715008544446,44.69596950641318,44.420040885757956,44.413769789369205,46.83444146299673,48.98550071592584,47.55563706477673,22.396358364652635,20.36578564883696,18.360242294263035,18.79895825212744,17.99046595893037,49.72552568932785,49.44331214649114,56.229194933841974,9.96160378687841,12.644228702681776,11.077283413817902,24.52716307367565,18.817760322692934,18.817760322692934,5.354595987202027,12.042524541316102,10.945658920320675,14.010585468011618,6.91536056781365,3.1457109683408837,3.1457109683408837,2.5627351014028843,4.593762126442142,47.07902027325319,49.91366848221895,49.91366848221895,1.566042095770309,6.511991221092136,12.429891191457052,4.913464485947985,6.029296210581069,46.615987383395804,35.738227270531205,46.84781649467583,53.40147142581026,46.42175177879491,56.477660311344856,3.6722726620492305,1.2676622294965365,1.1773971315721856
47.639502796127765,48.64621986327376,0.0,2.348332484223815,1.331754147166088,1.7287340463561618,2.348332484223815,2.3063149486110177,1.964529878121997,1.7895605667100658,60.70725120660793,69.35506938514477,68.58420345767063,68.58420345767063,66.09295079612075,1.9676655261444966,2.2285511059834455,1.2991432010183528,58.66897252599467,58.66897252599467,59.05569702395182,58.570567518355595,58.77239169983268,58.77239169983268,59.03689359747474,58.66897252599467,59.03689359747474,59.05569702395182,58.570567518355595,47.764872832314325,47.764872832314325,47.764872832314325,47.764872832314325,2.9986614017268147,2.1833978800082674,2.1833978800082674,48.67066679250569,55.86157222297429,48.32402132866882,48.50643346375766,48.63807088557177,75.62205709965457,75.46977383616878,78.77483388333678,92.30479247200869,92.22897653815217,92.22897653815217,48.69197949528815,48.3722884887494,48.32214078950973,46.901697030007526,43.23452933752365,5.069401633875703,4.229069932104228,4.9502505425370265,5.226179174911622,5.232450271564819,2.811778489590698,1.3392808701594405,2.09058285310151,70.04257663105275,68.01200410950601,66.00646093800101,66.44517685656633,65.6366846354669,2.079305882603456,1.7970923247393853,8.582975520682119,57.60782310229061,60.29044782020856,58.72350264882916,72.1733811265673,66.46397892543823,66.46397892543823,53.000815606010875,59.68874370458732,58.59187816495799,61.65680447874115,54.56158008899458,46.50050900028275,46.50050900028275,47.08348483958434,45.0524579076438,2.5671996676882793,2.2674486856076213,2.2674486856076213,48.08017779626318,43.13422889272354,37.216329118181974,44.73275556197912,43.61692388392148,94.26220263959985,83.38444403709211,94.49403171587494,101.0476856087578,94.06796706423697,104.12387397449791,45.97394733090398,48.91388207892907,48.46882274078952
46.29117037618884,47.297887446187254,2.348332484223815,0.0,2.016578337067955,3.077066530534077,1.0,1.0420175356144628,1.3838026061130455,1.5587719175271295,59.358918828529895,68.00673704053852,67.23587110989385,67.23587110989385,64.7446184383478,1.3806669580904902,1.119781378244833,2.049189283214981,57.32064014069713,57.32064014069713,57.707364640004414,57.222235132715966,57.4240593148953,57.4240593148953,57.68856121346147,57.32064014069713,57.68856121346147,57.707364640004414,57.222235132715966,46.41654041272724,46.41654041272724,46.41654041272724,46.41654041272724,1.6503289175424227,1.1649346042214672,1.1649346042214672,47.322334375489234,54.5132398281509,46.975688910662655,47.158101046271376,47.28973846846193,74.27372478218268,74.12144151800887,77.42650158043116,90.95646023858377,90.88064430430637,90.88064430430637,47.343647078332786,47.0239560708806,46.97380837149821,45.55336460801755,41.886196905834,3.7210691499877955,2.8807374480646297,3.6019180586250017,3.8778466910567584,3.884117787711308,1.46344600539235,2.6876133543658924,1.257749631130831,68.69424428930503,66.66367175939948,64.65812857988786,65.0968445001835,64.28835227590457,3.4276383667478187,3.145424808911343,9.931308002853251,56.259490713335566,58.94211544063347,57.37517026372145,70.8250487938641,65.11564656912982,65.11564656912982,51.65248320197841,58.34041132286985,57.2435457793924,60.30847210411357,53.21324768992412,45.152176577191504,45.152176577191504,45.73515241809661,43.70412548065962,1.2188671834748677,3.615781169730904,3.615781169730904,46.73184537756522,41.78589646078018,35.867996672358245,43.38442313415277,42.2685914532048,92.9138704171644,82.03611175658776,93.14569949475671,99.69935342625544,92.7196348407004,102.77554181103966,44.62561490638227,47.56554966261144,47.12049032319587
47.307748665132614,48.314465732988076,1.331754147166088,2.016578337067955,0.0,2.060488193516484,2.016578337067955,1.9745608014544287,1.632775730960463,1.457806419546675,60.37549708601166,69.02331527284977,68.25244934458968,68.25244934458968,65.76119668056135,1.6359113789830002,1.8967969588255786,1.0326109461478081,58.33721840360661,58.33721840360661,58.7239429018989,58.238813395882616,58.44063757753404,58.44063757753404,58.705139475405474,58.33721840360661,58.705139475405474,58.7239429018989,58.238813395882616,47.43311870140669,47.43311870140669,47.43311870140669,47.43311870140669,2.6669072545855874,1.8516437328496997,1.8516437328496997,48.338912662237426,55.52981809822113,47.9922671981544,48.17467933337255,48.30631675528028,75.29030299408348,75.13801973042723,78.44307978137358,91.97303838724369,91.89722245328305,91.89722245328305,48.36022536503508,48.04053435826916,47.990386658993984,46.56994289850212,42.90277520360383,4.737647486823134,3.897315785007961,4.618496395477621,4.894425027868372,4.900696124521948,2.480024342444619,1.6710350173238302,1.7588287059415966,69.7108225194663,67.6802499958475,65.67470682235728,66.11342274135166,65.30493051946381,2.4110600297581817,2.1288464718987603,8.914729667400673,57.27606897899459,59.958693699240804,58.391748526488236,71.84162701722241,66.13222481024202,66.13222481024202,52.66906147897014,59.35698958308787,58.260124042503406,61.32505035900108,54.22982596318657,46.168754868503335,46.168754868503335,46.75173070820389,44.720703774895554,2.235445520536639,2.5992028327585883,2.5992028327585883,47.74842366557671,42.802474758740544,36.884574980738854,44.401001429021235,43.28516975024397,93.93044855755366,83.05268994067566,94.16227763415458,100.71593153658849,93.73621298191834,103.7921199070377,45.64219319876862,48.582127948834604,48.1370686103777
48.368236806152126,49.3749538717222,1.7287340463561618,3.077066530534077,2.060488193516484,0.0,3.077066530534077,3.035048994923609,2.693263924451392,2.5182946130465806,61.435985193562864,70.08380335371483,69.31293742798049,69.31293742798049,66.82168477191804,2.696399572473755,2.957285152300197,2.0278772473694753,59.39770651692093,59.39770651692093,59.78443101413521,59.29930150947008,59.50112569056078,59.50112569056078,59.76562758769435,59.39770651692093,59.76562758769435,59.78443101413521,59.29930150947008,48.493606842144274,48.493606842144274,48.493606842144274,48.493606842144274,3.7273954479936307,2.9121319263273433,2.9121319263273433,49.399400800915444,56.59030621914455,49.052755337625285,49.23516747242693,49.366804894033095,76.35079105334594,76.19850779023722,79.5035678290482,93.03352637970724,92.95771044608074,92.95771044608074,49.420713503664174,49.10102249762999,49.05087479846916,47.63043104116554,43.963263354048884,5.798135679911788,4.957803978250903,5.6789845885902,5.954913220924508,5.961184317576761,3.5405125358714193,1.3894531761988864,2.8193168994251536,70.77131059805443,68.74073808109452,66.73519491398511,67.17391083160034,66.36541861224687,1.3505718362534944,1.0683582783841166,7.854241475177235,58.33655709522977,61.01918180798682,59.45223663965098,72.90211508860817,67.19271290043137,67.19271290043137,53.729549607255755,60.41747769354393,59.32061215603175,62.385538463798895,55.29031408750452,47.22924301204963,47.22924301204963,47.812218850464696,45.78119192156398,3.295933713985468,1.538714639262648,1.538714639262648,48.80891180560184,43.862962909389324,37.94506314255114,45.46148957636536,44.345657899907835,94.99093654129233,84.11317797053937,95.22276561684755,101.77641948863656,94.79670096653113,104.85260784397919,46.70268134346192,49.64261608695288,49.1975567495181
46.29117037618884,47.297887446187254,2.348332484223815,1.0,2.016578337067955,3.077066530534077,0.0,1.0420175356144628,1.3838026061130455,1.5587719175271295,59.358918828529895,68.00673704053852,67.23587110989385,67.23587110989385,64.7446184383478,1.3806669580904902,1.119781378244833,2.049189283214981,57.32064014069713,57.32064014069713,57.707364640004414,57.222235132715966,57.4240593148953,57.4240593148953,57.68856121346147,57.32064014069713,57.68856121346147,57.707364640004414,57.222235132715966,46.41654041272724,46.41654041272724,46.41654041272724,46.41654041272724,1.6503289175424227,1.1649346042214672,1.1649346042214672,47.322334375489234,54.5132398281509,46.975688910662655,47.158101046271376,47.28973846846193,74.27372478218268,74.12144151800887,77.42650158043116,90.95646023858377,90.88064430430637,90.88064430430637,47.343647078332786,47.0239560708806,46.97380837149821,45.55336460801755,41.886196905834,3.7210691499877955,2.8807374480646297,3.6019180586250017,3.8778466910567584,3.884117787711308,1.46344600539235,2.6876133543658924,1.257749631130831,68.69424428930503,66.66367175939948,64.65812857988786,65.0968445001835,64.28835227590457,3.4276383667478187,3.145424808911343,9.931308002853251,56.259490713335566,58.94211544063347,57.37517026372145,70.8250487938641,65.11564656912982,65.11564656912982,51.65248320197841,58.34041132286985,57.2435457793924,60.30847210411357,53.21324768992412,45.152176577191504,45.152176577191504,45.73515241809661,43.70412548065962,1.2188671834748677,3.615781169730904,3.615781169730904,46.73184537756522,41.78589646078018,35.867996672358245,43.38442313415277,42.2685914532048,92.9138704171644,82.03611175658776,93.14569949475671,99.69935342625544,92.7196348407004,102.77554181103966,44.62561490638227,47.56554966261144,47.12049032319587
46.333187909855944,47.33990497976671,2.3063149486110177,1.0420175356144628,1.9745608014544287,3.035048994923609,1.0420175356144628,0.0,1.3417850704987069,1.5167543819129397,59.400936360908624,68.04875457188487,67.27788864133804,67.27788864133804,64.7866359701004,1.3386494224761494,1.077763842630379,2.007171747601517,57.36265767329833,57.36265767329833,57.74938217256402,57.26425266532771,57.46607684748541,57.46607684748541,57.7305787460231,57.36265767329833,57.7305787460231,57.74938217256402,57.26425266532771,46.45855794638353,46.45855794638353,46.45855794638353,46.45855794638353,1.6923464531564598,1.1229170686070238,1.1229170686070238,47.36435190906654,54.555257361045484,47.017706444270374,47.20011857986312,47.33175600204209,74.31574231269119,74.16345904853863,77.46851911048964,90.99847776649375,90.92266183222938,90.92266183222938,47.3856646119082,47.0659736044841,47.015825905106084,45.59538214174765,41.92821443986185,3.76308668559515,2.9227549836756737,3.643935594232961,3.9198642266632775,3.926135323317792,1.5054635410065909,2.645595818754054,1.215732095516421,68.73626182056314,66.70568929091556,64.700146111651,65.13886203189325,64.3303698077124,3.3856208311388287,3.1034072733011455,9.889290467313785,56.30150824604942,58.98413297305835,57.4171877963168,70.86706632484298,65.15766410083727,65.15766410083727,51.69450073515645,58.38242885536074,57.28556331200185,60.35048963638597,53.25526522294945,45.19419411095543,45.19419411095543,45.7771699518113,43.74614301454309,1.2608847190892762,3.5737636341228045,3.5737636341228045,46.773862911194186,41.8279139948158,35.91001420681911,43.42644066806208,42.3106089872028,92.95588794473433,82.07812928595384,93.18771702228588,99.74137095258935,92.76165236830442,102.8175593367839,44.66763244019012,47.60756719616725,47.162507856790896
46.67497296438032,47.68169003357518,1.964529878121997,1.3838026061130455,1.632775730960463,2.693263924451392,1.3838026061130455,1.3417850704987069,0.0,1.1749693114149282,59.74272140491449,68.3905396074674,67.6196736777188,67.6196736777188,65.1284210089974,1.0031356480225655,1.2640212278684857,1.6653866771079622,57.7044427191198,57.7044427191198,58.091167218045996,57.60603771123519,57.80786189321632,57.80786189321632,58.07236379152164,57.7044427191198,58.07236379152164,58.091167218045996,57.60603771123519,46.80034300081962,46.80034300081962,46.80034300081962,46.80034300081962,2.0341315236496618,1.21886800189189,1.21886800189189,47.706136962857435,54.89704240926173,47.35949149830968,47.54190363377192,47.67354105585642,74.65752734143994,74.50524407746072,77.8103041355684,91.34026277405599,91.26444683989779,91.26444683989779,47.72744966568377,47.40775865848894,47.35761095914674,45.93716719678673,42.26999949733365,4.104871756027883,3.264540054140898,3.985720664670962,4.261649297088745,4.267920393742962,1.847248611502005,2.3038107482718417,1.126052974982495,69.07804685542595,67.04747432788282,65.0419311506336,65.48064707044037,64.67215484705974,3.0438357606776036,2.761622202830923,9.547505397398872,56.643293292790496,59.32591801744074,57.75897284209054,71.20885135742824,65.49944913936564,65.49944913936564,52.03628578568677,58.72421390028193,57.62734835789072,60.69227467952392,53.597050272233034,45.53597916627082,45.53597916627082,46.11895500672433,44.087928070835005,1.6026697895867743,3.2319785636682563,3.2319785636682563,47.11564796540714,42.16969905235121,36.251799267831046,43.76822572456522,42.65239404443068,93.29767294952477,82.41991430538684,93.52950202674407,100.08315594730534,93.10343737337259,103.1593443266943,45.00941749586438,47.94935224978274,47.50429291072666
46.84994226752465,47.856659336350965,1.7895605667100658,1.5587719175271295,1.457806419546675,2.5182946130465806,1.5587719175271295,1.5167543819129397,1.1749693114149282,0.0,59.917690702647526,68.56550890087073,67.79464297153228,67.79464297153228,65.3033903041041,1.1781049594374915,1.4389905392829576,1.4904173656943183,57.87941201778643,57.87941201778643,58.26613651653803,57.78100700994605,57.982831191836375,57.982831191836375,58.2473330900222,57.87941201778643,58.2473330900222,58.26613651653803,57.78100700994605,46.97531230391851,46.97531230391851,46.97531230391851,46.97531230391851,2.2091008350596684,1.393837313306479,1.393837313306479,47.88110626562418,55.07201170916002,47.5344608012043,47.71687293659939,47.84851035863524,74.83249663133212,74.68021336744191,77.98527342357536,91.51523205306823,91.43941611896453,91.43941611896453,47.90241896844262,47.58272796136582,47.53258026204205,46.112136500196044,42.4449688019958,4.279841067402722,3.4395093655340805,4.160689976048741,4.436618608459547,4.442889705113599,2.0222179229135246,2.1288414368627055,1.3010222863972738,69.2530161484594,67.22244362199774,65.2169004457843,65.65561636536722,64.84712414239792,2.8688664492777063,2.5866528914269944,9.37253608626542,56.81826259193006,59.50088731536737,57.933942140732626,71.38382064929141,65.67441843428288,65.67441843428288,52.21125508677553,58.89918319848562,57.802317656592,60.867243976810705,53.77201957268039,45.7109484698224,45.7109484698224,46.29392431006877,44.26289737488944,1.7776391009998578,3.0570092522713943,3.0570092522713943,47.29061726839113,42.34466835704614,36.426768574317734,43.94319502872844,42.827363348967175,93.47264222711411,82.59488359049422,93.70447130416282,100.2581252197235,93.27840665110448,103.33431359664604,45.18438679960075,48.124321552459186,47.679262213568
14.067749235434944,13.0610321212295,60.70725120660793,59.358918828529895,60.37549708601166,61.435985193562864,59.358918828529895,59.400936360908624,59.74272140491449,59.917690702647526,0.0,9.647818979956291,8.876952972769692,8.876952972769692,6.385700064686628,59.739585757136375,59.47870019753827,60.40810802956073,3.038278839848967,3.038278839848967,2.6515543125488668,3.1366838548896365,2.934859658203812,2.934859658203812,2.670357740462081,3.038278839848967,2.670357740462081,2.6515543125488668,3.1366838548896365,13.94237919353785,13.94237919353785,13.94237919353785,13.94237919353785,58.70858996047747,59.5238534200233,59.5238534200233,13.036585190820558,5.845679343686416,13.383230671195063,13.200818527444437,13.069181099323457,15.914807402679553,15.7625241207138,19.067584583191305,32.59754518350536,32.52172923697984,32.52172923697984,13.015272487010677,13.334963508831315,13.385111210442986,14.80555503429765,18.47272286761211,56.63784987821603,57.47818152055068,56.75700096124262,56.481072348058944,56.474801251839516,58.895472858519476,61.046532049289,59.61666843973869,10.335326298324055,8.304753566483779,6.299210198311737,6.737926158961521,5.929433860713678,61.786557000726035,61.50434346630085,68.29022603943241,4.099428341978444,1.4168034198807402,2.983748712901604,12.466131026605503,6.756728229648754,6.756728229648754,8.706436143239568,2.0185075830023202,3.1153732066865785,1.9495533501756683,7.145671563396485,15.206743081206435,15.206743081206435,14.623767216790577,16.654794232237045,59.1400516618348,61.97469978798544,61.97469978798544,13.627074215038487,18.573023315751655,24.4909232390682,16.974496590026988,18.090328308232426,34.55495568363942,23.67719536604232,34.78678479999557,41.34043988695244,34.36072007480848,44.416628853843285,15.733304772476599,12.793369892599225,13.238429252205911
22.71556815947352,21.708851051964775,69.35506938514477,68.00673704053852,69.02331527284977,70.08380335371483,68.00673704053852,68.04875457188487,68.3905396074674,68.56550890087073,9.647818979956291,0.0,1.7708660083849774,1.7708660083849774,4.262118918736377,68.38740395976679,68.12651840660199,69.05592621558475,11.686097815509715,11.686097815509715,11.299373289150475,11.78450283030157,11.58267863412194,11.58267863412194,11.318176717019305,11.686097815509715,11.318176717019305,11.299373289150475,11.78450283030157,22.590198118432102,22.590198118432102,22.590198118432102,22.590198118432102,67.35640818837739,68.17167162797547,68.17167162797547,21.684404121713495,14.49349831075061,22.031049599830418,21.848637457273668,21.717000030006126,7.26698844118029,7.114705158581969,10.419765636849581,23.949726346918524,23.873910399575706,23.873910399575706,21.66309141804087,21.98278243778385,22.03293013906596,23.453373953175355,27.120541757664768,65.28566815561965,66.12599977806632,65.40481923584302,65.12889062914252,65.12261953307012,67.54329108186963,69.694350219292,68.26448664540351,1.687507319634575,2.343065415408671,4.348608785146011,3.909892824289496,4.718385122859314,70.43437515196001,70.15216162471765,76.93804401655996,12.747247314754826,10.064622399091837,11.631567688698585,3.8183120530286074,3.8910907535917056,3.8910907535917056,17.354255098351047,10.666326561016858,11.763192182152718,8.698265631222553,15.793490525428481,23.854561997188075,23.854561997188075,23.27158613695973,25.302613137239504,67.78786987920998,70.62251793441366,70.62251793441366,22.274893142057472,27.22084220494171,33.13874207037344,25.622315492494437,26.738147201537526,25.907136868943866,15.029376448944594,26.138965987993526,32.69262115993047,25.712901257872616,35.76881017260026,24.381123684561157,21.441188825047938,21.886248181790055
21.944702159082293,20.9379850508371,68.58420345767063,67.23587110989385,68.25244934458968,69.31293742798049,67.23587110989385,67.27788864133804,67.6196736777188,67.79464297153228,8.876952972769692,1.7708660083849774,0.0,1.0,3.4912529104944263,67.61653803001083,67.35565247623641,68.28506028740172,10.915231808988477,10.915231808988477,10.528507282491775,11.013636823816144,10.811812627563427,10.811812627563427,10.547310710367167,10.915231808988477,10.547310710367167,10.528507282491775,11.013636823816144,21.81933211794723,21.81933211794723,21.81933211794723,21.81933211794723,66.58554225622603,67.40080569771524,67.40080569771524,20.91353812056838,13.722632305384705,21.260183598934578,21.07777145624613,20.94613402888427,8.037854448788462,7.885571166225426,11.190631643543512,24.72059234570384,24.64477639842336,24.64477639842336,20.89222541688057,21.211916436853045,21.26206413817149,22.682507953346413,26.34967576091347,64.51480221876858,65.35513384310451,64.63395329925837,64.35802469194172,64.35175359585533,66.77242515014973,68.92348429262557,67.49362071536002,2.458373328001901,1.572199407037221,3.5777427769129506,3.1390268160140677,3.9475191146672226,69.6635092270692,69.38129569914744,76.16717810809023,11.976381308637754,9.293756392029424,10.860701682157647,4.589178061235476,3.120224745314612,3.120224745314612,16.583389094447032,9.895460554144485,10.992326175659509,7.927399623775836,15.022624520691295,23.08369599767288,23.08369599767288,22.500720136990477,24.531747138903665,67.01700394805658,69.8516520099773,69.8516520099773,21.504027141339506,26.4499762082812,32.367876079692856,24.851449494428866,25.96728120444331,26.67800286604904,15.800242453670494,26.90983198489072,33.463487150160724,26.483767255150582,36.539676159176075,23.610257685466323,20.67032282373044,21.115382180789574
21.944702159082293,20.9379850508371,68.58420345767063,67.23587110989385,68.25244934458968,69.31293742798049,67.23587110989385,67.27788864133804,67.6196736777188,67.79464297153228,8.876952972769692,1.7708660083849774,1.0,0.0,3.4912529104944263,67.61653803001083,67.35565247623641,68.28506028740172,10.915231808988477,10.915231808988477,10.528507282491775,11.013636823816144,10.811812627563427,10.811812627563427,10.547310710367167,10.915231808988477,10.547310710367167,10.528507282491775,11.013636823816144,21.81933211794723,21.81933211794723,21.81933211794723,21.81933211794723,66.58554225622603,67.40080569771524,67.40080569771524,20.91353812056838,13.722632305384705,21.260183598934578,21.07777145624613,20.94613402888427,8.037854448788462,7.885571166225426,11.190631643543512,24.72059234570384,24.64477639842336,24.64477639842336,20.89222541688057,21.211916436853045,21.26206413817149,22.682507953346413,26.34967576091347,64.51480221876858,65.35513384310451,64.63395329925837,64.35802469194172,64.35175359585533,66.77242515014973,68.92348429262557,67.49362071536002,2.458373328001901,1.572199407037221,3.5777427769129506,3.1390268160140677,3.9475191146672226,69.6635092270692,69.38129569914744,76.16717810809023,11.976381308637754,9.293756392029424,10.860701682157647,4.589178061235476,3.120224745314612,3.120224745314612,16.583389094447032,9.895460554144485,10.992326175659509,7.927399623775836,15.022624520691295,23.08369599767288,23.08369599767288,22.500720136990477,24.531747138903665,67.01700394805658,69.8516520099773,69.8516520099773,21.504027141339506,26.4499762082812,32.367876079692856,24.851449494428866,25.96728120444331,26.67800286604904,15.800242453670494,26.90983198489072,33.463487150160724,26.483767255150582,36.539676159176075,23.610257685466323,20.67032282373044,21.115382180789574
19.45344927053563,18.44673216009719,66.09295079612075,64.7446184383478,65.76119668056135,66.82168477191804,64.7446184383478,64.7866359701004,65.1284210089974,65.3033903041041,6.385700064686628,4.262118918736377,3.4912529104944263,3.4912529104944263,0.0,65.1252853612663,64.86439980557017,65.79380762361649,8.423978902677511,8.423978902677511,8.037254375808331,8.52238391760267,8.32055972115119,8.32055972115119,8.056057803701442,8.423978902677511,8.056057803701442,8.037254375808331,8.52238391760267,19.328079229121176,19.328079229121176,19.328079229121176,19.328079229121176,64.09428957993146,64.90955302738104,64.90955302738104,18.422285229776644,11.231379402286612,18.768930708884124,18.586518565803903,18.454881138161653,10.529107355466625,10.376824073045873,13.681884546682083,27.211845220773284,27.136029273708377,27.136029273708377,18.400972526043702,18.720663546698567,18.7708112481251,20.191255066480007,23.85842288331285,62.0235495276699,62.86388115795554,62.14270060899846,61.86677199974178,61.8605009036114,64.28117247521487,66.43223163362312,65.0023680457091,4.949626238168692,2.919053503519655,1.0864898664312022,1.3522260945232023,1.4562662042492673,67.1722565736678,66.8900430436028,73.67592550655111,9.485128403436052,6.802503484270363,8.369448775793135,7.080430970488355,1.371028165224548,1.371028165224548,14.092136195542645,7.404207646887958,8.50107326942483,5.436146715028314,12.531371619383858,20.59244311174601,20.59244311174601,20.009467249704354,22.040494256519484,64.52575127490715,67.36039935800969,67.36039935800969,19.01277425181866,23.958723330955394,29.876623220594702,22.360196612858825,23.476028325805437,29.16925573532551,18.2914953495936,29.40108485345206,35.95473999596014,28.975020125021484,39.030928992594426,21.11900480080023,18.179069932426717,18.624129290427817
46.67183731650541,47.678554385706846,1.9676655261444966,1.3806669580904902,1.6359113789830002,2.696399572473755,1.3806669580904902,1.3386494224761494,1.0031356480225655,1.1781049594374915,59.739585757136375,68.38740395976679,67.61653803001083,67.61653803001083,65.1252853612663,0.0,1.260885579845925,1.6685223251304966,57.701307071324976,57.701307071324976,58.088031570254294,57.60290206343957,57.804726245422344,57.804726245422344,58.06922814372979,57.701307071324976,58.06922814372979,58.088031570254294,57.60290206343957,46.79720735294551,46.79720735294551,46.79720735294551,46.79720735294551,2.030995875627171,1.2157323538693279,1.2157323538693279,47.70300131498927,54.893906761444875,47.35635585043922,47.53876798590269,47.67040540798805,74.65439169380217,74.50210842982135,77.80716848796435,91.337127126613,91.26131119245379,91.26131119245379,47.72431401781574,47.404623010618806,47.354475311276275,45.93403154890707,42.26686384943159,4.101736108005996,3.2614044061186944,3.982585016649025,4.258513649066929,4.2647847457211485,1.84411296347949,2.306946396294287,1.1229173269599306,69.07491120773194,67.04433868016947,65.03879550290169,65.47751142271245,64.6690191993245,3.046971408699874,2.76475785085327,9.550641045416286,56.64015764498722,59.32278236965917,57.75583719429615,71.20571570975517,65.49631349163792,65.49631349163792,52.03315013784862,58.7210782524954,57.62421271009529,60.6891390317538,53.59391462440635,45.532843518388624,45.532843518388624,46.11581935884585,44.0847924229438,1.5995341415642343,3.2351142116904703,3.2351142116904703,47.112512317535085,42.16656340444855,36.24866361989635,43.765090076672074,42.64925839653085,93.29453730210726,82.41677865783474,93.52636637932957,100.0800202999804,93.10030172595252,103.15620867941352,45.00628184797888,47.94621660191619,47.50115726285718
46.41095174887274,47.41766881862108,2.2285511059834455,1.119781378244833,1.8967969588255786,2.957285152300197,1.119781378244833,1.077763842630379,1.2640212278684857,1.4389905392829576,59.47870019753827,68.12651840660199,67.35565247623641,67.35565247623641,64.86439980557017,1.260885579845925,0.0,1.9294079049727753,57.4404215103401,57.4404215103401,57.827146009528725,57.34201650238901,57.543840684506634,57.543840684506634,57.80834258299158,57.4404215103401,57.80834258299158,57.827146009528725,57.34201650238901,46.536321785380295,46.536321785380295,46.536321785380295,46.536321785380295,1.770110295785906,1.0451532259766543,1.0451532259766543,47.44211574791693,54.63302119863084,47.09547028317712,47.277882418740255,47.4095198408978,74.39350614585638,74.24122288174317,77.54628294282126,91.07624159484624,91.00042566060598,91.00042566060598,47.46342845075511,47.143737443383024,47.093589744013144,45.673145980881216,42.005978279547215,3.840850528211794,3.0005188262993228,3.72169943685075,3.9976280692783415,4.003899165932792,1.5832273836364543,2.5678319761281885,1.137968252886094,68.81402565511684,66.78345312594713,64.77790994714016,65.21662586728354,64.4081336432844,3.30785698851808,3.025643430678219,9.811526624820338,56.379272083299945,59.061896809773444,57.494951633347746,70.94483015887947,65.23542793622332,65.23542793622332,51.77226457326697,58.46019269219816,57.36332714905893,60.42825347281857,53.33302906077704,45.27195795015167,45.27195795015167,45.854933790916256,43.823906853960835,1.3386485617195008,3.4959997915036602,3.4959997915036602,46.85162675014033,41.90567783451559,35.98777804730715,43.50420450752774,42.38837282683285,93.03365177245705,82.15589311700305,93.26548084993311,99.81913477802304,92.83941619609024,102.89532316112563,44.745396279467776,47.68533103497784,47.240271695674174
47.34035960970099,48.34707667748693,1.2991432010183528,2.049189283214981,1.0326109461478081,2.0278772473694753,2.049189283214981,2.007171747601517,1.6653866771079622,1.4904173656943183,60.40810802956073,69.05592621558475,68.28506028740172,68.28506028740172,65.79380762361649,1.6685223251304966,1.9294079049727753,0.0,58.36982934733136,58.36982934733136,58.75655384559078,58.271424339615685,58.473248521250014,58.473248521250014,58.737750419098965,58.36982934733136,58.737750419098965,58.75655384559078,58.271424339615685,47.465729645966505,47.465729645966505,47.465729645966505,47.465729645966505,2.699518200731318,1.8842546789969556,1.8842546789969556,48.37152360673459,55.562429042177754,48.024878142675696,48.207290277881164,48.33892769977972,75.32291393615884,75.17063067251934,78.47569072309501,92.00564932727751,91.92983339332709,91.92983339332709,48.39283630953076,48.07314530278709,48.02299760351541,46.6025538431205,42.93538614845875,4.770258432960603,3.9299267311495414,4.6511073416157345,4.927035974004959,4.9333070706585005,2.5126352885907854,1.6384240711763363,1.7914396520889642,69.74343346213178,67.71286093871619,65.70731776542067,66.14603368437298,65.33754146256246,2.3784490836118004,2.0962355257518595,8.882118721298593,57.30867992280836,59.99130464282629,58.42435947020836,71.874237959668,66.16483575326151,66.16483575326151,52.70167242315099,59.38960052672548,58.29273498623466,61.357661302466184,54.26243690724658,46.20136581314858,46.20136581314858,46.78434165281003,44.7533147196357,2.268056466683298,2.566591886612617,2.566591886612617,47.78103461011486,42.835085703601656,36.91718592593878,44.433612373781926,43.31778069507514,93.96305949732067,83.08530088185283,94.19488857388961,100.74854247538612,93.7688239217121,103.82473084537308,45.67480414344871,48.614738893314744,48.16967955488892
12.029470402274693,11.022753286990906,58.66897252599467,57.32064014069713,58.33721840360661,59.39770651692093,57.32064014069713,57.36265767329833,57.7044427191198,57.87941201778643,3.038278839848967,11.686097815509715,10.915231808988477,10.915231808988477,8.423978902677511,57.701307071324976,57.4404215103401,58.36982934733136,0.0,1.0,1.3867245273297655,1.098405015050435,1.103419181654449,1.103419181654449,1.367921099415431,1.0,1.367921099415431,1.3867245273297655,1.098405015050435,11.90410036023819,11.90410036023819,11.90410036023819,11.90410036023819,56.67031126922217,57.48557473306472,57.48557473306472,10.998306356556945,3.807400504469153,11.344951837291374,11.162539693349961,11.030902265093212,17.95308623076975,17.800802949028732,21.105863406142834,34.63582397386723,34.56000802757201,34.56000802757201,10.976993652725298,11.296684674876841,11.346832376541279,12.767276201987324,16.434444040274247,54.59957117632137,55.43990282292618,54.71872225994948,54.44279364537477,54.43652254912382,56.85719416824373,59.00825337051865,57.57838975327314,12.373605133237398,10.343032403160679,8.33748903635377,8.776204996736908,7.967712698966548,59.74827832601192,59.46606479003394,66.25194740252448,2.0611495022822233,2.62147541999962,1.0545301269523875,14.504409859255404,8.795007067412318,8.795007067412318,6.668157305418549,2.019771256894891,1.077094366845186,3.9878321898928353,5.107392724719571,13.168464249379433,13.168464249379433,12.58548838426616,14.616515402278539,57.10177297284585,59.9364211143106,59.9364211143106,11.588795381394654,16.53474448856729,22.452644422587667,14.936217760507182,16.05204948031792,36.59323446786927,25.715474179811398,36.825063583475405,43.37871864714726,36.39899885966283,46.45490760172008,13.69502594130658,10.755091058089727,11.20015041815052
12.029470402274693,11.022753286990906,58.66897252599467,57.32064014069713,58.33721840360661,59.39770651692093,57.32064014069713,57.36265767329833,57.7044427191198,57.87941201778643,3.038278839848967,11.686097815509715,10.915231808988477,10.915231808988477,8.423978902677511,57.701307071324976,57.4404215103401,58.36982934733136,1.0,0.0,1.3867245273297655,1.098405015050435,1.103419181654449,1.103419181654449,1.367921099415431,1.0,1.367921099415431,1.3867245273297655,1.098405015050435,11.90410036023819,11.90410036023819,11.90410036023819,11.90410036023819,56.67031126922217,57.48557473306472,57.48557473306472,10.998306356556945,3.807400504469153,11.344951837291374,11.162539693349961,11.030902265093212,17.95308623076975,17.800802949028732,21.105863406142834,34.63582397386723,34.56000802757201,34.56000802757201,10.976993652725298,11.296684674876841,11.346832376541279,12.767276201987324,16.434444040274247,54.59957117632137,55.43990282292618,54.71872225994948,54.44279364537477,54.43652254912382,56.85719416824373,59.00825337051865,57.57838975327314,12.373605133237398,10.343032403160679,8.33748903635377,8.776204996736908,7.967712698966548,59.74827832601192,59.46606479003394,66.25194740252448,2.0611495022822233,2.62147541999962,1.0545301269523875,14.504409859255404,8.795007067412318,8.795007067412318,6.668157305418549,2.019771256894891,1.077094366845186,3.9878321898928353,5.107392724719571,13.168464249379433,13.168464249379433,12.58548838426616,14.616515402278539,57.10177297284585,59.9364211143106,59.9364211143106,11.588795381394654,16.53474448856729,22.452644422587667,14.936217760507182,16.05204948031792,36.59323446786927,25.715474179811398,36.825063583475405,43.37871864714726,36.39899885966283,46.45490760172008,13.69502594130658,10.755091058089727,11.20015041815052
12.416194928495926,11.409477813402084,59.05569702395182,57.707364640004414,58.7239429018989,59.78443101413521,57.707364640004414,57.74938217256402,58.091167218045996,58.26613651653803,2.6515543125488668,11.299373289150475,10.528507282491775,10.528507282491775,8.037254375808331,58.088031570254294,57.827146009528725,58.75655384559078,1.3867245273297655,1.3867245273297655,0.0,1.48512954237978,1.2833053456755745,1.2833053456755745,1.0188034279143956,1.3867245273297655,1.0188034279143956,1.0,1.48512954237978,12.29082488648405,12.29082488648405,12.29082488648405,12.29082488648405,57.05703576916936,57.872299232208555,57.872299232208555,11.385030882972515,4.194125031719924,11.731676363643698,11.549264219735829,11.417626791502927,17.56636170591772,17.414078424131848,20.71913888231166,34.24909945641623,34.17328351007622,34.17328351007622,11.363718179144685,11.6834092012381,11.733556902893255,13.15400072805804,16.82116856545491,54.98629567825704,55.82662732406389,55.105446761772754,54.829518147457975,54.8232470512129,57.24391866800778,59.39497786813108,57.96511425232478,11.986880607009606,9.956307876568735,7.950764509473626,8.389480469913742,7.580988172041021,60.13500282286554,59.852789287178055,66.63867189229974,2.4478740295984522,2.2347508926874977,1.3321944003775377,14.117685333488069,8.408282540591665,8.408282540591665,7.054881832446045,1.6330467295708142,1.4638188941746362,3.601107662631561,5.494117251886743,13.555188775364284,13.555188775364284,12.972212910374852,15.003239927929958,57.48849747236931,60.32314561096976,60.32314561096976,11.975519907701225,16.92146901372029,22.839368945795954,15.322942286080012,16.43877400560242,36.206509951610194,25.32874965778951,36.438339067362016,42.99199413554714,36.01227434328245,46.06818309250184,14.081750467174448,11.141815584548407,11.58687494452952
11.931065387494336,10.924348272163309,58.570567518355595,57.222235132715966,58.238813395882616,59.29930150947008,57.222235132715966,57.26425266532771,57.60603771123519,57.78100700994605,3.1366838548896365,11.78450283030157,11.013636823816144,11.013636823816144,8.52238391760267,57.60290206343957,57.34201650238901,58.271424339615685,1.098405015050435,1.098405015050435,1.48512954237978,0.0,1.2018241967048373,1.2018241967048373,1.4663261144654811,1.098405015050435,1.4663261144654811,1.48512954237978,1.0,11.805695345451705,11.805695345451705,11.805695345451705,11.805695345451705,56.571906261078894,57.38716972512497,57.38716972512497,10.89990134172826,3.708995489435764,11.2465468224784,11.064134678528653,10.932497250265984,18.051491245171263,17.899207963441828,21.204268420281156,34.73422898636734,34.6584130400836,34.6584130400836,10.878588637895662,11.198279660061651,11.248427361728396,12.668871187244465,16.336039025753887,54.50116616767436,55.3414978144813,54.62031725133093,54.344388636690404,54.33811754043795,56.75878916014685,58.909848362966926,57.479984745356745,12.472010147995057,10.441437418013209,8.435894051281814,8.874610011649978,8.066117713906543,59.649873318652475,59.367659782600875,66.1535423969591,1.9627444872340782,2.7198804350438017,1.1529351420028038,14.602814873893577,8.893412082324721,8.893412082324721,6.569752290438864,2.1181762719427697,1.0213106482052527,4.0862372049225915,5.008987709706044,13.070059234657986,13.070059234657986,12.487083369513835,14.518110387640368,57.003367964809925,59.83801610700041,59.83801610700041,11.490390366593063,16.43633947405386,22.354239408562652,14.83781274588865,15.953644465771546,36.69163948006396,25.81387919348432,36.92346859563277,43.477123658149075,36.497403871888615,46.55331261211246,13.596620926614328,10.656686043250337,11.101745403330918
