1000.0,19.335792396399153,19.83580276072739,14.202252014373709,2.2370330735264914,2.2370330735264914,2.2370330735264914,4.7734228428462115,33.25933877461326,32.8442716454065,34.09123168301793,32.591546369591384,34.09123168301793,31.315641520231587,43.63114113864063,44.51048395991874,46.146321646982216,43.83298582143565,45.495143684493,44.556118664369,43.92952033515426,34.69672638506085,32.973267009595645,32.973267009595645,26.134917309801125,39.42932577285476,39.42932577285476,39.42932577285476,43.92952033515426,37.52766734730938,16.70500744807837,12.611799776202542,7.744713561218624,53.987894441575406,45.336298834031716,45.12567609863494,45.12567609863494,45.12567609863494,45.12567609863494,45.12567609863494,41.720651377614466,41.69607932747191,33.3699065418982,35.41630311661023,41.720651377614466,41.720651377614466,41.720651377614466,43.00454684246276,41.69607932747191,41.79348997951128,15.366350132956107,15.304943534915475,8.155281635098532,16.93659565254858,1.6544826941157957,3.6196675070641153,2.4791617367977046,1.6632559003326715,37.12750615799785,40.532422049372805,38.593014191365555,37.7154626755868,38.08403365951318,42.103273843339714,56.5488947284525,48.1060165240533,51.923680682709566,47.342495861919076,22.666288162962292,25.079315008033223,46.21038648465652,55.302617469567465,54.59171767663004,55.39915968795171,47.71986763621604,37.46097373838298,40.89222457550081,39.02301639033602,48.26398682267577,36.837916518613376,13.620638041981083,2.8108094763190072,1.4176059238484737,47.816404760897115,49.15037894120976,35.46895521403729,39.08444538093148,37.02220076706614,38.16301327905258,36.27628979041414,39.19852786172398,37.67158524046532,61.534111840436374,38.461381122370106,47.131870186235666,44.621937975157046,47.88661361958021,47.10554199847105,49.36100757527147,46.263042537009035
19.335792396399153,1000.0,1.5000103663486328,6.133540396560225,20.57282546473711,20.57282546473711,20.57282546473711,23.10921522136979,51.59513082182632,51.18006369993259,52.427023715352995,50.92733842853427,52.427023715352995,49.65143360105754,61.96693297929655,62.84627578095747,64.48211343065239,62.16877765761772,63.830935483174784,62.89191048438069,62.26531216919054,53.032518406381584,51.309059061856836,51.309059061856836,44.47070947235335,57.76511770270802,57.76511770270802,57.76511770270802,62.26531216919054,55.86345931506214,3.6307849571826405,7.723992636939617,12.591078851940827,72.32368603032366,63.67209063634798,63.4614679057539,63.4614679057539,63.4614679057539,63.4614679057539,63.4614679057539,60.05644325975798,60.03187121013892,51.7056985871508,53.752095124638366,60.05644325975798,60.05644325975798,60.05644325975798,61.34033869689671,60.03187121013892,60.12928186010152,4.969442275673604,5.030848873850314,12.180510778451728,3.3991967520516,18.681309704763446,16.71612489815955,17.85663066494536,18.672536498578562,55.46329813352966,58.86821395653636,56.92880613807588,56.05125463966536,56.419825616337015,60.43906571729866,74.8846862478835,66.44180826145913,70.25947232530206,65.67828761754414,41.00208037383544,43.41510718583416,64.54617826684007,73.63840902307857,72.92750924928576,73.73495123884636,66.05565938286719,55.796765707437,59.22801647515156,57.358808328416224,66.59977855628115,55.17370849973225,6.715154369886252,21.146601864900607,18.918186474154325,66.15219650524287,67.48617065329368,53.804747221084135,57.42023731777236,55.35799274463375,56.498805234314304,54.612081782266685,57.53431979625904,56.00737720540367,79.86990321695319,56.79717307170657,65.46766194684312,62.95772979368589,66.22240536224683,65.44133375969997,67.69679928219227,64.59883431796936
19.83580276072739,1.5000103663486328,1000.0,6.6335507627395565,21.072835828787554,21.072835828787554,21.072835828787554,23.609225584794775,52.095141173077764,51.680074051429195,52.92703406610706,51.427348780179166,52.92703406610706,50.15144395343978,62.466943323772426,63.346286124801466,64.98212377329712,62.66878800194935,64.33094582630062,63.39192082819165,62.76532251345299,53.53252875676858,51.809069413277456,51.809069413277456,44.97071982753507,58.26512805007925,58.26512805007925,58.26512805007925,62.76532251345299,56.36346966367641,4.13079532348305,8.224003003003919,13.091089217469298,72.8236963667889,64.17210097959045,63.961478249150524,63.961478249150524,63.961478249150524,63.961478249150524,63.961478249150524,60.556453605575705,60.53188155597363,52.20570893833659,54.25210547458358,60.556453605575705,60.556453605575705,60.556453605575705,61.84034904181733,60.53188155597363,60.62929220586886,5.469452641918372,5.530859240092027,12.6805211440361,3.8992071183595085,19.181320069231422,17.216135263017087,18.35664102958231,19.17254686304839,55.96330848240016,59.368224303167295,57.42881648599895,56.55126498815875,56.91983596459195,60.939076062851036,75.38469658217628,66.94181860262633,70.75948266346307,66.17829795929231,41.50209073071707,43.91511754154804,65.04618860943718,74.13841935843803,73.4275195852456,74.23496157412384,66.55566972432902,56.296776056094096,59.72802682153798,57.858818676056565,67.09978889732731,55.67371884878702,7.215164736026952,21.646612228816128,19.41819683857231,66.65220684663123,67.98618099365527,54.30475757099679,57.920247665372145,55.85800309357136,56.99881558251795,55.112092131676036,58.03433014378337,56.50738755392535,80.36991354679944,57.29718341971575,65.96767228875034,63.45774013744917,66.72241570358166,65.94134410162705,68.19680962238986,65.09884466052735
14.202252014373709,6.133540396560225,6.6335507627395565,1000.0,15.439285085144915,15.439285085144915,15.439285085144915,17.975674847340226,46.46159056313577,46.04652343886556,47.29348346148732,45.7937981660303,47.29348346148732,44.5178933314155,56.833392786658294,57.71273559450854,59.34857325596241,57.035237466392,58.69739530376576,57.75837029825549,57.1317719786421,47.89897815607962,46.17551880152617,46.17551880152617,39.33716917572333,52.63157748176607,52.63157748176607,52.63157748176607,57.1317719786421,50.72991908200187,3.502755439773248,2.590452241021897,7.457538459876402,67.1901459164227,58.53855045579549,58.32792772368982,58.32792772368982,58.32792772368982,58.32792772368982,58.32792772368982,54.92290305398984,54.89833100420472,46.57215832909676,48.61855487862838,54.92290305398984,54.92290305398984,54.92290305398984,56.20679849990425,54.89833100420472,54.99574165482599,2.1640981211642782,2.1026915229769907,7.046970385952432,3.734343644902852,13.547769321524827,11.58258451158686,12.723090280251224,13.53899611532404,50.32975789797427,53.73467374282136,51.79526591175146,50.917714407782654,51.2862853867776,55.305525514125286,69.75114615541966,61.30826810127541,65.12593219468982,60.54474745165428,35.86854006092726,38.28156688409813,59.41263809261709,68.50486892008526,67.79396914036893,68.60141113666212,60.92211921978892,50.66322547395955,54.09447626382514,52.225268104848865,61.46623839728669,50.04016826238307,1.5816139735257455,16.013061486499296,13.784646091348867,61.01865634288659,62.352630501027285,48.67120697539063,52.28669709460068,50.2244525084249,51.36526500525484,49.47854154146716,52.40077957382336,50.87383697324545,74.73636316845332,51.66363284454253,60.33412177939133,57.82418960802802,61.0888652004163,60.30779359205333,62.563259131538395,59.46529414413061
2.2370330735264914,20.57282546473711,21.072835828787554,15.439285085144915,1000.0,1.0,1.0,3.536389769457927,32.022305715516254,31.607238585933572,32.854198624689275,31.354513309891992,32.854198624689275,30.07860845941689,42.394108090544165,43.27345091289693,44.9092886020186,42.59595277358391,44.25811063870087,43.31908561740356,42.69248728741995,33.459693327303945,31.736233950239022,31.736233950239022,24.897884244938734,38.192292719929554,38.192292719929554,38.192292719929554,42.69248728741995,36.29063429236538,17.942040517758638,13.848832847572785,8.981746633967283,52.750861407543354,44.09926578803934,43.888643052378164,43.888643052378164,43.888643052378164,43.888643052378164,43.888643052378164,40.48361832725964,40.459046277088724,32.13287348290218,34.17927005954648,40.48361832725964,40.48361832725964,40.48361832725964,41.76751379361406,40.459046277088724,40.55645692924063,16.603383203242448,16.541976605228378,9.392314707757382,18.173628722118725,2.8915157676244068,4.856700580444661,3.7161948102661624,2.9002889738409587,35.89047310264227,39.29538899766623,37.35598113753973,36.478429620837545,36.84700060514908,40.866240793428794,55.31186169837226,46.86898348165639,50.686647645628994,46.10546281850905,21.42925509582143,23.842281942440767,44.97335343977507,54.065584437540664,53.35468464351278,54.16212665607411,46.48283459330466,36.223940683370074,39.65519152419926,37.78598333697077,47.02695378049056,35.60088346296281,14.85767111297984,1.5737764028075212,2.6546389973649847,46.579371718113954,47.913345900225664,34.23192215702485,37.84741232763244,35.785167711603016,36.92598022477151,35.03925673419835,37.961494808548224,36.43455218567047,60.29707881858725,37.22434806840435,45.89483714254909,43.384904928273045,46.64958057689046,45.868508954750006,48.12397453457611,45.0260094921952
2.2370330735264914,20.57282546473711,21.072835828787554,15.439285085144915,1.0,1000.0,1.0,3.536389769457927,32.022305715516254,31.607238585933572,32.854198624689275,31.354513309891992,32.854198624689275,30.07860845941689,42.394108090544165,43.27345091289693,44.9092886020186,42.59595277358391,44.25811063870087,43.31908561740356,42.69248728741995,33.459693327303945,31.736233950239022,31.736233950239022,24.897884244938734,38.192292719929554,38.192292719929554,38.192292719929554,42.69248728741995,36.29063429236538,17.942040517758638,13.848832847572785,8.981746633967283,52.750861407543354,44.09926578803934,43.888643052378164,43.888643052378164,43.888643052378164,43.888643052378164,43.888643052378164,40.48361832725964,40.459046277088724,32.13287348290218,34.17927005954648,40.48361832725964,40.48361832725964,40.48361832725964,41.76751379361406,40.459046277088724,40.55645692924063,16.603383203242448,16.541976605228378,9.392314707757382,18.173628722118725,2.8915157676244068,4.856700580444661,3.7161948102661624,2.9002889738409587,35.89047310264227,39.29538899766623,37.35598113753973,36.478429620837545,36.84700060514908,40.866240793428794,55.31186169837226,46.86898348165639,50.686647645628994,46.10546281850905,21.42925509582143,23.842281942440767,44.97335343977507,54.065584437540664,53.35468464351278,54.16212665607411,46.48283459330466,36.223940683370074,39.65519152419926,37.78598333697077,47.02695378049056,35.60088346296281,14.85767111297984,1.5737764028075212,2.6546389973649847,46.579371718113954,47.913345900225664,34.23192215702485,37.84741232763244,35.785167711603016,36.92598022477151,35.03925673419835,37.961494808548224,36.43455218567047,60.29707881858725,37.22434806840435,45.89483714254909,43.384904928273045,46.64958057689046,45.868508954750006,48.12397453457611,45.0260094921952
2.2370330735264914,20.57282546473711,21.072835828787554,15.439285085144915,1.0,1.0,1000.0,3.536389769457927,32.022305715516254,31.607238585933572,32.854198624689275,31.354513309891992,32.854198624689275,30.07860845941689,42.394108090544165,43.27345091289693,44.9092886020186,42.59595277358391,44.25811063870087,43.31908561740356,42.69248728741995,33.459693327303945,31.736233950239022,31.736233950239022,24.897884244938734,38.192292719929554,38.192292719929554,38.192292719929554,42.69248728741995,36.29063429236538,17.942040517758638,13.848832847572785,8.981746633967283,52.750861407543354,44.09926578803934,43.888643052378164,43.888643052378164,43.888643052378164,43.888643052378164,43.888643052378164,40.48361832725964,40.459046277088724,32.13287348290218,34.17927005954648,40.48361832725964,40.48361832725964,40.48361832725964,41.76751379361406,40.459046277088724,40.55645692924063,16.603383203242448,16.541976605228378,9.392314707757382,18.173628722118725,2.8915157676244068,4.856700580444661,3.7161948102661624,2.9002889738409587,35.89047310264227,39.29538899766623,37.35598113753973,36.478429620837545,36.84700060514908,40.866240793428794,55.31186169837226,46.86898348165639,50.686647645628994,46.10546281850905,21.42925509582143,23.842281942440767,44.97335343977507,54.065584437540664,53.35468464351278,54.16212665607411,46.48283459330466,36.223940683370074,39.65519152419926,37.78598333697077,47.02695378049056,35.60088346296281,14.85767111297984,1.5737764028075212,2.6546389973649847,46.579371718113954,47.913345900225664,34.23192215702485,37.84741232763244,35.785167711603016,36.92598022477151,35.03925673419835,37.961494808548224,36.43455218567047,60.29707881858725,37.22434806840435,45.89483714254909,43.384904928273045,46.64958057689046,45.868508954750006,48.12397453457611,45.0260094921952
4.7734228428462115,23.10921522136979,23.609225584794775,17.975674847340226,3.536389769457927,3.536389769457927,3.536389769457927,1000.0,29.485915972178326,29.070848841871214,30.317808882833802,28.81812356539353,30.317808882833802,27.542218712774176,39.85771836860274,40.737061193060704,42.372898886219694,40.05956305212169,41.72172092127599,40.782695897677854,40.15609756618779,30.92330358655313,29.199844206400712,29.199844206400712,22.361494490575513,35.65590298855681,35.65590298855681,35.65590298855681,40.15609756618779,33.7542445570658,20.47843027743749,16.38522261117404,11.518136400938602,50.21447171328218,41.5628760702216,41.35225333404179,41.35225333404179,41.35225333404179,41.35225333404179,41.35225333404179,37.94722860090117,37.92265655067483,29.596483739758924,31.64288032013654,37.94722860090117,37.94722860090117,37.94722860090117,39.23112407020029,37.92265655067483,38.02006720304661,19.139772964313543,19.078366366360783,11.928704474498675,20.710018481545923,5.427905536834341,7.393090349172455,6.252584579301632,5.436678743049248,33.354083366543506,36.75899926866889,34.819591404413835,33.94203988591628,34.31061087097634,38.329851067937746,52.77547201192775,44.332593770901255,48.15025794534784,43.569073105761966,18.892865337174015,21.305892186698593,42.436963724137485,51.529194747244176,50.81829495105992,51.62573696607276,43.946444881537815,33.68755094793665,37.11880179599222,35.249593604741136,44.49056407015184,33.06449372629158,17.39406087570671,2.962613366683745,5.191028766617585,44.042982006599225,45.37695619225071,31.695532417714215,35.311022595531746,33.24877797529552,34.38959049076021,32.50286699643091,35.425105076687544,33.89816245066064,57.760689148462646,34.68795833500625,43.35844742925854,40.84851520870691,44.113190865559424,43.332119241391695,45.58758482716962,42.4896197766904
33.25933877461326,51.59513082182632,52.095141173077764,46.46159056313577,32.022305715516254,32.022305715516254,32.022305715516254,29.485915972178326,1000.0,1.4150671341685308,1.8318929187379474,1.6677924129415138,1.8318929187379474,2.943697276503321,11.371802529916511,12.251145368962279,13.886983090617871,11.57364721673877,13.235805114118763,12.296780074350417,11.670181732394227,2.437387628628077,1.2860717684511904,1.2860717684511904,8.124421532058566,7.169987087219194,7.169987087219194,7.169987087219194,11.670181732394227,5.268328631209871,48.96434593919733,44.871138359138186,40.00405223687328,21.72855607881529,13.076960260288095,12.866337520452753,12.866337520452753,12.866337520452753,12.866337520452753,12.866337520452753,9.461312732281856,9.436740681686242,1.1105677686284583,3.156964369860373,9.461312732281856,9.461312732281856,9.461312732281856,10.745208221430929,9.436740681686242,9.534151335524292,47.62568865549516,47.56428205886336,40.41462030362192,49.19593413809453,33.91382146062848,35.87900624731406,34.73850049264375,33.922594666734575,4.868167435832802,8.273083382649393,6.333675491998963,5.456123962375201,5.824694952046228,9.843935205120104,24.2895564388752,15.846678011764455,19.664342264528567,15.083157332116402,11.593050697855105,9.180023840551694,13.951047929687643,23.043279143764853,22.33237933068337,23.139821364913825,15.460529115015131,5.201635021264229,8.632885915143083,6.763677697964039,16.00464831406491,4.578577792133617,45.879976603461564,31.44852931902531,33.67694469333026,15.557066241913772,16.891040453582598,3.2096164680111787,6.825106689570026,4.762862043324842,5.903674572829858,4.016951055745507,6.939189172246725,5.41224652657661,29.274773707359078,6.202042420889988,14.872531651678313,12.36259938649391,15.627275102214012,14.846203463321705,17.10166909271693,14.003703983189418
32.8442716454065,51.18006369993259,51.680074051429195,46.04652343886556,31.607238585933572,31.607238585933572,31.607238585933572,29.070848841871214,1.4150671341685308,1000.0,2.2469600529014766,1.2527252787737968,2.2469600529014766,2.5286301423491184,11.786869663545888,12.666212502498304,14.302050223960414,11.988714350347378,13.650872247541413,12.711847207881387,12.08524886599276,2.85245476278377,1.1289953657175182,1.1289953657175182,7.709354398120605,7.5850542211918865,7.5850542211918865,7.5850542211918865,12.08524886599276,5.683395765282036,48.54927881605372,44.45607123418365,39.58898510997716,22.14362321087291,13.492027393729664,13.281404653919035,13.281404653919035,13.281404653919035,13.281404653919035,13.281404653919035,9.87637986608841,9.851807815494846,1.525634902796709,3.572031504002157,9.87637986608841,9.87637986608841,9.87637986608841,11.16027535512229,9.851807815494846,9.94921846932474,47.210621531741396,47.149214935082036,39.99955317688071,48.780867015058256,33.49875433162661,35.463939118952354,34.32343336390598,33.507527537735484,5.283234569921461,8.688150516548417,6.748742626019694,5.871191096439093,6.239762086092898,10.259002338893987,24.704623570385117,16.261745144841314,20.079409396981774,15.498224465301169,11.177983564206729,8.764956706689564,14.366115063022086,23.45834627554918,22.747446462617535,23.55488849667742,15.875596248147264,5.616702155339249,9.047953049015542,7.178744831960912,16.419715447118747,4.993644926233252,45.46490947893826,31.033462189273287,33.26187756425375,15.972133375032227,17.30610758650278,3.6246836021517486,7.240173823563344,5.177929177417586,6.318741706872665,4.432018189864119,7.354256306233344,5.827313660642467,29.689840837622146,6.617109554917665,15.287598784891863,12.777666520017565,16.042342235322458,15.261270596538823,17.516736225604248,14.418771116517172
34.09123168301793,52.427023715352995,52.92703406610706,47.29348346148732,32.854198624689275,32.854198624689275,32.854198624689275,30.317808882833802,1.8318929187379474,2.2469600529014766,1000.0,2.4996853316697836,1.0,3.7755901951891313,10.539909612134169,11.419252451356456,13.055090173380108,10.741754298995629,12.403912196728301,11.464887156754163,10.838288814670106,1.6054947098985393,2.1179646871860474,2.1179646871860474,8.956314450248556,6.338094168799411,6.338094168799411,6.338094168799411,10.838288814670106,4.43643571261363,49.796238835260716,45.703031258880465,40.83594514056557,20.89666316405832,12.245067342861628,12.034444602979292,12.034444602979292,12.034444602979292,12.034444602979292,12.034444602979292,8.629419814167434,8.604847763568007,1.72132515011026,2.3250714511500408,8.629419814167434,8.629419814167434,8.629419814167434,9.91331530353191,8.604847763568007,8.702258417421243,48.45758155279761,48.39617495622181,41.2465132069988,50.02782703394002,34.745714368614614,36.71089915399344,35.570393400090644,34.75448757471504,4.036274517208325,7.441190464363965,5.501782573492974,4.6242310437932765,4.992802033494387,9.012042287066548,23.457663525185108,15.014785095035569,18.832449349003628,14.251264415180444,12.4249436154229,10.01191675857698,13.119155012465344,22.21138622953981,21.500486416166567,22.30792845072915,14.62863619818011,4.369742102663068,7.800992996906561,5.931784779500687,15.17275539738027,3.7466848734906337,46.71186950232742,32.28042222854461,34.508837601468834,14.72517332510502,16.059147537155148,2.3777235493026447,5.993213771113056,3.9309691246934473,5.071781654284802,3.18505813707125,6.107296253801802,4.580353607991282,28.4428807961079,5.3701495023716594,14.040638734687212,11.530706468911523,14.795382185424469,14.014310546323768,16.269776176352828,13.171811065979888
32.591546369591384,50.92733842853427,51.427348780179166,45.7937981660303,31.354513309891992,31.354513309891992,31.354513309891992,28.81812356539353,1.6677924129415138,1.2527252787737968,2.4996853316697836,1000.0,2.4996853316697836,2.2759048635810486,12.039594941970261,12.918937780864105,14.554775502205207,12.241439628758705,13.90359752583625,12.96457248624403,12.337974144397766,3.105180041546118,1.3817206444911707,1.3817206444911707,7.456629119474041,7.837779499833529,7.837779499833529,7.837779499833529,12.337974144397766,5.936121043987976,48.296553543899535,44.203345960934854,39.33625983555573,22.39634848831997,13.744752672036336,13.534129932241171,13.534129932241171,13.534129932241171,13.534129932241171,13.534129932241171,10.129105144624404,10.104533094032139,1.7783601815693046,3.8247567827546254,10.129105144624404,10.129105144624404,10.129105144624404,11.41300063358563,10.104533094032139,10.201943747856873,46.95789625921832,46.89648966254229,39.746827902552795,48.528141742968955,33.24602905593496,35.21121384364664,34.07070808837349,33.2548022620455,5.535959848638229,8.94087579514304,7.001467904692228,6.123916375139628,6.49248736478222,10.511727617409344,24.957348847493662,16.514470422920496,20.332134674673743,15.750949743447553,10.925258285729683,8.5122314280871,14.618840341261823,23.711071552827256,23.000171739988236,23.80761377394269,16.128321526260862,5.8694274340470605,9.300678327593287,7.431470110618075,16.6724407251836,5.24637020495727,45.212184205950045,30.780736913129722,33.00915228851713,16.2248586531373,17.558832864484522,3.877408880903376,7.492899102218223,5.430654456137046,6.571466985559481,4.684743468600795,7.6069815848839255,6.080038939344283,29.942566113961743,6.869834833594687,15.54032406305618,13.030391798375621,16.295067513421294,15.513995874705365,17.76946150356555,14.671496394752733
34.09123168301793,52.427023715352995,52.92703406610706,47.29348346148732,32.854198624689275,32.854198624689275,32.854198624689275,30.317808882833802,1.8318929187379474,2.2469600529014766,1.0,2.4996853316697836,1000.0,3.7755901951891313,10.539909612134169,11.419252451356456,13.055090173380108,10.741754298995629,12.403912196728301,11.464887156754163,10.838288814670106,1.6054947098985393,2.1179646871860474,2.1179646871860474,8.956314450248556,6.338094168799411,6.338094168799411,6.338094168799411,10.838288814670106,4.43643571261363,49.796238835260716,45.703031258880465,40.83594514056557,20.89666316405832,12.245067342861628,12.034444602979292,12.034444602979292,12.034444602979292,12.034444602979292,12.034444602979292,8.629419814167434,8.604847763568007,1.72132515011026,2.3250714511500408,8.629419814167434,8.629419814167434,8.629419814167434,9.91331530353191,8.604847763568007,8.702258417421243,48.45758155279761,48.39617495622181,41.2465132069988,50.02782703394002,34.745714368614614,36.71089915399344,35.570393400090644,34.75448757471504,4.036274517208325,7.441190464363965,5.501782573492974,4.6242310437932765,4.992802033494387,9.012042287066548,23.457663525185108,15.014785095035569,18.832449349003628,14.251264415180444,12.4249436154229,10.01191675857698,13.119155012465344,22.21138622953981,21.500486416166567,22.30792845072915,14.62863619818011,4.369742102663068,7.800992996906561,5.931784779500687,15.17275539738027,3.7466848734906337,46.71186950232742,32.28042222854461,34.508837601468834,14.72517332510502,16.059147537155148,2.3777235493026447,5.993213771113056,3.9309691246934473,5.071781654284802,3.18505813707125,6.107296253801802,4.580353607991282,28.4428807961079,5.3701495023716594,14.040638734687212,11.530706468911523,14.795382185424469,14.014310546323768,16.269776176352828,13.171811065979888
31.315641520231587,49.65143360105754,50.15144395343978,44.5178933314155,30.07860845941689,30.07860845941689,30.07860845941689,27.542218712774176,2.943697276503321,2.5286301423491184,3.7755901951891313,2.2759048635810486,3.7755901951891313,1000.0,13.31549980353704,14.194842642115274,15.830680362808378,13.517344490255063,15.179502386706858,14.240477347478198,13.613879005860019,4.381084905021663,2.6576255080628393,2.6576255080628393,6.180724256389028,9.113684362592444,9.113684362592444,9.113684362592444,13.613879005860019,7.212025907114589,47.02064871266643,42.92744112426824,38.06035499307923,23.672253344718015,15.020657532970274,14.810034793257934,14.810034793257934,14.810034793257934,14.810034793257934,14.810034793257934,11.405010006798022,11.380437956212857,3.054265045126651,5.100661646163988,11.405010006798022,11.405010006798022,11.405010006798022,12.688905495363342,11.380437956212857,11.477848610009332,45.68199142615316,45.620584829394375,38.4709230605391,47.25223691205822,31.970124207183698,33.93530899679927,32.79480324040717,31.978897413302484,6.811864711828574,10.216780657639584,8.27737276762604,7.399821238234696,7.768392227812342,11.787632479470078,26.233253702124692,17.79037528264316,21.608039532355004,17.02685460352678,9.649353423421914,7.23632656520082,15.894745201838003,24.986976408342375,24.27607659598712,25.08351862939097,17.404226386166012,7.145332297184625,10.576583189996457,8.70737497346455,17.948345584830342,6.522275068190777,43.93627937057615,29.50483206215279,31.733247439544144,17.50076351299724,18.834737723691553,5.153313744307292,8.768803965051774,6.706559319343375,7.847371848575162,5.960648331910931,8.882886447693178,7.355943802446815,31.218470964597678,8.145739696554145,16.81622892323074,14.306296659585152,17.57097237324819,16.789900734891745,19.045366362664687,15.947401255306643
43.63114113864063,61.96693297929655,62.466943323772426,56.833392786658294,42.394108090544165,42.394108090544165,42.394108090544165,39.85771836860274,11.371802529916511,11.786869663545888,10.539909612134169,12.039594941970261,10.539909612134169,13.31549980353704,1000.0,1.8793428402364125,3.515180564601754,1.2018446870791117,2.8640025869468735,1.9249775456914158,1.298379202860874,9.934414902834733,11.657874298000554,11.657874298000554,18.49622404695935,5.20181544581811,5.20181544581811,5.20181544581811,1.298379202860874,7.103473901842978,59.33614813131677,55.242940601826646,50.37585453440042,11.356753574721303,2.7051577328497434,2.4945349926704417,2.4945349926704417,2.4945349926704417,2.4945349926704417,2.4945349926704417,2.9104897995803434,2.935061850195261,11.261234761424669,9.214838162189572,2.9104897995803434,2.9104897995803434,2.9104897995803434,1.6265943092205002,2.935061850195261,2.8376511962798263,57.99749086460045,57.936084268737375,50.78642259674498,59.56773632723129,44.28562381868582,46.2508085868219,45.11030284303082,44.294397024711195,7.503635097112425,4.098719149979926,6.038127041152433,6.915678570714862,6.547107581092178,2.5278673264227534,13.917753945140872,5.474875489841735,9.292539753230962,4.7113548084890535,21.964853201014094,19.551826352186435,3.579245403790746,12.671476644792417,11.960576828890057,12.768018866333827,5.088726592212782,7.170167511773361,3.738916617289815,5.608124835149725,5.632845792512374,7.793224740709677,56.25177883406412,41.820331699029815,44.04874705356031,5.185263719327972,6.519237934218454,9.162186064076828,5.546695843534729,7.608940489585654,6.4681279603146535,8.35485147684253,5.432613360838887,6.959556006505517,18.902971238305796,6.169760112264028,4.50072912760539,1.9907968579322324,5.2554725797871065,4.474400939193833,6.729866573900571,3.631901457391246
44.51048395991874,62.84627578095747,63.346286124801466,57.71273559450854,43.27345091289693,43.27345091289693,43.27345091289693,40.737061193060704,12.251145368962279,12.666212502498304,11.419252451356456,12.918937780864105,11.419252451356456,14.194842642115274,1.8793428402364125,1000.0,2.6358377244072924,1.6774981531586952,1.9846597467291751,1.0456347054554338,1.5809636373773064,10.813757742176609,12.537217136982356,12.537217136982356,19.375566883914196,6.081158285836759,6.081158285836759,6.081158285836759,1.5809636373773064,7.982816741644641,60.2154909362173,56.122283411484396,51.255197349266226,10.477410735485263,1.825814892627689,1.6151921524434045,1.6151921524434045,1.6151921524434045,1.6151921524434045,1.6151921524434045,3.789832639762399,3.8144046903761324,12.140577600494716,10.094181001663829,3.789832639762399,3.789832639762399,3.789832639762399,2.5059371494472904,3.8144046903761324,3.716994036465319,58.87683367109474,58.81542707530391,51.66576541119028,60.44707913185233,45.16496663938265,47.130151405720454,45.98964566298268,45.173739845400156,8.382977936859028,4.978061990090614,6.91746988108475,7.795021410541239,7.426450420964963,3.4072101666216583,13.038411106489152,4.595532649769355,8.413196913621151,3.8320119683598004,22.844196036575262,20.431169188743205,2.6999025635990375,11.792133805839669,11.08123398977976,11.88867602740327,4.2093837521101545,8.049510351566076,4.618259457425156,6.487467675128214,4.7535029524532435,8.672567580414391,57.13112164258138,42.699674521870364,44.92808987446853,4.3059208792326205,5.639895094243106,10.04152890356036,6.426038683519506,8.488283329317227,7.347470800197024,9.234194316461132,6.311956200835137,7.838898846326183,18.023628401174303,7.049102952181456,3.6213862874625384,1.111454017696946,4.3761297396971655,3.595058099049347,5.850523733947486,2.7525586172018635
46.146321646982216,64.48211343065239,64.98212377329712,59.34857325596241,44.9092886020186,44.9092886020186,44.9092886020186,42.372898886219694,13.886983090617871,14.302050223960414,13.055090173380108,14.554775502205207,13.055090173380108,15.830680362808378,3.515180564601754,2.6358377244072924,1000.0,3.3133358775362605,1.6511779776902777,2.5902030189532352,3.216801361760171,12.449595464451614,14.173054858505298,14.173054858505298,21.01140460134017,7.7169960095965395,7.7169960095965395,7.7169960095965395,3.216801361760171,9.618654464910044,61.85132859206441,57.758121076376646,52.89103502407918,8.841573012486823,1.8100228317922902,2.0206455719757965,2.0206455719757965,2.0206455719757965,2.0206455719757965,2.0206455719757965,5.425670363935476,5.450242414545835,13.776415322200739,11.730018724219432,5.425670363935476,5.425670363935476,5.425670363935476,4.141774873764838,5.450242414545835,5.352831760648268,60.51267132997058,60.451264734317036,53.30160308520136,62.082916787168514,46.80080432533353,48.7659890882323,47.625483347508364,46.809577531336025,10.018815660002907,6.613899714074243,8.55330760464403,9.430859133861574,9.062288144389216,5.043047890844334,11.402573384455541,2.959694925495679,6.777359190025857,2.19617424401675,24.480033751243106,22.067006905378275,1.0640648391938103,10.15629608330551,9.445396266986421,10.252838304905783,2.5735460277986295,9.685348074811644,6.254097181471808,8.1233053987939,3.1176652281966803,10.308405303466538,58.76695930530386,44.335512211926854,46.563927560824,2.670083154930027,4.004057370100115,11.677366626135724,8.06187640719982,10.124121052428114,8.983308523642876,10.870032039326285,7.947793924542236,9.474736569633802,16.387790681730934,8.684940675706757,1.9855485631042396,2.524383706713569,2.7402920154012915,1.9592203746892598,4.214686009835862,1.1167208927984504
43.83298582143565,62.16877765761772,62.66878800194935,57.035237466392,42.59595277358391,42.59595277358391,42.59595277358391,40.05956305212169,11.57364721673877,11.988714350347378,10.741754298995629,12.241439628758705,10.741754298995629,13.517344490255063,1.2018446870791117,1.6774981531586952,3.3133358775362605,1000.0,2.6621578998750133,1.7231328586138699,1.0965345157818296,10.13625958972268,11.859718984808582,11.859718984808582,18.69806873331295,5.403660132853898,5.403660132853898,5.403660132853898,1.0965345157818296,7.305318588831978,59.53799281037738,55.444785281972734,50.57769921573425,11.154908887888242,2.5033130457766317,2.292690305595852,2.292690305595852,2.292690305595852,2.292690305595852,2.292690305595852,3.112334486650008,3.136906537264693,11.463079448252328,9.416682849106765,3.112334486650008,3.112334486650008,3.112334486650008,1.8284389962983967,3.136906537264693,3.0394958833501646,58.19933554402477,58.137928948178185,50.988267277982935,59.7695810062281,44.48746850134846,46.452653269074865,45.31214752552376,44.49624170737203,7.70547978408942,4.300563837035092,6.239971728169731,7.117523257709235,6.748952268096619,2.7297120134956785,13.71590925844599,5.273030802807372,9.090695066308832,4.5095101214404245,22.166697887053296,19.753671038450335,3.377400716725986,12.469631958026469,11.758732142086815,12.566174179573125,4.886881905170864,7.372012198760411,3.9407613043500693,5.8099695221769405,5.431001105481301,7.995069427677516,56.453623513950006,42.022176382180604,44.2505917362711,4.983419032287876,6.317393247208019,9.364030750996069,5.7485405305632895,7.810785176559366,6.66997264732117,8.556696163791491,5.634458047869902,7.161400693498649,18.701126551967775,6.37160479927812,4.298884440553305,1.7889521708549505,5.053627892748364,4.2725562521413325,6.528021886895581,3.430056770327104
45.495143684493,63.830935483174784,64.33094582630062,58.69739530376576,44.25811063870087,44.25811063870087,44.25811063870087,41.72172092127599,13.235805114118763,13.650872247541413,12.403912196728301,13.90359752583625,12.403912196728301,15.179502386706858,2.8640025869468735,1.9846597467291751,1.6511779776902777,2.6621578998750133,1000.0,1.9390250412742305,2.5656233840960967,11.798417487695248,13.521876882061122,13.521876882061122,20.36022662657771,7.065818032213949,7.065818032213949,7.065818032213949,2.5656233840960967,8.967476487738388,61.20015064211826,57.10694312279945,52.23985706651668,9.49275098967457,1.1588448541029839,1.3694675942883658,1.3694675942883658,1.3694675942883658,1.3694675942883658,1.3694675942883658,4.774492386371333,4.799064436983217,13.125237345680734,11.078840747346025,4.774492386371333,4.774492386371333,4.774492386371333,3.49059689613364,4.799064436983217,4.701653783079653,59.86149337880881,59.80008678310017,52.6504251279611,61.43173883743541,46.14962636329209,48.11481112757444,46.97430538604038,46.158399569300606,9.3676376828826,5.9627217365943475,7.9021296273474695,8.779681156666653,8.411110167150191,4.391869913257602,12.053751361278257,3.6108729031473366,7.428537167435851,2.847352221690347,23.828855777604364,21.415828930938495,1.7152428168837421,10.807474060318214,10.096574244097011,10.904016281904608,3.2247240054624826,9.03417009764838,5.602919203964148,7.4721274214517885,3.7688432058426993,9.657227326384902,58.115781352597885,43.68433424823275,45.91274959861974,3.3212611325910424,4.655235347707515,11.026188649254053,7.410698429851426,9.472943075321725,8.332130546394666,10.21885406232326,7.2966159471823335,8.823558592444272,17.03896865755961,8.033762698424702,2.636726540782341,1.8732057290333404,3.391469993060154,2.610398352367877,4.865863987432341,1.7678988704880516
44.556118664369,62.89191048438069,63.39192082819165,57.75837029825549,43.31908561740356,43.31908561740356,43.31908561740356,40.782695897677854,12.296780074350417,12.711847207881387,11.464887156754163,12.96457248624403,11.464887156754163,14.240477347478198,1.9249775456914158,1.0456347054554338,2.5902030189532352,1.7231328586138699,1.9390250412742305,1000.0,1.6265983428325472,10.859392447580817,12.582851842367033,12.582851842367033,19.421201589190336,6.126792991278404,6.126792991278404,6.126792991278404,1.6265983428325472,8.028451447074096,60.26112563980993,56.16791811532593,51.300832053380425,10.431776030077106,1.780180187172596,1.569557446988156,1.569557446988156,1.569557446988156,1.569557446988156,1.569557446988156,3.835467345213646,3.860039395827306,12.186212305884169,10.13981570707526,3.835467345213646,3.835467345213646,3.835467345213646,2.5515718549014874,3.860039395827306,3.762628741916781,58.92246837477073,58.8610617789837,51.71140011528245,60.49271383543036,45.21060134380243,47.17578611004595,46.03528036736339,45.219374549819534,8.428612642285426,5.023696695537577,6.963104586521505,7.840656115972066,7.472085126398382,3.452844872073967,12.992776401110063,4.549897944320675,8.367562208194606,3.786377262908542,22.889830741777377,20.476803893998166,2.6542678581450914,11.746499100445572,11.035599284377831,11.843041322010276,4.163749046660092,8.095145056995031,4.663894162873572,6.533102380567576,4.707868247005172,8.718202285838476,57.17675634636323,42.745309226402604,44.9737245788994,4.260286173782889,5.594260388798949,10.087163608972295,6.471673388959224,8.533918034742793,7.393105505630977,9.279829021880474,6.357590906275507,7.884533551756692,17.97799369587167,7.094737657617376,3.5757515820106773,1.065819312241516,4.330495034247681,3.549423393597413,5.80488902850438,2.706923911748013
43.92952033515426,62.26531216919054,62.76532251345299,57.1317719786421,42.69248728741995,42.69248728741995,42.69248728741995,40.15609756618779,11.670181732394227,12.08524886599276,10.838288814670106,12.337974144397766,10.838288814670106,13.613879005860019,1.298379202860874,1.5809636373773064,3.216801361760171,1.0965345157818296,2.5656233840960967,1.6265983428325472,1000.0,10.23279410541003,11.956253500457137,11.956253500457137,18.79460324874189,5.500194648613539,5.500194648613539,5.500194648613539,1.0,7.401853104568603,59.63452732230472,55.54131979442059,50.67423372875178,11.058374372220696,2.40677852999717,2.1961557898157533,2.1961557898157533,2.1961557898157533,2.1961557898157533,2.1961557898157533,3.2088690024266135,3.2334410530411795,11.559613963910401,9.513217364808343,3.2088690024266135,3.2088690024266135,3.2088690024266135,1.9249735120793687,3.2334410530411795,3.136030399127117,58.2958700561265,58.23446346028783,51.08480179095448,59.86611551812485,44.584003015003525,46.54918778253335,45.4086820390974,44.59277622102624,7.802014299820169,4.397098352804369,6.336506243920248,7.214057773448494,6.845486783840817,2.8262465292739716,13.619374742843682,5.1764962870455165,8.994160550599378,4.412975605672001,22.263232402330704,19.85020555383602,3.280866200950226,12.37309744239058,11.66219762643333,12.469639663939715,4.7903473894055235,7.468546714496082,4.0372958201219,5.9065040379323435,5.334466589720968,8.09160394340379,56.550158026273095,42.11871089606997,44.34712624994927,4.886884516523375,6.220858731457259,9.460565266698643,5.845075046319357,7.907319692288512,6.766507163066386,8.653230679508551,5.730992563627179,7.257935209237299,18.604592036534473,6.468139315027057,4.2023499247833,1.6924176550737324,4.9570933769844885,4.176021736371135,6.4314873711473535,3.333522254551622
