1000.0,1.0,1.0,87.29662780492403,58.23621545932424,58.23621545932424,58.42920456009973,58.42920456009973,57.2072282865306,58.23621545932424,20.997776956419056,1.0,1.0,2.8490588641353094,1.2983752356457332,1.0,1.0,1.0,1.0,1.0,44.74475753994845,48.202179513825534,44.74475753994845,38.37449628116457,47.67405294471198,30.48870245339479,38.13147149359922,27.559577956566486,29.467787666181465,35.85441809605277,29.787287996475882,13.530538083001494,15.7492540133393,13.530538083001494,41.795397857021555,41.12210959006386,42.14213815593419,42.14213815593419,42.14213815593419,33.8934571173807,47.72521106146014,48.355514992691624,15.7492540133393,16.66202684173863,20.947748324453475,77.89247982259434,78.75998890751131,77.82399248625342,51.901245585517536,53.59030473492896,6.760275752608026,6.47946327627752,1.6967915196978165,102.3568391429952,54.121977042920044,54.55182835976342,61.85910396488872,59.89415882606341,56.98177998473673,48.54256570885607,12.578235771649474,18.1014111592402,10.23763360443768,12.613335871322954,18.03119695559323,13.739418897308976,13.642877306745612,12.098220678672753,8.368294437831949,9.491650269897123,59.45555133121196,42.26108233162167,39.63786761478306,37.6726185175302,42.252309118091745,27.10894402295259,25.32778284939965,23.121815644139712,35.07670163241911,30.099767028607857,20.70813774967321,30.07343449967584,29.774999509104436,23.314911627096244,50.85129990313258,50.43869793005301,45.67191422227766,44.02157291499734,41.45831441903798,43.57387721125553,46.40052838312172,49.42914490588139,16.934104479592165,16.126649768193083,9.983121207998664,77.5588238764052,76.08372265902253,77.18126676615492,50.210450538947526,30.099767028607857
1.0,1000.0,1.0,87.29662780492403,58.23621545932424,58.23621545932424,58.42920456009973,58.42920456009973,57.2072282865306,58.23621545932424,20.997776956419056,1.0,1.0,2.8490588641353094,1.2983752356457332,1.0,1.0,1.0,1.0,1.0,44.74475753994845,48.202179513825534,44.74475753994845,38.37449628116457,47.67405294471198,30.48870245339479,38.13147149359922,27.559577956566486,29.467787666181465,35.85441809605277,29.787287996475882,13.530538083001494,15.7492540133393,13.530538083001494,41.795397857021555,41.12210959006386,42.14213815593419,42.14213815593419,42.14213815593419,33.8934571173807,47.72521106146014,48.355514992691624,15.7492540133393,16.66202684173863,20.947748324453475,77.89247982259434,78.75998890751131,77.82399248625342,51.901245585517536,53.59030473492896,6.760275752608026,6.47946327627752,1.6967915196978165,102.3568391429952,54.121977042920044,54.55182835976342,61.85910396488872,59.89415882606341,56.98177998473673,48.54256570885607,12.578235771649474,18.1014111592402,10.23763360443768,12.613335871322954,18.03119695559323,13.739418897308976,13.642877306745612,12.098220678672753,8.368294437831949,9.491650269897123,59.45555133121196,42.26108233162167,39.63786761478306,37.6726185175302,42.252309118091745,27.10894402295259,25.32778284939965,23.121815644139712,35.07670163241911,30.099767028607857,20.70813774967321,30.07343449967584,29.774999509104436,23.314911627096244,50.85129990313258,50.43869793005301,45.67191422227766,44.02157291499734,41.45831441903798,43.57387721125553,46.40052838312172,49.42914490588139,16.934104479592165,16.126649768193083,9.983121207998664,77.5588238764052,76.08372265902253,77.18126676615492,50.210450538947526,30.099767028607857
1.0,1.0,1000.0,87.29662780492403,58.23621545932424,58.23621545932424,58.42920456009973,58.42920456009973,57.2072282865306,58.23621545932424,20.997776956419056,1.0,1.0,2.8490588641353094,1.2983752356457332,1.0,1.0,1.0,1.0,1.0,44.74475753994845,48.202179513825534,44.74475753994845,38.37449628116457,47.67405294471198,30.48870245339479,38.13147149359922,27.559577956566486,29.467787666181465,35.85441809605277,29.787287996475882,13.530538083001494,15.7492540133393,13.530538083001494,41.795397857021555,41.12210959006386,42.14213815593419,42.14213815593419,42.14213815593419,33.8934571173807,47.72521106146014,48.355514992691624,15.7492540133393,16.66202684173863,20.947748324453475,77.89247982259434,78.75998890751131,77.82399248625342,51.901245585517536,53.59030473492896,6.760275752608026,6.47946327627752,1.6967915196978165,102.3568391429952,54.121977042920044,54.55182835976342,61.85910396488872,59.89415882606341,56.98177998473673,48.54256570885607,12.578235771649474,18.1014111592402,10.23763360443768,12.613335871322954,18.03119695559323,13.739418897308976,13.642877306745612,12.098220678672753,8.368294437831949,9.491650269897123,59.45555133121196,42.26108233162167,39.63786761478306,37.6726185175302,42.252309118091745,27.10894402295259,25.32778284939965,23.121815644139712,35.07670163241911,30.099767028607857,20.70813774967321,30.07343449967584,29.774999509104436,23.314911627096244,50.85129990313258,50.43869793005301,45.67191422227766,44.02157291499734,41.45831441903798,43.57387721125553,46.40052838312172,49.42914490588139,16.934104479592165,16.126649768193083,9.983121207998664,77.5588238764052,76.08372265902253,77.18126676615492,50.210450538947526,30.099767028607857
87.29662780492403,87.29662780492403,87.29662780492403,1000.0,144.53283505267814,144.53283505267814,144.7258241146024,144.7258241146024,143.50384808576288,144.53283505267814,67.29885216826037,87.29662780492403,87.29662780492403,85.44756909637334,86.99825259484749,87.29662780492403,87.29662780492403,87.29662780492403,87.29662780492403,87.29662780492403,131.04137966291745,134.4988010235419,131.04137966291745,124.67111947094071,133.9706745496638,116.78532685056948,124.42809472245477,60.737051427123234,58.82884177671446,52.442211492221965,58.509341455623854,74.76609064238538,72.54737484231637,74.76609064238538,46.50123179357669,47.17452005699991,46.154491496132515,46.154491496132515,46.154491496132515,54.40317243490017,40.57141858133591,39.94111464516549,72.54737484231637,71.63460206465433,67.34888079792123,10.404148699928244,9.536639556133055,10.472636040854034,36.39538400984733,34.70632483141381,93.05690302895832,92.77609057993703,87.99341926421624,16.060212850903472,140.41859744662457,140.84844868040275,148.15572281635082,146.19077808319744,143.2783998287907,134.83918715689344,98.87486244663451,70.19521782378139,78.05899490947714,98.90996254247392,70.26543202378636,74.55720984076142,74.65375142547349,76.19840795739313,79.92833394638734,78.80497819309886,145.75217067783308,128.55770488025064,125.93449059948685,123.96924181984697,128.5489316682023,113.40556889929778,111.62440796902987,65.17481357378244,53.2199279424967,58.19686243229665,67.58849136159384,58.22319496049421,58.52162994264507,64.98171759885619,37.44532970741748,37.85793168586516,42.62471543113218,44.27505674086828,46.838315229903436,44.722752444342525,41.896101267481,38.86748472174552,71.36252444160253,72.16997910864224,78.31350728866887,10.737804668366483,12.212905981474519,11.115361803527797,38.08617907979499,58.19686243229665
58.23621545932424,58.23621545932424,58.23621545932424,144.53283505267814,1000.0,1.0,1.1929891081796717,1.1929891081796717,2.02898721142916,1.0,78.2339913881767,58.23621545932424,58.23621545932424,60.08527425070329,58.53459068353677,58.23621545932424,58.23621545932424,58.23621545932424,58.23621545932424,58.23621545932424,14.491458313362024,11.034036261736565,14.491458313362024,20.86171967354248,11.562162843761064,28.74751355174505,21.104744463902183,84.79579193572272,86.70400150303,93.09063142160235,87.02350180902671,70.76675296047563,72.98546876609166,70.76675296047563,99.03161065859189,98.35832245335686,99.37835092548436,99.37835092548436,99.37835092548436,91.12967060565306,104.96142329360309,105.59172716158217,72.98546876609166,73.8982415412873,78.18396275944298,135.1286884411467,135.99619740446488,135.06020111436362,109.13745738883044,110.82651635827027,52.47593990426042,52.756752371982955,57.5394239658658,159.59304395431184,5.114238562378634,4.684387231344796,4.622888652888152,2.6579434319753448,2.254435521498478,10.693650058186925,46.65798003997308,75.33762577264781,67.47384865499028,46.622879941096635,75.26741157326653,70.97563376331935,70.87909217806155,69.33443563319733,65.60450958024154,66.72786535766208,2.2193359195072966,16.975133567673296,19.59834832412607,21.563597445032123,16.98390678135105,32.12727197839543,33.90843314382034,80.35802993562709,92.31291502311218,87.33598081726443,77.9443522000958,87.30964829035096,87.0112133225923,80.55112590553561,108.08751181642484,107.6749098861669,102.90812665684207,101.2577855082291,98.6945272515847,100.8100898469104,103.63674074649289,106.66535696582528,74.17031916306848,73.36286449908167,67.21933627133019,134.79503254146329,133.31993152793373,134.41747548366172,107.44666251865354,87.33598081726443
58.23621545932424,58.23621545932424,58.23621545932424,144.53283505267814,1.0,1000.0,1.1929891081796717,1.1929891081796717,2.02898721142916,1.0,78.2339913881767,58.23621545932424,58.23621545932424,60.08527425070329,58.53459068353677,58.23621545932424,58.23621545932424,58.23621545932424,58.23621545932424,58.23621545932424,14.491458313362024,11.034036261736565,14.491458313362024,20.86171967354248,11.562162843761064,28.74751355174505,21.104744463902183,84.79579193572272,86.70400150303,93.09063142160235,87.02350180902671,70.76675296047563,72.98546876609166,70.76675296047563,99.03161065859189,98.35832245335686,99.37835092548436,99.37835092548436,99.37835092548436,91.12967060565306,104.96142329360309,105.59172716158217,72.98546876609166,73.8982415412873,78.18396275944298,135.1286884411467,135.99619740446488,135.06020111436362,109.13745738883044,110.82651635827027,52.47593990426042,52.756752371982955,57.5394239658658,159.59304395431184,5.114238562378634,4.684387231344796,4.622888652888152,2.6579434319753448,2.254435521498478,10.693650058186925,46.65798003997308,75.33762577264781,67.47384865499028,46.622879941096635,75.26741157326653,70.97563376331935,70.87909217806155,69.33443563319733,65.60450958024154,66.72786535766208,2.2193359195072966,16.975133567673296,19.59834832412607,21.563597445032123,16.98390678135105,32.12727197839543,33.90843314382034,80.35802993562709,92.31291502311218,87.33598081726443,77.9443522000958,87.30964829035096,87.0112133225923,80.55112590553561,108.08751181642484,107.6749098861669,102.90812665684207,101.2577855082291,98.6945272515847,100.8100898469104,103.63674074649289,106.66535696582528,74.17031916306848,73.36286449908167,67.21933627133019,134.79503254146329,133.31993152793373,134.41747548366172,107.44666251865354,87.33598081726443
58.42920456009973,58.42920456009973,58.42920456009973,144.7258241146024,1.1929891081796717,1.1929891081796717,1000.0,1.0,2.221976319605991,1.1929891081796717,78.42698048290048,58.42920456009973,58.42920456009973,60.27826335099425,58.72757978423508,58.42920456009973,58.42920456009973,58.42920456009973,58.42920456009973,58.42920456009973,14.684447421124855,11.227025369684505,14.684447421124855,21.054708780823123,11.755151951684216,28.940502658175618,21.297733571160816,84.98878102807156,86.89699059465214,93.2836205106743,87.2164909005256,70.95974205766825,73.17845786257672,70.95974205766825,99.22459974512859,98.55131154018876,99.57134001186822,99.57134001186822,99.57134001186822,91.32265969552738,105.15441237745272,105.78471624513693,73.17845786257672,74.09123063747491,78.37695185418413,135.32167750890952,136.18918647170548,135.25319018216754,109.3304464706939,111.01950543930838,52.66892900644712,52.94974147410432,57.7324130668199,159.7860330060727,5.307227670518276,4.877376339492196,4.4298995447365614,2.464954323801161,2.4474246296740483,10.886639166150172,46.85096914343422,75.53061486835874,67.66683775319244,46.81586904456498,75.46040066900093,71.16862286044628,71.07208127521886,69.52742473083504,65.79749867899525,66.92085445608623,2.026346811330453,17.16812267526988,19.791337431516887,21.756586552248464,17.176895888947,32.320261084376,34.10142224954309,80.55101902960311,92.50590411250441,87.52896990864234,78.13734129491996,87.50263738173906,87.20420241409593,80.74411499944269,108.28050089879491,107.86789896873478,103.10111574163979,101.45077459377535,98.88751633826942,101.00307893265757,103.82972983095631,106.85834604887383,74.36330825916669,73.55585359544418,67.41232536960838,134.9880216094261,133.51292059677468,134.61046455185016,107.63965160133048,87.52896990864234
58.42920456009973,58.42920456009973,58.42920456009973,144.7258241146024,1.1929891081796717,1.1929891081796717,1.0,1000.0,2.221976319605991,1.1929891081796717,78.42698048290048,58.42920456009973,58.42920456009973,60.27826335099425,58.72757978423508,58.42920456009973,58.42920456009973,58.42920456009973,58.42920456009973,58.42920456009973,14.684447421124855,11.227025369684505,14.684447421124855,21.054708780823123,11.755151951684216,28.940502658175618,21.297733571160816,84.98878102807156,86.89699059465214,93.2836205106743,87.2164909005256,70.95974205766825,73.17845786257672,70.95974205766825,99.22459974512859,98.55131154018876,99.57134001186822,99.57134001186822,99.57134001186822,91.32265969552738,105.15441237745272,105.78471624513693,73.17845786257672,74.09123063747491,78.37695185418413,135.32167750890952,136.18918647170548,135.25319018216754,109.3304464706939,111.01950543930838,52.66892900644712,52.94974147410432,57.7324130668199,159.7860330060727,5.307227670518276,4.877376339492196,4.4298995447365614,2.464954323801161,2.4474246296740483,10.886639166150172,46.85096914343422,75.53061486835874,67.66683775319244,46.81586904456498,75.46040066900093,71.16862286044628,71.07208127521886,69.52742473083504,65.79749867899525,66.92085445608623,2.026346811330453,17.16812267526988,19.791337431516887,21.756586552248464,17.176895888947,32.320261084376,34.10142224954309,80.55101902960311,92.50590411250441,87.52896990864234,78.13734129491996,87.50263738173906,87.20420241409593,80.74411499944269,108.28050089879491,107.86789896873478,103.10111574163979,101.45077459377535,98.88751633826942,101.00307893265757,103.82972983095631,106.85834604887383,74.36330825916669,73.55585359544418,67.41232536960838,134.9880216094261,133.51292059677468,134.61046455185016,107.63965160133048,87.52896990864234
57.2072282865306,57.2072282865306,57.2072282865306,143.50384808576288,2.02898721142916,2.02898721142916,2.221976319605991,2.221976319605991,1000.0,2.02898721142916,77.20500424735538,57.2072282865306,57.2072282865306,59.05628708046577,57.50560351115006,57.2072282865306,57.2072282865306,57.2072282865306,57.2072282865306,57.2072282865306,13.462471103956805,10.005049051395273,13.462471103956805,19.832732466614406,10.533175633544154,27.71852634923336,20.07575725708792,83.76680480746757,85.67501437862128,92.06164431069683,85.99451468527052,69.73776580660078,71.9564816159567,69.73776580660078,98.00262356111666,97.32933535431754,98.34936382881884,98.34936382881884,98.34936382881884,90.10068349049845,103.93243621036771,104.56274007990937,71.9564816159567,72.86925439272498,77.15497561852982,134.09970144323944,134.96721040932928,134.03121411623832,108.10847031612342,109.79752928993886,51.44695272402704,51.727765192093884,56.51043679213008,158.56405704136444,4.085251351102347,3.6554000200334658,5.651875864114258,3.6869306433508378,1.2254483100727251,9.664662847769021,45.62899285303033,74.30863862660573,66.44486149578103,45.59389275411584,74.23842442710036,69.94664660979157,69.85010502437324,68.30544847697043,64.57552241811906,65.6988781972803,3.248323130903431,15.946146359117895,18.56936111662921,20.534610238436606,15.954919572798914,31.098284778233296,32.87944594500666,79.3290427987613,91.28392791051054,86.30699369414873,76.91536505874343,86.28066116718121,85.98222619881095,79.52213876903474,107.05852474103187,106.64592280972558,101.87913956858156,100.22879841600208,97.66554015332505,99.78110275361851,102.6077536600041,105.63636988683584,73.14133201497876,72.3338773495945,66.19034911171943,133.76604554249477,132.29094452430462,133.38848848349534,106.417675441634,86.30699369414873
58.23621545932424,58.23621545932424,58.23621545932424,144.53283505267814,1.0,1.0,1.1929891081796717,1.1929891081796717,2.02898721142916,1000.0,78.2339913881767,58.23621545932424,58.23621545932424,60.08527425070329,58.53459068353677,58.23621545932424,58.23621545932424,58.23621545932424,58.23621545932424,58.23621545932424,14.491458313362024,11.034036261736565,14.491458313362024,20.86171967354248,11.562162843761064,28.74751355174505,21.104744463902183,84.79579193572272,86.70400150303,93.09063142160235,87.02350180902671,70.76675296047563,72.98546876609166,70.76675296047563,99.03161065859189,98.35832245335686,99.37835092548436,99.37835092548436,99.37835092548436,91.12967060565306,104.96142329360309,105.59172716158217,72.98546876609166,73.8982415412873,78.18396275944298,135.1286884411467,135.99619740446488,135.06020111436362,109.13745738883044,110.82651635827027,52.47593990426042,52.756752371982955,57.5394239658658,159.59304395431184,5.114238562378634,4.684387231344796,4.622888652888152,2.6579434319753448,2.254435521498478,10.693650058186925,46.65798003997308,75.33762577264781,67.47384865499028,46.622879941096635,75.26741157326653,70.97563376331935,70.87909217806155,69.33443563319733,65.60450958024154,66.72786535766208,2.2193359195072966,16.975133567673296,19.59834832412607,21.563597445032123,16.98390678135105,32.12727197839543,33.90843314382034,80.35802993562709,92.31291502311218,87.33598081726443,77.9443522000958,87.30964829035096,87.0112133225923,80.55112590553561,108.08751181642484,107.6749098861669,102.90812665684207,101.2577855082291,98.6945272515847,100.8100898469104,103.63674074649289,106.66535696582528,74.17031916306848,73.36286449908167,67.21933627133019,134.79503254146329,133.31993152793373,134.41747548366172,107.44666251865354,87.33598081726443
20.997776956419056,20.997776956419056,20.997776956419056,67.29885216826037,78.2339913881767,78.2339913881767,78.42698048290048,78.42698048290048,77.20500424735538,78.2339913881767,1000.0,20.997776956419056,20.997776956419056,19.148718100059735,20.699401722135427,20.997776956419056,20.997776956419056,20.997776956419056,20.997776956419056,20.997776956419056,64.74253384866898,68.19995573331019,64.74253384866898,58.37227273967789,67.6718291781891,50.486479071103176,58.12924795745194,7.561801040477457,9.470010765555127,15.856641259409699,9.789511098602919,8.46723889508663,6.2485229610050395,8.46723889508663,21.79762109679296,21.124332820357566,22.144361400668103,22.144361400668103,22.144361400668103,13.895680259089126,27.7274343937257,28.357738335741093,6.2485229610050395,5.335750130403954,1.0500286321966035,57.894703875819594,58.762212987647615,57.82621653736883,31.9034689926396,33.592528174607594,26.758052674632353,26.477240200335764,21.6945684727751,82.35906408722373,74.11975309663774,74.54960440080596,81.85687977722574,79.89193470235782,76.97955595250036,68.54034191925325,32.576012643293026,3.896365808646908,11.760143375004587,32.61111274261482,3.966580012523703,8.258358080523877,8.354899671207729,9.899556300621533,13.629482540143846,12.506126709154069,79.45332722153577,62.258858700998374,59.63564404509534,57.67039499138897,62.250085487677595,47.106720700013256,45.32555955559781,3.124038698596688,15.078924786977929,10.101990133473352,1.289639208067284,10.07565760430883,9.777222611124696,3.3171346826453987,30.85352329067865,30.440921310045105,25.674137520682056,24.023796187593575,21.460537654038237,23.576100477067047,26.402751693319498,29.431368267720824,5.063672491819515,5.871127205287673,12.014655771339154,57.56104791937193,56.085946657247476,57.183490797574876,30.212673914794458,10.101990133473352
1.0,1.0,1.0,87.29662780492403,58.23621545932424,58.23621545932424,58.42920456009973,58.42920456009973,57.2072282865306,58.23621545932424,20.997776956419056,1000.0,1.0,2.8490588641353094,1.2983752356457332,1.0,1.0,1.0,1.0,1.0,44.74475753994845,48.202179513825534,44.74475753994845,38.37449628116457,47.67405294471198,30.48870245339479,38.13147149359922,27.559577956566486,29.467787666181465,35.85441809605277,29.787287996475882,13.530538083001494,15.7492540133393,13.530538083001494,41.795397857021555,41.12210959006386,42.14213815593419,42.14213815593419,42.14213815593419,33.8934571173807,47.72521106146014,48.355514992691624,15.7492540133393,16.66202684173863,20.947748324453475,77.89247982259434,78.75998890751131,77.82399248625342,51.901245585517536,53.59030473492896,6.760275752608026,6.47946327627752,1.6967915196978165,102.3568391429952,54.121977042920044,54.55182835976342,61.85910396488872,59.89415882606341,56.98177998473673,48.54256570885607,12.578235771649474,18.1014111592402,10.23763360443768,12.613335871322954,18.03119695559323,13.739418897308976,13.642877306745612,12.098220678672753,8.368294437831949,9.491650269897123,59.45555133121196,42.26108233162167,39.63786761478306,37.6726185175302,42.252309118091745,27.10894402295259,25.32778284939965,23.121815644139712,35.07670163241911,30.099767028607857,20.70813774967321,30.07343449967584,29.774999509104436,23.314911627096244,50.85129990313258,50.43869793005301,45.67191422227766,44.02157291499734,41.45831441903798,43.57387721125553,46.40052838312172,49.42914490588139,16.934104479592165,16.126649768193083,9.983121207998664,77.5588238764052,76.08372265902253,77.18126676615492,50.210450538947526,30.099767028607857
1.0,1.0,1.0,87.29662780492403,58.23621545932424,58.23621545932424,58.42920456009973,58.42920456009973,57.2072282865306,58.23621545932424,20.997776956419056,1.0,1000.0,2.8490588641353094,1.2983752356457332,1.0,1.0,1.0,1.0,1.0,44.74475753994845,48.202179513825534,44.74475753994845,38.37449628116457,47.67405294471198,30.48870245339479,38.13147149359922,27.559577956566486,29.467787666181465,35.85441809605277,29.787287996475882,13.530538083001494,15.7492540133393,13.530538083001494,41.795397857021555,41.12210959006386,42.14213815593419,42.14213815593419,42.14213815593419,33.8934571173807,47.72521106146014,48.355514992691624,15.7492540133393,16.66202684173863,20.947748324453475,77.89247982259434,78.75998890751131,77.82399248625342,51.901245585517536,53.59030473492896,6.760275752608026,6.47946327627752,1.6967915196978165,102.3568391429952,54.121977042920044,54.55182835976342,61.85910396488872,59.89415882606341,56.98177998473673,48.54256570885607,12.578235771649474,18.1014111592402,10.23763360443768,12.613335871322954,18.03119695559323,13.739418897308976,13.642877306745612,12.098220678672753,8.368294437831949,9.491650269897123,59.45555133121196,42.26108233162167,39.63786761478306,37.6726185175302,42.252309118091745,27.10894402295259,25.32778284939965,23.121815644139712,35.07670163241911,30.099767028607857,20.70813774967321,30.07343449967584,29.774999509104436,23.314911627096244,50.85129990313258,50.43869793005301,45.67191422227766,44.02157291499734,41.45831441903798,43.57387721125553,46.40052838312172,49.42914490588139,16.934104479592165,16.126649768193083,9.983121207998664,77.5588238764052,76.08372265902253,77.18126676615492,50.210450538947526,30.099767028607857
2.8490588641353094,2.8490588641353094,2.8490588641353094,85.44756909637334,60.08527425070329,60.08527425070329,60.27826335099425,60.27826335099425,59.05628708046577,60.08527425070329,19.148718100059735,2.8490588641353094,2.8490588641353094,1000.0,2.550683628499499,2.8490588641353094,2.8490588641353094,2.8490588641353094,2.8490588641353094,2.8490588641353094,46.59381636120526,50.051238328175714,46.59381636120526,40.223555113794696,49.523111760150606,32.33776129767827,39.98053032662855,25.71051910648772,27.618728818274413,34.005359256545205,27.938229148947656,11.681479221734996,13.900195153281697,11.681479221734996,39.94633902688961,39.273050758793794,40.29307932639594,40.29307932639594,40.29307932639594,32.04439827510895,45.87615224218628,46.506456174659974,13.900195153281697,14.81296798223953,19.09868946805334,76.043421081713,76.9109301694556,75.9749337451504,50.05218677478897,51.74124592786746,8.609334615802926,8.328522139551293,3.5458503837950768,100.50778049401164,55.97103584424473,56.400887160083286,63.70816274690309,61.74321761322744,58.830838779225836,50.39162452249835,14.427294632448277,16.25235230069427,8.388574741765552,14.462394732102888,16.18213809699875,11.890360036147303,11.793818445535264,10.249161816737786,6.51923557456854,7.642591406971089,61.30461011950264,44.11014115752121,41.486926445296874,39.521677351306295,44.101367944007194,28.958002871409786,27.176841699858397,21.272756789611936,33.22764279179563,28.25070818145434,18.859078893079076,28.224375652490593,27.925940661561555,21.46585277274454,49.00224109018568,48.58963911624723,43.82285539907448,42.172514088766135,39.60925558833383,41.724818384222885,44.55146956129229,47.580086090004585,15.085045620266449,14.277590908362079,8.134062345237231,75.7097651344456,74.2346639123524,75.33220802298086,48.3613917246697,28.25070818145434
1.2983752356457332,1.2983752356457332,1.2983752356457332,86.99825259484749,58.53459068353677,58.53459068353677,58.72757978423508,58.72757978423508,57.50560351115006,58.53459068353677,20.699401722135427,1.2983752356457332,1.2983752356457332,2.550683628499499,1000.0,1.2983752356457332,1.2983752356457332,1.2983752356457332,1.2983752356457332,1.2983752356457332,45.04313276890983,48.50055474169097,45.04313276890983,38.67287151192702,47.97242817275023,30.787077685995374,38.42984672442479,27.261202723331543,29.169412433307198,35.55604286456817,29.48891276366447,13.23216284788594,15.450878778430729,13.23216284788594,41.49702262708174,40.823734359936786,41.84376292609205,41.84376292609205,41.84376292609205,33.59508188543952,47.4268358333043,48.0571397647396,15.450878778430729,16.363651606925078,20.649373090162992,77.59410460725026,78.46161369262786,77.52561727087321,51.60287035876301,53.29192950877524,7.058650988132922,6.777838511813639,1.9951667553411496,102.05846394261158,54.42035226871536,54.85020358539893,62.15747918760954,60.192534049604674,57.28015520944437,48.8409409366091,12.876611006818946,17.803035924588183,9.93925836907763,12.911711106489571,17.732821720933003,13.441043662211458,13.344502071639722,11.799845443441644,8.069919202366455,9.1932750344921,59.75392655493269,42.559457561318894,39.93624284521079,37.97099374847381,42.550684347791474,27.407319256208535,25.626158082969017,22.823440410163034,34.778326400750274,29.80139179585857,20.40976251535014,29.775059266921303,29.476624276290586,23.016536393149007,50.552924676014456,50.140322702794094,45.37353899347673,43.72319768569892,41.159939189004035,43.27550198182539,46.102153154546365,49.13076967828285,16.635729244808054,15.828274533323102,9.68474597262284,77.26044866088536,75.78534744273466,76.88289155043707,49.9120753116112,29.80139179585857
1.0,1.0,1.0,87.29662780492403,58.23621545932424,58.23621545932424,58.42920456009973,58.42920456009973,57.2072282865306,58.23621545932424,20.997776956419056,1.0,1.0,2.8490588641353094,1.2983752356457332,1000.0,1.0,1.0,1.0,1.0,44.74475753994845,48.202179513825534,44.74475753994845,38.37449628116457,47.67405294471198,30.48870245339479,38.13147149359922,27.559577956566486,29.467787666181465,35.85441809605277,29.787287996475882,13.530538083001494,15.7492540133393,13.530538083001494,41.795397857021555,41.12210959006386,42.14213815593419,42.14213815593419,42.14213815593419,33.8934571173807,47.72521106146014,48.355514992691624,15.7492540133393,16.66202684173863,20.947748324453475,77.89247982259434,78.75998890751131,77.82399248625342,51.901245585517536,53.59030473492896,6.760275752608026,6.47946327627752,1.6967915196978165,102.3568391429952,54.121977042920044,54.55182835976342,61.85910396488872,59.89415882606341,56.98177998473673,48.54256570885607,12.578235771649474,18.1014111592402,10.23763360443768,12.613335871322954,18.03119695559323,13.739418897308976,13.642877306745612,12.098220678672753,8.368294437831949,9.491650269897123,59.45555133121196,42.26108233162167,39.63786761478306,37.6726185175302,42.252309118091745,27.10894402295259,25.32778284939965,23.121815644139712,35.07670163241911,30.099767028607857,20.70813774967321,30.07343449967584,29.774999509104436,23.314911627096244,50.85129990313258,50.43869793005301,45.67191422227766,44.02157291499734,41.45831441903798,43.57387721125553,46.40052838312172,49.42914490588139,16.934104479592165,16.126649768193083,9.983121207998664,77.5588238764052,76.08372265902253,77.18126676615492,50.210450538947526,30.099767028607857
1.0,1.0,1.0,87.29662780492403,58.23621545932424,58.23621545932424,58.42920456009973,58.42920456009973,57.2072282865306,58.23621545932424,20.997776956419056,1.0,1.0,2.8490588641353094,1.2983752356457332,1.0,1000.0,1.0,1.0,1.0,44.74475753994845,48.202179513825534,44.74475753994845,38.37449628116457,47.67405294471198,30.48870245339479,38.13147149359922,27.559577956566486,29.467787666181465,35.85441809605277,29.787287996475882,13.530538083001494,15.7492540133393,13.530538083001494,41.795397857021555,41.12210959006386,42.14213815593419,42.14213815593419,42.14213815593419,33.8934571173807,47.72521106146014,48.355514992691624,15.7492540133393,16.66202684173863,20.947748324453475,77.89247982259434,78.75998890751131,77.82399248625342,51.901245585517536,53.59030473492896,6.760275752608026,6.47946327627752,1.6967915196978165,102.3568391429952,54.121977042920044,54.55182835976342,61.85910396488872,59.89415882606341,56.98177998473673,48.54256570885607,12.578235771649474,18.1014111592402,10.23763360443768,12.613335871322954,18.03119695559323,13.739418897308976,13.642877306745612,12.098220678672753,8.368294437831949,9.491650269897123,59.45555133121196,42.26108233162167,39.63786761478306,37.6726185175302,42.252309118091745,27.10894402295259,25.32778284939965,23.121815644139712,35.07670163241911,30.099767028607857,20.70813774967321,30.07343449967584,29.774999509104436,23.314911627096244,50.85129990313258,50.43869793005301,45.67191422227766,44.02157291499734,41.45831441903798,43.57387721125553,46.40052838312172,49.42914490588139,16.934104479592165,16.126649768193083,9.983121207998664,77.5588238764052,76.08372265902253,77.18126676615492,50.210450538947526,30.099767028607857
1.0,1.0,1.0,87.29662780492403,58.23621545932424,58.23621545932424,58.42920456009973,58.42920456009973,57.2072282865306,58.23621545932424,20.997776956419056,1.0,1.0,2.8490588641353094,1.2983752356457332,1.0,1.0,1000.0,1.0,1.0,44.74475753994845,48.202179513825534,44.74475753994845,38.37449628116457,47.67405294471198,30.48870245339479,38.13147149359922,27.559577956566486,29.467787666181465,35.85441809605277,29.787287996475882,13.530538083001494,15.7492540133393,13.530538083001494,41.795397857021555,41.12210959006386,42.14213815593419,42.14213815593419,42.14213815593419,33.8934571173807,47.72521106146014,48.355514992691624,15.7492540133393,16.66202684173863,20.947748324453475,77.89247982259434,78.75998890751131,77.82399248625342,51.901245585517536,53.59030473492896,6.760275752608026,6.47946327627752,1.6967915196978165,102.3568391429952,54.121977042920044,54.55182835976342,61.85910396488872,59.89415882606341,56.98177998473673,48.54256570885607,12.578235771649474,18.1014111592402,10.23763360443768,12.613335871322954,18.03119695559323,13.739418897308976,13.642877306745612,12.098220678672753,8.368294437831949,9.491650269897123,59.45555133121196,42.26108233162167,39.63786761478306,37.6726185175302,42.252309118091745,27.10894402295259,25.32778284939965,23.121815644139712,35.07670163241911,30.099767028607857,20.70813774967321,30.07343449967584,29.774999509104436,23.314911627096244,50.85129990313258,50.43869793005301,45.67191422227766,44.02157291499734,41.45831441903798,43.57387721125553,46.40052838312172,49.42914490588139,16.934104479592165,16.126649768193083,9.983121207998664,77.5588238764052,76.08372265902253,77.18126676615492,50.210450538947526,30.099767028607857
1.0,1.0,1.0,87.29662780492403,58.23621545932424,58.23621545932424,58.42920456009973,58.42920456009973,57.2072282865306,58.23621545932424,20.997776956419056,1.0,1.0,2.8490588641353094,1.2983752356457332,1.0,1.0,1.0,1000.0,1.0,44.74475753994845,48.202179513825534,44.74475753994845,38.37449628116457,47.67405294471198,30.48870245339479,38.13147149359922,27.559577956566486,29.467787666181465,35.85441809605277,29.787287996475882,13.530538083001494,15.7492540133393,13.530538083001494,41.795397857021555,41.12210959006386,42.14213815593419,42.14213815593419,42.14213815593419,33.8934571173807,47.72521106146014,48.355514992691624,15.7492540133393,16.66202684173863,20.947748324453475,77.89247982259434,78.75998890751131,77.82399248625342,51.901245585517536,53.59030473492896,6.760275752608026,6.47946327627752,1.6967915196978165,102.3568391429952,54.121977042920044,54.55182835976342,61.85910396488872,59.89415882606341,56.98177998473673,48.54256570885607,12.578235771649474,18.1014111592402,10.23763360443768,12.613335871322954,18.03119695559323,13.739418897308976,13.642877306745612,12.098220678672753,8.368294437831949,9.491650269897123,59.45555133121196,42.26108233162167,39.63786761478306,37.6726185175302,42.252309118091745,27.10894402295259,25.32778284939965,23.121815644139712,35.07670163241911,30.099767028607857,20.70813774967321,30.07343449967584,29.774999509104436,23.314911627096244,50.85129990313258,50.43869793005301,45.67191422227766,44.02157291499734,41.45831441903798,43.57387721125553,46.40052838312172,49.42914490588139,16.934104479592165,16.126649768193083,9.983121207998664,77.5588238764052,76.08372265902253,77.18126676615492,50.210450538947526,30.099767028607857
1.0,1.0,1.0,87.29662780492403,58.23621545932424,58.23621545932424,58.42920456009973,58.42920456009973,57.2072282865306,58.23621545932424,20.997776956419056,1.0,1.0,2.8490588641353094,1.2983752356457332,1.0,1.0,1.0,1.0,1000.0,44.74475753994845,48.202179513825534,44.74475753994845,38.37449628116457,47.67405294471198,30.48870245339479,38.13147149359922,27.559577956566486,29.467787666181465,35.85441809605277,29.787287996475882,13.530538083001494,15.7492540133393,13.530538083001494,41.795397857021555,41.12210959006386,42.14213815593419,42.14213815593419,42.14213815593419,33.8934571173807,47.72521106146014,48.355514992691624,15.7492540133393,16.66202684173863,20.947748324453475,77.89247982259434,78.75998890751131,77.82399248625342,51.901245585517536,53.59030473492896,6.760275752608026,6.47946327627752,1.6967915196978165,102.3568391429952,54.121977042920044,54.55182835976342,61.85910396488872,59.89415882606341,56.98177998473673,48.54256570885607,12.578235771649474,18.1014111592402,10.23763360443768,12.613335871322954,18.03119695559323,13.739418897308976,13.642877306745612,12.098220678672753,8.368294437831949,9.491650269897123,59.45555133121196,42.26108233162167,39.63786761478306,37.6726185175302,42.252309118091745,27.10894402295259,25.32778284939965,23.121815644139712,35.07670163241911,30.099767028607857,20.70813774967321,30.07343449967584,29.774999509104436,23.314911627096244,50.85129990313258,50.43869793005301,45.67191422227766,44.02157291499734,41.45831441903798,43.57387721125553,46.40052838312172,49.42914490588139,16.934104479592165,16.126649768193083,9.983121207998664,77.5588238764052,76.08372265902253,77.18126676615492,50.210450538947526,30.099767028607857
44.74475753994845,44.74475753994845,44.74475753994845,131.04137966291745,14.491458313362024,14.491458313362024,14.684447421124855,14.684447421124855,13.462471103956805,14.491458313362024,64.74253384866898,44.74475753994845,44.74475753994845,46.59381636120526,45.04313276890983,44.74475753994845,44.74475753994845,44.74475753994845,44.74475753994845,44.74475753994845,1000.0,4.457422057098181,1.0,7.370261380129501,3.9292954744816275,15.25605530072626,7.613286171503397,71.30433454806831,73.21254416205484,79.59917424511058,73.53204447597818,57.27529526450493,59.49401111479233,57.27529526450493,85.54015364650476,84.86686542208619,85.88689392333167,85.88689392333167,85.88689392333167,77.63821337730678,91.46996645655659,92.1002703437839,59.49401111479233,60.40678390881199,64.69250521882911,121.63723266353475,122.50474166148712,121.56874533402728,95.64600068161145,97.33505970509994,38.98448189866951,39.26529437035404,44.04796603550862,146.10158924252303,10.377219757071405,10.807071087719219,18.11434695646191,16.14940174137267,13.237022794286263,4.797808260982791,33.16652195785625,61.84616817038526,53.982390895555575,33.1314218585503,61.77595396951518,57.48417607148865,57.38763448431571,55.842977909205295,52.113051786287116,53.23640758432088,15.710794230037964,3.4836752605684285,6.106890025740472,8.07213915459892,3.4924484742717308,18.63581375153504,20.416974931136508,66.86657244380405,78.82145782591168,73.84452349199908,64.45289465419475,73.81819096442857,73.51975598923829,67.05966841811737,94.59605507605474,94.18345313286294,89.41666975794787,87.7663285605745,85.20307022987565,87.31863288617426,90.14528386939543,93.17390018109774,60.678861536254516,59.87140685553375,53.72787850713138,121.30357675059251,119.82847567885781,120.92601967782905,93.95520575821742,73.84452349199908
48.202179513825534,48.202179513825534,48.202179513825534,134.4988010235419,11.034036261736565,11.034036261736565,11.227025369684505,11.227025369684505,10.005049051395273,11.034036261736565,68.19995573331019,48.202179513825534,48.202179513825534,50.051238328175714,48.50055474169097,48.202179513825534,48.202179513825534,48.202179513825534,48.202179513825534,48.202179513825534,4.457422057098181,1000.0,4.457422057098181,10.827683434699445,1.5281265826790595,18.713477347630768,11.070708225912018,74.76175639645616,76.66996599925437,83.05659604274905,76.98946631127598,60.73271718621347,62.951433025953065,60.73271718621347,88.99757540442161,88.324287184646,89.34431567884329,89.34431567884329,89.34431567884329,81.09563518743843,94.92738817202158,95.55769205457187,62.951433025953065,63.864205815519,68.1499271037335,125.09465411973814,125.9621631091668,125.0261667909011,99.10342236549985,100.79248137582253,42.44190389230409,42.72271636308721,47.50538801191723,149.5590104355143,6.919797702216872,7.349649033137979,14.656924908814466,12.691979691435767,9.779600741531086,1.3403862039368433,36.62394396874193,65.30359006993359,57.43981283219213,36.588843869531814,65.23337586941656,60.94159799222097,60.84505640549966,59.30039983751378,55.570473731011674,56.69382952421861,12.253372179632706,6.941097317070589,9.564312081072257,11.529561208689952,6.949870530770902,22.093235793619513,23.874396970310503,70.32399431708681,82.27887962854166,77.30194532542907,67.91031654035685,77.27561279801624,76.9771778246094,70.51709029034966,98.05347676801276,97.64087482796813,92.87409148842951,91.22375030288238,88.66049199012154,90.77605463165293,93.60270559458681,96.63132188384625,64.13628344162107,63.328828764861136,57.18530044488558,124.76099821005837,123.28589715264143,124.38344114097599,97.41262745505773,77.30194532542907
