1000.0,35.37896065587749,44.03055635154189,44.241179087194084,44.241179087194084,44.241179087194084,44.241179087194084,44.241179087194084,13.47227331524635,17.793531603473372,17.793531603473372,47.64620379987086,47.670775849867816,55.996948515601716,53.95055198337861,47.64620379987086,47.64620379987086,47.64620379987086,46.362308340928074,47.670775849867816,47.573365198398484,47.64620379987086,47.64620379987086,47.64620379987086,47.64620379987086,47.64620379987086,47.64620379987086,47.64620379987086,114.39032900151193,109.44653842421805,113.02106692514833,102.80338082950142,104.09554422752605,4.944162953666051,8.532221133084919,8.532221133084919,5.066181848309035,8.532221133084919,8.532221133084919,35.358774745299925,35.358774745299925,35.358774745299925,35.358774745299925,35.358774745299925,35.358774745299925,35.358774745299925,35.358774745299925,35.358774745299925,31.825319050020248,35.11566594746384,17.765236488253457,41.55045041491,40.21647622419235,53.897899886932606,50.28240977395353,52.34465436031498,51.20384186460943,53.09056532489446,23.35288718453604,13.80062117114106,9.331994139220482,50.16832729443077,51.69526989650703,27.832743056506573,50.905474025114515,42.23498499351185,44.744917210918345,41.48024155576912,42.26131318140906,40.00584758815836,43.103812646373036,47.237254065054096,59.12791389272115,57.4694233555473,49.39607428171359,52.177920791572234,53.72239275937988,48.83443311966991,104.2420413129231,104.53152613214425,104.25958586402253,105.82104232977093,104.50520935449781,21.61446798197735,6.557828017332768,30.22775096366295,1.8594206496703087,21.658367197968843,31.72920175263167,39.33885487022407,38.97902856549861,35.83709229828569,38.47878074208591,38.417346678777264,37.27642358604339,38.54899106799013,35.977515497714165,38.601648789908104,26.033458431501284,15.123167171955677
35.37896065587749,1000.0,9.651595843642303,9.862218583640683,9.862218583640683,9.862218583640683,9.862218583640683,9.862218583640683,47.851233739545805,52.17249191885757,52.17249191885757,13.267243371487993,13.291815422061012,21.61798831073515,19.571591718588852,13.267243371487993,13.267243371487993,13.267243371487993,11.983347883115632,13.291815422061012,13.194404768310829,13.267243371487993,13.267243371487993,13.267243371487993,13.267243371487993,13.267243371487993,13.267243371487993,13.267243371487993,80.01137192021605,75.06758097231192,78.64210973923373,68.424422910593,69.71658639667125,31.434797749825893,42.91118166382164,42.91118166382164,31.312778856459445,42.91118166382164,42.91118166382164,1.0201859108531308,1.0201859108531308,1.0201859108531308,1.0201859108531308,1.0201859108531308,1.0201859108531308,1.0201859108531308,1.0201859108531308,1.0201859108531308,4.553641649370426,1.2632947119823856,18.61372428483629,7.171489858493247,5.837515643706961,19.518939620645202,15.903449410119809,17.965694050842423,16.824881524645356,18.711605035920215,57.73184733811621,48.17958158768246,43.71095465403421,15.789366927688883,17.316309569550423,8.546217679786647,16.526513677347065,7.8560244499965215,10.365956717902975,7.101280998050247,7.8823526383973945,5.626887004002252,8.7248521197703,12.858293627154554,24.74895378601042,23.09046319586737,15.017113895558673,17.79896047757842,19.34343248811628,14.455472719695267,69.86308349213604,70.15256833130235,69.88062804444233,71.44208461859462,70.1262515518399,55.99342818877477,40.936788585212796,64.60671088343796,34.51954001763192,56.03732740345175,66.10816161638797,4.959894274677115,4.600067963953743,1.4581316487492928,4.099820132373788,4.038386068075892,2.8974629575163307,4.170030459412272,1.5985548501548483,4.222688182183514,10.345502317278887,21.255793597457394
44.03055635154189,9.651595843642303,1000.0,1.2106227401855252,1.2106227401855252,1.2106227401855252,1.2106227401855252,1.2106227401855252,56.50282932324812,60.82408745655091,60.82408745655091,4.615647532293487,4.640219582905708,12.96639249184513,10.919995893427267,4.615647532293487,4.615647532293487,4.615647532293487,3.331752042041353,4.640219582905708,4.542808929000826,4.615647532293487,4.615647532293487,4.615647532293487,4.615647532293487,4.615647532293487,4.615647532293487,4.615647532293487,71.35977663604146,66.41598561615142,69.99051443462514,59.77282746550369,61.064990968179124,40.086393474449544,51.56277729557282,51.56277729557282,39.96437458192956,51.56277729557282,51.56277729557282,9.671781754477891,9.671781754477891,9.671781754477891,9.671781754477891,9.671781754477891,9.671781754477891,9.671781754477891,9.671781754477891,9.671781754477891,13.205237488666988,9.914890555389466,27.265320082160457,3.4801059866834256,4.814080201784829,10.867343795333365,7.2518535758222775,9.314098221348532,8.173285692388578,10.06000920837417,66.38344281116177,56.831177168019124,52.362550278335846,7.137771093150548,8.664713738451768,17.197813511184567,7.874917844410806,2.7955713948799135,1.7143608749315056,3.5503148471519075,2.7692432064656143,5.024708841506677,1.9267437245897248,4.206697787325391,16.097357978345038,14.438867382010745,6.365518059459,9.147364647664412,10.691836662307608,5.803876882535279,61.21148806554694,61.50097290848647,61.229032618081426,62.79048921279296,61.474656128680316,64.64502368269535,49.588384234809666,73.25830626805401,43.171135719870584,64.68892289685257,74.75975698044398,5.691701570827414,6.0515278815113795,9.193464195269188,6.551775712993429,6.613209777275841,7.754132887410414,6.4815653859717095,9.053040993970518,6.428907663212397,18.997098144074503,29.907389382484002
44.241179087194084,9.862218583640683,1.2106227401855252,1000.0,1.0,1.0,1.0,1.0,56.71345205590482,61.03471018799405,61.03471018799405,4.405024792138032,4.429596842750675,12.755769752003353,10.70937315347707,4.405024792138032,4.405024792138032,4.405024792138032,3.1211293018679074,4.429596842750675,4.332186188844133,4.405024792138032,4.405024792138032,4.405024792138032,4.405024792138032,4.405024792138032,4.405024792138032,4.405024792138032,71.14915390795416,66.20536288641856,69.77989170607002,59.56220473374957,60.85436823680113,40.297016210892075,51.77340002950613,51.77340002950613,40.17499731839534,51.77340002950613,51.77340002950613,9.882404494475406,9.882404494475406,9.882404494475406,9.882404494475406,9.882404494475406,9.882404494475406,9.882404494475406,9.882404494475406,9.882404494475406,13.415860228482698,10.125513295376424,27.475942820650218,3.6907287268526567,5.024702941932876,10.656721055380649,7.041230835729015,9.103475481327603,7.962662952325065,9.849386468384527,66.59406554091079,57.04179990058678,52.57317301207049,6.927148353053889,8.454090998405816,17.40843625072162,7.664295104337205,3.006194135056643,1.5037381347468588,3.7609375873202406,2.979865946642586,5.235331581650587,2.1373664647726764,3.996075047163331,15.886735238708791,14.228244642259648,6.154895319341036,8.936741907636863,10.481213922346596,5.593254142403651,61.00086533421209,61.290350177237244,61.018409886751755,62.57986648193003,61.26403339742329,64.85564641299018,49.799006969220116,73.46892899550151,43.38175845570142,64.89954562713379,74.9703797073585,5.902324310956787,6.26215062163201,9.404086935286637,6.762398453100854,6.823832517381562,7.9647556274811055,6.692188126081062,9.263663733993605,6.639530403323177,19.207720883460592,30.118012120617223
44.241179087194084,9.862218583640683,1.2106227401855252,1.0,1000.0,1.0,1.0,1.0,56.71345205590482,61.03471018799405,61.03471018799405,4.405024792138032,4.429596842750675,12.755769752003353,10.70937315347707,4.405024792138032,4.405024792138032,4.405024792138032,3.1211293018679074,4.429596842750675,4.332186188844133,4.405024792138032,4.405024792138032,4.405024792138032,4.405024792138032,4.405024792138032,4.405024792138032,4.405024792138032,71.14915390795416,66.20536288641856,69.77989170607002,59.56220473374957,60.85436823680113,40.297016210892075,51.77340002950613,51.77340002950613,40.17499731839534,51.77340002950613,51.77340002950613,9.882404494475406,9.882404494475406,9.882404494475406,9.882404494475406,9.882404494475406,9.882404494475406,9.882404494475406,9.882404494475406,9.882404494475406,13.415860228482698,10.125513295376424,27.475942820650218,3.6907287268526567,5.024702941932876,10.656721055380649,7.041230835729015,9.103475481327603,7.962662952325065,9.849386468384527,66.59406554091079,57.04179990058678,52.57317301207049,6.927148353053889,8.454090998405816,17.40843625072162,7.664295104337205,3.006194135056643,1.5037381347468588,3.7609375873202406,2.979865946642586,5.235331581650587,2.1373664647726764,3.996075047163331,15.886735238708791,14.228244642259648,6.154895319341036,8.936741907636863,10.481213922346596,5.593254142403651,61.00086533421209,61.290350177237244,61.018409886751755,62.57986648193003,61.26403339742329,64.85564641299018,49.799006969220116,73.46892899550151,43.38175845570142,64.89954562713379,74.9703797073585,5.902324310956787,6.26215062163201,9.404086935286637,6.762398453100854,6.823832517381562,7.9647556274811055,6.692188126081062,9.263663733993605,6.639530403323177,19.207720883460592,30.118012120617223
44.241179087194084,9.862218583640683,1.2106227401855252,1.0,1.0,1000.0,1.0,1.0,56.71345205590482,61.03471018799405,61.03471018799405,4.405024792138032,4.429596842750675,12.755769752003353,10.70937315347707,4.405024792138032,4.405024792138032,4.405024792138032,3.1211293018679074,4.429596842750675,4.332186188844133,4.405024792138032,4.405024792138032,4.405024792138032,4.405024792138032,4.405024792138032,4.405024792138032,4.405024792138032,71.14915390795416,66.20536288641856,69.77989170607002,59.56220473374957,60.85436823680113,40.297016210892075,51.77340002950613,51.77340002950613,40.17499731839534,51.77340002950613,51.77340002950613,9.882404494475406,9.882404494475406,9.882404494475406,9.882404494475406,9.882404494475406,9.882404494475406,9.882404494475406,9.882404494475406,9.882404494475406,13.415860228482698,10.125513295376424,27.475942820650218,3.6907287268526567,5.024702941932876,10.656721055380649,7.041230835729015,9.103475481327603,7.962662952325065,9.849386468384527,66.59406554091079,57.04179990058678,52.57317301207049,6.927148353053889,8.454090998405816,17.40843625072162,7.664295104337205,3.006194135056643,1.5037381347468588,3.7609375873202406,2.979865946642586,5.235331581650587,2.1373664647726764,3.996075047163331,15.886735238708791,14.228244642259648,6.154895319341036,8.936741907636863,10.481213922346596,5.593254142403651,61.00086533421209,61.290350177237244,61.018409886751755,62.57986648193003,61.26403339742329,64.85564641299018,49.799006969220116,73.46892899550151,43.38175845570142,64.89954562713379,74.9703797073585,5.902324310956787,6.26215062163201,9.404086935286637,6.762398453100854,6.823832517381562,7.9647556274811055,6.692188126081062,9.263663733993605,6.639530403323177,19.207720883460592,30.118012120617223
44.241179087194084,9.862218583640683,1.2106227401855252,1.0,1.0,1.0,1000.0,1.0,56.71345205590482,61.03471018799405,61.03471018799405,4.405024792138032,4.429596842750675,12.755769752003353,10.70937315347707,4.405024792138032,4.405024792138032,4.405024792138032,3.1211293018679074,4.429596842750675,4.332186188844133,4.405024792138032,4.405024792138032,4.405024792138032,4.405024792138032,4.405024792138032,4.405024792138032,4.405024792138032,71.14915390795416,66.20536288641856,69.77989170607002,59.56220473374957,60.85436823680113,40.297016210892075,51.77340002950613,51.77340002950613,40.17499731839534,51.77340002950613,51.77340002950613,9.882404494475406,9.882404494475406,9.882404494475406,9.882404494475406,9.882404494475406,9.882404494475406,9.882404494475406,9.882404494475406,9.882404494475406,13.415860228482698,10.125513295376424,27.475942820650218,3.6907287268526567,5.024702941932876,10.656721055380649,7.041230835729015,9.103475481327603,7.962662952325065,9.849386468384527,66.59406554091079,57.04179990058678,52.57317301207049,6.927148353053889,8.454090998405816,17.40843625072162,7.664295104337205,3.006194135056643,1.5037381347468588,3.7609375873202406,2.979865946642586,5.235331581650587,2.1373664647726764,3.996075047163331,15.886735238708791,14.228244642259648,6.154895319341036,8.936741907636863,10.481213922346596,5.593254142403651,61.00086533421209,61.290350177237244,61.018409886751755,62.57986648193003,61.26403339742329,64.85564641299018,49.799006969220116,73.46892899550151,43.38175845570142,64.89954562713379,74.9703797073585,5.902324310956787,6.26215062163201,9.404086935286637,6.762398453100854,6.823832517381562,7.9647556274811055,6.692188126081062,9.263663733993605,6.639530403323177,19.207720883460592,30.118012120617223
44.241179087194084,9.862218583640683,1.2106227401855252,1.0,1.0,1.0,1.0,1000.0,56.71345205590482,61.03471018799405,61.03471018799405,4.405024792138032,4.429596842750675,12.755769752003353,10.70937315347707,4.405024792138032,4.405024792138032,4.405024792138032,3.1211293018679074,4.429596842750675,4.332186188844133,4.405024792138032,4.405024792138032,4.405024792138032,4.405024792138032,4.405024792138032,4.405024792138032,4.405024792138032,71.14915390795416,66.20536288641856,69.77989170607002,59.56220473374957,60.85436823680113,40.297016210892075,51.77340002950613,51.77340002950613,40.17499731839534,51.77340002950613,51.77340002950613,9.882404494475406,9.882404494475406,9.882404494475406,9.882404494475406,9.882404494475406,9.882404494475406,9.882404494475406,9.882404494475406,9.882404494475406,13.415860228482698,10.125513295376424,27.475942820650218,3.6907287268526567,5.024702941932876,10.656721055380649,7.041230835729015,9.103475481327603,7.962662952325065,9.849386468384527,66.59406554091079,57.04179990058678,52.57317301207049,6.927148353053889,8.454090998405816,17.40843625072162,7.664295104337205,3.006194135056643,1.5037381347468588,3.7609375873202406,2.979865946642586,5.235331581650587,2.1373664647726764,3.996075047163331,15.886735238708791,14.228244642259648,6.154895319341036,8.936741907636863,10.481213922346596,5.593254142403651,61.00086533421209,61.290350177237244,61.018409886751755,62.57986648193003,61.26403339742329,64.85564641299018,49.799006969220116,73.46892899550151,43.38175845570142,64.89954562713379,74.9703797073585,5.902324310956787,6.26215062163201,9.404086935286637,6.762398453100854,6.823832517381562,7.9647556274811055,6.692188126081062,9.263663733993605,6.639530403323177,19.207720883460592,30.118012120617223
13.47227331524635,47.851233739545805,56.50282932324812,56.71345205590482,56.71345205590482,56.71345205590482,56.71345205590482,56.71345205590482,1000.0,5.321258298632001,5.321258298632001,60.11847671837426,60.143048767996696,68.46922129676521,66.42282480006612,60.11847671837426,60.11847671837426,60.11847671837426,58.834581278756524,60.143048767996696,60.04563811801101,60.11847671837426,60.11847671837426,60.11847671837426,60.11847671837426,60.11847671837426,60.11847671837426,60.11847671837426,126.86260025614303,121.91880984660344,125.49333822695718,115.27565246605789,116.56781582343372,17.416436259618305,5.940052187499203,5.940052187499203,17.538455153902483,5.940052187499203,5.940052187499203,47.831047829204174,47.831047829204174,47.831047829204174,47.831047829204174,47.831047829204174,47.831047829204174,47.831047829204174,47.831047829204174,47.831047829204174,44.29759217341208,47.58793903420039,30.2375097330917,54.02272342092378,52.688749247923646,66.37017270451811,62.75468265128172,64.81692720403024,63.67611472707119,65.5628381561487,10.880613900947194,1.328347856497474,5.140279180974276,62.64060017358247,64.16754275093956,40.305016220180356,63.37774689241707,54.707257990234076,57.21719017241281,53.952514562728204,54.73358617777122,52.47812061464015,55.57608563110714,59.70952698976473,71.6001866171846,69.94169611039901,61.86834717311,64.65019363805087,66.19466557995288,61.30670601986322,116.7143129041915,117.00379771422683,116.7318574547349,118.29331387063776,116.97748093741644,9.142194690791985,7.914445303426913,17.755477718586487,14.331693963272317,9.18609390696466,19.256928517764287,51.8111279053312,51.45130160520551,48.30936537656752,50.95105378812547,50.889619725589526,49.74869664700792,51.02126411314525,48.449788574332835,51.07392183439896,38.50573161182522,27.59544043325714
17.793531603473372,52.17249191885757,60.82408745655091,61.03471018799405,61.03471018799405,61.03471018799405,61.03471018799405,61.03471018799405,5.321258298632001,1000.0,1.0,64.43973483022755,64.46430687969976,72.79047935406787,70.74408287138394,64.43973483022755,64.43973483022755,64.43973483022755,63.15583939837645,64.46430687969976,64.36689623030935,64.43973483022755,64.43973483022755,64.43973483022755,64.43973483022755,64.43973483022755,64.43973483022755,64.43973483022755,131.18385773583495,126.24006738854136,129.81459572413704,119.59691008774152,120.88907342995579,21.737694541334793,10.261310483859344,10.261310483859344,21.859713435392855,10.261310483859344,10.261310483859344,52.15230600861452,52.15230600861452,52.15230600861452,52.15230600861452,52.15230600861452,52.15230600861452,52.15230600861452,52.15230600861452,52.15230600861452,48.61885036945144,51.909197214794865,34.558767982938086,58.3439815681821,57.010007402433374,70.691430776191,67.07594074666981,69.13818528605209,67.99737281653984,69.88409623323092,6.559355605040655,4.992910442199612,9.461537477866722,66.96185826969754,68.48880083721635,44.62627443350696,67.69900498381182,59.028516133702084,61.53844830158158,58.27377271037261,59.05484432109252,56.79937877027857,59.897343769696796,64.03078510410981,75.92144465223046,74.26295415735706,66.18960527411174,68.97145172116922,70.51592365280729,65.62796412438134,121.03557050898398,121.3250553155952,121.05311505932012,122.61457145665035,121.29873853909646,4.820936393703757,12.235703598200743,13.434219430287945,18.652952250212653,4.864835609902585,14.935670231750303,56.13238606451446,55.772559766282654,52.63062355363085,55.27231195181401,55.21087788959705,54.069954816870556,55.3425222764688,52.77104675070277,55.39517999744843,42.82698983242166,31.916698691011685
17.793531603473372,52.17249191885757,60.82408745655091,61.03471018799405,61.03471018799405,61.03471018799405,61.03471018799405,61.03471018799405,5.321258298632001,1.0,1000.0,64.43973483022755,64.46430687969976,72.79047935406787,70.74408287138394,64.43973483022755,64.43973483022755,64.43973483022755,63.15583939837645,64.46430687969976,64.36689623030935,64.43973483022755,64.43973483022755,64.43973483022755,64.43973483022755,64.43973483022755,64.43973483022755,64.43973483022755,131.18385773583495,126.24006738854136,129.81459572413704,119.59691008774152,120.88907342995579,21.737694541334793,10.261310483859344,10.261310483859344,21.859713435392855,10.261310483859344,10.261310483859344,52.15230600861452,52.15230600861452,52.15230600861452,52.15230600861452,52.15230600861452,52.15230600861452,52.15230600861452,52.15230600861452,52.15230600861452,48.61885036945144,51.909197214794865,34.558767982938086,58.3439815681821,57.010007402433374,70.691430776191,67.07594074666981,69.13818528605209,67.99737281653984,69.88409623323092,6.559355605040655,4.992910442199612,9.461537477866722,66.96185826969754,68.48880083721635,44.62627443350696,67.69900498381182,59.028516133702084,61.53844830158158,58.27377271037261,59.05484432109252,56.79937877027857,59.897343769696796,64.03078510410981,75.92144465223046,74.26295415735706,66.18960527411174,68.97145172116922,70.51592365280729,65.62796412438134,121.03557050898398,121.3250553155952,121.05311505932012,122.61457145665035,121.29873853909646,4.820936393703757,12.235703598200743,13.434219430287945,18.652952250212653,4.864835609902585,14.935670231750303,56.13238606451446,55.772559766282654,52.63062355363085,55.27231195181401,55.21087788959705,54.069954816870556,55.3425222764688,52.77104675070277,55.39517999744843,42.82698983242166,31.916698691011685
47.64620379987086,13.267243371487993,4.615647532293487,4.405024792138032,4.405024792138032,4.405024792138032,4.405024792138032,4.405024792138032,60.11847671837426,64.43973483022755,64.43973483022755,1000.0,1.0245720506159715,9.35074496374411,7.3043483637573035,1.0,1.0,1.0,2.2838954903776703,1.0245720506159715,1.0728386033034834,1.0,1.0,1.0,1.0,1.0,1.0,1.0,67.74412930138693,62.80033825395436,66.37486709213485,56.15718006955705,57.44934357850441,43.70204093690878,55.17842471331908,55.17842471331908,43.58002204480528,55.17842471331908,55.17842471331908,13.287429282305872,13.287429282305872,13.287429282305872,13.287429282305872,13.287429282305872,13.287429282305872,13.287429282305872,13.287429282305872,13.287429282305872,16.82088501286959,13.530538083001494,30.880967581593776,7.095753518343127,8.429727732890427,7.251696265627671,3.6362060442200423,5.698450690693615,4.5576381611654995,6.444361678149817,69.99909015496296,60.44682456156989,55.97819769255765,3.522123561506326,5.049066207460043,20.8134610300336,4.259270313057152,6.411218926766058,3.9012866574488827,7.165962378786163,6.384890738359684,8.64035637251115,5.542391256706719,1.4089497450230886,12.481710453325343,10.823219855256259,2.749870527559285,5.531717116919642,7.07618913248451,2.1882293504811825,57.59584067659222,57.88532552095985,57.613385229213065,59.17484183171392,57.85900874102357,68.26067103611427,53.20403166102895,76.87395357136465,46.78678317138889,68.30457025003172,78.37540427439038,9.307349101487148,9.667175411969659,12.809111723507618,10.167423243153609,10.228857307397968,11.369780416768378,10.097212916174994,12.668688522325805,10.044555193447737,22.61274566007514,33.523036875419685
47.670775849867816,13.291815422061012,4.640219582905708,4.429596842750675,4.429596842750675,4.429596842750675,4.429596842750675,4.429596842750675,60.143048767996696,64.46430687969976,64.46430687969976,1.0245720506159715,1000.0,9.326172913147964,7.27977631315262,1.0245720506159715,1.0245720506159715,1.0245720506159715,2.3084675409931625,1.0,1.0974106539194528,1.0245720506159715,1.0245720506159715,1.0245720506159715,1.0245720506159715,1.0245720506159715,1.0245720506159715,1.0245720506159715,67.71955725204488,62.77576620443025,66.35029504274097,56.13260801981046,57.42477152879913,43.726612987005865,55.20299676310037,55.20299676310037,43.604594094905316,55.20299676310037,55.20299676310037,13.312001332878749,13.312001332878749,13.312001332878749,13.312001332878749,13.312001332878749,13.312001332878749,13.312001332878749,13.312001332878749,13.312001332878749,16.84545706341416,13.555110133572647,30.905539631955435,7.120325568948466,8.454299783490614,7.227124215022801,3.6116339936060338,5.673878640083906,4.533066110553111,6.419789627542259,70.02366220422633,60.47139661118129,56.00276974231416,3.49755151089215,5.024494156848717,20.838033080537645,4.234698262444186,6.435790977373647,3.925858708062435,7.190534429391257,6.409462788967355,8.664928423110435,5.5669633073167795,1.4335217956390094,12.457138402746894,10.798647804667734,2.7252984769441744,5.507145066309494,7.051617081879023,2.163657299865605,57.57126862689168,57.8607534712687,57.58881317951308,59.15026978206526,57.83443669133157,68.28524308544483,53.22860371086986,76.89852562034575,46.811355221408405,68.32914229936058,78.39997632330626,9.331921152083398,9.691747462564164,12.833683774083779,10.191995293745572,10.25342935798961,11.394352467353645,10.121784966767322,12.69326057290291,10.069127244040336,22.637317710557962,33.54760892573444
55.996948515601716,21.61798831073515,12.96639249184513,12.755769752003353,12.755769752003353,12.755769752003353,12.755769752003353,12.755769752003353,68.46922129676521,72.79047935406787,72.79047935406787,9.35074496374411,9.326172913147964,1000.0,3.046396601237583,9.35074496374411,9.35074496374411,9.35074496374411,10.634640452923,9.326172913147964,9.423583566988126,9.35074496374411,9.35074496374411,9.35074496374411,9.35074496374411,9.35074496374411,9.35074496374411,9.35074496374411,59.39338471672035,54.44959361140766,58.0241224909584,47.806435356764844,49.09859887869966,52.05278568984844,63.52916934968187,63.52916934968187,51.93076679884834,63.52916934968187,63.52916934968187,21.638174221488722,21.638174221488722,21.638174221488722,21.638174221488722,21.638174221488722,21.638174221488722,21.638174221488722,21.638174221488722,21.638174221488722,25.171629939582054,21.88128302140368,39.23171243479571,15.446498473555211,16.780472685275956,3.099048699388677,6.714538920984309,4.6522942747140315,5.793106804231579,3.906383287128308,78.34983460335629,68.79756913594163,64.32894231985294,6.828621403662716,5.301678757972524,29.16420593975189,6.091474652295539,14.761963883294882,12.252031618029566,15.516707333858067,14.735635694937342,16.9911013244189,13.893136214776145,9.75969470842002,4.130965493067453,2.4724748929147458,7.600874437304395,4.819027848502206,3.274555832599498,8.162515614087818,49.24509597828049,49.53458082561075,49.26264053108041,50.82409714976101,49.50826404540446,76.61141550873661,61.55477631925053,85.22469791826894,55.13752789548238,76.65531472204934,86.72614859792583,17.658094051825277,18.017920361425272,21.15985666419306,18.518168191340685,18.57960225542592,19.720525361708482,18.447957864543035,21.019433463443985,18.39530014195087,30.963490561128406,41.873781710551
53.95055198337861,19.571591718588852,10.919995893427267,10.70937315347707,10.70937315347707,10.70937315347707,10.70937315347707,10.70937315347707,66.42282480006612,70.74408287138394,70.74408287138394,7.3043483637573035,7.27977631315262,3.046396601237583,1000.0,7.3043483637573035,7.3043483637573035,7.3043483637573035,8.588243853422263,7.27977631315262,7.377186967026803,7.3043483637573035,7.3043483637573035,7.3043483637573035,7.3043483637573035,7.3043483637573035,7.3043483637573035,7.3043483637573035,61.43978123380904,56.49599014193971,60.070519011887825,49.852831903515934,51.14499542246164,50.00638914791637,61.482772838036524,61.482772838036524,49.88437025662759,61.482772838036524,61.482772838036524,19.591777629361207,19.591777629361207,19.591777629361207,19.591777629361207,19.591777629361207,19.591777629361207,19.591777629361207,19.591777629361207,19.591777629361207,23.125233351039714,19.83488642950388,37.18531586637345,13.400101876572245,14.734076089185457,1.0526520981537206,4.668142320244812,2.6058976736158312,3.746710203306839,1.8599866859501246,76.30343813999374,66.75117264027664,62.282545810549415,4.782224802948957,3.2552821569654826,27.117809355972078,4.0450780514263665,12.715567285886715,10.205635019252531,13.470310736919975,12.689239097513264,14.944704728477037,11.846739616860315,7.713298108579544,6.177362093919677,4.518871494029162,5.5544778367811345,2.772631247425498,1.228159231374249,6.116119013720894,51.291492521698544,51.58097736834617,51.30903707445721,52.87049368940676,51.554660588202104,74.56501903917624,59.50837980195284,83.17830148080657,53.09113136108126,74.60891825264373,84.67975216641501,15.611697456367958,15.971523766238114,19.113460071625685,16.471771596539316,16.53320566067275,17.674128767882895,16.401561269686802,18.973036870749528,16.348903547053645,28.91709397974151,39.82738514695279
47.64620379987086,13.267243371487993,4.615647532293487,4.405024792138032,4.405024792138032,4.405024792138032,4.405024792138032,4.405024792138032,60.11847671837426,64.43973483022755,64.43973483022755,1.0,1.0245720506159715,9.35074496374411,7.3043483637573035,1000.0,1.0,1.0,2.2838954903776703,1.0245720506159715,1.0728386033034834,1.0,1.0,1.0,1.0,1.0,1.0,1.0,67.74412930138693,62.80033825395436,66.37486709213485,56.15718006955705,57.44934357850441,43.70204093690878,55.17842471331908,55.17842471331908,43.58002204480528,55.17842471331908,55.17842471331908,13.287429282305872,13.287429282305872,13.287429282305872,13.287429282305872,13.287429282305872,13.287429282305872,13.287429282305872,13.287429282305872,13.287429282305872,16.82088501286959,13.530538083001494,30.880967581593776,7.095753518343127,8.429727732890427,7.251696265627671,3.6362060442200423,5.698450690693615,4.5576381611654995,6.444361678149817,69.99909015496296,60.44682456156989,55.97819769255765,3.522123561506326,5.049066207460043,20.8134610300336,4.259270313057152,6.411218926766058,3.9012866574488827,7.165962378786163,6.384890738359684,8.64035637251115,5.542391256706719,1.4089497450230886,12.481710453325343,10.823219855256259,2.749870527559285,5.531717116919642,7.07618913248451,2.1882293504811825,57.59584067659222,57.88532552095985,57.613385229213065,59.17484183171392,57.85900874102357,68.26067103611427,53.20403166102895,76.87395357136465,46.78678317138889,68.30457025003172,78.37540427439038,9.307349101487148,9.667175411969659,12.809111723507618,10.167423243153609,10.228857307397968,11.369780416768378,10.097212916174994,12.668688522325805,10.044555193447737,22.61274566007514,33.523036875419685
47.64620379987086,13.267243371487993,4.615647532293487,4.405024792138032,4.405024792138032,4.405024792138032,4.405024792138032,4.405024792138032,60.11847671837426,64.43973483022755,64.43973483022755,1.0,1.0245720506159715,9.35074496374411,7.3043483637573035,1.0,1000.0,1.0,2.2838954903776703,1.0245720506159715,1.0728386033034834,1.0,1.0,1.0,1.0,1.0,1.0,1.0,67.74412930138693,62.80033825395436,66.37486709213485,56.15718006955705,57.44934357850441,43.70204093690878,55.17842471331908,55.17842471331908,43.58002204480528,55.17842471331908,55.17842471331908,13.287429282305872,13.287429282305872,13.287429282305872,13.287429282305872,13.287429282305872,13.287429282305872,13.287429282305872,13.287429282305872,13.287429282305872,16.82088501286959,13.530538083001494,30.880967581593776,7.095753518343127,8.429727732890427,7.251696265627671,3.6362060442200423,5.698450690693615,4.5576381611654995,6.444361678149817,69.99909015496296,60.44682456156989,55.97819769255765,3.522123561506326,5.049066207460043,20.8134610300336,4.259270313057152,6.411218926766058,3.9012866574488827,7.165962378786163,6.384890738359684,8.64035637251115,5.542391256706719,1.4089497450230886,12.481710453325343,10.823219855256259,2.749870527559285,5.531717116919642,7.07618913248451,2.1882293504811825,57.59584067659222,57.88532552095985,57.613385229213065,59.17484183171392,57.85900874102357,68.26067103611427,53.20403166102895,76.87395357136465,46.78678317138889,68.30457025003172,78.37540427439038,9.307349101487148,9.667175411969659,12.809111723507618,10.167423243153609,10.228857307397968,11.369780416768378,10.097212916174994,12.668688522325805,10.044555193447737,22.61274566007514,33.523036875419685
47.64620379987086,13.267243371487993,4.615647532293487,4.405024792138032,4.405024792138032,4.405024792138032,4.405024792138032,4.405024792138032,60.11847671837426,64.43973483022755,64.43973483022755,1.0,1.0245720506159715,9.35074496374411,7.3043483637573035,1.0,1.0,1000.0,2.2838954903776703,1.0245720506159715,1.0728386033034834,1.0,1.0,1.0,1.0,1.0,1.0,1.0,67.74412930138693,62.80033825395436,66.37486709213485,56.15718006955705,57.44934357850441,43.70204093690878,55.17842471331908,55.17842471331908,43.58002204480528,55.17842471331908,55.17842471331908,13.287429282305872,13.287429282305872,13.287429282305872,13.287429282305872,13.287429282305872,13.287429282305872,13.287429282305872,13.287429282305872,13.287429282305872,16.82088501286959,13.530538083001494,30.880967581593776,7.095753518343127,8.429727732890427,7.251696265627671,3.6362060442200423,5.698450690693615,4.5576381611654995,6.444361678149817,69.99909015496296,60.44682456156989,55.97819769255765,3.522123561506326,5.049066207460043,20.8134610300336,4.259270313057152,6.411218926766058,3.9012866574488827,7.165962378786163,6.384890738359684,8.64035637251115,5.542391256706719,1.4089497450230886,12.481710453325343,10.823219855256259,2.749870527559285,5.531717116919642,7.07618913248451,2.1882293504811825,57.59584067659222,57.88532552095985,57.613385229213065,59.17484183171392,57.85900874102357,68.26067103611427,53.20403166102895,76.87395357136465,46.78678317138889,68.30457025003172,78.37540427439038,9.307349101487148,9.667175411969659,12.809111723507618,10.167423243153609,10.228857307397968,11.369780416768378,10.097212916174994,12.668688522325805,10.044555193447737,22.61274566007514,33.523036875419685
46.362308340928074,11.983347883115632,3.331752042041353,3.1211293018679074,3.1211293018679074,3.1211293018679074,3.1211293018679074,3.1211293018679074,58.834581278756524,63.15583939837645,63.15583939837645,2.2838954903776703,2.3084675409931625,10.634640452923,8.588243853422263,2.2838954903776703,2.2838954903776703,2.2838954903776703,1000.0,2.3084675409931625,2.2110568870755003,2.2838954903776703,2.2838954903776703,2.2838954903776703,2.2838954903776703,2.2838954903776703,2.2838954903776703,2.2838954903776703,69.02802472390152,64.08423368607748,67.65876251738433,57.441075513433816,58.733239020198916,42.418145472811474,53.894529265497546,53.894529265497546,42.29612658055586,53.894529265497546,53.894529265497546,12.0035337939405,12.0035337939405,12.0035337939405,12.0035337939405,12.0035337939405,12.0035337939405,12.0035337939405,12.0035337939405,12.0035337939405,15.536989525914247,12.246642594721244,29.59707210392204,5.811858028402157,7.14583224319253,8.535591755303493,4.920101534443783,6.982346180652569,5.841533651286595,7.728257167981777,68.71519473391346,59.16292912252297,54.694302246015404,4.806019051741014,6.332961697516049,19.529565545117908,5.543165803214256,5.1273234367209115,2.617391167141088,5.882066888856665,5.100995248310809,7.356460882856477,4.258495766549434,1.8749457453599103,13.765605941518778,12.107115344008124,4.033766017857884,6.815612606904714,8.360084622195927,3.472124840815103,58.879736118036135,59.16922096190673,58.89728067062693,60.45873727041606,59.142904182015734,66.97677561158923,51.92013621013015,75.59005816493183,45.50288771128374,67.02067482559332,77.09150887133485,8.023453611978049,8.383279922544585,11.525216234979892,8.883527753851759,8.944961818111766,10.085884927793137,8.8133174268554,11.384793033751707,8.760659704114932,21.328850176233367,32.23914140014695
47.670775849867816,13.291815422061012,4.640219582905708,4.429596842750675,4.429596842750675,4.429596842750675,4.429596842750675,4.429596842750675,60.143048767996696,64.46430687969976,64.46430687969976,1.0245720506159715,1.0,9.326172913147964,7.27977631315262,1.0245720506159715,1.0245720506159715,1.0245720506159715,2.3084675409931625,1000.0,1.0974106539194528,1.0245720506159715,1.0245720506159715,1.0245720506159715,1.0245720506159715,1.0245720506159715,1.0245720506159715,1.0245720506159715,67.71955725204488,62.77576620443025,66.35029504274097,56.13260801981046,57.42477152879913,43.726612987005865,55.20299676310037,55.20299676310037,43.604594094905316,55.20299676310037,55.20299676310037,13.312001332878749,13.312001332878749,13.312001332878749,13.312001332878749,13.312001332878749,13.312001332878749,13.312001332878749,13.312001332878749,13.312001332878749,16.84545706341416,13.555110133572647,30.905539631955435,7.120325568948466,8.454299783490614,7.227124215022801,3.6116339936060338,5.673878640083906,4.533066110553111,6.419789627542259,70.02366220422633,60.47139661118129,56.00276974231416,3.49755151089215,5.024494156848717,20.838033080537645,4.234698262444186,6.435790977373647,3.925858708062435,7.190534429391257,6.409462788967355,8.664928423110435,5.5669633073167795,1.4335217956390094,12.457138402746894,10.798647804667734,2.7252984769441744,5.507145066309494,7.051617081879023,2.163657299865605,57.57126862689168,57.8607534712687,57.58881317951308,59.15026978206526,57.83443669133157,68.28524308544483,53.22860371086986,76.89852562034575,46.811355221408405,68.32914229936058,78.39997632330626,9.331921152083398,9.691747462564164,12.833683774083779,10.191995293745572,10.25342935798961,11.394352467353645,10.121784966767322,12.69326057290291,10.069127244040336,22.637317710557962,33.54760892573444
47.573365198398484,13.194404768310829,4.542808929000826,4.332186188844133,4.332186188844133,4.332186188844133,4.332186188844133,4.332186188844133,60.04563811801101,64.36689623030935,64.36689623030935,1.0728386033034834,1.0974106539194528,9.423583566988126,7.377186967026803,1.0728386033034834,1.0728386033034834,1.0728386033034834,2.2110568870755003,1.0974106539194528,1000.0,1.0728386033034834,1.0728386033034834,1.0728386033034834,1.0728386033034834,1.0728386033034834,1.0728386033034834,1.0728386033034834,67.81696790090867,62.87317685401614,66.44770569181036,56.23001867027886,57.522182179103744,43.629202335139944,55.105586112485355,55.105586112485355,43.507183443027685,55.105586112485355,55.105586112485355,13.214590679129127,13.214590679129127,13.214590679129127,13.214590679129127,13.214590679129127,13.214590679129127,13.214590679129127,13.214590679129127,13.214590679129127,16.748046409776446,13.45769947982982,30.80812897904171,7.022914915070655,8.356889129633108,7.324534868897734,3.70904464751749,5.771289293978153,4.630476764458066,6.517200281427911,69.92625155566321,60.373985961239356,55.90535909179731,3.5949621648042784,5.12190481074942,20.740622427060266,4.332108916351457,6.338380323486977,3.8284480541523322,7.093123775514414,6.312052135080364,8.567517769256504,5.469552653420386,1.3361111417197213,12.554549056516658,10.896058458477555,2.822709130860073,5.604555720205489,7.149027735756412,2.2610679537834,57.668679277177496,57.958164121517214,57.68622382979664,59.24768043214525,57.93184734158347,68.1878324366156,53.131193060018624,76.80111497290122,46.7139445698497,68.23173165053798,78.30256567612007,9.234510498241441,9.594336808729086,12.736273120321169,10.09458463992054,10.156018704165852,11.29694181355507,10.024374312940848,12.595849919136585,9.971716590212786,22.539907057164573,33.45019827300642
47.64620379987086,13.267243371487993,4.615647532293487,4.405024792138032,4.405024792138032,4.405024792138032,4.405024792138032,4.405024792138032,60.11847671837426,64.43973483022755,64.43973483022755,1.0,1.0245720506159715,9.35074496374411,7.3043483637573035,1.0,1.0,1.0,2.2838954903776703,1.0245720506159715,1.0728386033034834,1000.0,1.0,1.0,1.0,1.0,1.0,1.0,67.74412930138693,62.80033825395436,66.37486709213485,56.15718006955705,57.44934357850441,43.70204093690878,55.17842471331908,55.17842471331908,43.58002204480528,55.17842471331908,55.17842471331908,13.287429282305872,13.287429282305872,13.287429282305872,13.287429282305872,13.287429282305872,13.287429282305872,13.287429282305872,13.287429282305872,13.287429282305872,16.82088501286959,13.530538083001494,30.880967581593776,7.095753518343127,8.429727732890427,7.251696265627671,3.6362060442200423,5.698450690693615,4.5576381611654995,6.444361678149817,69.99909015496296,60.44682456156989,55.97819769255765,3.522123561506326,5.049066207460043,20.8134610300336,4.259270313057152,6.411218926766058,3.9012866574488827,7.165962378786163,6.384890738359684,8.64035637251115,5.542391256706719,1.4089497450230886,12.481710453325343,10.823219855256259,2.749870527559285,5.531717116919642,7.07618913248451,2.1882293504811825,57.59584067659222,57.88532552095985,57.613385229213065,59.17484183171392,57.85900874102357,68.26067103611427,53.20403166102895,76.87395357136465,46.78678317138889,68.30457025003172,78.37540427439038,9.307349101487148,9.667175411969659,12.809111723507618,10.167423243153609,10.228857307397968,11.369780416768378,10.097212916174994,12.668688522325805,10.044555193447737,22.61274566007514,33.523036875419685
