1000.0,15.496463812542956,4.619811534373083,15.559636255539006,30.547270936921805,30.113970071328794,29.958718228601935,11.209728383563991,11.209728383563991,6.857016464812508,6.857016464812508,11.209728383563991,6.412878129676128,6.254091577207891,5.060116354912505,6.412878129676128,41.49778021372777,46.63419333917954,45.75924377244824,5.65578928941694,22.945739163250042,27.386533314016386,25.475421914174994,23.076477832572188,57.00674459174289,57.00674459174289,57.00674459174289,57.00674459174289,57.00674459174289,57.00674459174289,10.1172566830459,15.372751192130524,15.820222876456103,15.36397725147488,34.82319624146523,36.086214445617514,33.112841391097206,11.639577299697464,4.586383539492365,6.265689108284736,14.341455326399618,1.5193662890468496,1.5772664089141508,5.937395222025586,2.221215608170843,4.239051497263343,40.52106635446604,28.332446339366875,41.688209475300894,6.1428617726978025,22.435947233143807,23.664364594173502,24.80504726097107,24.603233514482167,68.3156882139845,66.11263445072899,66.5163788282418,66.50760176449376,69.36017570301391,65.19982525636017
15.496463812542956,1000.0,11.87665228483099,1.063172443151571,45.04373452890092,44.61043366868544,44.455181827869794,25.706192153399275,25.706192153399275,9.639447356290507,9.639447356290507,25.706192153399275,20.9093419239776,20.750555372185843,19.5565801547034,20.9093419239776,27.00131657898793,32.13772976650394,31.26278018857343,20.15225308686706,8.449275378338712,12.890069554489337,10.978958142908184,8.580014048313114,42.51028117143789,42.51028117143789,42.51028117143789,42.51028117143789,42.51028117143789,42.51028117143789,6.37920713779215,1.123712620713088,1.323759064724453,1.1324865613898571,49.31965977695057,50.582677963224825,47.609304949926724,26.1360410669593,19.08284734105901,10.23077471248105,28.837919076050152,14.977097524724472,16.07373021998459,20.433859018327233,14.275248207115308,12.257412321448847,26.024602708928775,13.835982586106232,27.191745842703607,10.353602047983093,7.939483445744242,9.16790081291868,10.308583485878112,10.106769738267065,53.819225000956365,51.6161711939587,52.01991557936623,52.01113851544599,54.86371251129257,50.703361981942514
4.619811534373083,11.87665228483099,1000.0,11.939824727894905,34.16708242979637,33.73378156534704,33.57852972302608,14.829539911964202,14.829539911964202,3.237204930993249,3.237204930993249,14.829539911964202,10.032689661981472,9.87390310960919,8.679927887966983,10.032689661981472,37.877968742361396,43.01438188567096,42.13943231574116,9.27560082216063,19.325927645860723,23.766721805006142,21.855610401355143,19.456666315405812,53.38693318104791,53.38693318104791,53.38693318104791,53.38693318104791,53.38693318104791,53.38693318104791,6.497445150790883,11.752939664286641,12.200411349095496,11.744165723621691,38.44300772219792,39.70602592246636,36.7326528768731,15.259388827652597,8.206195072772573,2.6458775742779688,17.96126685119867,4.100445245394312,5.197077943184795,9.557206754611896,3.3985959263260757,1.3807600371618736,36.90125487995471,24.71263483235602,38.068398004557004,2.5230502386557943,18.81613571489892,20.044553078027437,21.185235746887773,20.98342200002594,64.69587686024363,62.49282308505326,62.89656746472292,62.887790400927855,65.74036435507335,61.58001388585841
15.559636255539006,1.063172443151571,11.939824727894905,1000.0,45.10690697061881,44.6736061104314,44.51835426962577,25.76936459609968,25.76936459609968,9.702619799386694,9.702619799386694,25.76936459609968,20.972514366836084,20.813727815048978,19.619752597600325,20.972514366836084,26.938144136332234,32.074557324063605,31.19960774609368,20.215425529747392,8.386102935227635,12.82689711144124,10.915785699829426,8.516841605203474,42.44710872955027,42.44710872955027,42.44710872955027,42.44710872955027,42.44710872955027,42.44710872955027,6.442379580922162,1.1868850638646422,1.260586621572944,1.195659004541409,49.382832218376386,50.6458504045592,47.67247739147263,26.199213509643883,19.14601978396875,10.293947155569427,28.901091518629006,15.040269967731447,16.136902662968026,20.49703146119954,14.338420650136413,12.320584764506531,25.961430266236512,13.772810143075294,27.128573400055206,10.41677449106978,7.8763110026277925,9.104728369815826,10.245411042789874,10.043597295176102,53.75605255985069,51.552998752686044,51.95674313812363,51.94796607420274,54.80054007026856,50.64018954060275
30.547270936921805,45.04373452890092,34.16708242979637,45.10690697061881,1000.0,1.4333008699610523,1.5885527142212905,20.33754262165047,20.33754262165047,36.4042873300672,36.4042873300672,20.33754262165047,25.13439285242216,25.293179403853287,26.487154617792275,25.13439285242216,71.04505017207033,76.18146309286975,75.30651356227752,25.891481687579954,52.493009709947344,56.933803741407765,55.02269239457239,52.62374837595085,86.55401387704717,86.55401387704717,86.55401387704717,86.55401387704717,86.55401387704717,86.55401387704717,39.66452749815594,44.920021910983586,45.36749358623443,44.9112479705045,5.2759253546330855,6.538943576008229,3.565570482707015,19.907693706811866,26.96088742962396,35.81295998184913,17.205815685322758,31.0666372205702,29.970004533789435,25.60987575691507,31.76848653210313,33.78632239747733,70.06833634967701,57.87971673959371,71.235479426379,35.69013264795799,51.98321779266922,53.2116351224841,54.352317759366805,54.150504018235694,97.86295690474363,95.65990326416437,96.06364761944295,96.05487055617945,98.90744433445273,94.74709411965358
30.113970071328794,44.61043366868544,33.73378156534704,44.6736061104314,1.4333008699610523,1000.0,1.155251844260703,19.90424175354664,19.90424175354664,35.97098646639101,35.97098646639101,19.90424175354664,24.701091985366446,24.859878536836256,26.05385375107429,24.701091985366446,70.61174932681467,75.74816225137461,74.87321272012305,25.458180820710965,52.059708853321126,56.5005028871876,54.58939153929239,52.19044751939262,86.12071304395411,86.12071304395411,86.12071304395411,86.12071304395411,86.12071304395411,86.12071304395411,39.23122663569707,44.48672105071322,44.9341927261633,44.47794711023025,5.709226224491707,6.972244445800998,3.9988713526289335,19.4743928386255,26.52758656302863,35.37965911796366,16.772514816660518,30.633336355133128,29.536703668026284,25.17657488997595,31.33518566688113,33.35302153290145,69.63503550373635,57.44641588591175,70.80217858125803,35.256831784029494,51.549916935779514,52.77833426623374,53.91901690372376,53.71720316248425,97.4296560820412,95.22660243933727,95.63034679500159,95.62156973172969,98.47414351277465,94.31379329396036
29.958718228601935,44.455181827869794,33.57852972302608,44.51835426962577,1.5885527142212905,1.155251844260703,1000.0,19.748989909931105,19.748989909931105,35.81573462434467,35.81573462434467,19.748989909931105,24.54584014212131,24.70462669360481,25.898601907948713,24.54584014212131,70.45649749133129,75.59291041723309,74.71796088574624,25.30292897753192,51.90445701378354,56.34525104850734,54.43413970023445,52.03519567987925,85.96546121281193,85.96546121281193,85.96546121281193,85.96546121281193,85.96546121281193,85.96546121281193,39.07597479408341,44.33146920987806,44.778940885399045,44.322695269393705,5.8644780687106595,7.127496289995,4.1541231968723995,19.319140994980852,26.372334719946494,35.22440727584297,16.61726297284826,30.47808451246158,29.381451825239093,25.021323046772086,31.179933824285897,33.19776969053556,69.47978366800854,57.291164047423315,70.6469267458227,35.10157994189352,51.39466509614805,52.62308242683005,53.76376506453644,53.56195132325833,97.27440425460988,95.07135061114703,95.47509496694913,95.46631790367422,98.31889168570922,94.15854146546079
11.209728383563991,25.706192153399275,14.829539911964202,25.76936459609968,20.33754262165047,19.90424175354664,19.748989909931105,1000.0,1.0,17.066744837150058,17.066744837150058,1.0,5.7968502569872955,5.955636809464173,7.1496120316317375,5.7968502569872955,51.70750835275717,56.843921419365394,55.96897186309927,6.553939097233612,33.155467462699534,37.59626158250505,35.68515019656215,33.28620613117714,67.21647253405725,67.21647253405725,67.21647253405725,67.21647253405725,67.21647253405725,67.21647253405725,20.326985045591925,25.58247953356306,26.029951215787204,25.573705592948137,24.61346795338477,25.876486166407435,22.903113091614454,1.4298489166795585,7.623344846906865,16.475417482126872,4.131726947825259,11.729094671945875,10.63246197531343,6.272333164645737,12.430943990069046,14.44877987562978,50.73079450397744,38.54217460065542,51.89793761226028,16.352590146842015,32.64567553584762,33.874092888930626,35.0147755480279,34.81296180292389,78.52541597699873,76.32236225104073,76.72610662180391,76.71732955820303,79.5699034479448,75.40955307179003
11.209728383563991,25.706192153399275,14.829539911964202,25.76936459609968,20.33754262165047,19.90424175354664,19.748989909931105,1.0,1000.0,17.066744837150058,17.066744837150058,1.0,5.7968502569872955,5.955636809464173,7.1496120316317375,5.7968502569872955,51.70750835275717,56.843921419365394,55.96897186309927,6.553939097233612,33.155467462699534,37.59626158250505,35.68515019656215,33.28620613117714,67.21647253405725,67.21647253405725,67.21647253405725,67.21647253405725,67.21647253405725,67.21647253405725,20.326985045591925,25.58247953356306,26.029951215787204,25.573705592948137,24.61346795338477,25.876486166407435,22.903113091614454,1.4298489166795585,7.623344846906865,16.475417482126872,4.131726947825259,11.729094671945875,10.63246197531343,6.272333164645737,12.430943990069046,14.44877987562978,50.73079450397744,38.54217460065542,51.89793761226028,16.352590146842015,32.64567553584762,33.874092888930626,35.0147755480279,34.81296180292389,78.52541597699873,76.32236225104073,76.72610662180391,76.71732955820303,79.5699034479448,75.40955307179003
6.857016464812508,9.639447356290507,3.237204930993249,9.702619799386694,36.4042873300672,35.97098646639101,35.81573462434467,17.066744837150058,17.066744837150058,1000.0,1.0,17.066744837150058,12.269894590314784,12.1111080380261,10.917132816970259,12.269894590314784,35.64076384466683,40.77717699822747,39.9022274264547,11.512805750880691,17.088722722560362,21.529516886205,19.618405480491884,17.219461392223245,51.14972831847814,51.14972831847814,51.14972831847814,51.14972831847814,51.14972831847814,51.14972831847814,4.260240220265594,9.51573473568355,9.963206420722628,9.50696079501419,40.680212614310314,41.943230811985124,38.96985777236409,17.496593752497606,10.443400001987841,1.5913273567406967,20.198471773679692,6.337650175955275,7.434282873472589,11.794411683191605,5.63580085702888,3.617964968129088,34.66404998046587,22.475429914645858,35.831193107218056,1.7141546923658595,16.578930791147776,17.80734815538551,18.948030825346223,18.74621707828477,62.458672031143806,60.255618248914224,60.65936262985515,60.65058556603235,63.50315952939857,59.342809046876326
6.857016464812508,9.639447356290507,3.237204930993249,9.702619799386694,36.4042873300672,35.97098646639101,35.81573462434467,17.066744837150058,17.066744837150058,1.0,1000.0,17.066744837150058,12.269894590314784,12.1111080380261,10.917132816970259,12.269894590314784,35.64076384466683,40.77717699822747,39.9022274264547,11.512805750880691,17.088722722560362,21.529516886205,19.618405480491884,17.219461392223245,51.14972831847814,51.14972831847814,51.14972831847814,51.14972831847814,51.14972831847814,51.14972831847814,4.260240220265594,9.51573473568355,9.963206420722628,9.50696079501419,40.680212614310314,41.943230811985124,38.96985777236409,17.496593752497606,10.443400001987841,1.5913273567406967,20.198471773679692,6.337650175955275,7.434282873472589,11.794411683191605,5.63580085702888,3.617964968129088,34.66404998046587,22.475429914645858,35.831193107218056,1.7141546923658595,16.578930791147776,17.80734815538551,18.948030825346223,18.74621707828477,62.458672031143806,60.255618248914224,60.65936262985515,60.65058556603235,63.50315952939857,59.342809046876326
11.209728383563991,25.706192153399275,14.829539911964202,25.76936459609968,20.33754262165047,19.90424175354664,19.748989909931105,1.0,1.0,17.066744837150058,17.066744837150058,1000.0,5.7968502569872955,5.955636809464173,7.1496120316317375,5.7968502569872955,51.70750835275717,56.843921419365394,55.96897186309927,6.553939097233612,33.155467462699534,37.59626158250505,35.68515019656215,33.28620613117714,67.21647253405725,67.21647253405725,67.21647253405725,67.21647253405725,67.21647253405725,67.21647253405725,20.326985045591925,25.58247953356306,26.029951215787204,25.573705592948137,24.61346795338477,25.876486166407435,22.903113091614454,1.4298489166795585,7.623344846906865,16.475417482126872,4.131726947825259,11.729094671945875,10.63246197531343,6.272333164645737,12.430943990069046,14.44877987562978,50.73079450397744,38.54217460065542,51.89793761226028,16.352590146842015,32.64567553584762,33.874092888930626,35.0147755480279,34.81296180292389,78.52541597699873,76.32236225104073,76.72610662180391,76.71732955820303,79.5699034479448,75.40955307179003
6.412878129676128,20.9093419239776,10.032689661981472,20.972514366836084,25.13439285242216,24.701091985366446,24.54584014212131,5.7968502569872955,5.7968502569872955,12.269894590314784,12.269894590314784,5.7968502569872955,1000.0,1.158786552521022,2.3527617751111043,1.0,46.91065822605349,52.04707132186754,51.17212176041894,1.7570888404821992,28.358617254993504,32.79941139069352,30.888299997640498,28.489355923907596,62.419622504484614,62.419622504484614,62.419622504484614,62.419622504484614,62.419622504484614,62.419622504484614,15.53013480434675,20.7856293038331,21.233100987180407,20.77685536319639,29.410318172679414,30.67333638191791,27.699963315747013,6.226699173540778,2.8264945905981773,11.678567234405186,8.928577203418989,6.932244418528102,5.835611720938547,1.4754829077990763,7.634093737334556,9.651929625167192,45.933944372052494,33.74532441251388,47.10108748658697,11.555739898941113,27.84882532645785,29.077242683647377,30.217925346708785,30.016111600892838,73.72856603510003,71.5255122909497,71.92925666500665,71.92047960133395,74.7730535148593,70.61270310431892
6.254091577207891,20.750555372185843,9.87390310960919,20.813727815048978,25.293179403853287,24.859878536836256,24.70462669360481,5.955636809464173,5.955636809464173,12.1111080380261,12.1111080380261,5.955636809464173,1.158786552521022,1000.0,2.1939752225930804,1.158786552521022,46.751871677422656,51.88828477415621,51.013335212544106,1.598302287962018,28.19983070385203,32.64062484003732,30.729513446766532,28.33056937277937,62.26083595892631,62.26083595892631,62.26083595892631,62.26083595892631,62.26083595892631,62.26083595892631,15.37134825221311,20.62684275203228,21.07431443541265,20.61806881139492,29.56910472369127,30.83212293279288,27.858749866934758,6.385485726009526,2.6677080380828095,11.519780682092598,9.087363755820915,6.773457866070646,5.676825168459502,1.3166963552783337,7.47530718489326,9.49314307278253,45.77515782325781,33.58653786197046,46.94230093798848,11.396953346623727,27.690038775265336,28.918456132579493,30.05913879576161,29.857325049923958,73.56977949233986,71.36672574760757,71.77047012176985,71.76169305809485,74.61426697238124,70.45391656074092
5.060116354912505,19.5565801547034,8.679927887966983,19.619752597600325,26.487154617792275,26.05385375107429,25.898601907948713,7.1496120316317375,7.1496120316317375,10.917132816970259,10.917132816970259,7.1496120316317375,2.3527617751111043,2.1939752225930804,1000.0,2.3527617751111043,45.55789648321729,50.694309586768014,49.819360023943005,1.595672934636037,27.005855491118645,31.44664963086905,29.53553823599683,27.13659416014311,61.066860787531596,61.066860787531596,61.066860787531596,61.066860787531596,61.066860787531596,61.066860787531596,14.177373032261519,19.432867534484007,19.88033921810453,19.424093593842002,30.76307993439689,32.02609814244535,29.05272507899523,7.57946094810785,1.4737328155007565,10.32580546086821,10.28133897736576,5.5794826438465215,4.482849946093738,1.8772788673186245,6.281331962777387,8.29916785105442,44.581182627838864,32.39256265363237,45.74832574402283,10.202978125365549,26.49606356215776,27.72448092038587,28.86516358445421,28.663349838457126,72.37580434177181,70.17275059270533,70.57649496765187,70.56771790395982,73.42029182391485,69.25994140408213
6.412878129676128,20.9093419239776,10.032689661981472,20.972514366836084,25.13439285242216,24.701091985366446,24.54584014212131,5.7968502569872955,5.7968502569872955,12.269894590314784,12.269894590314784,5.7968502569872955,1.0,1.158786552521022,2.3527617751111043,1000.0,46.91065822605349,52.04707132186754,51.17212176041894,1.7570888404821992,28.358617254993504,32.79941139069352,30.888299997640498,28.489355923907596,62.419622504484614,62.419622504484614,62.419622504484614,62.419622504484614,62.419622504484614,62.419622504484614,15.53013480434675,20.7856293038331,21.233100987180407,20.77685536319639,29.410318172679414,30.67333638191791,27.699963315747013,6.226699173540778,2.8264945905981773,11.678567234405186,8.928577203418989,6.932244418528102,5.835611720938547,1.4754829077990763,7.634093737334556,9.651929625167192,45.933944372052494,33.74532441251388,47.10108748658697,11.555739898941113,27.84882532645785,29.077242683647377,30.217925346708785,30.016111600892838,73.72856603510003,71.5255122909497,71.92925666500665,71.92047960133395,74.7730535148593,70.61270310431892
41.49778021372777,27.00131657898793,37.877968742361396,26.938144136332234,71.04505017207033,70.61174932681467,70.45649749133129,51.70750835275717,51.70750835275717,35.64076384466683,35.64076384466683,51.70750835275717,46.91065822605349,46.751871677422656,45.55789648321729,46.91065822605349,1000.0,6.13641323583695,5.26146364855065,46.15356940387638,19.552041242455665,15.111247075242561,17.022358484440225,19.42130257291491,16.50896478684549,16.50896478684549,16.50896478684549,16.50896478684549,16.50896478684549,16.50896478684549,32.38052366568097,27.125029198722913,26.67755751677928,27.133803139329956,75.3209752663456,76.58399340506206,73.6106205021706,52.1373572564292,45.0841636785684,36.23209119299972,54.8392352007926,40.978413934482695,42.07504661144793,46.43517532982264,40.276564628198955,38.25872877342685,1.976713877446094,14.16533404398791,1.1904292652229844,36.354918526843,20.061833173260375,18.83341581013142,17.692733140110647,17.894546887259118,27.81790884943513,25.614854991001277,26.018599385616945,26.00982232149549,28.862396385177075,24.702045758527998
46.63419333917954,32.13772976650394,43.01438188567096,32.074557324063605,76.18146309286975,75.74816225137461,75.59291041723309,56.843921419365394,56.843921419365394,40.77717699822747,40.77717699822747,56.843921419365394,52.04707132186754,51.88828477415621,50.694309586768014,52.04707132186754,6.13641323583695,1000.0,1.8749495875084732,51.28998250404742,24.68845445207407,20.247660294879307,22.15877170005451,24.55771578286194,11.372551560588372,11.372551560588372,11.372551560588372,11.372551560588372,11.372551560588372,11.372551560588372,37.516936833105916,32.261442385815805,31.813970705393963,32.27021632639277,80.45738814882142,81.72040627579588,78.74703340024037,57.27377032028525,50.220576784776505,41.3685043439092,59.97564824684094,46.11482706259328,47.211459733906466,51.5715884283811,45.41297775985112,43.395141914931976,7.113127112927163,19.301747265454104,5.945983970670098,41.49133167719653,25.198246381577828,23.969829021530924,22.82914635421051,23.030960100892553,22.681495648203345,20.478441783702703,20.88218617938708,20.873409115242186,23.725983187022962,19.56563254888461
45.75924377244824,31.26278018857343,42.13943231574116,31.19960774609368,75.30651356227752,74.87321272012305,74.71796088574624,55.96897186309927,55.96897186309927,39.9022274264547,39.9022274264547,55.96897186309927,51.17212176041894,51.013335212544106,49.819360023943005,51.17212176041894,5.26146364855065,1.8749495875084732,1000.0,50.415032941823895,23.813504870056367,19.372710710962966,21.283822116906034,23.682766200782602,12.247501146913653,12.247501146913653,12.247501146913653,12.247501146913653,12.247501146913653,12.247501146913653,36.64198725883044,31.386492807962718,30.9390211272623,31.39526674854519,79.58243862494226,80.84545675397153,77.87208387363091,56.39882076450654,49.345627221478345,40.493554772613614,59.100698694212504,45.239877495386615,46.33651016771001,50.69663886644444,44.538028192010806,42.520192345326016,6.238177525743733,18.426797681185217,5.071034383366,40.61638210600095,24.323296799803778,23.094879439178737,21.954196771349007,22.15601051811922,23.55644523075491,21.35339136719241,21.75713576271221,21.748358698570918,24.600932769095458,20.440582132734257
5.65578928941694,20.15225308686706,9.27560082216063,20.215425529747392,25.891481687579954,25.458180820710965,25.30292897753192,6.553939097233612,6.553939097233612,11.512805750880691,11.512805750880691,6.553939097233612,1.7570888404821992,1.598302287962018,1.595672934636037,1.7570888404821992,46.15356940387638,51.28998250404742,50.415032941823895,1000.0,27.601528420944046,32.042322558934316,30.131211164853084,27.732267089920597,61.66253369687509,61.66253369687509,61.66253369687509,61.66253369687509,61.66253369687509,61.66253369687509,14.773045965634624,20.028540466679996,20.47601215018257,20.01976652604027,30.16740700581551,31.430425214394642,28.45705214973078,6.983788013746061,2.0694057501332663,10.921478394860266,9.685666043291357,6.175155578317567,5.078522880630878,1.281605932684308,6.877004897197351,8.894840785289336,45.176855549099336,32.98823558128741,46.34399866456312,10.79865105937395,27.091736492167716,28.320153849944976,29.460836513575938,29.25902276765755,72.97147724077202,70.76842349385869,71.17216786841564,71.16339080473206,74.0159647218709,69.85561430610802
22.945739163250042,8.449275378338712,19.325927645860723,8.386102935227635,52.493009709947344,52.059708853321126,51.90445701378354,33.155467462699534,33.155467462699534,17.088722722560362,17.088722722560362,33.155467462699534,28.358617254993504,28.19983070385203,27.005855491118645,28.358617254993504,19.552041242455665,24.68845445207407,23.813504870056367,27.601528420944046,1000.0,5.440794180730234,3.5296827667591404,1.1307386700603723,35.06100591553542,35.06100591553542,35.06100591553542,35.06100591553542,35.06100591553542,35.06100591553542,13.828482510140176,8.57298799897049,8.125516313814469,8.58176193964139,56.76893492081632,58.0319530954962,55.05858010904843,33.58531637411783,26.53212267928973,17.68005007745049,36.287194369008745,22.426372877052735,23.52300556883467,27.883134351277285,21.724523561559785,19.706687681500046,18.575327368709768,6.386707213764242,19.742470506909363,17.80287741267479,1.5097919329013845,1.71862543508916,2.8593081090407364,2.6574943612377258,46.36994983001103,44.16689600473491,44.570640393429684,44.56186332943769,47.41443734930529,43.25408678539017
27.386533314016386,12.890069554489337,23.766721805006142,12.82689711144124,56.933803741407765,56.5005028871876,56.34525104850734,37.59626158250505,37.59626158250505,21.529516886205,21.529516886205,37.59626158250505,32.79941139069352,32.64062484003732,31.44664963086905,32.79941139069352,15.111247075242561,20.247660294879307,19.372710710962966,32.042322558934316,5.440794180730234,1000.0,2.911111414220927,5.310055510698984,30.620211786854288,30.620211786854288,30.620211786854288,30.620211786854288,30.620211786854288,30.620211786854288,18.269276679412542,13.013782174996589,12.566310490283486,13.022556115658597,61.209728927483205,62.47274709447476,59.49937412586142,38.02611049238231,30.972916820413637,22.120844239956362,40.727988477147086,26.867167029104827,27.963799718139104,32.323928488422624,26.165317715304905,24.14748183982805,14.134533199899309,1.9459130332972827,15.301676340019151,22.24367157493958,5.950586113501177,4.722168745779314,3.5814860719375448,3.7832998197309204,41.92915574502364,39.726101910205415,40.12984630061166,40.12106923658227,42.973643269015994,38.81329268705303
25.475421914174994,10.978958142908184,21.855610401355143,10.915785699829426,55.02269239457239,54.58939153929239,54.43413970023445,35.68515019656215,35.68515019656215,19.618405480491884,19.618405480491884,35.68515019656215,30.888299997640498,30.729513446766532,29.53553823599683,30.888299997640498,17.022358484440225,22.15877170005451,21.283822116906034,30.131211164853084,3.5296827667591404,2.911111414220927,1000.0,3.3989440967080027,32.531323180342085,32.531323180342085,32.531323180342085,32.531323180342085,32.531323180342085,32.531323180342085,16.358165271094094,11.102670763475983,10.655199078547096,11.111444704142313,59.29861759155837,60.561635761929686,57.588262785473944,36.11499910712677,29.061805424923676,20.20973283476659,38.816877096401385,24.956055628680897,26.052688318959326,30.412817094720854,24.254206314112885,22.23637043655025,16.04564460972945,3.857024447458124,17.212787749088573,20.33256016986046,4.0394746996149,2.8110573317083003,1.6703746577551009,1.8721884055639773,43.840267120343924,41.63721328950823,42.04095767920066,42.032180615186874,44.88475464237319,40.72440406794313
23.076477832572188,8.580014048313114,19.456666315405812,8.516841605203474,52.62374837595085,52.19044751939262,52.03519567987925,33.28620613117714,33.28620613117714,17.219461392223245,17.219461392223245,33.28620613117714,28.489355923907596,28.33056937277937,27.13659416014311,28.489355923907596,19.42130257291491,24.55771578286194,23.682766200782602,27.732267089920597,1.1307386700603723,5.310055510698984,3.3989440967080027,1000.0,34.930267247230766,34.930267247230766,34.930267247230766,34.930267247230766,34.930267247230766,34.930267247230766,13.959221179947356,8.703726668942036,8.256254983796122,8.712500609612732,56.89967358611794,58.162691760579754,55.189318774637535,33.716055042552874,26.66286134835152,17.81078874708372,36.41793303716341,22.557111546409338,23.65374423811756,28.013873020230804,21.855262230961618,19.83742635102357,18.444588699115585,6.255968543746949,19.611731837379367,17.93361608230173,1.6405306029612596,1.587886765029431,2.7285694389852555,2.5267556911812052,46.23921116306691,44.0361573374954,44.43990172624324,44.43112466225008,47.28369868250631,43.1233481180326
57.00674459174289,42.51028117143789,53.38693318104791,42.44710872955027,86.55401387704717,86.12071304395411,85.96546121281193,67.21647253405725,67.21647253405725,51.14972831847814,51.14972831847814,67.21647253405725,62.419622504484614,62.26083595892631,61.066860787531596,62.419622504484614,16.50896478684549,11.372551560588372,12.247501146913653,61.66253369687509,35.06100591553542,30.620211786854288,32.531323180342085,34.930267247230766,1000.0,1.0,1.0,1.0,1.0,1.0,47.88948818743498,42.63399378966456,42.18652211315039,42.64276773016441,90.82993884763259,92.09295694853952,89.11958413373213,67.64632142861768,60.593127991790034,51.7410556577032,70.34819931417297,56.48737832149455,57.58401097934863,61.94413961742708,55.78552902721335,53.76769320595485,17.485678661395387,29.674298762887705,16.318535522147165,51.86388298963877,35.57079784146119,34.34238048992934,33.20169783018955,33.403511575553274,12.3089441170594,10.105890244416297,10.509634641505805,10.500857577329949,13.353431660146073,9.193081006565517
57.00674459174289,42.51028117143789,53.38693318104791,42.44710872955027,86.55401387704717,86.12071304395411,85.96546121281193,67.21647253405725,67.21647253405725,51.14972831847814,51.14972831847814,67.21647253405725,62.419622504484614,62.26083595892631,61.066860787531596,62.419622504484614,16.50896478684549,11.372551560588372,12.247501146913653,61.66253369687509,35.06100591553542,30.620211786854288,32.531323180342085,34.930267247230766,1.0,1000.0,1.0,1.0,1.0,1.0,47.88948818743498,42.63399378966456,42.18652211315039,42.64276773016441,90.82993884763259,92.09295694853952,89.11958413373213,67.64632142861768,60.593127991790034,51.7410556577032,70.34819931417297,56.48737832149455,57.58401097934863,61.94413961742708,55.78552902721335,53.76769320595485,17.485678661395387,29.674298762887705,16.318535522147165,51.86388298963877,35.57079784146119,34.34238048992934,33.20169783018955,33.403511575553274,12.3089441170594,10.105890244416297,10.509634641505805,10.500857577329949,13.353431660146073,9.193081006565517
57.00674459174289,42.51028117143789,53.38693318104791,42.44710872955027,86.55401387704717,86.12071304395411,85.96546121281193,67.21647253405725,67.21647253405725,51.14972831847814,51.14972831847814,67.21647253405725,62.419622504484614,62.26083595892631,61.066860787531596,62.419622504484614,16.50896478684549,11.372551560588372,12.247501146913653,61.66253369687509,35.06100591553542,30.620211786854288,32.531323180342085,34.930267247230766,1.0,1.0,1000.0,1.0,1.0,1.0,47.88948818743498,42.63399378966456,42.18652211315039,42.64276773016441,90.82993884763259,92.09295694853952,89.11958413373213,67.64632142861768,60.593127991790034,51.7410556577032,70.34819931417297,56.48737832149455,57.58401097934863,61.94413961742708,55.78552902721335,53.76769320595485,17.485678661395387,29.674298762887705,16.318535522147165,51.86388298963877,35.57079784146119,34.34238048992934,33.20169783018955,33.403511575553274,12.3089441170594,10.105890244416297,10.509634641505805,10.500857577329949,13.353431660146073,9.193081006565517
57.00674459174289,42.51028117143789,53.38693318104791,42.44710872955027,86.55401387704717,86.12071304395411,85.96546121281193,67.21647253405725,67.21647253405725,51.14972831847814,51.14972831847814,67.21647253405725,62.419622504484614,62.26083595892631,61.066860787531596,62.419622504484614,16.50896478684549,11.372551560588372,12.247501146913653,61.66253369687509,35.06100591553542,30.620211786854288,32.531323180342085,34.930267247230766,1.0,1.0,1.0,1000.0,1.0,1.0,47.88948818743498,42.63399378966456,42.18652211315039,42.64276773016441,90.82993884763259,92.09295694853952,89.11958413373213,67.64632142861768,60.593127991790034,51.7410556577032,70.34819931417297,56.48737832149455,57.58401097934863,61.94413961742708,55.78552902721335,53.76769320595485,17.485678661395387,29.674298762887705,16.318535522147165,51.86388298963877,35.57079784146119,34.34238048992934,33.20169783018955,33.403511575553274,12.3089441170594,10.105890244416297,10.509634641505805,10.500857577329949,13.353431660146073,9.193081006565517
57.00674459174289,42.51028117143789,53.38693318104791,42.44710872955027,86.55401387704717,86.12071304395411,85.96546121281193,67.21647253405725,67.21647253405725,51.14972831847814,51.14972831847814,67.21647253405725,62.419622504484614,62.26083595892631,61.066860787531596,62.419622504484614,16.50896478684549,11.372551560588372,12.247501146913653,61.66253369687509,35.06100591553542,30.620211786854288,32.531323180342085,34.930267247230766,1.0,1.0,1.0,1.0,1000.0,1.0,47.88948818743498,42.63399378966456,42.18652211315039,42.64276773016441,90.82993884763259,92.09295694853952,89.11958413373213,67.64632142861768,60.593127991790034,51.7410556577032,70.34819931417297,56.48737832149455,57.58401097934863,61.94413961742708,55.78552902721335,53.76769320595485,17.485678661395387,29.674298762887705,16.318535522147165,51.86388298963877,35.57079784146119,34.34238048992934,33.20169783018955,33.403511575553274,12.3089441170594,10.105890244416297,10.509634641505805,10.500857577329949,13.353431660146073,9.193081006565517
57.00674459174289,42.51028117143789,53.38693318104791,42.44710872955027,86.55401387704717,86.12071304395411,85.96546121281193,67.21647253405725,67.21647253405725,51.14972831847814,51.14972831847814,67.21647253405725,62.419622504484614,62.26083595892631,61.066860787531596,62.419622504484614,16.50896478684549,11.372551560588372,12.247501146913653,61.66253369687509,35.06100591553542,30.620211786854288,32.531323180342085,34.930267247230766,1.0,1.0,1.0,1.0,1.0,1000.0,47.88948818743498,42.63399378966456,42.18652211315039,42.64276773016441,90.82993884763259,92.09295694853952,89.11958413373213,67.64632142861768,60.593127991790034,51.7410556577032,70.34819931417297,56.48737832149455,57.58401097934863,61.94413961742708,55.78552902721335,53.76769320595485,17.485678661395387,29.674298762887705,16.318535522147165,51.86388298963877,35.57079784146119,34.34238048992934,33.20169783018955,33.403511575553274,12.3089441170594,10.105890244416297,10.509634641505805,10.500857577329949,13.353431660146073,9.193081006565517
10.1172566830459,6.37920713779215,6.497445150790883,6.442379580922162,39.66452749815594,39.23122663569707,39.07597479408341,20.326985045591925,20.326985045591925,4.260240220265594,4.260240220265594,20.326985045591925,15.53013480434675,15.37134825221311,14.177373032261519,15.53013480434675,32.38052366568097,37.516936833105916,36.64198725883044,14.773045965634624,13.828482510140176,18.269276679412542,16.358165271094094,13.959221179947356,47.88948818743498,47.88948818743498,47.88948818743498,47.88948818743498,47.88948818743498,47.88948818743498,1000.0,6.255494517119839,6.702966202400813,6.246720576445888,43.940452769615504,45.20347096324648,42.23009793295063,20.756833960352854,13.703640217687123,4.851567576919641,23.45871197752479,9.597890394474415,10.69452309136426,15.054651897682096,8.896041075901536,6.878205187809137,31.40380979906953,19.215189709245422,32.57095292871057,4.974394912523467,13.318690578177307,14.547107943774531,15.687790615100196,15.48597686779006,59.19843194651031,56.99537815448344,57.399122537192504,57.39034547333114,60.24291944953788,56.08256894849335
15.372751192130524,1.123712620713088,11.752939664286641,1.1868850638646422,44.920021910983586,44.48672105071322,44.33146920987806,25.58247953356306,25.58247953356306,9.51573473568355,9.51573473568355,25.58247953356306,20.7856293038331,20.62684275203228,19.432867534484007,20.7856293038331,27.125029198722913,32.261442385815805,31.386492807962718,20.028540466679996,8.57298799897049,13.013782174996589,11.102670763475983,8.703726668942036,42.63399378966456,42.63399378966456,42.63399378966456,42.63399378966456,42.63399378966456,42.63399378966456,6.255494517119839,1000.0,1.4474716854373322,1.0087739406767708,49.195947159604046,50.45896534605705,47.48559233234551,26.01232844715397,18.959134720814635,10.107062091889237,28.71420645645115,14.85338490429079,15.950017599596695,20.31014639815581,14.151535586654138,12.13369970091659,26.14831532873565,13.959695206579626,27.315458462424257,10.229889427394552,8.06319606638668,9.291613433534158,10.432296106464662,10.230482358859003,53.94293761764867,51.73988381097861,52.14362819632714,52.13485113240819,54.98742512782473,50.8270745990941
15.820222876456103,1.323759064724453,12.200411349095496,1.260586621572944,45.36749358623443,44.9341927261633,44.778940885399045,26.029951215787204,26.029951215787204,9.963206420722628,9.963206420722628,26.029951215787204,21.233100987180407,21.07431443541265,19.88033921810453,21.233100987180407,26.67755751677928,31.813970705393963,30.9390211272623,20.47601215018257,8.125516313814469,12.566310490283486,10.655199078547096,8.256254983796122,42.18652211315039,42.18652211315039,42.18652211315039,42.18652211315039,42.18652211315039,42.18652211315039,6.702966202400813,1.4474716854373322,1000.0,1.4562456261140821,49.64341883278306,50.90643701858737,47.93306400637632,26.459800129265705,19.406606404526304,10.554533776872546,29.16167813781203,15.300856588694124,16.397489283832545,20.75761808160133,14.599007271158069,12.581171385681053,25.70084364653365,13.512223521987398,26.86798678053216,10.677361112365817,7.615724381192959,8.844141748435883,9.984824421469094,9.783010673844279,53.4954659466652,51.292412138813916,51.69615652437516,51.687379460451574,54.53995345741884,50.37960292645469
15.36397725147488,1.1324865613898571,11.744165723621691,1.195659004541409,44.9112479705045,44.47794711023025,44.322695269393705,25.573705592948137,25.573705592948137,9.50696079501419,9.50696079501419,25.573705592948137,20.77685536319639,20.61806881139492,19.424093593842002,20.77685536319639,27.133803139329956,32.27021632639277,31.39526674854519,20.01976652604027,8.58176193964139,13.022556115658597,11.111444704142313,8.712500609612732,42.64276773016441,42.64276773016441,42.64276773016441,42.64276773016441,42.64276773016441,42.64276773016441,6.246720576445888,1.0087739406767708,1.4562456261140821,1000.0,49.18717321916537,50.45019140563107,47.47681839189023,26.003554506541242,18.950360780170865,10.098288151220943,28.705432515853023,14.844610963633645,15.941243658942788,20.30137245751719,14.142761645995053,12.12492576025249,26.15708926934781,13.968469147239222,27.32423240303029,10.221115486726488,8.071970007058347,9.300387374203892,10.441070047132332,10.239256299527058,53.95171155803955,51.74865775139276,52.15240213673711,52.14362507281825,54.99619906820424,50.8358485395176
34.82319624146523,49.31965977695057,38.44300772219792,49.382832218376386,5.2759253546330855,5.709226224491707,5.8644780687106595,24.61346795338477,24.61346795338477,40.680212614310314,40.680212614310314,24.61346795338477,29.410318172679414,29.56910472369127,30.76307993439689,29.410318172679414,75.3209752663456,80.45738814882142,79.58243862494226,30.16740700581551,56.76893492081632,61.209728927483205,59.29861759155837,56.89967358611794,90.82993884763259,90.82993884763259,90.82993884763259,90.82993884763259,90.82993884763259,90.82993884763259,43.940452769615504,49.195947159604046,49.64341883278306,49.18717321916537,1000.0,2.26301822172643,2.710354872146376,24.18361903946225,31.23681274490618,40.08888526829722,21.48174102330787,35.342562523451946,34.24592984014817,29.885801075909306,36.044411832696525,38.062247691217635,74.34426145094349,62.155641920134514,75.51140451928019,39.966057934859705,56.25914300625884,57.48756032947401,58.62824296009385,58.42642922008024,102.13888177011837,99.93582815102687,100.33957250240337,100.33079543922487,103.1833691894723,99.02301901527863
36.086214445617514,50.582677963224825,39.70602592246636,50.6458504045592,6.538943576008229,6.972244445800998,7.127496289995,25.876486166407435,25.876486166407435,41.943230811985124,41.943230811985124,25.876486166407435,30.67333638191791,30.83212293279288,32.02609814244535,30.67333638191791,76.58399340506206,81.72040627579588,80.84545675397153,31.430425214394642,58.0319530954962,62.47274709447476,60.561635761929686,58.162691760579754,92.09295694853952,92.09295694853952,92.09295694853952,92.09295694853952,92.09295694853952,92.09295694853952,45.20347096324648,50.45896534605705,50.90643701858737,50.45019140563107,2.26301822172643,1000.0,3.973373093797367,25.446637252790815,32.49983095252511,41.351903466671914,22.744759238434177,36.60558072707073,35.50894804488408,31.148819284735684,37.30743003558173,39.32526589191281,75.60727959180522,63.418660085413556,76.7744226575751,41.229076133378484,57.52216118178421,58.75057850294905,59.89126113162527,59.68944739195831,103.4018998390192,101.19884622645573,101.60259057664648,101.59381351349379,104.44638725522864,100.28603709337081
33.112841391097206,47.609304949926724,36.7326528768731,47.67247739147263,3.565570482707015,3.9988713526289335,4.1541231968723995,22.903113091614454,22.903113091614454,38.96985777236409,38.96985777236409,22.903113091614454,27.699963315747013,27.858749866934758,29.05272507899523,27.699963315747013,73.6106205021706,78.74703340024037,77.87208387363091,28.45705214973078,55.05858010904843,59.49937412586142,57.588262785473944,55.189318774637535,89.11958413373213,89.11958413373213,89.11958413373213,89.11958413373213,89.11958413373213,89.11958413373213,42.23009793295063,47.48559233234551,47.93306400637632,47.47681839189023,2.710354872146376,3.973373093797367,1000.0,22.47326417730335,29.526457890057888,38.37853042543854,19.771386158875888,33.63220767377534,32.53557498902427,28.175446219506608,34.33405698397141,36.35189284533769,72.63390668392172,60.44528712077532,73.80104975566464,38.25570309181326,54.548788193376424,55.77720551929474,56.91788815247849,56.71607441200747,100.42852709888447,98.22547347108446,98.62921782404257,98.62044076082964,101.47301452243428,97.3126643317842
