0.0,35.070178496341136,22.06113502919712,25.496291186772364,25.544778406184236,2.481078884199426,2.320926798430076,3.058131283357342,4.909526286399039,4.5645770696198085,5.3138463667788995,22.84198148621366,4.750428228117244,4.792663008866395,5.557911571120655,25.676028120812205,25.676028120812205,25.369639063595812,1.7095851593755425,1.7095851593755425,2.1486294516313436,1.7095851593755425,1.7095851593755425,12.750484646347797,12.750484646347797,11.884235435582989,11.884235435582989,25.059904665604186,25.050290754969502,4.110913937110747,8.171529929001654,28.391252353640507,21.2518543499616,31.7934902046212,27.20001114791029,3.0154794177423003,6.837526646594726,4.9139313360884085,6.933193331758647,6.791036857445621,6.791036857445621,21.795277349516038,2.200081216818453,3.9228826844616838,5.28191929973593,26.656631077549147,26.631551893181463,20.921618264768302,2.4467598270339797,2.195878812336691,6.970822937280479,3.199397352147222,2.062075228383426,19.85983574616056,17.2136682364042,13.78562134705436,15.913538963377045,25.65763645622448,28.66711578013204,12.43107742998298
35.070178496341136,0.0,14.009043941050974,10.573887715378973,10.525400494713267,36.551257289697176,36.391105214114425,37.12830965142037,31.16065241350077,31.505601614434788,30.756332351171885,13.228197472145258,38.82060647980113,38.86284125752002,39.62808976380835,10.394150776650381,10.394150776650381,10.700539841792212,34.3605933778169,34.3605933778169,33.92154910997015,34.3605933778169,34.3605933778169,23.319694303155288,23.319694303155288,24.185943496761297,24.185943496761297,11.010274247465055,11.01988815833284,31.959264725481358,42.2417079153909,7.67892645936172,14.818324630380749,4.276688466437632,8.870167705295273,37.085657788611414,40.90770474120806,38.9841095760072,29.136985452846286,29.27914192166961,29.27914192166961,14.274901624298222,36.270259640130945,37.993060994284704,39.3520975128399,9.41354779236024,9.438626977474149,15.148560719041786,33.623418750764415,33.87429975185216,29.09935584876596,32.8707812651805,34.00810332845848,16.21034324624142,18.856510760439345,22.2845576195561,20.15664002677945,10.412542441723028,7.403063022857946,23.639101513494634
22.06113502919712,14.009043941050974,0.0,4.435156247452668,4.48364346831406,23.542213877841355,23.382061796141382,24.119266261884913,18.15160881425136,18.496558026033718,17.747288739406073,1.7808464752274271,25.81156315824218,25.853797937705586,26.619046476007817,4.6148931868910426,4.6148931868910426,4.3085041205135965,21.351549885204474,21.351549885204474,20.912505601930608,21.351549885204474,21.351549885204474,10.310650499534058,10.310650499534058,11.17689971174112,11.17689971174112,3.9987697134653564,3.9891558025528493,18.95022115158566,29.232664742716146,7.330117509698175,1.8092806967323531,10.73235549574811,6.138876262545647,24.076614397411234,27.898661508654424,25.97506626121481,16.127941793105197,16.270098266002016,16.270098266002016,1.2658576855835828,23.26121621756431,24.984017639015523,26.343054213404834,5.595496174300445,5.570416989122625,2.1395167886627986,20.61437523239349,20.86525624216746,16.090312187951042,19.861737721247078,20.999059823440238,3.201299327350897,5.847466876660378,9.275513795004274,7.147596163638259,4.596501521747729,7.605980946216153,10.630057716616983
25.496291186772364,10.573887715378973,4.435156247452668,0.0,1.0484872208909006,26.977370023296974,26.81721794294418,27.55442240241278,21.586765000164643,21.931714209659937,21.182444927947483,3.6543097725871974,29.246719283653583,29.28895406272705,30.054202593856942,1.1797369395518782,1.1797369395518782,1.1266521270122707,24.78670604831685,24.78670604831685,24.347661768381574,24.78670604831685,24.78670604831685,13.745806726285698,13.745806726285698,14.61205593503132,14.61205593503132,1.4363865342159043,1.446000445132698,22.38537733214115,32.66782083454116,3.89496126544783,5.2444369435852565,7.297199259009215,2.7037200166227224,27.511770538307267,31.333817614057526,29.410222385113194,19.563097991603694,19.70525446366288,19.70525446366288,4.701013932864437,26.69637236537775,28.419173771942884,29.778210333864088,2.1603399277794058,2.1352607425764742,5.57467303520529,24.049531401073402,24.30041240897374,19.525468386670088,23.296893895416886,24.434215989238318,6.636455572637468,9.282623117105823,12.710670025549733,10.582752400810879,1.161345274396432,4.170824702423927,14.065213942122696
25.544778406184236,10.525400494713267,4.48364346831406,1.0484872208909006,0.0,27.025857242525046,26.865705162192636,27.60290962156634,21.635252220010077,21.980201429470124,21.230932147833485,3.702796993460406,29.29520650257924,29.337441281646832,30.102689812668924,1.1312497186610357,1.1312497186610357,1.1751393479031165,24.835193267812958,24.835193267812958,24.396148987928587,24.835193267812958,24.835193267812958,13.794293946774923,13.794293946774923,14.660543155464245,14.660543155464245,1.484873755106283,1.4944876660230546,22.4338645519041,32.716308052963356,3.8464740445772634,5.292924164431233,7.248712038215447,2.655232795738779,27.56025775746639,31.382304832682834,29.45870960401609,19.61158521164415,19.753741683690293,19.753741683690293,4.749501153721122,26.744859584641517,28.467660990981738,29.826697552715274,2.111852706891688,2.0867735216886176,5.623160256044048,24.098018620654432,24.348899628526176,19.573955606713984,23.34538111508187,24.48270320877537,6.684942793449379,9.33111033782667,12.759157246101395,10.631239621474363,1.1128580535055765,4.122337481557456,14.113701162591587
2.481078884199426,36.551257289697176,23.542213877841355,26.977370023296974,27.025857242525046,0.0,1.1601520857851528,1.577052399246626,6.390605169023241,6.045655952474954,6.794925249109737,24.323060332259033,3.2693493445534214,3.3115841253216893,4.076832687968439,27.157106956653745,27.157106956653745,26.85071790059882,3.1906640434588227,3.1906640434588227,3.629708335605069,3.1906640434588227,3.1906640434588227,14.231563518915774,14.231563518915774,13.365314309714783,13.365314309714783,26.540983503766974,26.53136959316805,5.591992820242519,6.690451047848677,29.87233117857067,22.732933201202485,33.2745690143093,28.68108997776441,1.5344005336233255,5.3564477642940265,3.4328524526000734,8.414272212669271,8.272115738496641,8.272115738496641,23.276356199024175,1.2809976674061643,2.4418038005770053,3.8008404164320835,28.137709909578266,28.1126307253099,22.402697117040457,3.927838710916884,3.6769576962969084,8.451901818153434,4.680476235741719,3.5431541123810293,21.340914601637312,18.69474709912967,15.26670021760597,17.39461782927843,27.138715292136144,30.1481946038914,13.912156303140677
2.320926798430076,36.391105214114425,23.382061796141382,26.81721794294418,26.865705162192636,1.1601520857851528,0.0,1.7372044850283435,6.230453083465935,5.885503866888997,6.634773163588469,24.16290825084841,3.4295014302940583,3.47173621106071,4.236984773673184,26.996954876376723,26.996954876376723,26.69056582019294,3.030511957709603,3.030511957709603,3.46955624987238,3.030511957709603,3.030511957709603,14.071411434529534,14.071411434529534,13.205162225150199,13.205162225150199,26.380831423232376,26.37121751262948,5.43184073462181,6.8506031333651265,29.71217909950249,22.572781119213097,33.11441693692557,28.52093789815108,1.694552619405481,5.516599849920349,3.593004538334293,8.254120127318853,8.111963653129521,8.111963653129521,23.116204117227948,1.1208455816212857,2.6019558863435073,3.96099250215028,27.97755782972395,27.952478645444575,22.24254503493603,3.767686625197196,3.516805610566184,8.291749732807489,4.520324150061248,3.383002026644835,21.180762519175033,18.53459501585534,15.106548133448804,17.234465745646812,26.978563211851338,29.98804252495276,13.752004218687262
3.058131283357342,37.12830965142037,24.119266261884913,27.55442240241278,27.60290962156634,1.577052399246626,1.7372044850283435,0.0,6.967657567333257,6.622708350895613,7.371977647281239,24.900112715243264,2.6922969454185117,2.734531726191699,3.4997802889455336,27.73415933549265,27.73415933549265,27.427770279908607,3.767716442528984,3.767716442528984,4.206760734606249,3.767716442528984,3.767716442528984,14.808615912838082,14.808615912838082,13.942366704298262,13.942366704298262,27.118035883547176,27.108421972962773,6.169045218798128,6.113398649448163,30.449383552995695,23.30998558630622,33.851621382591986,29.258142354179252,1.0426518656239636,4.779395365526243,2.8558000534847814,8.991324610190441,8.849168136081026,8.849168136081026,23.853408583420247,1.8580500666457747,1.8647514013666517,3.2237880173666316,28.714762286873054,28.689683102644874,22.979749502565763,4.504891109864823,4.2540100952899955,9.028954215657672,5.25752863453221,4.120206511396699,21.91796698847478,19.271799488949856,15.843752610680667,17.971670220413877,27.715767671003462,30.72524697784374,14.48920869731188
4.909526286399039,31.16065241350077,18.15160881425136,21.586765000164643,21.635252220010077,6.390605169023241,6.230453083465935,6.967657567333257,0.0,1.3449492170219695,1.4043200807242118,18.932455277297482,8.659954508849683,8.702189289503455,9.467437849907785,21.766501935816382,21.766501935816382,21.46011287585997,4.199941127471604,4.199941127471604,3.760896835393569,4.199941127471604,4.199941127471604,8.840958378154264,8.840958378154264,7.974709164182844,7.974709164182844,21.150378475136364,21.140764564417488,1.7986123497787214,12.08105619973174,24.48172619455906,17.342328129022334,27.883964082154943,23.29048497709824,6.925005701785379,10.747052921773198,8.823457616447694,3.023667047730541,2.8815105731981134,2.8815105731981134,17.885751132572643,6.109607502007621,7.832408966921222,9.191445579216847,22.747104901573824,22.722025716970673,17.012092041458054,3.4627664600682793,3.713647474702819,3.061296653311787,2.7101289349942217,3.847451058612461,15.950309515520578,13.304141989444526,9.876095083082387,12.00401270941683,21.748110271063126,24.757589623847682,8.521551160572507
4.5645770696198085,31.505601614434788,18.496558026033718,21.931714209659937,21.980201429470124,6.045655952474954,5.885503866888997,6.622708350895613,1.3449492170219695,0.0,1.7492692977409021,19.277404488596318,8.315005292803296,8.357240073468102,9.122488634083172,22.111451145180613,22.111451145180613,21.80506208544694,3.854991910608777,3.854991910608777,3.4159476184877984,3.854991910608777,3.854991910608777,9.185907594056747,9.185907594056747,8.319658380314468,8.319658380314468,21.495327684945153,21.48571377423311,1.4536631327630647,11.736106984780303,24.82667540180537,17.68727734128327,28.22891328638183,23.635434185305613,6.58005648533916,10.402103706346436,8.47850840044438,3.368616264668964,3.226459790147068,3.226459790147068,18.230700344514755,5.764658285409652,7.4874597506710625,8.846496363313882,23.092054110203033,23.066974925619103,17.357041253907685,3.1178172431371727,3.368698257792827,3.4062458702473037,2.3651797180129277,3.5025018417146256,16.295258728551005,13.649091203750594,10.221044298676658,12.348961924259852,22.093059480440825,25.102538830864326,8.86650037656253
5.3138463667788995,30.756332351171885,17.747288739406073,21.182444927947483,21.230932147833485,6.794925249109737,6.634773163588469,7.371977647281239,1.4043200807242118,1.7492692977409021,0.0,18.52813520300699,9.064274588313172,9.106509368953358,9.871757929098969,21.362181863750095,21.362181863750095,21.0557928035373,4.604261207960306,4.604261207960306,4.165216915939329,4.604261207960306,4.604261207960306,8.43663829862222,8.43663829862222,7.570389084395472,7.570389084395472,20.746058402558436,20.736444491831705,2.202932430483311,12.48537627785946,24.077406124933656,16.938008053628486,27.479644016016593,22.886164906364595,7.329325781744065,11.151373000478468,9.227777695858189,2.619346967073284,2.4771904925306876,2.4771904925306876,17.481431057544185,6.513927582156653,8.236729046636214,9.595765658504087,22.34278483035406,22.317705645728765,16.60777196584808,3.867086540648296,4.11796755525425,2.6569765726573604,3.114449015644584,4.2517711391475945,15.545989439246096,12.899821911715348,9.47177500389576,11.59969263107818,21.343790198981342,24.353269554487255,8.11723108094274
22.84198148621366,13.228197472145258,1.7808464752274271,3.6543097725871974,3.702796993460406,24.323060332259033,24.16290825084841,24.900112715243264,18.932455277297482,19.277404488596318,18.52813520300699,0.0,26.59240960834272,26.634644387721934,27.399892924474457,3.8340467120703114,3.8340467120703114,3.5276576456181417,22.132396343404885,22.132396343404885,21.693352060843658,22.132396343404885,22.132396343404885,11.091496971036975,11.091496971036975,11.957746182548489,11.957746182548489,3.2179232385019425,3.2083093275874477,19.73106761349805,30.013511185542622,6.5492710358656625,2.59012717190872,9.951509023981515,5.3580297882074195,24.857460850848778,28.67950795442678,26.75591271098865,16.908788258798843,17.050944731520232,17.050944731520232,2.0467041607999676,24.04206267248834,25.764864090737323,27.123900662435698,4.814649699769006,4.789570514582836,2.9203632638034023,21.39522169178179,21.646102701156295,16.871158653690852,20.64258418180398,21.779906282213997,3.9821458023178953,6.62831335080576,10.056360267260493,7.928442637176686,3.8156550469223016,6.825134472516841,11.410904187870342
4.750428228117244,38.82060647980113,25.81156315824218,29.246719283653583,29.29520650257924,3.2693493445534214,3.4295014302940583,2.6922969454185117,8.659954508849683,8.315005292803296,9.064274588313172,26.59240960834272,0.0,1.042234780779435,1.8074833436991629,29.42645621588661,29.42645621588661,29.120067161742803,5.460013386894161,5.460013386894161,5.899057678684128,5.460013386894161,5.460013386894161,16.500912839968866,16.500912839968866,15.634663633535745,15.634663633535745,28.81033276682092,28.800718856280934,7.861342161189402,4.421101705521059,32.141680419919595,25.002282485929264,35.54391823084384,30.950439227169202,2.734948811036163,3.0870984207803236,1.1635031080921485,10.683621549001673,10.541465075105167,10.541465075105167,25.545705480862782,3.550347011877594,1.8275455441128994,1.5314910720489179,30.407059162548805,30.381979978443365,24.6720464034891,6.197188053728842,5.946307039334995,10.721251154411966,6.949825577788778,5.812503455533821,23.610263893451794,20.964096403186442,17.536049535125297,19.663967138759375,29.40806455148433,32.41754384332802,16.181505625234426
4.792663008866395,38.86284125752002,25.853797937705586,29.28895406272705,29.337441281646832,3.3115841253216893,3.47173621106071,2.734531726191699,8.702189289503455,8.357240073468102,9.106509368953358,26.634644387721934,1.042234780779435,0.0,1.765248562921043,29.468690994938267,29.468690994938267,29.162301940831547,5.50224816763084,5.50224816763084,5.941292459412019,5.50224816763084,5.50224816763084,16.543147620234663,16.543147620234663,15.676898413857316,15.676898413857316,28.85256754594673,28.84295363540789,7.903576941867954,4.378866924766213,32.18391519862506,25.044517265477165,35.58615300907075,30.99267400603045,2.7771835918090346,3.0448636400099685,1.1212683273127557,10.725856329580457,10.58369985568979,10.58369985568979,25.587940260354255,3.5925817926429535,1.8697803248908027,1.4892562912700362,30.449293941479098,30.424214757376813,24.714281183070668,6.239422834450294,5.988541820061889,10.763485934989193,6.9920603584922905,5.854738236263509,23.65249867313845,21.006331183113957,17.578284315320236,19.706201918794243,29.450299330538233,32.45977862199652,16.223740405521156
5.557911571120655,39.62808976380835,26.619046476007817,30.054202593856942,30.102689812668924,4.076832687968439,4.236984773673184,3.4997802889455336,9.467437849907785,9.122488634083172,9.871757929098969,27.399892924474457,1.8074833436991629,1.765248562921043,0.0,30.233939525667605,30.233939525667605,29.927550472242196,6.267496729637046,6.267496729637046,6.706541021245272,6.267496729637046,6.267496729637046,17.308396173365235,17.308396173365235,16.442146968025448,16.442146968025448,29.617816078038693,29.60820216752088,8.668825502746172,3.613618362185527,32.94916372299713,25.8097658053355,36.351401524665896,31.757922533262334,3.5424321545558346,2.2796150771897885,1.643980235611298,11.491104888563136,11.348948414782681,11.348948414782681,26.353188799173296,4.357830355228253,2.6350288877570094,1.2759922716562127,31.214542469978756,31.18946328593443,25.479529723549366,7.004671396157616,6.753790381875643,11.528734493942435,7.757308919851147,6.619986798132037,24.41774721555428,21.77157972997632,18.343532867134673,20.471450467642086,30.21554786130867,33.22502714569056,16.988988959041077
25.676028120812205,10.394150776650381,4.6148931868910426,1.1797369395518782,1.1312497186610357,27.157106956653745,26.996954876376723,27.73415933549265,21.766501935816382,22.111451145180613,21.362181863750095,3.8340467120703114,29.42645621588661,29.468690994938267,30.233939525667605,0.0,1.0,1.306389066563794,24.966442982669857,24.966442982669857,24.527398702923772,24.966442982669857,24.966442982669857,13.925543664333297,13.925543664333297,14.791792872869186,14.791792872869186,1.6161234737653243,1.6257373846820242,22.565114267486173,32.8475577649038,3.715224325967852,5.42417388296551,7.117462319809839,2.5239830770945906,27.691507471407814,31.51355454517469,29.589959317261638,19.742834927980798,19.884991399991456,19.884991399991456,4.880750872285038,26.87610929886717,28.59891070459651,29.957947265820433,1.9806029882379332,1.955523803034517,5.754409974558389,24.229268335742074,24.48014934353609,19.705205323059975,23.47663083039767,24.61395292374349,6.8161925118897715,9.462360056017392,12.890406963830037,10.762489339508246,1.018391665155473,3.991087762958804,14.244950880094548
25.676028120812205,10.394150776650381,4.6148931868910426,1.1797369395518782,1.1312497186610357,27.157106956653745,26.996954876376723,27.73415933549265,21.766501935816382,22.111451145180613,21.362181863750095,3.8340467120703114,29.42645621588661,29.468690994938267,30.233939525667605,1.0,0.0,1.306389066563794,24.966442982669857,24.966442982669857,24.527398702923772,24.966442982669857,24.966442982669857,13.925543664333297,13.925543664333297,14.791792872869186,14.791792872869186,1.6161234737653243,1.6257373846820242,22.565114267486173,32.8475577649038,3.715224325967852,5.42417388296551,7.117462319809839,2.5239830770945906,27.691507471407814,31.51355454517469,29.589959317261638,19.742834927980798,19.884991399991456,19.884991399991456,4.880750872285038,26.87610929886717,28.59891070459651,29.957947265820433,1.9806029882379332,1.955523803034517,5.754409974558389,24.229268335742074,24.48014934353609,19.705205323059975,23.47663083039767,24.61395292374349,6.8161925118897715,9.462360056017392,12.890406963830037,10.762489339508246,1.018391665155473,3.991087762958804,14.244950880094548
25.369639063595812,10.700539841792212,4.3085041205135965,1.1266521270122707,1.1751393479031165,26.85071790059882,26.69056582019294,27.427770279908607,21.46011287585997,21.80506208544694,21.0557928035373,3.5276576456181417,29.120067161742803,29.162301940831547,29.927550472242196,1.306389066563794,1.306389066563794,0.0,24.660053924921023,24.660053924921023,24.221009644853304,24.660053924921023,24.660053924921023,13.619154600308262,13.619154600308262,14.485403809199962,14.485403809199962,1.3097344072045045,1.319348318121345,22.258725208051036,32.54116871394158,4.021613392403721,5.1177848166855435,7.42385138576066,2.8303721436148965,27.38511841578861,31.20716549292891,29.28357026326168,19.436445866791896,19.57860233888499,19.57860233888499,4.574361805937365,26.56972024258668,28.292521649737363,29.651558212147222,2.2869920547820533,2.261912869579513,5.448020908324057,23.922879277456598,24.173760285431364,19.39881626184936,23.170241771581626,24.307563865735958,6.509803445825167,9.155970990528397,12.584017899410362,10.456100274381825,1.2879974014084035,4.297476829368806,13.938561816198
1.7095851593755425,34.3605933778169,21.351549885204474,24.78670604831685,24.835193267812958,3.1906640434588227,3.030511957709603,3.767716442528984,4.199941127471604,3.854991910608777,4.604261207960306,22.132396343404885,5.460013386894161,5.50224816763084,6.267496729637046,24.966442982669857,24.966442982669857,24.660053924921023,0.0,1.0,1.4390442922738589,1.0,1.0,12.040899491623414,12.040899491623414,11.17465028017731,11.17465028017731,24.35031952639804,24.340705615746966,3.401328778002762,8.881115086355251,27.68166722051287,20.542269204788365,31.083905078529234,26.490426012516984,3.7250645769212447,7.547111804602811,5.6235164948163385,6.22360817349349,6.081451699124347,6.081451699124347,21.085692205130343,2.9096663761119537,4.632467843457219,5.991504458346611,25.94704594115643,25.92196675674313,20.212033119126872,1.7371746676966282,1.4862936529819721,6.261237779030418,2.4898121928890253,1.3524900690212887,19.150250599067075,16.504083086045362,13.07603619321484,15.203953811598574,24.948051318049977,27.9575306475437,11.72149227500111
1.7095851593755425,34.3605933778169,21.351549885204474,24.78670604831685,24.835193267812958,3.1906640434588227,3.030511957709603,3.767716442528984,4.199941127471604,3.854991910608777,4.604261207960306,22.132396343404885,5.460013386894161,5.50224816763084,6.267496729637046,24.966442982669857,24.966442982669857,24.660053924921023,1.0,0.0,1.4390442922738589,1.0,1.0,12.040899491623414,12.040899491623414,11.17465028017731,11.17465028017731,24.35031952639804,24.340705615746966,3.401328778002762,8.881115086355251,27.68166722051287,20.542269204788365,31.083905078529234,26.490426012516984,3.7250645769212447,7.547111804602811,5.6235164948163385,6.22360817349349,6.081451699124347,6.081451699124347,21.085692205130343,2.9096663761119537,4.632467843457219,5.991504458346611,25.94704594115643,25.92196675674313,20.212033119126872,1.7371746676966282,1.4862936529819721,6.261237779030418,2.4898121928890253,1.3524900690212887,19.150250599067075,16.504083086045362,13.07603619321484,15.203953811598574,24.948051318049977,27.9575306475437,11.72149227500111
2.1486294516313436,33.92154910997015,20.912505601930608,24.347661768381574,24.396148987928587,3.629708335605069,3.46955624987238,4.206760734606249,3.760896835393569,3.4159476184877984,4.165216915939329,21.693352060843658,5.899057678684128,5.941292459412019,6.706541021245272,24.527398702923772,24.527398702923772,24.221009644853304,1.4390442922738589,1.4390442922738589,0.0,1.4390442922738589,1.4390442922738589,11.60185520194641,11.60185520194641,10.73560599010081,10.73560599010081,23.911275246009428,23.901661335348468,2.9622844858333384,9.320159377177502,27.242622943800466,20.103224920804625,30.644860806083464,26.05138173443305,4.164108869004113,7.986156095863962,6.062560786571836,5.784563881773732,5.6424074073734864,5.6424074073734864,20.64664792162006,3.348710668286453,5.071512135403513,6.4305487500202,25.508001662467937,25.48292247802707,19.772988834861856,1.2981303754276392,1.0472493607086224,5.822193487319042,2.0507679006498583,1.0865542232532461,18.711206313930635,16.065038798955882,12.636991904058993,14.764909523663812,24.509007038284473,27.51848637115795,11.282447985172919
1.7095851593755425,34.3605933778169,21.351549885204474,24.78670604831685,24.835193267812958,3.1906640434588227,3.030511957709603,3.767716442528984,4.199941127471604,3.854991910608777,4.604261207960306,22.132396343404885,5.460013386894161,5.50224816763084,6.267496729637046,24.966442982669857,24.966442982669857,24.660053924921023,1.0,1.0,1.4390442922738589,0.0,1.0,12.040899491623414,12.040899491623414,11.17465028017731,11.17465028017731,24.35031952639804,24.340705615746966,3.401328778002762,8.881115086355251,27.68166722051287,20.542269204788365,31.083905078529234,26.490426012516984,3.7250645769212447,7.547111804602811,5.6235164948163385,6.22360817349349,6.081451699124347,6.081451699124347,21.085692205130343,2.9096663761119537,4.632467843457219,5.991504458346611,25.94704594115643,25.92196675674313,20.212033119126872,1.7371746676966282,1.4862936529819721,6.261237779030418,2.4898121928890253,1.3524900690212887,19.150250599067075,16.504083086045362,13.07603619321484,15.203953811598574,24.948051318049977,27.9575306475437,11.72149227500111
1.7095851593755425,34.3605933778169,21.351549885204474,24.78670604831685,24.835193267812958,3.1906640434588227,3.030511957709603,3.767716442528984,4.199941127471604,3.854991910608777,4.604261207960306,22.132396343404885,5.460013386894161,5.50224816763084,6.267496729637046,24.966442982669857,24.966442982669857,24.660053924921023,1.0,1.0,1.4390442922738589,1.0,0.0,12.040899491623414,12.040899491623414,11.17465028017731,11.17465028017731,24.35031952639804,24.340705615746966,3.401328778002762,8.881115086355251,27.68166722051287,20.542269204788365,31.083905078529234,26.490426012516984,3.7250645769212447,7.547111804602811,5.6235164948163385,6.22360817349349,6.081451699124347,6.081451699124347,21.085692205130343,2.9096663761119537,4.632467843457219,5.991504458346611,25.94704594115643,25.92196675674313,20.212033119126872,1.7371746676966282,1.4862936529819721,6.261237779030418,2.4898121928890253,1.3524900690212887,19.150250599067075,16.504083086045362,13.07603619321484,15.203953811598574,24.948051318049977,27.9575306475437,11.72149227500111
12.750484646347797,23.319694303155288,10.310650499534058,13.745806726285698,13.794293946774923,14.231563518915774,14.071411434529534,14.808615912838082,8.840958378154264,9.185907594056747,8.43663829862222,11.091496971036975,16.500912839968866,16.543147620234663,17.308396173365235,13.925543664333297,13.925543664333297,13.619154600308262,12.040899491623414,12.040899491623414,11.60185520194641,12.040899491623414,12.040899491623414,0.0,1.0,1.866249216368745,1.866249216368745,13.309420195547728,13.299806284704776,9.639570725197695,19.922014494859113,16.640767962405945,9.501369806053011,20.043005907594186,15.449526726965459,14.765964047623529,18.58801123203432,16.664415946057083,6.817291335092193,6.95944780940267,6.95944780940267,10.044792815086907,13.950565853941436,15.673367305357907,17.032403905350964,14.906146643615918,14.881067458657295,9.171133715271301,11.303724828164547,11.55460584150496,6.7796617295670165,10.551087306673892,11.68840942470403,8.109351179577693,5.463183633093226,2.0351367085745773,4.163054345079551,13.907151999333704,16.916631396019817,1.3194072185350736
12.750484646347797,23.319694303155288,10.310650499534058,13.745806726285698,13.794293946774923,14.231563518915774,14.071411434529534,14.808615912838082,8.840958378154264,9.185907594056747,8.43663829862222,11.091496971036975,16.500912839968866,16.543147620234663,17.308396173365235,13.925543664333297,13.925543664333297,13.619154600308262,12.040899491623414,12.040899491623414,11.60185520194641,12.040899491623414,12.040899491623414,1.0,0.0,1.866249216368745,1.866249216368745,13.309420195547728,13.299806284704776,9.639570725197695,19.922014494859113,16.640767962405945,9.501369806053011,20.043005907594186,15.449526726965459,14.765964047623529,18.58801123203432,16.664415946057083,6.817291335092193,6.95944780940267,6.95944780940267,10.044792815086907,13.950565853941436,15.673367305357907,17.032403905350964,14.906146643615918,14.881067458657295,9.171133715271301,11.303724828164547,11.55460584150496,6.7796617295670165,10.551087306673892,11.68840942470403,8.109351179577693,5.463183633093226,2.0351367085745773,4.163054345079551,13.907151999333704,16.916631396019817,1.3194072185350736
11.884235435582989,24.185943496761297,11.17689971174112,14.61205593503132,14.660543155464245,13.365314309714783,13.205162225150199,13.942366704298262,7.974709164182844,8.319658380314468,7.570389084395472,11.957746182548489,15.634663633535745,15.676898413857316,16.442146968025448,14.791792872869186,14.791792872869186,14.485403809199962,11.17465028017731,11.17465028017731,10.73560599010081,11.17465028017731,11.17465028017731,1.866249216368745,1.866249216368745,0.0,1.0,14.17566940479072,14.166055493958536,8.773321511772632,19.055765293448257,17.507017167426913,10.367619018924303,20.909255107292715,16.315775933608563,13.899714839033845,17.721762028543665,15.79816673984075,5.951042119986287,6.0931985943647495,6.0931985943647495,10.911042027518539,13.084316644429014,14.807118097863349,16.166154699631083,15.772395850957388,15.747316666030372,10.037382928397077,10.437475616057284,10.688356629617376,5.9134125144434115,9.684838093940629,10.822160212935854,8.975600393456673,6.329432848417823,2.901385924856958,5.029303560888915,14.773401207891183,17.78288060064729,1.5468419978413346
11.884235435582989,24.185943496761297,11.17689971174112,14.61205593503132,14.660543155464245,13.365314309714783,13.205162225150199,13.942366704298262,7.974709164182844,8.319658380314468,7.570389084395472,11.957746182548489,15.634663633535745,15.676898413857316,16.442146968025448,14.791792872869186,14.791792872869186,14.485403809199962,11.17465028017731,11.17465028017731,10.73560599010081,11.17465028017731,11.17465028017731,1.866249216368745,1.866249216368745,1.0,0.0,14.17566940479072,14.166055493958536,8.773321511772632,19.055765293448257,17.507017167426913,10.367619018924303,20.909255107292715,16.315775933608563,13.899714839033845,17.721762028543665,15.79816673984075,5.951042119986287,6.0931985943647495,6.0931985943647495,10.911042027518539,13.084316644429014,14.807118097863349,16.166154699631083,15.772395850957388,15.747316666030372,10.037382928397077,10.437475616057284,10.688356629617376,5.9134125144434115,9.684838093940629,10.822160212935854,8.975600393456673,6.329432848417823,2.901385924856958,5.029303560888915,14.773401207891183,17.78288060064729,1.5468419978413346
25.059904665604186,11.010274247465055,3.9987697134653564,1.4363865342159043,1.484873755106283,26.540983503766974,26.380831423232376,27.118035883547176,21.150378475136364,21.495327684945153,20.746058402558436,3.2179232385019425,28.81033276682092,28.85256754594673,29.617816078038693,1.6161234737653243,1.6161234737653243,1.3097344072045045,24.35031952639804,24.35031952639804,23.911275246009428,24.35031952639804,24.35031952639804,13.309420195547728,13.309420195547728,14.17566940479072,14.17566940479072,0.0,1.0096139109168887,21.94899080784665,32.23143432220281,4.3313477994495715,4.80805040972799,7.733585792283138,3.1401065507576695,27.075384019392057,30.89743109990551,28.973835868483615,19.126711464841986,19.26886793701704,19.26886793701704,4.264627398916643,26.259985845529524,27.98278725410036,29.341823817695882,2.5967264619541752,2.571647276752765,5.138286501409432,23.61314487839826,23.86402588655331,19.089081859877858,22.860507371994245,23.997829466954865,6.2000690390718125,8.846236584331251,12.274283494260931,10.146365868538588,1.5977318086101957,4.607211236385828,13.628827411564258
25.050290754969502,11.01988815833284,3.9891558025528493,1.446000445132698,1.4944876660230546,26.53136959316805,26.37121751262948,27.108421972962773,21.140764564417488,21.48571377423311,20.736444491831705,3.2083093275874477,28.800718856280934,28.84295363540789,29.60820216752088,1.6257373846820242,1.6257373846820242,1.319348318121345,24.340705615746966,24.340705615746966,23.901661335348468,24.340705615746966,24.340705615746966,13.299806284704776,13.299806284704776,14.166055493958536,14.166055493958536,1.0096139109168887,0.0,21.939376897143767,32.22182041176109,4.3409617103610145,4.798436498818171,7.743199703177805,3.1497204616723073,27.065770108806568,30.88781718942412,28.964221957948066,19.117097554085362,19.25925402626294,19.25925402626294,4.255013488004949,26.25037193492365,27.973173343538306,29.332209907170423,2.606340372869809,2.581261187668438,5.128672590500894,23.603530967730684,23.854411975891296,19.07946794912057,22.850893461310374,23.988215556295845,6.190455128168114,8.836622673444403,12.264669583406066,10.136751957662522,1.607345719526907,4.616825147296334,13.619213500725188
4.110913937110747,31.959264725481358,18.95022115158566,22.38537733214115,22.4338645519041,5.591992820242519,5.43184073462181,6.169045218798128,1.7986123497787214,1.4536631327630647,2.202932430483311,19.73106761349805,7.861342161189402,7.903576941867954,8.668825502746172,22.565114267486173,22.565114267486173,22.258725208051036,3.401328778002762,3.401328778002762,2.9622844858333384,3.401328778002762,3.401328778002762,9.639570725197695,9.639570725197695,8.773321511772632,8.773321511772632,21.94899080784665,21.939376897143767,0.0,11.282443854543835,25.280338521275837,18.14094046747942,28.682576401819006,24.089097306061838,6.12639335323118,9.948440575509258,8.024845268884146,3.8222793972788023,3.68012292277336,3.68012292277336,18.684363470281657,5.310995153117018,7.033796618804327,8.392833231878887,23.545717231523977,23.520638046965782,17.810704380358043,2.6641541104548496,2.9150351251336803,3.859909002852632,1.9115165852783735,3.048838709069018,16.748921855784644,14.102754332710322,10.674707429393315,12.802625053949559,22.546722602764422,25.556201950027695,9.320163507824455
8.171529929001654,42.2417079153909,29.232664742716146,32.66782083454116,32.716308052963356,6.690451047848677,6.8506031333651265,6.113398649448163,12.08105619973174,11.736106984780303,12.48537627785946,30.013511185542622,4.421101705521059,4.378866924766213,3.613618362185527,32.8475577649038,32.8475577649038,32.54116871394158,8.881115086355251,8.881115086355251,9.320159377177502,8.881115086355251,8.881115086355251,19.922014494859113,19.922014494859113,19.055765293448257,19.055765293448257,32.23143432220281,32.22182041176109,11.282443854543835,0.0,35.56278193931317,28.423384077718456,38.96501970949219,34.37154075987559,6.156050515015464,2.3340032852203842,4.257598597520688,14.10472323263154,13.962566759290723,13.962566759290723,28.966807067764986,6.971448714773641,5.2486472490280445,3.8896106337367686,33.828160701163625,33.8030815173284,28.093147998197956,9.618289751527147,9.367408737720254,14.142352837893569,10.37092727369578,9.233605154223241,27.031365497291183,24.385198028076772,20.957151183673044,23.085068773101973,32.82916610069343,35.83864535956816,19.602607282006772
28.391252353640507,7.67892645936172,7.330117509698175,3.89496126544783,3.8464740445772634,29.87233117857067,29.71217909950249,30.449383552995695,24.48172619455906,24.82667540180537,24.077406124933656,6.5492710358656625,32.141680419919595,32.18391519862506,32.94916372299713,3.715224325967852,3.715224325967852,4.021613392403721,27.68166722051287,27.68166722051287,27.242622943800466,27.68166722051287,27.68166722051287,16.640767962405945,16.640767962405945,17.507017167426913,17.507017167426913,4.3313477994495715,4.3409617103610145,25.280338521275837,35.56278193931317,0.0,8.139398204570888,4.402237996719988,2.1912412491241664,30.406731689240225,34.228778731516,32.30518351995168,22.458059198490744,22.600215669711492,22.600215669711492,7.595975194717313,29.59133352290044,31.31413491531439,32.67317146546122,2.734621337964991,2.7597005231657064,8.469634295621471,26.94449257864865,27.195373584736117,22.42042959377809,26.19185507832033,27.329177164026298,9.531416831005412,12.17758436892712,15.605631265832171,13.477713648662013,3.7336159911163778,1.2758634371050095,16.960175176895177
21.2518543499616,14.818324630380749,1.8092806967323531,5.2444369435852565,5.292924164431233,22.732933201202485,22.572781119213097,23.30998558630622,17.342328129022334,17.68727734128327,16.938008053628486,2.59012717190872,25.002282485929264,25.044517265477165,25.8097658053355,5.42417388296551,5.42417388296551,5.1177848166855435,20.542269204788365,20.542269204788365,20.103224920804625,20.542269204788365,20.542269204788365,9.501369806053011,9.501369806053011,10.367619018924303,10.367619018924303,4.80805040972799,4.798436498818171,18.14094046747942,28.423384077718456,8.139398204570888,0.0,11.5416361882572,6.948156958020385,23.267333721753236,27.089380840690815,25.16578558922979,15.318661105264573,15.46081757833391,15.46081757833391,1.543423011154711,22.45193554041902,24.174736965076416,25.533773542165793,6.404776870010962,6.379697684843439,1.3302360919459169,19.805094550794443,20.05597556096602,15.281031500065025,19.05245703848609,20.189779142452952,2.392018630744513,5.038186180732493,8.466233100810182,6.3383154682544145,5.405782217828266,8.415261640932773,9.820777023373696
31.7934902046212,4.276688466437632,10.73235549574811,7.297199259009215,7.248712038215447,33.2745690143093,33.11441693692557,33.851621382591986,27.883964082154943,28.22891328638183,27.479644016016593,9.951509023981515,35.54391823084384,35.58615300907075,36.351401524665896,7.117462319809839,7.117462319809839,7.42385138576066,31.083905078529234,31.083905078529234,30.644860806083464,31.083905078529234,31.083905078529234,20.043005907594186,20.043005907594186,20.909255107292715,20.909255107292715,7.733585792283138,7.743199703177805,28.682576401819006,38.96501970949219,4.402237996719988,11.5416361882572,0.0,5.59347924489589,33.80896951929442,37.631016518059965,35.70742132901989,25.860297102976272,26.002453573056567,26.002453573056567,10.99821318001574,32.993571361588735,34.716372735492115,36.075409270318595,6.136859333140919,6.161938518311668,11.871872278278236,30.34673044379113,30.597611447474335,25.822667498564336,29.59409295054585,30.731415025473396,12.933654810096554,15.579822337437314,19.00786921704134,16.879951611087833,7.135853984930166,4.1263745597644625,20.362413120151004
27.20001114791029,8.870167705295273,6.138876262545647,2.7037200166227224,2.655232795738779,28.68108997776441,28.52093789815108,29.258142354179252,23.29048497709824,23.635434185305613,22.886164906364595,5.3580297882074195,30.950439227169202,30.99267400603045,31.757922533262334,2.5239830770945906,2.5239830770945906,2.8303721436148965,26.490426012516984,26.490426012516984,26.05138173443305,26.490426012516984,26.490426012516984,15.449526726965459,15.449526726965459,16.315775933608563,16.315775933608563,3.1401065507576695,3.1497204616723073,24.089097306061838,34.37154075987559,2.1912412491241664,6.948156958020385,5.59347924489589,0.0,29.215490490275332,33.03753754672027,31.113942327805592,21.266817975680308,21.408974447260743,21.408974447260743,6.404733947753811,28.400092321139727,30.12289371955468,31.481930274686917,1.5433800888979825,1.5684592741022008,7.278393049339402,25.753251368363127,26.004132375222483,21.229188370872844,25.000613865764567,26.137935954927435,8.340175585675855,10.986343126564785,14.414390028572065,12.28647240806766,2.5423747422478638,2.4671046862046273,15.76893394204228
3.0154794177423003,37.085657788611414,24.076614397411234,27.511770538307267,27.56025775746639,1.5344005336233255,1.694552619405481,1.0426518656239636,6.925005701785379,6.58005648533916,7.329325781744065,24.857460850848778,2.734948811036163,2.7771835918090346,3.5424321545558346,27.691507471407814,27.691507471407814,27.38511841578861,3.7250645769212447,3.7250645769212447,4.164108869004113,3.7250645769212447,3.7250645769212447,14.765964047623529,14.765964047623529,13.899714839033845,13.899714839033845,27.075384019392057,27.065770108806568,6.12639335323118,6.156050515015464,30.406731689240225,23.267333721753236,33.80896951929442,29.215490490275332,0.0,4.822047231119158,2.898451919101171,8.948672744703195,8.806516270588945,8.806516270588945,23.810756718920207,1.8153982010233154,1.9074032669889283,3.266439882979759,28.672110422903472,28.647031238672298,22.937097637981246,4.4622392442669625,4.2113582296885115,8.986302350171723,5.214876768946853,4.077554645793391,21.87531512379206,19.22914762404363,15.80110074552995,17.92901835540894,27.673115806916506,30.68259511412353,14.446556832078562
