0.0,1.0,1.0,1.0,1.0,14.701156048089187,9.167434861828866,7.928044012592959,18.242937401934558,18.242937401934558,9.594458194946624,7.139803924539519,7.139803924539519,7.301187108312424,11.044045851673356,11.044045851673356,9.75041178169937,9.75041178169937,11.966830799561054,10.466632147813046,15.722070893300867,12.751646820248283,15.306437919874027,36.30216788649438,36.30216788649438,36.394509908664745,40.48250420181278,39.96859357000422,39.96859357000422,37.635056482333546,37.27864712266697,37.739931567495844,34.98680283285812,39.597154945361645,36.5353208065781,37.82516857006532,37.67767506223243,37.67767506223243,39.97151827557938,38.30775841982947,40.3822292597668,40.3822292597668,40.3822292597668,39.96859357000422,35.12510956049038,38.207898115558756,38.30775841982947,30.552064572730398,30.552064572730398,29.472691105776896,9.259395514125346,9.330455933516888,12.252229275203145,12.674392216987206,9.894756643913684,8.435925271146335,16.101757303457525,13.506170985034748,3.4823545423883435,9.167434861828866,7.363900883455957,5.327823009144318,6.155625596225766,7.209207008738926,8.664179437546336,6.933267451833327,8.488577675297922,8.070480055089897,8.175004220658884,8.14573743820377,14.735260305956475,15.487911161178532,15.985501549639238,40.506319478953145,40.82385571512288,33.1399006981091,39.7584322562338,37.184634965641756,34.493743341134156,34.585669956574435,35.43807450704171,47.51684233072697,42.38644677080261,46.26770165338506,36.01469509179108,35.864272799149596,35.809953556628805,34.23467676026138,39.816926523716894,39.62890905735491,38.67210105522254,38.67210105522254,39.816926523716894,39.762610419851484,37.999402700739786,40.47289452623543,41.15810279232305,31.476810408357846,32.316717844361975,27.70336767844592
1.0,0.0,1.0,1.0,1.0,14.701156048089187,9.167434861828866,7.928044012592959,18.242937401934558,18.242937401934558,9.594458194946624,7.139803924539519,7.139803924539519,7.301187108312424,11.044045851673356,11.044045851673356,9.75041178169937,9.75041178169937,11.966830799561054,10.466632147813046,15.722070893300867,12.751646820248283,15.306437919874027,36.30216788649438,36.30216788649438,36.394509908664745,40.48250420181278,39.96859357000422,39.96859357000422,37.635056482333546,37.27864712266697,37.739931567495844,34.98680283285812,39.597154945361645,36.5353208065781,37.82516857006532,37.67767506223243,37.67767506223243,39.97151827557938,38.30775841982947,40.3822292597668,40.3822292597668,40.3822292597668,39.96859357000422,35.12510956049038,38.207898115558756,38.30775841982947,30.552064572730398,30.552064572730398,29.472691105776896,9.259395514125346,9.330455933516888,12.252229275203145,12.674392216987206,9.894756643913684,8.435925271146335,16.101757303457525,13.506170985034748,3.4823545423883435,9.167434861828866,7.363900883455957,5.327823009144318,6.155625596225766,7.209207008738926,8.664179437546336,6.933267451833327,8.488577675297922,8.070480055089897,8.175004220658884,8.14573743820377,14.735260305956475,15.487911161178532,15.985501549639238,40.506319478953145,40.82385571512288,33.1399006981091,39.7584322562338,37.184634965641756,34.493743341134156,34.585669956574435,35.43807450704171,47.51684233072697,42.38644677080261,46.26770165338506,36.01469509179108,35.864272799149596,35.809953556628805,34.23467676026138,39.816926523716894,39.62890905735491,38.67210105522254,38.67210105522254,39.816926523716894,39.762610419851484,37.999402700739786,40.47289452623543,41.15810279232305,31.476810408357846,32.316717844361975,27.70336767844592
1.0,1.0,0.0,1.0,1.0,14.701156048089187,9.167434861828866,7.928044012592959,18.242937401934558,18.242937401934558,9.594458194946624,7.139803924539519,7.139803924539519,7.301187108312424,11.044045851673356,11.044045851673356,9.75041178169937,9.75041178169937,11.966830799561054,10.466632147813046,15.722070893300867,12.751646820248283,15.306437919874027,36.30216788649438,36.30216788649438,36.394509908664745,40.48250420181278,39.96859357000422,39.96859357000422,37.635056482333546,37.27864712266697,37.739931567495844,34.98680283285812,39.597154945361645,36.5353208065781,37.82516857006532,37.67767506223243,37.67767506223243,39.97151827557938,38.30775841982947,40.3822292597668,40.3822292597668,40.3822292597668,39.96859357000422,35.12510956049038,38.207898115558756,38.30775841982947,30.552064572730398,30.552064572730398,29.472691105776896,9.259395514125346,9.330455933516888,12.252229275203145,12.674392216987206,9.894756643913684,8.435925271146335,16.101757303457525,13.506170985034748,3.4823545423883435,9.167434861828866,7.363900883455957,5.327823009144318,6.155625596225766,7.209207008738926,8.664179437546336,6.933267451833327,8.488577675297922,8.070480055089897,8.175004220658884,8.14573743820377,14.735260305956475,15.487911161178532,15.985501549639238,40.506319478953145,40.82385571512288,33.1399006981091,39.7584322562338,37.184634965641756,34.493743341134156,34.585669956574435,35.43807450704171,47.51684233072697,42.38644677080261,46.26770165338506,36.01469509179108,35.864272799149596,35.809953556628805,34.23467676026138,39.816926523716894,39.62890905735491,38.67210105522254,38.67210105522254,39.816926523716894,39.762610419851484,37.999402700739786,40.47289452623543,41.15810279232305,31.476810408357846,32.316717844361975,27.70336767844592
1.0,1.0,1.0,0.0,1.0,14.701156048089187,9.167434861828866,7.928044012592959,18.242937401934558,18.242937401934558,9.594458194946624,7.139803924539519,7.139803924539519,7.301187108312424,11.044045851673356,11.044045851673356,9.75041178169937,9.75041178169937,11.966830799561054,10.466632147813046,15.722070893300867,12.751646820248283,15.306437919874027,36.30216788649438,36.30216788649438,36.394509908664745,40.48250420181278,39.96859357000422,39.96859357000422,37.635056482333546,37.27864712266697,37.739931567495844,34.98680283285812,39.597154945361645,36.5353208065781,37.82516857006532,37.67767506223243,37.67767506223243,39.97151827557938,38.30775841982947,40.3822292597668,40.3822292597668,40.3822292597668,39.96859357000422,35.12510956049038,38.207898115558756,38.30775841982947,30.552064572730398,30.552064572730398,29.472691105776896,9.259395514125346,9.330455933516888,12.252229275203145,12.674392216987206,9.894756643913684,8.435925271146335,16.101757303457525,13.506170985034748,3.4823545423883435,9.167434861828866,7.363900883455957,5.327823009144318,6.155625596225766,7.209207008738926,8.664179437546336,6.933267451833327,8.488577675297922,8.070480055089897,8.175004220658884,8.14573743820377,14.735260305956475,15.487911161178532,15.985501549639238,40.506319478953145,40.82385571512288,33.1399006981091,39.7584322562338,37.184634965641756,34.493743341134156,34.585669956574435,35.43807450704171,47.51684233072697,42.38644677080261,46.26770165338506,36.01469509179108,35.864272799149596,35.809953556628805,34.23467676026138,39.816926523716894,39.62890905735491,38.67210105522254,38.67210105522254,39.816926523716894,39.762610419851484,37.999402700739786,40.47289452623543,41.15810279232305,31.476810408357846,32.316717844361975,27.70336767844592
1.0,1.0,1.0,1.0,0.0,14.701156048089187,9.167434861828866,7.928044012592959,18.242937401934558,18.242937401934558,9.594458194946624,7.139803924539519,7.139803924539519,7.301187108312424,11.044045851673356,11.044045851673356,9.75041178169937,9.75041178169937,11.966830799561054,10.466632147813046,15.722070893300867,12.751646820248283,15.306437919874027,36.30216788649438,36.30216788649438,36.394509908664745,40.48250420181278,39.96859357000422,39.96859357000422,37.635056482333546,37.27864712266697,37.739931567495844,34.98680283285812,39.597154945361645,36.5353208065781,37.82516857006532,37.67767506223243,37.67767506223243,39.97151827557938,38.30775841982947,40.3822292597668,40.3822292597668,40.3822292597668,39.96859357000422,35.12510956049038,38.207898115558756,38.30775841982947,30.552064572730398,30.552064572730398,29.472691105776896,9.259395514125346,9.330455933516888,12.252229275203145,12.674392216987206,9.894756643913684,8.435925271146335,16.101757303457525,13.506170985034748,3.4823545423883435,9.167434861828866,7.363900883455957,5.327823009144318,6.155625596225766,7.209207008738926,8.664179437546336,6.933267451833327,8.488577675297922,8.070480055089897,8.175004220658884,8.14573743820377,14.735260305956475,15.487911161178532,15.985501549639238,40.506319478953145,40.82385571512288,33.1399006981091,39.7584322562338,37.184634965641756,34.493743341134156,34.585669956574435,35.43807450704171,47.51684233072697,42.38644677080261,46.26770165338506,36.01469509179108,35.864272799149596,35.809953556628805,34.23467676026138,39.816926523716894,39.62890905735491,38.67210105522254,38.67210105522254,39.816926523716894,39.762610419851484,37.999402700739786,40.47289452623543,41.15810279232305,31.476810408357846,32.316717844361975,27.70336767844592
14.701156048089187,14.701156048089187,14.701156048089187,14.701156048089187,14.701156048089187,0.0,6.533721217736773,7.773112068171636,4.541781396420907,4.541781396420907,23.295614109837313,20.84095988792568,20.84095988792568,21.002343068766717,24.745201734004404,24.745201734004404,23.451567693226863,23.451567693226863,25.667986659649348,24.167788043462316,29.42322665071806,26.452802660491827,29.007593689614904,22.601012371109245,22.601012371109245,22.693354396961826,26.781348865142142,26.267438210037426,26.267438210037426,23.933901021261097,23.577491646826772,24.038776110802896,21.285647266323377,25.89599956878859,22.83416530051321,24.1240131169432,23.97651960293783,23.97651960293783,26.270362915744112,24.60660298711722,26.681073918521395,26.681073918521395,26.681073918521395,26.267438210037426,21.423953999219442,24.50674267859629,24.60660298711722,16.850908851658975,16.850908851658975,15.771535351270582,6.441760565266052,6.3707001457318,3.4489267920836992,3.0267638475870977,5.806399433951917,7.265230809385708,2.400601270110605,2.1949850734675938,12.218801525083558,6.533721217736773,21.065056842761177,19.02897900296959,19.85678157670994,20.91036297086866,22.365335371798803,20.634423418918985,22.18973361307062,21.77163600107204,21.87616016461138,21.846893382726098,28.436416092243295,29.189066925568035,29.68665729912196,26.80516414337111,27.122700394131638,19.438745063859276,26.057276886847266,23.48347948593597,20.792587756052836,20.884514374925047,21.73691895778115,33.81568735034044,28.685291523681407,32.566546604635434,22.313539565019507,22.163117266466283,22.10879802181851,20.533521165572104,26.115771156945918,25.927753682193924,24.970945638136293,24.970945638136293,26.115771156945918,26.06145505065161,24.298247254948645,26.77173918912577,27.456947486843887,17.775654717231966,18.61556218147467,14.002211872667829
9.167434861828866,9.167434861828866,9.167434861828866,9.167434861828866,9.167434861828866,6.533721217736773,0.0,2.2393908527979436,10.075502605098704,10.075502605098704,17.761892997118686,15.307238749981144,15.307238749981144,15.468621932377076,19.211480637766414,19.211480637766414,17.91784658222487,17.91784658222487,20.134265574514888,18.634066940518746,23.889505615678264,20.919081585175412,23.473872648642867,28.134733423318874,28.134733423318874,28.2270754478964,32.31506985477497,31.801159207898642,31.801159207898642,29.467622054596642,29.111212685308026,29.572497142610555,26.81936833616982,31.429720572503538,28.367886349494146,29.657734147504463,29.51024063565324,29.51024063565324,31.804083913558934,30.140324010543882,32.214794909771555,32.214794909771555,32.214794909771555,31.801159207898642,26.95767506725764,30.040463703510145,30.140324010543882,22.38462997373264,22.38462997373264,21.30525648436847,1.091960652611613,1.1630210722514773,4.0847944277807,4.506957372151602,1.7273217847691509,1.7315095929391555,7.934322485110846,5.338736145729609,6.68508032529195,1.0,15.53133570697971,13.495257848568315,14.323060429598724,15.37664183359102,16.831614249123025,15.100702279005782,16.65601248856964,16.23791487229486,16.342439036894074,16.313172254711404,22.902695043276367,23.655345887174256,24.152936267891988,32.338885132618984,32.65642137821597,24.972466156811983,31.590997888030184,29.017200525762505,26.326308832257276,26.41823544995456,27.270640021687502,39.34940821223501,34.219012481520394,38.10026749127128,27.847260621167546,27.69683832465643,27.642519080742925,26.067242245061905,31.649492157206836,31.46147468541151,30.50466665608883,30.50466665608883,31.649492157206836,31.595176051768735,29.831968282949298,32.30546017891385,32.99066846543098,23.309375829335472,24.149283284102545,19.53593302240897
7.928044012592959,7.928044012592959,7.928044012592959,7.928044012592959,7.928044012592959,7.773112068171636,2.2393908527979436,0.0,11.314893451992166,11.314893451992166,16.522502160683846,14.067847908944653,14.067847908944653,14.229231091619924,17.97208980440373,17.97208980440373,16.678455746107907,16.678455746107907,18.894874743245012,17.394676105900782,22.650114794024507,19.67969075576934,22.23448182583795,29.37412422745619,29.37412422745619,29.466466251708706,33.55446064311179,33.040549998297834,33.040549998297834,30.707012853937528,30.3506034859536,30.811887941564454,28.05875914481897,32.66911136437241,29.60727715280877,30.897124946142817,30.749631434837035,30.749631434837035,33.04347470394648,31.3797148073782,33.45418569851342,33.45418569851342,33.45418569851342,33.040549998297834,28.19706587544272,31.2798545007202,31.3797148073782,23.624020795972925,23.624020795972925,22.54464730953878,2.3313515054018423,2.4024119250350155,5.324185279737861,5.746348223900331,2.966712637476957,1.5078812598821956,9.173713334334703,6.578126997001863,5.44568947408548,2.2393908527979436,14.29194486633199,12.255867004619777,13.083669586929446,14.137250992674257,15.59222341085533,13.861311437616566,15.416621649968144,14.998524032914156,15.103048197706121,15.073781415469345,21.663304218924743,22.415955064869305,22.913545446979025,33.57827592085942,33.89581216516431,26.211856971424947,32.83038867926308,30.25659132674953,27.56569964254097,27.657626259935853,28.510030828813537,40.588798968958336,35.45840326192328,39.33965825406934,29.086651426309707,28.936229130320196,28.881909886594343,27.306633056192066,32.88888294820825,32.70086547715542,31.744057451541533,31.744057451541533,32.88888294820825,32.83456684298511,31.071359080939736,33.544850967289534,34.230059251005365,24.548766648947847,25.38867410123398,20.775323852062435
18.242937401934558,18.242937401934558,18.242937401934558,18.242937401934558,18.242937401934558,4.541781396420907,10.075502605098704,11.314893451992166,0.0,1.0,26.837395402543798,24.38274120079605,24.38274120079605,24.5441243803777,28.286983013789637,28.286983013789637,26.99334898457933,26.99334898457933,29.20976793081729,27.709569328484626,32.96500788367611,29.99458392409108,32.549374927050195,19.059231045269772,19.059231045269772,19.15157307178727,23.239567572510673,22.725656912980785,22.725656912980785,20.392119705319715,20.03571032817541,20.49699479566773,17.74386593134902,22.354218268593414,19.292383976358533,20.582231802466232,20.434738287323594,20.434738287323594,22.72858161871238,21.064821676416646,23.13929262501893,23.13929262501893,23.13929262501893,22.725656912980785,17.88217266517601,20.964961367107325,21.064821676416646,13.309127490517193,13.309127490517193,12.229753984839887,9.983541952868704,9.912481533518376,6.99070818585735,6.568545241971395,9.348180823134491,10.807012194724333,3.141180126851676,5.736766468866978,15.760582891653176,10.075502605098704,24.606838153880247,22.570760329339148,23.398562897058458,24.45214428319857,25.907116672401138,24.176204733387483,25.731514915128614,25.313417306551408,25.417941469241285,25.388674687594246,31.978197335730655,32.73084816105606,33.22843852921033,23.26338285094704,23.580919104492597,15.896963717119542,22.51549558800866,19.941698166577478,17.250806417816296,17.342733037290017,18.19513762586991,30.27390612795052,25.1435102482823,29.024765368455114,18.77175823712991,18.621335937515916,18.567016692487115,16.99173982565692,22.57398985860167,22.38597238226509,21.429164330342903,21.429164330342903,22.57398985860167,22.51967375184827,20.756465941825336,23.22995789641067,23.915166200176106,14.233873360957581,15.073780829890065,10.460430498481317
18.242937401934558,18.242937401934558,18.242937401934558,18.242937401934558,18.242937401934558,4.541781396420907,10.075502605098704,11.314893451992166,1.0,0.0,26.837395402543798,24.38274120079605,24.38274120079605,24.5441243803777,28.286983013789637,28.286983013789637,26.99334898457933,26.99334898457933,29.20976793081729,27.709569328484626,32.96500788367611,29.99458392409108,32.549374927050195,19.059231045269772,19.059231045269772,19.15157307178727,23.239567572510673,22.725656912980785,22.725656912980785,20.392119705319715,20.03571032817541,20.49699479566773,17.74386593134902,22.354218268593414,19.292383976358533,20.582231802466232,20.434738287323594,20.434738287323594,22.72858161871238,21.064821676416646,23.13929262501893,23.13929262501893,23.13929262501893,22.725656912980785,17.88217266517601,20.964961367107325,21.064821676416646,13.309127490517193,13.309127490517193,12.229753984839887,9.983541952868704,9.912481533518376,6.99070818585735,6.568545241971395,9.348180823134491,10.807012194724333,3.141180126851676,5.736766468866978,15.760582891653176,10.075502605098704,24.606838153880247,22.570760329339148,23.398562897058458,24.45214428319857,25.907116672401138,24.176204733387483,25.731514915128614,25.313417306551408,25.417941469241285,25.388674687594246,31.978197335730655,32.73084816105606,33.22843852921033,23.26338285094704,23.580919104492597,15.896963717119542,22.51549558800866,19.941698166577478,17.250806417816296,17.342733037290017,18.19513762586991,30.27390612795052,25.1435102482823,29.024765368455114,18.77175823712991,18.621335937515916,18.567016692487115,16.99173982565692,22.57398985860167,22.38597238226509,21.429164330342903,21.429164330342903,22.57398985860167,22.51967375184827,20.756465941825336,23.22995789641067,23.915166200176106,14.233873360957581,15.073780829890065,10.460430498481317
9.594458194946624,9.594458194946624,9.594458194946624,9.594458194946624,9.594458194946624,23.295614109837313,17.761892997118686,16.522502160683846,26.837395402543798,26.837395402543798,0.0,3.4546542769639332,3.4546542769639332,3.293271092920844,2.449587663058286,2.449587663058286,1.1559535873462787,1.1559535873462787,3.372372615927382,1.872173956457163,7.1276127375634015,4.157188641433076,6.71197976044683,44.896625404089825,44.896625404089825,44.988967423052706,49.0769615666644,48.56305095446513,48.56305095446513,46.22951395290186,45.873104605963675,46.334389034297416,43.58126039532623,48.19161234385032,45.12977831606051,46.41962603379833,46.2721325312712,46.2721325312712,48.56597565992934,46.902215866068204,48.97668662846294,48.97668662846294,48.97668662846294,48.56305095446513,43.71956711831203,46.802355565434375,46.902215866068204,39.1465222752493,39.1465222752493,38.067148839762154,17.853853648411853,17.92491406702305,20.846687372801288,21.268850308779687,18.489214771066305,17.030383414153878,24.6962153423419,22.100629064932107,12.076812725360648,17.761892997118686,3.230557317666203,5.266635193837438,4.438832606435037,3.3852511926511086,1.9302787605016527,3.661190749982858,2.1058805232510878,2.5239781445441136,2.419453978718125,2.4487207612461566,6.140802141703156,6.893453003343912,7.3910433963179205,49.10077684289042,49.41831306682063,41.73435832100848,48.35288964864663,45.77909245227723,43.08820092002951,43.18012753242332,44.03253205428695,56.11129940370343,50.98090406097222,54.862158781388,44.60915261932373,44.458730331852905,44.404411091194405,42.82913434770218,48.41138391392039,48.22336645464912,47.26655848811738,47.26655848811738,48.41138391392039,48.35706781210661,46.59386015818038,49.06735189145588,49.75256013104097,40.07126808310245,40.91117549322778,36.29782546179374
7.139803924539519,7.139803924539519,7.139803924539519,7.139803924539519,7.139803924539519,20.84095988792568,15.307238749981144,14.067847908944653,24.38274120079605,24.38274120079605,3.4546542769639332,0.0,1.0,1.161383184089043,4.90424193931978,4.90424193931978,3.6106078642596726,3.6106078642596726,5.827026891470149,4.326828233060942,9.582267008003685,6.611842916198393,9.166634031623841,42.441971354072734,42.441971354072734,42.534313374022155,46.622307563461526,46.10839694526961,46.10839694526961,43.77485991733301,43.41845056648758,43.8797349998844,41.1266063314896,45.73695833036496,42.675124268538454,43.964972000326746,43.817478496171724,43.817478496171724,46.11132165076774,44.44756183796132,46.522032624085554,46.522032624085554,46.522032624085554,46.10839694526961,41.26491305590798,44.34770153621257,44.44756183796132,36.6918681680296,36.6918681680296,35.61249472273192,15.399199401631021,15.470259820519304,18.392033138782253,18.814196076740878,16.034560526807702,14.575729164254005,22.241561128028902,19.645974836925223,9.622158460267338,15.307238749981144,1.224096959359797,2.8119809178336728,1.9841783298913966,1.0694030843333802,2.524375516638336,1.2065364730871753,2.348773753898028,1.9306761325959159,2.0352002984282453,2.005933515898712,8.595456413822792,9.34810727420452,9.845697666269105,46.64612283996686,46.96365906763505,39.279704238503115,45.89823563701964,43.32443841177583,40.633546851124954,40.725473464459,41.57787799514239,53.65664548922928,48.526250080551755,52.40750485024482,42.15449856624917,42.004076277186805,41.949757035954974,40.37448027615931,45.95672990296903,45.768712441529146,44.81190446409959,44.81190446409959,45.95672990296903,45.90241380052783,44.13920612663888,46.61269788814034,47.29790613581754,37.61661398452084,38.45652140267816,33.843171329315275
7.139803924539519,7.139803924539519,7.139803924539519,7.139803924539519,7.139803924539519,20.84095988792568,15.307238749981144,14.067847908944653,24.38274120079605,24.38274120079605,3.4546542769639332,1.0,0.0,1.161383184089043,4.90424193931978,4.90424193931978,3.6106078642596726,3.6106078642596726,5.827026891470149,4.326828233060942,9.582267008003685,6.611842916198393,9.166634031623841,42.441971354072734,42.441971354072734,42.534313374022155,46.622307563461526,46.10839694526961,46.10839694526961,43.77485991733301,43.41845056648758,43.8797349998844,41.1266063314896,45.73695833036496,42.675124268538454,43.964972000326746,43.817478496171724,43.817478496171724,46.11132165076774,44.44756183796132,46.522032624085554,46.522032624085554,46.522032624085554,46.10839694526961,41.26491305590798,44.34770153621257,44.44756183796132,36.6918681680296,36.6918681680296,35.61249472273192,15.399199401631021,15.470259820519304,18.392033138782253,18.814196076740878,16.034560526807702,14.575729164254005,22.241561128028902,19.645974836925223,9.622158460267338,15.307238749981144,1.224096959359797,2.8119809178336728,1.9841783298913966,1.0694030843333802,2.524375516638336,1.2065364730871753,2.348773753898028,1.9306761325959159,2.0352002984282453,2.005933515898712,8.595456413822792,9.34810727420452,9.845697666269105,46.64612283996686,46.96365906763505,39.279704238503115,45.89823563701964,43.32443841177583,40.633546851124954,40.725473464459,41.57787799514239,53.65664548922928,48.526250080551755,52.40750485024482,42.15449856624917,42.004076277186805,41.949757035954974,40.37448027615931,45.95672990296903,45.768712441529146,44.81190446409959,44.81190446409959,45.95672990296903,45.90241380052783,44.13920612663888,46.61269788814034,47.29790613581754,37.61661398452084,38.45652140267816,33.843171329315275
7.301187108312424,7.301187108312424,7.301187108312424,7.301187108312424,7.301187108312424,21.002343068766717,15.468621932377076,14.229231091619924,24.5441243803777,24.5441243803777,3.293271092920844,1.161383184089043,1.161383184089043,0.0,4.742858755350013,4.742858755350013,3.4492246802228266,3.4492246802228266,5.66564370756491,4.16544504905786,9.420883824504216,6.450459732358961,9.005250848068153,42.60335452401682,42.60335452401682,42.695696543903104,46.783690730406036,46.26978011259849,46.26978011259849,43.93624308635214,43.57983373575692,44.04111816882949,41.28798950231764,45.898341497968936,42.83650743832287,44.12635516921155,43.978861665160785,43.978861665160785,46.27270481809445,44.608945006502445,46.683415791105396,46.683415791105396,46.683415791105396,46.26978011259849,41.426296226644425,44.50908470482514,44.608945006502445,36.85325134162688,36.85325134162688,35.77387789695399,15.560582584005225,15.63164300287662,18.55341632037345,18.975579258209784,16.195943709027972,14.737112346817854,22.402944308396577,19.807358018144615,9.783541643737353,15.468621932377076,1.0627137752708689,2.9733641018935106,2.145561513971232,1.091980099755715,2.362992332566256,1.3679196571755978,2.1873905698220604,1.7692929485127187,1.873817114346588,1.8445503318166057,8.434073230194436,9.18672409067303,9.684314482806725,46.807506006893455,47.12504223432183,39.44108741052397,46.05961880450444,43.48582158111081,40.79493002227696,40.886856635550906,41.7392611656704,53.81802865047194,48.68763324603405,52.56888801256001,42.31588173638889,42.16545944742835,42.111140206233195,40.535863447479926,46.11811307041051,45.93009560910968,44.9732876323787,44.9732876323787,46.11811307041051,46.06379696800955,44.30058929540006,46.77408105509207,47.459289302250085,37.777997157567505,38.61790457521247,34.004554504519874
11.044045851673356,11.044045851673356,11.044045851673356,11.044045851673356,11.044045851673356,24.745201734004404,19.211480637766414,17.97208980440373,28.286983013789637,28.286983013789637,2.449587663058286,4.90424193931978,4.90424193931978,4.742858755350013,0.0,1.0,2.29363407572679,2.29363407572679,1.9227849530294674,1.5774137066380214,5.678025076604121,2.707600978769695,5.262392099171415,46.34621292056373,46.34621292056373,46.438554938917584,50.52654905429607,50.0126384457828,50.0126384457828,47.67910146046197,47.3226921159332,47.78397654114496,45.03084792033763,49.641199837807626,46.57936583099427,47.86921354006552,47.72172003854194,47.72172003854194,50.015563151226154,48.35180336902919,50.42627411681691,50.42627411681691,50.42627411681691,50.0126384457828,45.16915464243783,48.251943069082344,48.35180336902919,40.596109827149505,40.596109827149505,39.516736397764795,19.30344128882261,19.374501707249838,22.296275004819165,22.718437939507343,19.93880240980575,18.479971056642228,26.145802961620845,23.550216693040692,13.526400378238973,19.211480637766414,4.680144980122831,6.716222855107733,5.888420268261043,4.834838855038956,3.379866423397693,5.110778412239296,3.5554681861022677,3.973565807270282,3.869041641477949,3.8983084239967183,4.691214480034528,5.44386534220342,5.941455735572089,50.55036433035031,50.867900551982224,43.18394585757315,49.80247714146035,47.22867996287914,44.53778844817486,44.629715059987106,45.48211957639832,57.560886836923686,52.430491534605,56.31174622480955,46.058740137685476,45.90831785119759,45.85399861089321,44.27872187747969,49.86097140631837,49.67295394838157,48.716145988559305,48.716145988559305,49.86097140631837,49.806655304890626,48.04344766325789,50.51693937915683,51.202147613767075,41.52085562963681,42.36076303477853,37.747413029425594
11.044045851673356,11.044045851673356,11.044045851673356,11.044045851673356,11.044045851673356,24.745201734004404,19.211480637766414,17.97208980440373,28.286983013789637,28.286983013789637,2.449587663058286,4.90424193931978,4.90424193931978,4.742858755350013,1.0,0.0,2.29363407572679,2.29363407572679,1.9227849530294674,1.5774137066380214,5.678025076604121,2.707600978769695,5.262392099171415,46.34621292056373,46.34621292056373,46.438554938917584,50.52654905429607,50.0126384457828,50.0126384457828,47.67910146046197,47.3226921159332,47.78397654114496,45.03084792033763,49.641199837807626,46.57936583099427,47.86921354006552,47.72172003854194,47.72172003854194,50.015563151226154,48.35180336902919,50.42627411681691,50.42627411681691,50.42627411681691,50.0126384457828,45.16915464243783,48.251943069082344,48.35180336902919,40.596109827149505,40.596109827149505,39.516736397764795,19.30344128882261,19.374501707249838,22.296275004819165,22.718437939507343,19.93880240980575,18.479971056642228,26.145802961620845,23.550216693040692,13.526400378238973,19.211480637766414,4.680144980122831,6.716222855107733,5.888420268261043,4.834838855038956,3.379866423397693,5.110778412239296,3.5554681861022677,3.973565807270282,3.869041641477949,3.8983084239967183,4.691214480034528,5.44386534220342,5.941455735572089,50.55036433035031,50.867900551982224,43.18394585757315,49.80247714146035,47.22867996287914,44.53778844817486,44.629715059987106,45.48211957639832,57.560886836923686,52.430491534605,56.31174622480955,46.058740137685476,45.90831785119759,45.85399861089321,44.27872187747969,49.86097140631837,49.67295394838157,48.716145988559305,48.716145988559305,49.86097140631837,49.806655304890626,48.04344766325789,50.51693937915683,51.202147613767075,41.52085562963681,42.36076303477853,37.747413029425594
9.75041178169937,9.75041178169937,9.75041178169937,9.75041178169937,9.75041178169937,23.451567693226863,17.91784658222487,16.678455746107907,26.99334898457933,26.99334898457933,1.1559535873462787,3.6106078642596726,3.6106078642596726,3.4492246802228266,2.29363407572679,2.29363407572679,0.0,1.0,3.2164190286225502,1.7162203691158089,6.971659150505433,4.001235054161481,6.556026173350613,45.05257897611351,45.05257897611351,45.1449209950118,49.232915135627735,48.719004523819784,48.719004523819784,46.38546752398014,46.02905817729756,46.49034260530012,43.73721396825501,48.34756591348516,45.285731887920875,46.57557960473946,46.42808610231879,46.42808610231879,48.721929229281784,47.05816943665855,49.132640197502965,49.132640197502965,49.132640197502965,48.719004523819784,43.87552069114693,46.95830913609762,47.05816943665855,39.30247585102569,39.30247585102569,38.22310241618406,18.00980723349348,18.080867652085605,21.00264095701049,21.42480389285438,18.645168355974594,17.18633699945062,24.85216892521985,22.256582648733513,12.23276631172468,17.91784658222487,3.3865109049704993,5.422588781034866,4.5947861936838095,3.541204779949583,2.086232347839963,3.8171443372700096,2.2618341105863626,2.6799317318702034,2.5754075660467697,2.604674348574103,5.984848554558809,6.73749941626406,7.235089809285602,49.25673041183551,49.574266635521695,41.89031189516138,48.50884321816009,45.93504602367818,43.24415449329042,43.336081105622604,44.18848562690834,56.26725296688466,51.13685762844891,55.01811234565398,44.76510619154759,44.614683904180986,44.56036466356002,42.985087921136035,48.56733748338971,48.379320024260096,47.42251205844045,47.42251205844045,48.56733748338971,48.51302138161691,46.74981372899529,49.223305460426566,49.90851369948343,40.227221658310974,41.06712906790871,36.45377903923355
9.75041178169937,9.75041178169937,9.75041178169937,9.75041178169937,9.75041178169937,23.451567693226863,17.91784658222487,16.678455746107907,26.99334898457933,26.99334898457933,1.1559535873462787,3.6106078642596726,3.6106078642596726,3.4492246802228266,2.29363407572679,2.29363407572679,1.0,0.0,3.2164190286225502,1.7162203691158089,6.971659150505433,4.001235054161481,6.556026173350613,45.05257897611351,45.05257897611351,45.1449209950118,49.232915135627735,48.719004523819784,48.719004523819784,46.38546752398014,46.02905817729756,46.49034260530012,43.73721396825501,48.34756591348516,45.285731887920875,46.57557960473946,46.42808610231879,46.42808610231879,48.721929229281784,47.05816943665855,49.132640197502965,49.132640197502965,49.132640197502965,48.719004523819784,43.87552069114693,46.95830913609762,47.05816943665855,39.30247585102569,39.30247585102569,38.22310241618406,18.00980723349348,18.080867652085605,21.00264095701049,21.42480389285438,18.645168355974594,17.18633699945062,24.85216892521985,22.256582648733513,12.23276631172468,17.91784658222487,3.3865109049704993,5.422588781034866,4.5947861936838095,3.541204779949583,2.086232347839963,3.8171443372700096,2.2618341105863626,2.6799317318702034,2.5754075660467697,2.604674348574103,5.984848554558809,6.73749941626406,7.235089809285602,49.25673041183551,49.574266635521695,41.89031189516138,48.50884321816009,45.93504602367818,43.24415449329042,43.336081105622604,44.18848562690834,56.26725296688466,51.13685762844891,55.01811234565398,44.76510619154759,44.614683904180986,44.56036466356002,42.985087921136035,48.56733748338971,48.379320024260096,47.42251205844045,47.42251205844045,48.56733748338971,48.51302138161691,46.74981372899529,49.223305460426566,49.90851369948343,40.227221658310974,41.06712906790871,36.45377903923355
11.966830799561054,11.966830799561054,11.966830799561054,11.966830799561054,11.966830799561054,25.667986659649348,20.134265574514888,18.894874743245012,29.20976793081729,29.20976793081729,3.372372615927382,5.827026891470149,5.827026891470149,5.66564370756491,1.9227849530294674,1.9227849530294674,3.2164190286225502,3.2164190286225502,0.0,2.500198659627097,4.755240124393305,1.7848160258027015,4.339607146805336,47.26899777526309,47.26899777526309,47.361339793219045,51.44933389017243,50.93542328406249,50.93542328406249,48.601886309339505,48.245476966383954,48.706761389557265,45.953632780617355,50.563984677808754,47.502150684687415,48.79199838809896,48.64450488723054,48.64450488723054,50.93834798949222,49.27458821490457,51.349058953164196,51.349058953164196,51.349058953164196,50.93542328406249,46.09193950213851,49.17472791540608,49.27458821490457,41.518894705036836,41.518894705036836,40.43952127965629,20.226226225410063,20.297286643712315,23.21905993573273,23.641222869552863,20.861587345258975,19.402755994643336,27.068587883999125,24.473001621326937,14.449185323402206,20.134265574514888,5.6029299323621515,7.639007806366593,6.811205219965241,5.7576238072173735,4.302651376060586,6.033563364303535,4.478253138717176,4.896350759759356,4.791826594000011,4.821093376509646,3.768429527481327,4.521080389903153,5.01867078346801,51.47314916611471,51.79068538624843,44.10673072541184,50.725261980715636,48.15146481374286,45.460573310504145,45.55249992193603,46.404904434782026,58.48367163738437,53.35327636135925,57.23453103190243,46.98152499361843,46.8311027077729,46.77678346769995,45.20150674087667,50.783756245302534,50.59573878823604,49.63893083279078,49.63893083279078,50.783756245302534,50.729440144126556,48.96623251051473,51.43972421507838,52.1249324464459,42.44364050400605,43.283547905882344,38.67019791764263
10.466632147813046,10.466632147813046,10.466632147813046,10.466632147813046,10.466632147813046,24.167788043462316,18.634066940518746,17.394676105900782,27.709569328484626,27.709569328484626,1.872173956457163,4.326828233060942,4.326828233060942,4.16544504905786,1.5774137066380214,1.5774137066380214,1.7162203691158089,1.7162203691158089,2.500198659627097,0.0,6.255438782525122,3.28501468529388,5.839805805207763,45.76879927346887,45.76879927346887,45.861141292067664,49.94913541879634,49.43522480880174,49.43522480880174,47.10168781695167,46.74527847145408,47.20656289792116,44.45343426980855,49.06378619976567,46.00195218451883,47.29179989707507,47.14430639514799,47.14430639514799,49.43814951425349,47.77438972736798,49.84886048102691,49.84886048102691,49.84886048102691,49.43522480880174,44.591740992265045,47.67452942714495,47.77438972736798,40.018696165796925,40.018696165796925,38.939322733953986,18.726027591671677,18.79708801017399,21.718861311087547,22.141024246300397,19.361388713336716,17.902557358642763,25.568389273061506,22.972803000898175,12.948986675974785,18.634066940518746,4.102731273818144,6.138809149327424,5.3110065622383065,4.257425148765604,2.8024527168848774,4.5333647060253135,2.9780544796117905,3.396152100840243,3.2916279350318445,3.3208947175550474,5.268628186212965,6.021279048190644,6.518869441414773,49.972950694919604,50.29048691747508,42.60653220239506,49.22506350387801,46.65126631814574,43.96037479638488,44.05230140843112,44.904705927035906,56.98347322327668,51.85307790472989,55.73433260706727,45.481326489831304,45.33090420294806,45.276584962501246,43.701308225032975,49.28355776890312,49.09554031042998,48.13873234791079,48.13873234791079,49.28355776890312,49.22924166732023,47.46603402074575,49.939525743629254,50.62473398023857,40.943441970445164,41.78334937759337,37.169999361734135
15.722070893300867,15.722070893300867,15.722070893300867,15.722070893300867,15.722070893300867,29.42322665071806,23.889505615678264,22.650114794024507,32.96500788367611,32.96500788367611,7.1276127375634015,9.582267008003685,9.582267008003685,9.420883824504216,5.678025076604121,5.678025076604121,6.971659150505433,6.971659150505433,4.755240124393305,6.255438782525122,0.0,3.9704240990326194,1.415632977851075,51.02423745845803,51.02423745845803,51.11657947471277,55.204573493059286,54.69066289718541,54.69066289718541,52.35712596766021,52.000716631423,52.46200104589173,49.70887248768826,54.319224298266555,51.257390363580676,52.547238042816,52.39974454474461,52.39974454474461,54.69358760255719,53.02982786041131,55.10429855805632,55.10429855805632,55.10429855805632,54.69066289718541,49.8471792067303,52.929967562826036,53.02982786041131,45.27413448769555,45.27413448769555,44.194761079567286,23.98146626583656,24.052526683567198,26.97429995041447,27.396462880327622,24.616827380506134,23.157996041553226,30.823827860531697,28.228241624204454,18.204425403852664,23.889505615678264,9.358170049456467,11.394247917664659,10.566445333809984,9.512863923926625,8.057891496032177,9.788803480303331,8.233493258337704,8.651590878496885,8.547066712964515,8.576333495411014,1.9868105974298484,1.2341597346464321,1.2634306592753553,55.228388768524724,55.545924982279885,47.861970464882155,54.4805015979952,51.9067044805459,49.215813026353125,49.30773963615551,50.16014413373675,62.2389110899079,57.10851592543489,60.98977051252356,50.73676468208838,50.58634239899035,50.53202315990741,48.95674646130034,54.5389958614269,54.35097840806888,53.394170471284475,53.394170471284475,54.5389958614269,54.484679761323655,52.72147216191684,55.19496381815756,55.88017203572108,46.198880271527564,47.03878765937026,42.42543774486489
12.751646820248283,12.751646820248283,12.751646820248283,12.751646820248283,12.751646820248283,26.452802660491827,20.919081585175412,19.67969075576934,29.99458392409108,29.99458392409108,4.157188641433076,6.611842916198393,6.611842916198393,6.450459732358961,2.707600978769695,2.707600978769695,4.001235054161481,4.001235054161481,1.7848160258027015,3.28501468529388,3.9704240990326194,0.0,3.5547911213407404,48.05381371430492,48.05381371430492,48.146155731916195,52.23414981292254,51.72023920889136,51.72023920889136,49.38670224333969,49.03029290174628,49.4915773231547,46.73844872449424,51.348800604126836,48.28696662285767,49.576814321368396,49.429320821067165,49.429320821067165,51.72316391430933,50.0594041463059,52.133874876321585,52.133874876321585,52.133874876321585,51.72023920889136,46.87675544551357,49.959543847195526,50.0594041463059,42.30371066418899,42.30371066418899,41.22433724228699,21.011042235927402,21.082102654118554,24.003875941221896,24.426038874275193,21.64640335476866,20.18757200641873,27.85340388196852,25.257817624496706,15.23400134160425,20.919081585175412,6.387745957181215,8.423823830213946,7.5960212442473924,6.542439831974171,5.0874674013279275,6.818379388944542,5.263069163931817,5.68116678483867,5.576642619114458,5.605909401614344,2.983613501896257,3.736264364482244,4.233854758180266,52.25796508876795,52.57550130760598,44.891546675842555,51.51007790638847,48.93628074946278,46.245389256157544,46.3373158672597,47.18972037701581,59.26848752953768,54.13809227622222,58.01934692978089,47.766340933728834,47.61591864843981,47.56159940856738,45.98632268745564,51.56857217074082,51.38055471442725,50.423746762769355,50.423746762769355,51.56857217074082,51.51425606978267,49.75104844311187,52.22454013786754,52.90974836643078,43.228456460103494,44.06836385914574,39.455013885772914
