0.0,9.731329712571027,9.969429886060663,7.2867866735112905,1.5890633683459483,1.5890633683459483,1.5890633683459483,2.796868020402958,16.36158989267298,16.163938878765002,16.757729372865683,16.04359350932923,16.757729372865683,15.436019771538852,21.300543399352684,21.71927807615178,22.498248403324865,21.396659914969355,22.188163659282385,21.741008887794766,21.442628731025838,17.04606018336231,16.225365242664594,16.225365242664594,12.969008242762442,19.299678939454648,19.299678939454648,19.299678939454648,21.442628731025838,18.394127308242563,8.478574975275414,6.529428464858354,4.211768362485059,26.23233068646448,22.112523254300815,22.012226713635688,22.012226713635688,22.012226713635688,22.012226713635688,22.012226713635688,20.390786370292606,20.37908539403424,16.41424121042772,17.388715769814397,20.390786370292606,20.390786370292606,20.390786370292606,21.002165163077507,20.37908539403424,20.425471418814894,7.84111911093148,7.811877873769274,4.40727696909454,8.588855072642179,1.3116584257694266,2.2474607176495787,1.704362731808431,1.3158361430155578,18.203574360951357,19.82496288065372,18.901435329221695,18.483553655041337,18.659063647387228,20.572987544447482,27.451854632596433,23.431436440025383,25.24937175367122,23.06785517234242,11.317280077601092,12.466340480015822,22.528755468884057,26.858389271222606,26.51986556030002,26.904361756167482,23.247556017245735,18.36236844684904,19.996297416905147,19.10619828111239,23.50666039175037,18.06567453267304,7.009827639038611,1.862290226818575,1.1988599637373685,23.293526076617674,23.92875187676655,17.413788197160613,19.135450181395942,18.153428936698162,18.69667299002504,17.798233233530542,19.189775172249515,18.462659638316822,29.82576754306494,18.838752915414336,22.967557231540795,21.77235141674145,23.326958866466768,22.95501999927193,24.029051226319748,22.55382977952811
9.731329712571027,0.0,1.23810017445173,3.4445430459810593,10.320393078446244,10.320393078446244,10.320393078446244,11.528197724461805,25.092919438964913,24.895268428539328,25.489058912072856,24.774923061206795,25.489058912072856,24.167349333836924,30.031872847284074,30.45060751474165,31.22957782412018,30.127989360770346,30.919493087226087,30.472338325895567,30.17395817580502,25.777389717324564,24.956694791360395,24.956694791360395,21.700337843977785,28.031008429860965,28.031008429860965,28.031008429860965,30.17395817580502,27.125456816696257,2.252754741515543,4.201901255685532,6.51956135806706,34.96366001443984,30.843852683975232,30.743556145597097,30.743556145597097,30.743556145597097,30.743556145597097,30.743556145597097,29.122115837979994,29.110414861970913,25.145570755786096,26.12004529744684,29.122115837979994,29.122115837979994,29.122115837979994,29.73349461756986,29.110414861970913,29.156800885762628,2.8902106074636214,2.9194518446906255,6.324052751643681,2.1424746438340954,9.419671287982593,8.483868999123596,9.026966983307315,9.415493570751698,26.934903873109363,28.556292360255412,27.632764827655183,27.214883161745412,27.390393150636672,29.30431700823746,36.18318392756357,32.162765838790065,33.9807011072867,31.799184579782928,20.0486097018264,21.197670088492455,31.260084888971463,35.589718582418364,35.25119488061227,35.63569106611732,31.978885420412947,27.09369795592238,28.72762689292932,27.8375277754363,32.23798978870531,26.797004047491548,3.7215020808982153,10.593619935666958,9.532469749597299,32.02485547868709,32.66008126347319,26.14511772432578,27.8667796751297,26.884758449825597,27.428002492530624,26.52956275346033,27.92110466488526,27.193989145430322,38.55709676997771,27.57008241509837,31.69888664135387,30.50368085413614,32.058288267736586,31.68634940938094,32.76038061056775,31.285159199033036
9.969429886060663,1.23810017445173,0.0,3.68264322035217,10.558493251803597,10.558493251803597,10.558493251803597,11.766297897521321,25.33101960622751,25.133368595918665,25.727159079098605,25.013023228656746,25.727159079098605,24.405449501637992,30.269973011320204,30.688707678476888,31.467677987284343,30.366089524737788,31.157593250619346,30.710438489615075,30.412058339739524,26.015489884175516,25.194794958703554,25.194794958703554,21.938438013111938,28.26910859527583,28.26910859527583,28.26910859527583,30.412058339739524,27.363556982703056,2.4908549159443094,4.440001430001866,6.757661532128238,35.20176017466138,31.081952847424024,30.9816563091193,30.9816563091193,30.9816563091193,30.9816563091193,30.9816563091193,29.3602160026551,29.348515026654105,25.38367092301743,26.35814546408742,29.3602160026551,29.3602160026551,29.3602160026551,29.971594781817778,29.348515026654105,29.394901050413743,3.128310781865892,3.1575520190914417,6.562152925731476,2.3805748182664326,9.657771461538774,8.721969172865279,9.265067156943957,9.653593744308756,27.173004039238172,28.79439252531776,27.870864993332834,27.45298332769464,27.62849331647236,29.54241717278621,36.42128408675061,32.400866001250634,34.218801268315744,32.03728474252014,20.286709871770036,21.435770257880023,31.498185052112945,35.82781874211335,35.48929504059315,35.87379122577326,32.21698558301382,27.331798121949568,28.965727057875228,28.075627940979317,32.47608995110825,27.035104213708106,3.9596022552509296,10.831720108960063,9.770569923129672,32.26295564125297,32.89818142555012,26.383217890950856,28.104879840653403,27.122858615986363,27.666102658341877,26.767662919845733,28.15920483037304,27.43208931139302,38.79519692704735,27.80818258081702,31.93698680416683,30.74178101783294,32.296388430276984,31.924449572203358,32.99848077256661,31.523259362155883
7.2867866735112905,3.4445430459810593,3.68264322035217,0.0,7.875850040545198,7.875850040545198,7.875850040545198,9.083654689209633,22.648376458636083,22.450725447078838,23.044515934041584,22.330380079062053,23.044515934041584,21.722806348293094,27.58732989840871,28.006064568813592,28.785034883791624,27.683446412567623,28.47495014465036,28.027795380121667,27.729415227924815,23.3328467409903,22.512151810250558,22.512151810250558,19.255794845582543,25.586465467507654,25.586465467507654,25.586465467507654,27.729415227924815,24.68091384857232,2.1917883046539277,1.7573582100104272,4.075018314226859,32.51911710305843,28.399309740854992,28.29901320175706,28.29901320175706,28.29901320175706,28.29901320175706,28.29901320175706,26.677572882852306,26.665871906764153,22.701027775760362,23.675502323156373,26.677572882852306,26.677572882852306,26.677572882852306,27.288951666621074,26.665871906764153,26.71225793086952,1.5543324386496564,1.5250912014176148,3.879509707596396,2.3020684023346916,6.975128248345157,6.039325957898505,6.582423942976774,6.970950531106685,24.490360903797274,26.111749401343506,25.18822186273879,24.770340194182214,24.94585018417981,26.859774054345372,33.73864102639032,29.718222905369245,31.536158187947535,29.3546416436449,17.60406669567965,18.75312708766578,28.815541948865285,33.14517567623108,32.80665197160425,33.191148160315294,29.534342485613774,24.649154987599786,26.283083935154835,25.392984811832793,29.793446855850803,24.35246107732527,1.27695903501226,8.149076898333,7.087926710166127,29.58031254423171,30.215538333822522,23.700574750186014,25.422236711714614,24.440215480202337,24.983459526311833,24.08501978165103,25.476561701820646,24.749446177735933,36.11255388973969,25.12553944978216,29.254343704472067,28.05913790858477,29.613745333531575,29.241806472406353,30.315837681684954,28.84061625910982
1.5890633683459483,10.320393078446244,10.558493251803597,7.875850040545198,0.0,1.0,1.0,2.2078046521228227,15.772526531198219,15.574875517111225,16.168666011756798,15.454530147567615,16.168666011756798,14.84695640924614,20.71148004311627,21.13021472042711,21.909185048580287,20.807596558849482,21.599100304143278,21.151945532096935,20.853565374961885,16.45699682252569,15.636301881066201,15.636301881066201,12.379944878542254,18.710615580918837,18.710615580918837,18.710615580918837,20.853565374961885,17.80506394874542,9.067638341789829,7.118491832177517,4.800831730460612,25.64326733692541,21.523459899066353,21.423163358275318,21.423163358275318,21.423163358275318,21.423163358275318,21.423163358275318,19.801723012980784,19.79002203670892,15.825177849001038,16.79965240930785,19.801723012980784,19.801723012980784,19.801723012980784,20.413101806482885,19.79002203670892,19.836408061543157,8.430182477734498,8.400941240584942,4.996340337027325,9.177918439104156,1.9007217941068604,2.8365240859260297,2.2934261001267444,1.9048995113528373,17.614511001258226,19.235899522698208,18.312371970257015,17.894490295636928,18.070000288166227,19.983924187347043,26.862791284939174,22.842373086503045,24.66030840268047,22.478791818337644,10.72821671229592,11.877277115447985,21.9396921141786,26.269325922638416,25.930802211196568,26.315298407654335,22.658492663478413,17.773305087319084,19.407234059142503,18.517134922367035,22.917597038328836,17.476611172839437,7.598891006180876,1.273226858479772,1.7879233320785644,22.704462722911405,23.339688523916987,16.8247248366785,18.546386822682116,17.56436557695382,18.107609630843573,17.209169873427786,18.600711813594394,17.8735962788907,29.236704199327264,18.24968955638303,22.37849387740433,21.183288061082404,22.737895512804982,22.365956645119052,23.439987873607674,21.964766424854858
1.5890633683459483,10.320393078446244,10.558493251803597,7.875850040545198,1.0,0.0,1.0,2.2078046521228227,15.772526531198219,15.574875517111225,16.168666011756798,15.454530147567615,16.168666011756798,14.84695640924614,20.71148004311627,21.13021472042711,21.909185048580287,20.807596558849482,21.599100304143278,21.151945532096935,20.853565374961885,16.45699682252569,15.636301881066201,15.636301881066201,12.379944878542254,18.710615580918837,18.710615580918837,18.710615580918837,20.853565374961885,17.80506394874542,9.067638341789829,7.118491832177517,4.800831730460612,25.64326733692541,21.523459899066353,21.423163358275318,21.423163358275318,21.423163358275318,21.423163358275318,21.423163358275318,19.801723012980784,19.79002203670892,15.825177849001038,16.79965240930785,19.801723012980784,19.801723012980784,19.801723012980784,20.413101806482885,19.79002203670892,19.836408061543157,8.430182477734498,8.400941240584942,4.996340337027325,9.177918439104156,1.9007217941068604,2.8365240859260297,2.2934261001267444,1.9048995113528373,17.614511001258226,19.235899522698208,18.312371970257015,17.894490295636928,18.070000288166227,19.983924187347043,26.862791284939174,22.842373086503045,24.66030840268047,22.478791818337644,10.72821671229592,11.877277115447985,21.9396921141786,26.269325922638416,25.930802211196568,26.315298407654335,22.658492663478413,17.773305087319084,19.407234059142503,18.517134922367035,22.917597038328836,17.476611172839437,7.598891006180876,1.273226858479772,1.7879233320785644,22.704462722911405,23.339688523916987,16.8247248366785,18.546386822682116,17.56436557695382,18.107609630843573,17.209169873427786,18.600711813594394,17.8735962788907,29.236704199327264,18.24968955638303,22.37849387740433,21.183288061082404,22.737895512804982,22.365956645119052,23.439987873607674,21.964766424854858
1.5890633683459483,10.320393078446244,10.558493251803597,7.875850040545198,1.0,1.0,0.0,2.2078046521228227,15.772526531198219,15.574875517111225,16.168666011756798,15.454530147567615,16.168666011756798,14.84695640924614,20.71148004311627,21.13021472042711,21.909185048580287,20.807596558849482,21.599100304143278,21.151945532096935,20.853565374961885,16.45699682252569,15.636301881066201,15.636301881066201,12.379944878542254,18.710615580918837,18.710615580918837,18.710615580918837,20.853565374961885,17.80506394874542,9.067638341789829,7.118491832177517,4.800831730460612,25.64326733692541,21.523459899066353,21.423163358275318,21.423163358275318,21.423163358275318,21.423163358275318,21.423163358275318,19.801723012980784,19.79002203670892,15.825177849001038,16.79965240930785,19.801723012980784,19.801723012980784,19.801723012980784,20.413101806482885,19.79002203670892,19.836408061543157,8.430182477734498,8.400941240584942,4.996340337027325,9.177918439104156,1.9007217941068604,2.8365240859260297,2.2934261001267444,1.9048995113528373,17.614511001258226,19.235899522698208,18.312371970257015,17.894490295636928,18.070000288166227,19.983924187347043,26.862791284939174,22.842373086503045,24.66030840268047,22.478791818337644,10.72821671229592,11.877277115447985,21.9396921141786,26.269325922638416,25.930802211196568,26.315298407654335,22.658492663478413,17.773305087319084,19.407234059142503,18.517134922367035,22.917597038328836,17.476611172839437,7.598891006180876,1.273226858479772,1.7879233320785644,22.704462722911405,23.339688523916987,16.8247248366785,18.546386822682116,17.56436557695382,18.107609630843573,17.209169873427786,18.600711813594394,17.8735962788907,29.236704199327264,18.24968955638303,22.37849387740433,21.183288061082404,22.737895512804982,22.365956645119052,23.439987873607674,21.964766424854858
2.796868020402958,11.528197724461805,11.766297897521321,9.083654689209633,2.2078046521228227,2.2078046521228227,2.2078046521228227,0.0,14.56472189151349,14.367070877081533,14.960861372778002,14.246725507330252,14.960861372778002,13.639151767987704,19.503675413620353,19.92241009193367,20.70138042200938,19.59979192958176,20.391295676798094,19.944140903656123,19.64576074580371,15.249192184072921,14.428497241143196,14.428497241143196,11.172140233607388,17.502810946931817,17.502810946931817,17.502810946931817,19.64576074580371,16.59725931288848,10.275442989255948,8.326296481511449,6.008636381399334,24.435462720610563,20.315655271534094,20.215358730496096,20.215358730496096,20.215358730496096,20.215358730496096,20.215358730496096,18.59391838138151,18.582217405083252,14.617373209409012,15.591847771493592,18.59391838138151,18.59391838138151,18.59391838138151,19.205297176285853,18.582217405083252,18.6286034300222,9.637987125863594,9.60874588874323,6.204144987856512,10.38572308645044,3.108526446111591,4.04432873770117,3.5012307520483965,3.112704163356785,16.406706365020717,18.02809488984233,17.10456733543516,16.686685659960137,16.862195652845877,18.776119556160833,25.65498667234655,21.634568462333934,23.452503783498972,21.270987193219984,9.52041206532096,10.669472469856473,20.731887487684517,25.061521308211514,24.722997595742818,25.10749379336798,21.450688038827536,16.565500451398407,18.19942942666296,17.30933028797197,21.709792414358024,16.268806536329322,8.806695655098434,1.9345777936589261,2.9957279841036115,21.496658098380585,22.131883901071767,15.616920198911533,17.33858218834845,16.356560940616912,16.899804995600103,16.001365236395674,17.392907179375023,16.665791643171737,28.028899594506022,17.04188492143155,21.170689252027877,19.975483432717578,21.53009088836163,21.158152019710332,22.232183251033153,20.756961798424
16.36158989267298,25.092919438964913,25.33101960622751,22.648376458636083,15.772526531198219,15.772526531198219,15.772526531198219,14.56472189151349,0.0,1.197651016270729,1.3961394851133084,1.3179963871150067,1.3961394851133084,1.9255701316682483,5.938953585674529,6.357688270934419,7.136658614579939,6.035070103208938,6.826573863866079,6.3794190830240085,6.081038920187726,1.6844702993467033,1.136224651643424,1.136224651643424,4.392581681932651,3.938089089151998,3.938089089151998,3.938089089151998,6.081038920187726,3.0325374434332724,23.84016473295111,21.89101826625628,19.573358208034897,10.870740989912044,6.750933457280046,6.650636914501312,6.650636914501312,6.650636914501312,6.650636914501312,6.650636914501312,5.029196539181837,5.017495562707735,1.0526513183945039,2.0271258904097014,5.029196539181837,5.029196539181837,5.029196539181837,5.640575343538537,5.017495562707735,5.063881588344902,23.202708883569123,23.173467647077793,19.768866811248536,23.95044482766406,16.673248314584992,17.609050593959076,17.065952615544646,16.67742603177837,2.8419844932537153,4.463373039356854,3.539845472380459,3.1219637916072385,3.29747378668868,5.211397716723859,12.090264970892953,8.069846672268788,9.88778203072789,7.706265396245906,6.044309856121479,4.89524944788176,7.16716568080364,11.49679959226898,11.158275871753988,11.542772078530392,7.885966245245301,3.000778581554395,4.6347075786395635,3.7446084276019236,8.145070625745195,2.70408466292077,22.371417430219793,15.49929967572634,16.560449853966794,7.931936305673226,8.567162120753618,2.0521983181005616,3.773860328366679,2.7918390682499243,3.33508312991898,2.436643359878812,3.8281853201174885,3.101069774560291,14.464177955885274,3.477163057566661,7.60596745318015,6.410761612616148,7.965369096292386,7.593430220629384,8.667461472722348,7.192239991994962
16.163938878765002,24.895268428539328,25.133368595918665,22.450725447078838,15.574875517111225,15.574875517111225,15.574875517111225,14.367070877081533,1.197651016270729,0.0,1.5937905013816556,1.1203453708446651,1.5937905013816556,1.727919115404342,6.136604601688519,6.555339286903955,7.334309630457341,6.232721119213037,7.024224879781626,6.577070098991138,6.278689936187029,1.882121315611319,1.0614263646273896,1.0614263646273896,4.194930665771716,4.13574010532947,4.13574010532947,4.13574010532947,6.278689936187029,3.230188459658113,23.642513721930346,21.69336725437317,19.37570719522722,11.068392005177579,6.948584473204601,6.848287930437635,6.848287930437635,6.848287930437635,6.848287930437635,6.848287930437635,5.226847555280195,5.21514657880707,1.2503023346650994,2.224776906667694,5.226847555280195,5.226847555280195,5.226847555280195,5.838226359582043,5.21514657880707,5.261532604440352,23.00505787225781,22.97581663575335,19.571215798514626,23.752793816694407,16.475597300774577,17.4113995804535,16.86830160185999,16.479775017969278,3.0396355094864105,4.661024055499246,3.7374964885808066,3.3196148078281396,3.49512480290138,5.409048732806662,12.287915985897676,8.267497688019674,10.085433046181798,7.903916412048176,5.846658840098442,4.697598431756935,7.364816696677185,11.69445060740437,11.355926886960733,11.740423093655917,8.083617261022507,3.198429597780595,4.832358594769306,3.9422594437909106,8.342721641485118,2.9017356791586915,22.17376641854203,15.301648661558708,16.36279884012084,8.129587321443918,8.764813136429897,2.2498493343579757,3.971511344553974,2.989490084484565,3.5327341461298403,2.634294376125771,4.025836336301593,3.298720790782127,14.661828970296261,3.674814073770317,7.803618468996126,6.608412628579793,8.163020112058312,7.7910812364470585,8.865112488382977,7.389891007865321
16.757729372865683,25.489058912072856,25.727159079098605,23.044515934041584,16.168666011756798,16.168666011756798,16.168666011756798,14.960861372778002,1.3961394851133084,1.5937905013816556,0.0,1.7141358722237066,1.0,2.3217096167567295,5.542814101016272,5.9615487863602175,6.740519130181004,5.638930618569347,6.43043437939443,5.983279598454363,5.6848994355571945,1.2883308142373997,1.5323641367552607,1.5323641367552607,4.788721166785027,3.5419496041901954,3.5419496041901954,3.5419496041901954,5.6848994355571945,2.636397958387443,24.236304207267008,22.28715774232403,19.969497685983605,10.47460150669444,6.354793972791251,6.254497429990139,6.254497429990139,6.254497429990139,6.254497429990139,6.254497429990139,4.633057054365445,4.621356077889527,1.3434881667191714,1.6309864053095433,4.633057054365445,4.633057054365445,4.633057054365445,5.244435858824719,4.621356077889527,4.667742103533925,23.598848358475056,23.569607122010385,20.16500628904705,24.346584301876202,17.06938779457839,18.005190073330212,17.462092095281264,17.07356551176907,2.44584500819444,4.0672335544590315,3.143705987377607,2.725824306568227,2.9013343016639936,4.815258231936451,11.694125488183385,7.673707188112176,9.491642547144584,7.310125911990688,6.440449340677572,5.291388932655705,6.771026196412069,11.10066010930467,10.762136388650747,11.14663259558531,7.489826761038149,2.6046390965062223,4.2385680937650285,3.348468942619375,7.748931141609653,2.307945177852683,22.7675569058702,15.895439156449816,16.956589334032778,7.5357968214785815,8.171022636740549,1.6560588330012598,3.3777208433871695,2.3956995831873558,2.938943644897525,2.0405038747958333,3.432045835143715,2.704930289519658,14.068038474337097,3.081023572557933,7.209827968898673,6.014622128053107,7.5692296121068905,7.1972907363446526,8.271321988739441,6.796100507609472
16.04359350932923,24.774923061206795,25.013023228656746,22.330380079062053,15.454530147567615,15.454530147567615,15.454530147567615,14.246725507330252,1.3179963871150067,1.1203453708446651,1.7141358722237066,0.0,1.7141358722237066,1.607573744562404,6.256949972366791,6.675684657554337,7.454655001050099,6.353066489885099,7.144570250398216,6.697415469640014,6.399035306856079,2.0024666864505325,1.181771735471986,1.181771735471986,4.074585294987639,4.256085476111204,4.256085476111204,4.256085476111204,6.399035306856079,3.350533830470465,23.522168354237877,21.573021886159456,19.25536182645511,11.188737375390462,7.068929843826827,6.968633301067224,6.968633301067224,6.968633301067224,6.968633301067224,6.968633301067224,5.347192926011621,5.335491949539114,1.3706477055091926,2.3451222775022025,5.347192926011621,5.347192926011621,5.347192926011621,5.958571730278871,5.335491949539114,5.38187797516994,22.884712504389682,22.855471267877284,19.450870429787045,23.63244844903284,16.355251931397603,17.291054211260306,16.747956232558806,16.3594296485931,3.1599808803039187,4.781369426258591,3.857841859377251,3.439960178637918,3.6154701737058192,5.529394103528259,12.408261355949366,8.38784305853357,10.205778416511308,8.024261782594074,5.7263134693950875,4.577253060993858,7.485162067267535,11.81479597753679,11.476272257137257,11.860768463782234,8.203962631552791,3.3187749685938384,4.952703965520612,4.062604814580036,8.463067011992191,3.022081049979652,22.053421050452403,15.181303291966536,16.24245347072244,8.249932691970145,8.885158506897392,2.370194705192084,4.091856715342011,3.1098354553033554,3.6530795169330865,2.7546397469527597,4.1461817070875835,3.419066161592516,14.782174339981784,3.795159444568899,7.923963839550562,6.728757999226487,8.28336548258157,7.911426607002555,8.98545785884074,7.5102363784536825
16.757729372865683,25.489058912072856,25.727159079098605,23.044515934041584,16.168666011756798,16.168666011756798,16.168666011756798,14.960861372778002,1.3961394851133084,1.5937905013816556,1.0,1.7141358722237066,0.0,2.3217096167567295,5.542814101016272,5.9615487863602175,6.740519130181004,5.638930618569347,6.43043437939443,5.983279598454363,5.6848994355571945,1.2883308142373997,1.5323641367552607,1.5323641367552607,4.788721166785027,3.5419496041901954,3.5419496041901954,3.5419496041901954,5.6848994355571945,2.636397958387443,24.236304207267008,22.28715774232403,19.969497685983605,10.47460150669444,6.354793972791251,6.254497429990139,6.254497429990139,6.254497429990139,6.254497429990139,6.254497429990139,4.633057054365445,4.621356077889527,1.3434881667191714,1.6309864053095433,4.633057054365445,4.633057054365445,4.633057054365445,5.244435858824719,4.621356077889527,4.667742103533925,23.598848358475056,23.569607122010385,20.16500628904705,24.346584301876202,17.06938779457839,18.005190073330212,17.462092095281264,17.07356551176907,2.44584500819444,4.0672335544590315,3.143705987377607,2.725824306568227,2.9013343016639936,4.815258231936451,11.694125488183385,7.673707188112176,9.491642547144584,7.310125911990688,6.440449340677572,5.291388932655705,6.771026196412069,11.10066010930467,10.762136388650747,11.14663259558531,7.489826761038149,2.6046390965062223,4.2385680937650285,3.348468942619375,7.748931141609653,2.307945177852683,22.7675569058702,15.895439156449816,16.956589334032778,7.5357968214785815,8.171022636740549,1.6560588330012598,3.3777208433871695,2.3956995831873558,2.938943644897525,2.0405038747958333,3.432045835143715,2.704930289519658,14.068038474337097,3.081023572557933,7.209827968898673,6.014622128053107,7.5692296121068905,7.1972907363446526,8.271321988739441,6.796100507609472
15.436019771538852,24.167349333836924,24.405449501637992,21.722806348293094,14.84695640924614,14.84695640924614,14.84695640924614,13.639151767987704,1.9255701316682483,1.727919115404342,2.3217096167567295,1.607573744562404,2.3217096167567295,0.0,6.86452371597002,7.2832584010072745,8.062228744194465,6.960640233454793,7.752143993669932,7.304989213084856,7.006609050409533,2.6100404309626972,1.7893454800299233,1.7893454800299233,3.467011550661442,4.863659220282116,4.863659220282116,4.863659220282116,7.006609050409533,3.958107574816471,22.914594625079253,20.965448154413448,18.647788091942495,11.79631111653239,7.676503587128702,7.576207044408541,7.576207044408541,7.576207044408541,7.576207044408541,7.576207044408541,5.954766669903821,5.9430656934346935,1.97822145006031,2.952696021982851,5.954766669903821,5.954766669903821,5.954766669903821,6.5661454739825444,5.9430656934346935,5.989451719052064,22.27713877435865,22.247897537806846,18.84329669549481,23.024874720027725,15.747678193897,16.68348047466632,16.140382495431986,15.75185591109642,3.7675546246802734,5.388943170304564,4.465415603631449,4.047533922968903,4.223043918005877,6.136967847366704,13.015835096249853,8.99541680125865,10.813352158264289,8.631835525488942,5.118739725439007,3.9696793167622957,8.092735810399049,12.422369718258276,12.083845998089105,12.468342204471892,8.811536374364769,3.9263487129450594,5.560277709522123,4.670178558792642,9.070640754681115,3.6296547943765605,21.445847319321977,14.573729553406093,15.634879733116259,8.857506434760591,9.49273224937693,2.9777684496701395,4.699430459548463,3.7174091996873218,4.260653261226268,3.3622134913861577,4.753755451282466,4.026639905927055,15.389748078379847,4.402733188835307,8.531537582490827,7.336331742659597,8.89093922535628,8.519000349948449,9.5930316012689,8.117810121574593
21.300543399352684,30.031872847284074,30.269973011320204,27.58732989840871,20.71148004311627,20.71148004311627,20.71148004311627,19.503675413620353,5.938953585674529,6.136604601688519,5.542814101016272,6.256949972366791,5.542814101016272,6.86452371597002,0.0,1.418734685826863,2.19770503076274,1.0961165176567198,1.887620279498511,1.4404654979482934,1.1420853346956543,5.254483287064159,6.075178237143121,6.075178237143121,9.331535260456834,3.000864498008624,3.000864498008624,3.000864498008624,1.1420853346956543,3.906416143734752,28.779118157769894,26.829971715155548,24.512311683047816,5.931787416533954,1.8119798727855922,1.7116833298430676,1.7116833298430676,1.7116833298430676,1.7116833298430676,1.7116833298430676,1.9097570474192112,1.9214580239025054,5.886302267345081,4.911827696280748,1.9097570474192112,1.9097570474192112,1.9097570474192112,1.2983782424859525,1.9214580239025054,1.875071998228489,28.141662316476403,28.112421080351133,24.707820284164274,28.88939825106252,21.61220181842182,22.548004088962806,22.004906115728968,21.616379535576762,4.096969093863059,2.4755805476094888,3.399108114834492,3.8169897955785057,3.6414798005200852,1.7275558697251205,7.151311402448034,3.1308930904008263,4.948828453919506,2.7673118135662165,10.98326342905433,9.834203024850684,2.2282120970432127,6.5578460213297225,6.219322299471456,6.603818507778014,2.9470126629584676,3.9381750056063627,2.304246008233245,3.194345159595107,3.2061170440535114,4.234868924147465,27.310370873363865,20.438253190014198,21.499403358838244,2.9929827234895106,3.628208540104026,4.886755268608013,3.1650932588260616,4.147114518850312,3.6038704572926927,4.502310227067872,3.1107682670661365,3.837883812621675,9.525224399193238,3.4617905296495377,2.667013870288281,1.4718080275867775,3.026415514184336,2.6544766377113493,3.7285078923336052,2.2532864082815456
21.71927807615178,30.45060751474165,30.688707678476888,28.006064568813592,21.13021472042711,21.13021472042711,21.13021472042711,19.92241009193367,6.357688270934419,6.555339286903955,5.9615487863602175,6.675684657554337,5.9615487863602175,7.2832584010072745,1.418734685826863,0.0,1.7789703449558534,1.3226181681708074,1.4688855936805596,1.021730812121635,1.2766493511320507,5.673217972465052,6.493912922372552,6.493912922372552,9.750269944721046,3.41959918373179,3.41959918373179,3.41959918373179,1.2766493511320507,4.325150829354591,29.197852826770145,27.24870638642114,24.931046356793445,5.513052731183459,1.3932451869655662,1.2929486440206688,1.2929486440206688,1.2929486440206688,1.2929486440206688,1.2929486440206688,2.32849173322019,2.3401927097029205,6.305036952616533,5.330562381744681,2.32849173322019,2.32849173322019,2.32849173322019,1.7171129283082336,2.3401927097029205,2.2938066840311047,28.56039698623559,28.531155750144716,25.126554957709654,29.30813291992968,22.030936494944118,22.96673876462879,22.423640791896517,22.035114212095316,4.515703779456681,2.894315233376483,3.8178428005165475,4.235724481210115,4.060214486173793,2.146290555534123,6.732576717375787,2.712158404652074,4.5300937683910245,2.3485771277903815,11.401998112654889,10.252937708925336,1.809477411237637,6.139111336114129,5.800587614180838,6.185083822572986,2.5282779771953114,4.356909691221941,2.7229806940119787,3.6130798452991497,2.787382358311068,4.65360360972114,27.729105544086373,20.85698786755732,21.918138035461208,2.574248037729819,3.2094738544014794,5.3054899540763625,3.5838279445330983,4.565849204436775,4.0226051429509635,4.921044912600539,3.529502952778637,4.256618498250564,9.106489714844907,3.880525215324503,2.2482791845059706,1.0530733417604505,2.607680828427222,2.2357419519282606,3.30977320664166,1.834551722477078
22.498248403324865,31.22957782412018,31.467677987284343,28.785034883791624,21.909185048580287,21.909185048580287,21.909185048580287,20.70138042200938,7.136658614579939,7.334309630457341,6.740519130181004,7.454655001050099,6.740519130181004,8.062228744194465,2.19770503076274,1.7789703449558534,0.0,2.101588513112505,1.3100847512810847,1.7572395328348738,2.055619696076272,6.45218831640553,7.272883265954904,7.272883265954904,10.529240286352463,4.198569528379304,4.198569528379304,4.198569528379304,2.055619696076272,5.104121173766688,29.97682313907829,28.027676703036498,25.710016678132945,4.734082386898487,1.3857251579963288,1.4860217009408556,1.4860217009408556,1.4860217009408556,1.4860217009408556,1.4860217009408556,3.1074620780645126,3.119163054545636,7.0840072962860665,6.109532725818778,3.1074620780645126,3.1074620780645126,3.1074620780645126,2.4960832732213514,3.119163054545636,3.0727770288801275,29.339367299985994,29.310126063960492,25.905525278667316,30.087103231985008,22.809906821587397,23.745709089634428,23.202611117861128,22.814084538731443,5.294674123810909,3.6732855781305926,4.596813145068586,5.014694825648369,4.839184830661532,2.9252609004020638,5.953606373550257,1.9331880597598472,3.7511234238218365,1.5696067828651188,12.180968452972907,11.031908050180132,1.030507066282767,5.360140992050242,5.021617269993534,5.406113478526564,1.7493076322850618,5.135880035624592,3.501951038796099,4.392050189901857,2.008412013426991,5.432573954031684,28.508075859668505,21.635958196155645,22.69710836229714,1.7952776928238223,2.430503509571484,6.084460298159868,4.362798289142772,5.344819548775293,4.8015754874489875,5.700015256822041,4.308473297401065,5.035588842682763,8.327519372252826,4.6594955598603605,1.4693088395734475,1.7258970031969376,1.8287104835244246,1.4567716069948857,2.5308028618266016,1.0555813775230716
21.396659914969355,30.127989360770346,30.366089524737788,27.683446412567623,20.807596558849482,20.807596558849482,20.807596558849482,19.59979192958176,6.035070103208938,6.232721119213037,5.638930618569347,6.353066489885099,5.638930618569347,6.960640233454793,1.0961165176567198,1.3226181681708074,2.101588513112505,0.0,1.7915037618452443,1.344348980292319,1.0459688170389665,5.350599804629849,6.171294754670754,6.171294754670754,9.427651777768073,3.0969810156447135,3.0969810156447135,3.0969810156447135,1.0459688170389665,4.00253266134856,28.87523467160828,26.92608822951083,24.608428197968692,5.835670898994401,1.7158633551317295,1.6155668121885012,1.6155668121885012,1.6155668121885012,1.6155668121885012,1.6155668121885012,2.0058735650714326,2.017574541554616,5.982418784882061,5.007944213860364,2.0058735650714326,2.0058735650714326,2.0058735650714326,1.3944947601420936,2.017574541554616,1.971188515881031,28.237778830487986,28.20853759437057,24.803936799039494,28.985514764870526,21.70831833397546,22.644120604321365,22.101022631201793,21.71249605112954,4.193085611471153,2.571697065254806,3.495224632461777,3.9131063131948736,3.737596318141247,1.8236723873788945,7.055194884974282,3.034776572765415,4.85271193633754,2.671195295924012,11.079379946215855,9.930319542119207,2.1320955793933267,6.461729503822128,6.123205781946103,6.507701990272917,2.8508961453194592,4.034291523219244,2.4003625258809853,3.290461677227115,3.1100005264196673,4.330985441751198,27.406487387595245,20.53436970580029,21.59551987441481,2.89686620585137,3.5320920224800094,4.982871786188603,3.2612097764587094,4.243231036456841,3.699986974914843,4.598426744662616,3.2068847846999535,3.934000330237452,9.429107881889417,3.557907047275295,2.5708973526444314,1.3756915099309288,2.9302989965468402,2.5583601200673014,3.632391374712182,2.157169890631954
22.188163659282385,30.919493087226087,31.157593250619346,28.47495014465036,21.599100304143278,21.599100304143278,21.599100304143278,20.391295676798094,6.826573863866079,7.024224879781626,6.43043437939443,7.144570250398216,6.43043437939443,7.752143993669932,1.887620279498511,1.4688855936805596,1.3100847512810847,1.7915037618452443,0.0,1.4471547815591574,1.7455349448076651,6.142103565569167,6.962798515267202,6.962798515267202,10.219155536465577,3.8884847772447375,3.8884847772447375,3.8884847772447375,1.7455349448076651,4.794036422732566,29.666738401008697,27.717591963237833,25.399931936436516,5.044167137940272,1.0756404067157066,1.1759369496611265,1.1759369496611265,1.1759369496611265,1.1759369496611265,1.1759369496611265,2.797377326843492,2.8090783033253417,6.773922545562256,5.799447974926679,2.797377326843492,2.797377326843492,2.797377326843492,2.1859985219684,2.8090783033253417,2.762692277656978,29.02928256133753,29.000041325285796,25.595440537124333,29.777018494016865,22.49982207775814,23.43562434646402,22.892526374304943,22.503999794905056,4.9845893728012385,3.363200826949689,4.286728393974986,4.704610074603169,4.529100079595329,2.6151761491702867,6.2636911244182185,2.2432728110225413,4.061208174969453,1.8796915341382605,11.870883703621125,10.721823300446903,1.3405918175636868,5.6702257430086735,5.331702020998578,5.716198229478385,2.059392383553563,4.8257952845944665,3.1918662876019757,4.0819654387865665,2.3184967646869996,5.12248920304043,28.197991120284712,21.325873451539408,22.38702361839035,2.1053624440909724,2.7405882608131025,5.774375547263835,4.052713538024489,5.03473479777225,4.491490736378413,5.389930505868219,3.998388546277302,4.725504091640129,8.637604122647435,4.349410808773668,1.7793935908487337,1.4158122519206384,2.1387952347905497,1.7668563582704175,2.84088761306302,1.365666128803834
21.741008887794766,30.472338325895567,30.710438489615075,28.027795380121667,21.151945532096935,21.151945532096935,21.151945532096935,19.944140903656123,6.3794190830240085,6.577070098991138,5.983279598454363,6.697415469640014,5.983279598454363,7.304989213084856,1.4404654979482934,1.021730812121635,1.7572395328348738,1.344348980292319,1.4471547815591574,0.0,1.298380163253594,5.6949487845622935,6.515643734460492,6.515643734460492,9.772000756757304,3.4413299958468593,3.4413299958468593,3.4413299958468593,1.298380163253594,4.346881641463855,29.219583638004732,27.270437197774253,24.952777168276395,5.491321919084336,1.3715143748440934,1.2712178318991219,1.2712178318991219,1.2712178318991219,1.2712178318991219,1.2712178318991219,2.3502225453398315,2.361923521822527,6.326767764706747,5.3522931938453615,2.3502225453398315,2.3502225453398315,2.3502225453398315,1.7388437404292798,2.361923521822527,2.3155374961508484,28.582127797509873,28.552886561420806,25.14828576918212,29.329863731157317,22.052667306572584,22.98846957621236,22.44537160350638,22.056845023723586,4.537434591564489,2.916046045494084,3.8395736126292883,4.257455293320032,4.0819452982849445,2.16802136765427,6.7108459052905065,2.6904275925336547,4.508362956283147,2.326846315670734,11.423728924655894,10.274668520951508,1.7877465991167103,6.1173805240217005,5.7788568020846816,6.163353010481084,2.5065471650762348,4.378640503330968,2.7447115061302725,3.634810657413132,2.7656515461929394,4.675334421827847,27.750836355411064,20.878718679239338,21.939868847094957,2.5525172256108997,3.187743042285214,5.327220766177284,3.6055587566472496,4.587580016544187,4.044335955062371,4.942775724704988,3.5512337648930985,4.27834931036033,9.084758902796034,3.902256027436846,2.226548372386037,1.0313425296388172,2.58595001630842,2.214011139808292,3.288042394525896,1.8128209103561965
21.442628731025838,30.17395817580502,30.412058339739524,27.729415227924815,20.853565374961885,20.853565374961885,20.853565374961885,19.64576074580371,6.081038920187726,6.278689936187029,5.6848994355571945,6.399035306856079,5.6848994355571945,7.006609050409533,1.1420853346956543,1.2766493511320507,2.055619696076272,1.0459688170389665,1.7455349448076651,1.298380163253594,0.0,5.396568621623825,6.2172635716462565,6.2172635716462565,9.473620594638994,3.1429498326731142,3.1429498326731142,3.1429498326731142,1.0,4.048501478366002,28.921203486811773,26.972057044962188,24.654397013691323,5.789702082009856,1.66989453809389,1.569597995150359,1.569597995150359,1.569597995150359,1.569597995150359,1.569597995150359,2.0518423821079113,2.063543358591038,6.0283876018620965,5.053913030861116,2.0518423821079113,2.0518423821079113,2.0518423821079113,1.4404635771806518,2.063543358591038,2.017157332917675,28.283747645774525,28.25450640966087,24.849905614740226,29.031483580059454,21.75428715000168,22.69008942025398,22.14699144718924,21.758464867155357,4.239054428485796,2.6176658822877945,3.541193449485833,3.959075130213569,3.783565135162294,1.869641204416177,7.009226068020801,2.9888077557359605,4.806743119333038,2.6252264788914292,11.125348763014621,9.976288358969533,2.0861267623572504,6.415760686852658,6.077236964968252,6.461733173304626,2.8049273282883447,4.080260340236229,2.4463313429151903,3.336430494253497,3.064031709390937,4.3769542587637105,27.452456202987186,20.580338521938085,21.641488690452032,2.8508973888206546,3.486123205455838,5.02884060318983,3.3071785934854083,4.28919985347072,3.7459557919363746,4.6443955616707395,3.2528536017272285,3.9799691472558574,9.383139065016417,3.603875864298599,2.524928535611095,1.3297226928922536,2.8843301795164233,2.512391303033874,3.5864225576892164,2.1112010735960105
